 2653.384280    0.000000
 2653.996340    0.000000
 2654.606690    0.000000
 2655.217290    0.000000
 2655.829830    0.000000
 2656.440670    0.000000
 2657.053220    0.000000
 2657.664550    0.000001
 2658.277340    0.000001
 2658.888920    0.000001
 2659.500730    0.000002
 2660.114010    0.000002
 2660.725830    0.000003
 2661.339360    0.000004
 2661.951660    0.000005
 2662.565430    0.000007
 2663.177980    0.000009
 2663.790530    0.000011
 2664.404790    0.000015
 2665.017820    0.000019
 2665.632320    0.000026
 2666.245610    0.000033
 2666.860350    0.000044
 2667.473880    0.000057
 2668.089110    0.000073
 2668.702880    0.000095
 2669.316890    0.000123
 2669.932370    0.000158
 2670.546630    0.000203
 2671.162350    0.000259
 2671.776860    0.000331
 2672.393070    0.000421
 2673.007810    0.000533
 2673.622560    0.000674
 2674.239260    0.000851
 2674.854490    0.001070
 2675.471190    0.001343
 2676.086670    0.001678
 2676.703860    0.002094
 2677.319580    0.002604
 2677.935550    0.003228
 2678.552980    0.003993
 2679.169190    0.004924
 2679.786870    0.006056
 2680.403560    0.007425
 2681.021480    0.009082
 2681.638430    0.011073
 2682.255370    0.013461
 2682.873780    0.016326
 2683.490970    0.019735
 2684.109860    0.023802
 2684.727290    0.028610
 2685.346440    0.034309
 2685.964110    0.041007
 2686.582030    0.048876
 2687.201660    0.058115
 2687.819820    0.068874
 2688.439450    0.081423
 2689.057860    0.095949
 2689.677980    0.112792
 2690.296880    0.132168
 2690.915770    0.154427
 2691.536380    0.179989
 2692.155270    0.209091
 2692.776370    0.242326
 2693.395750    0.279918
 2694.016850    0.322536
 2694.636720    0.370463
 2695.256590    0.424287
 2695.877930    0.484676
 2696.498050    0.551918
 2697.119870    0.626889
 2697.740480    0.709805
 2698.362550    0.801589
 2698.983400    0.902403
 2699.604250    1.012956
 2700.226810    1.134107
 2700.847900    1.265728
 2701.470700    1.408941
 2702.092040    1.563411
 2702.715330    1.730328
 2703.337160    1.909041
 2703.958980    2.100097
 2704.582520    2.304139
 2705.204830    2.520189
 2705.828370    2.748938
 2706.450930    2.989307
 2707.074950    3.241838
 2707.697750    3.504893
 2708.320800    3.778365
 2708.945310    4.061973
 2709.568360    4.353384
 2710.193360    4.653043
 2710.816650    4.957895
 2711.441890    5.268280
 2712.065670    5.580924
 2712.689450    5.894844
 2713.314940    6.209081
 2713.939210    6.520247
 2714.565190    6.827797
 2715.189450    7.128001
 2715.815670    7.420519
 2716.440430    7.701644
 2717.066890    7.970700
 2717.691890    8.224266
 2718.317140    8.461090
 2718.943850    8.679663
 2719.569340    8.877252
 2720.196530    9.053106
 2720.822270    9.204842
 2721.449710    9.331907
 2722.075680    9.432550
 2722.702150    9.506266
 2723.329830    9.552379
 2723.956300    9.570306
 2724.584470    9.559936
 2725.211430    9.521378
 2725.839600    9.454824
 2726.466800    9.361076
 2727.093990    9.240875
 2727.722900    9.094835
 2728.350340    8.924937
 2728.979490    8.731762
 2729.607420    8.517806
 2730.236820    8.283921
 2730.864750    8.033093
 2731.493160    7.766578
 2732.122800    7.486078
 2732.751460    7.194684
 2733.381590    6.893398
 2734.010500    6.585636
 2734.640870    6.272192
 2735.270020    5.956451
 2735.899410    5.639667
 2736.530270    5.323110
 2737.159670    5.010027
 2737.790770    4.700500
 2738.420650    4.397483
 2739.052250    4.100950
 2739.682370    3.813612
 2740.312500    3.535832
 2740.944340    3.267797
 2741.575200    3.011415
 2742.207280    2.766391
 2742.838130    2.534114
 2743.470460    2.313907
 2744.101560    2.106878
 2744.732910    1.912561
 2745.365970    1.730495
 2745.997310    1.561487
 2746.630860    1.404244
 2747.262700    1.259404
 2747.896000    1.125821
 2748.528080    1.003601
 2749.160640    0.891883
 2749.794430    0.790031
 2750.427000    0.697869
 2751.061280    0.614393
 2751.694090    0.539432
 2752.328610    0.472019
 2752.961910    0.411893
 2753.595210    0.358342
 2754.230220    0.310694
 2754.863770    0.268657
 2755.499020    0.231514
 2756.132810    0.198972
 2756.768550    0.170405
 2757.402590    0.145560
 2758.036870    0.123955
 2758.673100    0.105183
 2759.307620    0.089024
 2759.943850    0.075084
 2760.578860    0.063155
 2761.215330    0.052939
 2761.850590    0.044257
 2762.487550    0.036868
 2763.123050    0.030632
 2763.758790    0.025372
 2764.396000    0.020942
 2765.031980    0.017239
 2765.669430    0.014141
 2766.305910    0.011568
 2766.943600    0.009431
 2767.580320    0.007668
 2768.216800    0.006216
 2768.855220    0.005020
 2769.492190    0.004044
 2770.130860    0.003245
 2770.768070    0.002599
 2771.407230    0.002072
 2772.044680    0.001649
 2772.682130    0.001307
 2773.321780    0.001034
 2773.959720    0.000814
 2774.599370    0.000640
 2775.237550    0.000501
 2775.877690    0.000391
 2776.516360    0.000304
 2777.155030    0.000237
 2777.795170    0.000183
 2778.434330    0.000141
 2779.074950    0.000110
 2779.714360    0.000084
 2780.355470    0.000065
 2780.995120    0.000051
 2781.634770    0.000040
 2782.276120    0.000032
 2782.916260    0.000028
 2783.558110    0.000025
 2784.198490    0.000024
 2784.840330    0.000025
 2785.480960    0.000028
 2786.121830    0.000032
 2786.764400    0.000040
 2787.405270    0.000051
 2788.048100    0.000065
 2788.689450    0.000084
 2789.332520    0.000109
 2789.974370    0.000141
 2790.615970    0.000182
 2791.259770    0.000237
 2791.901610    0.000304
 2792.545410    0.000392
 2793.187990    0.000504
 2793.832030    0.000645
 2794.474850    0.000823
 2795.117680    0.001048
 2795.762210    0.001331
 2796.405520    0.001686
 2797.050290    0.002130
 2797.693600    0.002682
 2798.338870    0.003369
 2798.982420    0.004218
 2799.626460    0.005266
 2800.272220    0.006561
 2800.916260    0.008145
 2801.562260    0.010091
 2802.206790    0.012458
 2802.852780    0.015345
 2803.497560    0.018839
 2804.142580    0.023064
 2804.789310    0.028171
 2805.434330    0.034292
 2806.081300    0.041649
 2806.726810    0.050416
 2807.374020    0.060884
 2808.020020    0.073290
 2808.666020    0.087971
 2809.313480    0.105331
 2809.959960    0.125723
 2810.607910    0.149690
 2811.254390    0.177643
 2811.902830    0.210318
 2812.549560    0.248176
 2813.198240    0.292150
 2813.845210    0.342780
 2814.492680    0.401075
 2815.141600    0.468096
 2815.789310    0.544582
 2816.438720    0.631988
 2817.086430    0.731021
 2817.736080    0.843496
 2818.384520    0.970204
 2819.032710    1.112669
 2819.682620    1.272818
 2820.331300    1.451441
 2820.981930    1.650982
 2821.630620    1.871799
 2822.281490    2.116890
 2822.930660    2.386366
 2823.580080    2.682481
 2824.231200    3.007503
 2824.880860    3.361259
 2825.532230    3.746796
 2826.182370    4.163578
 2826.833980    4.614346
 2827.484380    5.098076
 2828.134770    5.616158
 2828.786870    6.170425
 2829.437740    6.758470
 2830.090090    7.382468
 2830.741210    8.039260
 2831.394040    8.730860
 2832.045410    9.452563
 2832.697020    10.204403
 2833.350100    10.985720
 2834.001950    11.790703
 2834.655520    12.619959
 2835.307620    13.466015
 2835.961180    14.328795
 2836.613770    15.200845
 2837.266360    16.078823
 2837.920410    16.959768
 2838.573490    17.835146
 2839.228030    18.702726
 2839.881100    19.552944
 2840.535890    20.384106
 2841.189450    21.186590
 2841.843020    21.956102
 2842.498540    22.688971
 2843.152340    23.375416
 2843.807860    24.013559
 2844.462160    24.595331
 2845.118160    25.118452
 2845.772710    25.575975
 2846.427250    25.965252
 2847.083740    26.283770
 2847.738770    26.527027
 2848.395260    26.693973
 2849.050540    26.782414
 2849.707760    26.791861
 2850.363280    26.722132
 2851.018800    26.573971
 2851.676270    26.347902
 2852.332280    26.046999
 2852.989990    25.672407
 2853.646480    25.228956
 2854.304440    24.718613
 2854.960940    24.147966
 2855.617920    23.520220
 2856.276370    22.839352
 2856.933350    22.113859
 2857.592290    21.345644
 2858.249760    20.544529
 2858.908940    19.712624
 2859.566650    18.859911
 2860.224370    17.990505
 2860.883790    17.107925
 2861.541750    16.222059
 2862.201900    15.333406
 2862.860350    14.452353
 2863.520510    13.579144
 2864.179200    12.722416
 2864.839840    11.881788
 2865.498780    11.065544
 2866.157960    10.274374
 2866.818850    9.509380
 2867.478520    8.776285
 2868.139650    8.073995
 2868.799320    7.407059
 2869.460940    6.773098
 2870.121090    6.176073
 2870.781490    5.614627
 2871.443360    5.087813
 2872.103760    4.597616
 2872.766360    4.140753
 2873.427000    3.719247
 2874.089600    3.329538
 2874.750730    2.972439
 2875.412110    2.645563
 2876.075440    2.346725
 2876.736820    2.076116
 2877.400390    1.830424
 2878.062260    1.609472
 2878.725830    1.410451
 2879.388180    1.232615
 2880.050540    1.073956
 2880.714600    0.932560
 2881.377440    0.807545
 2882.041750    0.696951
 2882.704830    0.599849
 2883.369380    0.514541
 2884.032960    0.440130
 2884.696530    0.375341
 2885.361330    0.319027
 2886.025390    0.270390
 2886.690920    0.228387
 2887.354980    0.192396
 2888.020510    0.161524
 2888.685060    0.135229
 2889.349610    0.112871
 2890.015870    0.093880
 2890.680910    0.077872
 2891.347410    0.064372
 2892.012700    0.053068
 2892.679200    0.043601
 2893.344970    0.035721
 2894.010500    0.029179
 2894.677730    0.023749
 2895.343510    0.019279
 2896.011470    0.015594
 2896.677490    0.012581
 2897.345460    0.010113
 2898.011960    0.008108
 2898.678960    0.006480
 2899.347170    0.005160
 2900.014160    0.004099
 2900.682860    0.003244
 2901.350100    0.002561
 2902.019530    0.002014
 2902.687010    0.001580
 2903.354740    0.001236
 2904.024410    0.000962
 2904.692380    0.000748
 2905.361820    0.000579
 2906.030520    0.000447
 2906.700680    0.000344
 2907.369140    0.000264
 2908.038090    0.000202
 2908.708500    0.000155
 2909.377930    0.000117
 2910.048830    0.000089
 2910.718260    0.000067
 2911.389650    0.000051
 2912.059330    0.000038
 2912.729250    0.000029
 2913.400630    0.000021
 2914.070800    0.000015
 2914.742920    0.000011
 2915.413570    0.000009
 2916.085690    0.000007
 2916.756590    0.000005
 2917.429200    0.000004
 2918.100340    0.000003
 2918.771730    0.000002
 2919.444580    0.000001
 2920.116210    0.000001
 2920.789550    0.000001
 2921.461670    0.000001
 2922.135500    0.000000
 2922.807370    0.000000
 2923.479740    0.000000
 2924.154050    0.000000
 2924.826660    0.000000
 2925.500980    0.000000
 2926.174070    0.000000
 2926.848880    0.000000
 2927.522220    0.000000
 2928.195800    0.000000
 2928.870850    0.000000
 2929.544920    0.000000
 2930.220460    0.000000
 2930.894530    0.000000
 2931.570310    0.000000
 2932.244630    0.000000
 2932.919190    0.000000
 2933.595700    0.000000
 2934.270260    0.000000
 2934.947270    0.000000
 2935.622310    0.000000
 2936.299070    0.000000
 2936.974850    0.000000
 2937.650390    0.000000
 2938.327880    0.000000
 2939.003660    0.000000
 2939.681400    0.000000
 2940.357670    0.000000
 2941.035640    0.000000
 2941.712160    0.000000
 2942.389160    0.000000
 2943.067630    0.000000
 2943.744630    0.000000
 2944.423580    0.000000
 2945.100830    0.000000
 2945.780030    0.000000
 2946.457760    0.000000
 2947.135500    0.000000
 2947.815190    0.000000
 2948.493410    0.000000
 2949.173100    0.000000
 2949.851560    0.000000
 2950.531980    0.000000
 2951.210450    0.000000
 2951.889650    0.000000
 2952.570070    0.000000
 2953.249270    0.000000
 2953.930660    0.000000
 2954.610110    0.000000
 2955.291500    0.000000
 2955.971190    0.000000
 2956.651120    0.000000
 2957.333010    0.000000
 2958.013180    0.000000
 2958.695560    0.000000
 2959.376220    0.000000
 2960.058350    0.000000
 2960.739500    0.000000
 2961.420410    0.000000
 2962.103520    0.000000
 2962.784910    0.000000
 2963.468020    0.000000
 2964.149900    0.000000
 2964.833500    0.000000
 2965.515380    0.000000
 2966.197750    0.000000
 2966.881590    0.000000
 2967.564210    0.000000
 2968.248540    0.000000
 2968.931150    0.000000
 2969.615720    0.000000
 2970.299070    0.000000
 2970.984130    0.000000
 2971.667480    0.000000
 2972.351070    0.000000
 2973.036620    0.000000
 2973.720700    0.000000
 2974.406250    0.000000
 2975.090580    0.000000
 2975.776610    0.000000
 2976.461180    0.000000
 2977.146000    0.000000
 2977.832280    0.000000
 2978.517580    0.000000
 2979.204350    0.000000
 2979.889650    0.000000
 2980.576660    0.000000
 2981.262210    0.000000
 2981.948240    0.000000
 2982.635990    0.000000
 2983.322020    0.000000
 2984.010010    0.000000
 2984.696530    0.000000
 2985.384770    0.000000
 2986.071530    0.000000
 2986.758540    0.000000
 2987.447270    0.000000
 2988.134770    0.000000
 2988.823490    0.000000
 2989.510990    0.000000
 2990.200440    0.000000
 2990.888180    0.000000
 2991.576170    0.000000
 2992.266360    0.000000
 2992.954830    0.000000
 2993.644780    0.000000
 2994.333500    0.000000
 2995.023930    0.000000
 2995.713130    0.000000
 2996.402100    0.000000
 2997.093020    0.000000
 2997.782710    0.000000
 2998.473880    0.000000
 2999.163570    0.000000
 2999.855470    0.000000
 3000.545410    0.000000
 3001.235600    0.000000
 3001.927730    0.000000
 3002.618410    0.000000
 3003.310550    0.000000
 3004.001710    0.000000
 3004.694340    0.000000
 3005.385740    0.000000
 3006.076900    0.000000
 3006.770020    0.000000
 3007.461670    0.000000
 3008.155270    0.000000
 3008.847410    0.000000
 3009.541260    0.000000
 3010.233400    0.000000
 3010.926270    0.000000
 3011.620360    0.000000
 3012.313230    0.000000
 3013.007810    0.000000
 3013.700930    0.000000
 3014.395750    0.000000
 3015.089360    0.000000
 3015.783200    0.000000
 3016.478270    0.000000
 3017.172610    0.000000
 3017.868160    0.000000
 3018.562260    0.000000
 3019.258540    0.000000
 3019.952880    0.000000
 3020.647950    0.000000
 3021.344480    0.000000
 3022.039310    0.000000
 3022.736330    0.000000
 3023.431640    0.000000
 3024.128660    0.000000
 3024.824460    0.000000
 3025.522220    0.000000
 3026.218020    0.000000
 3026.914310    0.000000
 3027.612300    0.000000
 3028.308840    0.000000
 3029.007080    0.000000
 3029.703860    0.000000
 3030.402590    0.000000
 3031.099850    0.000000
 3031.797120    0.000000
 3032.496090    0.000000
 3033.193600    0.000000
 3033.893310    0.000000
 3034.591060    0.000000
 3035.290770    0.000000
 3035.989010    0.000000
 3036.687740    0.000000
 3037.387700    0.000000
 3038.086670    0.000000
 3038.787350    0.000000
 3039.486080    0.000000
 3040.187260    0.000000
 3040.886470    0.000000
 3041.586180    0.000000
 3042.287350    0.000000
 3042.987550    0.000000
 3043.689210    0.000000
 3044.389160    0.000000
 3045.091060    0.000000
 3045.791750    0.000000
 3046.492430    0.000000
 3047.194820    0.000000
 3047.896000    0.000000
 3048.598880    0.000000
 3049.300050    0.000000
