 2653.384280    0.000000
 2653.996340    0.000000
 2654.606690    0.000000
 2655.217290    0.000000
 2655.829830    0.000000
 2656.440670    0.000000
 2657.053220    0.000000
 2657.664550    0.000000
 2658.277340    0.000000
 2658.888920    0.000000
 2659.500730    0.000000
 2660.114010    0.000000
 2660.725830    0.000000
 2661.339360    0.000000
 2661.951660    0.000000
 2662.565430    0.000000
 2663.177980    0.000000
 2663.790530    0.000000
 2664.404790    0.000000
 2665.017820    0.000000
 2665.632320    0.000000
 2666.245610    0.000000
 2666.860350    0.000000
 2667.473880    0.000000
 2668.089110    0.000000
 2668.702880    0.000000
 2669.316890    0.000000
 2669.932370    0.000000
 2670.546630    0.000000
 2671.162350    0.000000
 2671.776860    0.000000
 2672.393070    0.000000
 2673.007810    0.000000
 2673.622560    0.000000
 2674.239260    0.000000
 2674.854490    0.000000
 2675.471190    0.000000
 2676.086670    0.000000
 2676.703860    0.000000
 2677.319580    0.000000
 2677.935550    0.000000
 2678.552980    0.000000
 2679.169190    0.000000
 2679.786870    0.000000
 2680.403560    0.000000
 2681.021480    0.000000
 2681.638430    0.000000
 2682.255370    0.000000
 2682.873780    0.000000
 2683.490970    0.000000
 2684.109860    0.000000
 2684.727290    0.000000
 2685.346440    0.000000
 2685.964110    0.000000
 2686.582030    0.000000
 2687.201660    0.000000
 2687.819820    0.000000
 2688.439450    0.000000
 2689.057860    0.000000
 2689.677980    0.000000
 2690.296880    0.000000
 2690.915770    0.000000
 2691.536380    0.000000
 2692.155270    0.000000
 2692.776370    0.000000
 2693.395750    0.000000
 2694.016850    0.000000
 2694.636720    0.000000
 2695.256590    0.000000
 2695.877930    0.000000
 2696.498050    0.000000
 2697.119870    0.000000
 2697.740480    0.000000
 2698.362550    0.000000
 2698.983400    0.000000
 2699.604250    0.000000
 2700.226810    0.000000
 2700.847900    0.000000
 2701.470700    0.000000
 2702.092040    0.000000
 2702.715330    0.000000
 2703.337160    0.000000
 2703.958980    0.000000
 2704.582520    0.000000
 2705.204830    0.000000
 2705.828370    0.000000
 2706.450930    0.000000
 2707.074950    0.000000
 2707.697750    0.000000
 2708.320800    0.000000
 2708.945310    0.000000
 2709.568360    0.000000
 2710.193360    0.000000
 2710.816650    0.000000
 2711.441890    0.000000
 2712.065670    0.000000
 2712.689450    0.000000
 2713.314940    0.000000
 2713.939210    0.000000
 2714.565190    0.000000
 2715.189450    0.000000
 2715.815670    0.000000
 2716.440430    0.000000
 2717.066890    0.000000
 2717.691890    0.000000
 2718.317140    0.000000
 2718.943850    0.000000
 2719.569340    0.000000
 2720.196530    0.000000
 2720.822270    0.000000
 2721.449710    0.000000
 2722.075680    0.000000
 2722.702150    0.000000
 2723.329830    0.000000
 2723.956300    0.000000
 2724.584470    0.000000
 2725.211430    0.000000
 2725.839600    0.000000
 2726.466800    0.000001
 2727.093990    0.000001
 2727.722900    0.000001
 2728.350340    0.000001
 2728.979490    0.000001
 2729.607420    0.000001
 2730.236820    0.000002
 2730.864750    0.000002
 2731.493160    0.000002
 2732.122800    0.000003
 2732.751460    0.000003
 2733.381590    0.000004
 2734.010500    0.000004
 2734.640870    0.000005
 2735.270020    0.000006
 2735.899410    0.000007
 2736.530270    0.000008
 2737.159670    0.000009
 2737.790770    0.000010
 2738.420650    0.000011
 2739.052250    0.000013
 2739.682370    0.000016
 2740.312500    0.000018
 2740.944340    0.000021
 2741.575200    0.000025
 2742.207280    0.000029
 2742.838130    0.000032
 2743.470460    0.000037
 2744.101560    0.000043
 2744.732910    0.000050
 2745.365970    0.000057
 2745.997310    0.000065
 2746.630860    0.000074
 2747.262700    0.000086
 2747.896000    0.000097
 2748.528080    0.000112
 2749.160640    0.000127
 2749.794430    0.000145
 2750.427000    0.000165
 2751.061280    0.000188
 2751.694090    0.000213
 2752.328610    0.000241
 2752.961910    0.000274
 2753.595210    0.000310
 2754.230220    0.000350
 2754.863770    0.000395
 2755.499020    0.000445
 2756.132810    0.000502
 2756.768550    0.000565
 2757.402590    0.000635
 2758.036870    0.000713
 2758.673100    0.000800
 2759.307620    0.000896
 2759.943850    0.001003
 2760.578860    0.001122
 2761.215330    0.001252
 2761.850590    0.001397
 2762.487550    0.001557
 2763.123050    0.001733
 2763.758790    0.001927
 2764.396000    0.002141
 2765.031980    0.002376
 2765.669430    0.002633
 2766.305910    0.002915
 2766.943600    0.003225
 2767.580320    0.003564
 2768.216800    0.003934
 2768.855220    0.004338
 2769.492190    0.004779
 2770.130860    0.005260
 2770.768070    0.005783
 2771.407230    0.006353
 2772.044680    0.006970
 2772.682130    0.007641
 2773.321780    0.008369
 2773.959720    0.009157
 2774.599370    0.010013
 2775.237550    0.010935
 2775.877690    0.011934
 2776.516360    0.013011
 2777.155030    0.014172
 2777.795170    0.015427
 2778.434330    0.016776
 2779.074950    0.018232
 2779.714360    0.019796
 2780.355470    0.021482
 2780.995120    0.023289
 2781.634770    0.025229
 2782.276120    0.027319
 2782.916260    0.029555
 2783.558110    0.031961
 2784.198490    0.034535
 2784.840330    0.037300
 2785.480960    0.040256
 2786.121830    0.043426
 2786.764400    0.046829
 2787.405270    0.050465
 2788.048100    0.054369
 2788.689450    0.058540
 2789.332520    0.063020
 2789.974370    0.067807
 2790.615970    0.072932
 2791.259770    0.078440
 2791.901610    0.084321
 2792.545410    0.090642
 2793.187990    0.097402
 2793.832030    0.104663
 2794.474850    0.112432
 2795.117680    0.120763
 2795.762210    0.129721
 2796.405520    0.139313
 2797.050290    0.149629
 2797.693600    0.160676
 2798.338870    0.172571
 2798.982420    0.185309
 2799.626460    0.199000
 2800.272220    0.213745
 2800.916260    0.229545
 2801.562260    0.246572
 2802.206790    0.264827
 2802.852780    0.284488
 2803.497560    0.305575
 2804.142580    0.328243
 2804.789310    0.352665
 2805.434330    0.378834
 2806.081300    0.407030
 2806.726810    0.437244
 2807.374020    0.469773
 2808.020020    0.504625
 2808.666020    0.542022
 2809.313480    0.582225
 2809.959960    0.625267
 2810.607910    0.671500
 2811.254390    0.720911
 2811.902830    0.773968
 2812.549560    0.830585
 2813.198240    0.891304
 2813.845210    0.956013
 2814.492680    1.025152
 2815.141600    1.099088
 2815.789310    1.177764
 2816.438720    1.261796
 2817.086430    1.350998
 2817.736080    1.446142
 2818.384520    1.547037
 2819.032710    1.654084
 2819.682620    1.767896
 2820.331300    1.888236
 2820.981930    2.015974
 2821.630620    2.150610
 2822.281490    2.293274
 2822.930660    2.443374
 2823.580080    2.601586
 2824.231200    2.768547
 2824.880860    2.943678
 2825.532230    3.128061
 2826.182370    3.321082
 2826.833980    3.523732
 2827.484380    3.735355
 2828.134770    3.956473
 2828.786870    4.187833
 2829.437740    4.428512
 2830.090090    4.679589
 2830.741210    4.940085
 2831.394040    5.211207
 2832.045410    5.491627
 2832.697020    5.782010
 2833.350100    6.082854
 2834.001950    6.392810
 2834.655520    6.713121
 2835.307620    7.042035
 2835.961180    7.380788
 2836.613770    7.727839
 2837.266360    8.083356
 2837.920410    8.447789
 2838.573490    8.819366
 2839.228030    9.199014
 2839.881100    9.584519
 2840.535890    9.977198
 2841.189450    10.374691
 2841.843020    10.777078
 2842.498540    11.184882
 2843.152340    11.595093
 2843.807860    12.009069
 2844.462160    12.424150
 2845.118160    12.841331
 2845.772710    13.257708
 2846.427250    13.673292
 2847.083740    14.088362
 2847.738770    14.499783
 2848.395260    14.908392
 2849.050540    15.311499
 2849.707760    15.710015
 2850.363280    16.100679
 2851.018800    16.483494
 2851.676270    16.858515
 2852.332280    17.222746
 2852.989990    17.576906
 2853.646480    17.918394
 2854.304440    18.247593
 2854.960940    18.562075
 2855.617920    18.861855
 2856.276370    19.146400
 2856.933350    19.413582
 2857.592290    19.663940
 2858.249760    19.895374
 2858.908940    20.108267
 2859.566650    20.300911
 2860.224370    20.473202
 2860.883790    20.624954
 2861.541750    20.754952
 2862.201900    20.863474
 2862.860350    20.949524
 2863.520510    21.013283
 2864.179200    21.054253
 2864.839840    21.072510
 2865.498780    21.067915
 2866.157960    21.040581
 2866.818850    20.990473
 2867.478520    20.917999
 2868.139650    20.823134
 2868.799320    20.706656
 2869.460940    20.568367
 2870.121090    20.409466
 2870.781490    20.230164
 2871.443360    20.030693
 2872.103760    19.812626
 2872.766360    19.575481
 2873.427000    19.321541
 2874.089600    19.050161
 2874.750730    18.763622
 2875.412110    18.462172
 2876.075440    18.145926
 2876.736820    17.817751
 2877.400390    17.476616
 2878.062260    17.125555
 2878.725830    16.763813
 2879.388180    16.394054
 2880.050540    16.016680
 2880.714600    15.631755
 2881.377440    15.242030
 2882.041750    14.846974
 2882.704830    14.449210
 2883.369380    14.048136
 2884.032960    13.646205
 2884.696530    13.243779
 2885.361330    12.841040
 2886.025390    12.440055
 2886.690920    12.040344
 2887.354980    11.644473
 2888.020510    11.251456
 2888.685060    10.863448
 2889.349610    10.480534
 2890.015870    10.102367
 2890.680910    9.731186
 2891.347410    9.366011
 2892.012700    9.008784
 2892.679200    8.658613
 2893.344970    8.316899
 2894.010500    7.983692
 2894.677730    7.658309
 2895.343510    7.342530
 2896.011470    7.034810
 2896.677490    6.737199
 2897.345460    6.448048
 2898.011960    6.168900
 2898.678960    5.898931
 2899.347170    5.637863
 2900.014160    5.386597
 2900.682860    5.143960
 2901.350100    4.910995
 2902.019530    4.686306
 2902.687010    4.471132
 2903.354740    4.264552
 2904.024410    4.065884
 2904.692380    3.876007
 2905.361820    3.693788
 2906.030520    3.519603
 2906.700680    3.352647
 2907.369140    3.193454
 2908.038090    3.041226
 2908.708500    2.895511
 2909.377930    2.756587
 2910.048830    2.623692
 2910.718260    2.497148
 2911.389650    2.376058
 2912.059330    2.260835
 2912.729250    2.150876
 2913.400630    2.045762
 2914.070800    1.945680
 2914.742920    1.849938
 2915.413570    1.758808
 2916.085690    1.671682
 2916.756590    1.588707
 2917.429200    1.509331
 2918.100340    1.433746
 2918.771730    1.361576
 2919.444580    1.292534
 2920.116210    1.226741
 2920.789550    1.163762
 2921.461670    1.103734
 2922.135500    1.046266
 2922.807370    0.991542
 2923.479740    0.939237
 2924.154050    0.889141
 2924.826660    0.841421
 2925.500980    0.795738
 2926.174070    0.752201
 2926.848880    0.710535
 2927.522220    0.670856
 2928.195800    0.632980
 2928.870850    0.596774
 2929.544920    0.562303
 2930.220460    0.529376
 2930.894530    0.498076
 2931.570310    0.468198
 2932.244630    0.439825
 2932.919190    0.412828
 2933.595700    0.387095
 2934.270260    0.362723
 2934.947270    0.339509
 2935.622310    0.317556
 2936.299070    0.296700
 2936.974850    0.276983
 2937.650390    0.258336
 2938.327880    0.240663
 2939.003660    0.224017
 2939.681400    0.208271
 2940.357670    0.193465
 2941.035640    0.179493
 2941.712160    0.166383
 2942.389160    0.154058
 2943.067630    0.142471
 2943.744630    0.131635
 2944.423580    0.121461
 2945.100830    0.111973
 2945.780030    0.103086
 2946.457760    0.094816
 2947.135500    0.087111
 2947.815190    0.079920
 2948.493410    0.073252
 2949.173100    0.067050
 2949.851560    0.061311
 2950.531980    0.055984
 2951.210450    0.051071
 2951.889650    0.046531
 2952.570070    0.042336
 2953.249270    0.038481
 2953.930660    0.034923
 2954.610110    0.031665
 2955.291500    0.028667
 2955.971190    0.025928
 2956.651120    0.023422
 2957.333010    0.021126
 2958.013180    0.019036
 2958.695560    0.017126
 2959.376220    0.015393
 2960.058350    0.013815
 2960.739500    0.012385
 2961.420410    0.011089
 2962.103520    0.009914
 2962.784910    0.008854
 2963.468020    0.007895
 2964.149900    0.007033
 2964.833500    0.006255
 2965.515380    0.005558
 2966.197750    0.004932
 2966.881590    0.004370
 2967.564210    0.003868
 2968.248540    0.003418
 2968.931150    0.003017
 2969.615720    0.002659
 2970.299070    0.002341
 2970.984130    0.002058
 2971.667480    0.001807
 2972.351070    0.001585
 2973.036620    0.001388
 2973.720700    0.001214
 2974.406250    0.001060
 2975.090580    0.000925
 2975.776610    0.000806
 2976.461180    0.000701
 2977.146000    0.000609
 2977.832280    0.000528
 2978.517580    0.000458
 2979.204350    0.000397
 2979.889650    0.000342
 2980.576660    0.000296
 2981.262210    0.000255
 2981.948240    0.000219
 2982.635990    0.000189
 2983.322020    0.000162
 2984.010010    0.000139
 2984.696530    0.000119
 2985.384770    0.000102
 2986.071530    0.000087
 2986.758540    0.000074
 2987.447270    0.000063
 2988.134770    0.000053
 2988.823490    0.000046
 2989.510990    0.000039
 2990.200440    0.000032
 2990.888180    0.000028
 2991.576170    0.000024
 2992.266360    0.000020
 2992.954830    0.000016
 2993.644780    0.000014
 2994.333500    0.000011
 2995.023930    0.000010
 2995.713130    0.000009
 2996.402100    0.000007
 2997.093020    0.000006
 2997.782710    0.000005
 2998.473880    0.000004
 2999.163570    0.000004
 2999.855470    0.000003
 3000.545410    0.000002
 3001.235600    0.000002
 3001.927730    0.000002
 3002.618410    0.000001
 3003.310550    0.000001
 3004.001710    0.000001
 3004.694340    0.000001
 3005.385740    0.000001
 3006.076900    0.000001
 3006.770020    0.000000
 3007.461670    0.000000
 3008.155270    0.000000
 3008.847410    0.000000
 3009.541260    0.000000
 3010.233400    0.000000
 3010.926270    0.000000
 3011.620360    0.000000
 3012.313230    0.000000
 3013.007810    0.000000
 3013.700930    0.000000
 3014.395750    0.000000
 3015.089360    0.000000
 3015.783200    0.000000
 3016.478270    0.000000
 3017.172610    0.000000
 3017.868160    0.000000
 3018.562260    0.000000
 3019.258540    0.000000
 3019.952880    0.000000
 3020.647950    0.000000
 3021.344480    0.000000
 3022.039310    0.000000
 3022.736330    0.000000
 3023.431640    0.000000
 3024.128660    0.000000
 3024.824460    0.000000
 3025.522220    0.000000
 3026.218020    0.000000
 3026.914310    0.000000
 3027.612300    0.000000
 3028.308840    0.000000
 3029.007080    0.000000
 3029.703860    0.000000
 3030.402590    0.000000
 3031.099850    0.000000
 3031.797120    0.000000
 3032.496090    0.000000
 3033.193600    0.000000
 3033.893310    0.000000
 3034.591060    0.000000
 3035.290770    0.000000
 3035.989010    0.000000
 3036.687740    0.000000
 3037.387700    0.000000
 3038.086670    0.000000
 3038.787350    0.000000
 3039.486080    0.000000
 3040.187260    0.000000
 3040.886470    0.000000
 3041.586180    0.000000
 3042.287350    0.000000
 3042.987550    0.000000
 3043.689210    0.000000
 3044.389160    0.000000
 3045.091060    0.000000
 3045.791750    0.000000
 3046.492430    0.000000
 3047.194820    0.000000
 3047.896000    0.000000
 3048.598880    0.000000
 3049.300050    0.000000
