 2653.384280    0.000000
 2653.996340    0.000000
 2654.606690    0.000000
 2655.217290    0.000000
 2655.829830    0.000000
 2656.440670    0.000000
 2657.053220    0.000000
 2657.664550    0.000000
 2658.277340    0.000000
 2658.888920    0.000000
 2659.500730    0.000000
 2660.114010    0.000000
 2660.725830    0.000000
 2661.339360    0.000000
 2661.951660    0.000000
 2662.565430    0.000000
 2663.177980    0.000000
 2663.790530    0.000000
 2664.404790    0.000000
 2665.017820    0.000000
 2665.632320    0.000000
 2666.245610    0.000000
 2666.860350    0.000000
 2667.473880    0.000000
 2668.089110    0.000000
 2668.702880    0.000000
 2669.316890    0.000000
 2669.932370    0.000000
 2670.546630    0.000000
 2671.162350    0.000000
 2671.776860    0.000000
 2672.393070    0.000000
 2673.007810    0.000000
 2673.622560    0.000000
 2674.239260    0.000000
 2674.854490    0.000000
 2675.471190    0.000000
 2676.086670    0.000000
 2676.703860    0.000000
 2677.319580    0.000000
 2677.935550    0.000000
 2678.552980    0.000000
 2679.169190    0.000000
 2679.786870    0.000000
 2680.403560    0.000000
 2681.021480    0.000000
 2681.638430    0.000000
 2682.255370    0.000000
 2682.873780    0.000000
 2683.490970    0.000000
 2684.109860    0.000000
 2684.727290    0.000000
 2685.346440    0.000000
 2685.964110    0.000000
 2686.582030    0.000000
 2687.201660    0.000000
 2687.819820    0.000000
 2688.439450    0.000000
 2689.057860    0.000000
 2689.677980    0.000000
 2690.296880    0.000000
 2690.915770    0.000000
 2691.536380    0.000000
 2692.155270    0.000000
 2692.776370    0.000000
 2693.395750    0.000000
 2694.016850    0.000000
 2694.636720    0.000000
 2695.256590    0.000000
 2695.877930    0.000000
 2696.498050    0.000000
 2697.119870    0.000000
 2697.740480    0.000000
 2698.362550    0.000000
 2698.983400    0.000000
 2699.604250    0.000000
 2700.226810    0.000000
 2700.847900    0.000000
 2701.470700    0.000000
 2702.092040    0.000000
 2702.715330    0.000000
 2703.337160    0.000000
 2703.958980    0.000000
 2704.582520    0.000000
 2705.204830    0.000000
 2705.828370    0.000000
 2706.450930    0.000000
 2707.074950    0.000000
 2707.697750    0.000000
 2708.320800    0.000000
 2708.945310    0.000000
 2709.568360    0.000000
 2710.193360    0.000000
 2710.816650    0.000000
 2711.441890    0.000000
 2712.065670    0.000000
 2712.689450    0.000000
 2713.314940    0.000000
 2713.939210    0.000000
 2714.565190    0.000000
 2715.189450    0.000000
 2715.815670    0.000000
 2716.440430    0.000000
 2717.066890    0.000000
 2717.691890    0.000000
 2718.317140    0.000000
 2718.943850    0.000000
 2719.569340    0.000000
 2720.196530    0.000000
 2720.822270    0.000000
 2721.449710    0.000000
 2722.075680    0.000000
 2722.702150    0.000000
 2723.329830    0.000000
 2723.956300    0.000000
 2724.584470    0.000000
 2725.211430    0.000000
 2725.839600    0.000000
 2726.466800    0.000000
 2727.093990    0.000000
 2727.722900    0.000000
 2728.350340    0.000000
 2728.979490    0.000000
 2729.607420    0.000000
 2730.236820    0.000000
 2730.864750    0.000000
 2731.493160    0.000000
 2732.122800    0.000000
 2732.751460    0.000000
 2733.381590    0.000000
 2734.010500    0.000000
 2734.640870    0.000000
 2735.270020    0.000000
 2735.899410    0.000000
 2736.530270    0.000000
 2737.159670    0.000000
 2737.790770    0.000000
 2738.420650    0.000000
 2739.052250    0.000000
 2739.682370    0.000000
 2740.312500    0.000000
 2740.944340    0.000000
 2741.575200    0.000000
 2742.207280    0.000000
 2742.838130    0.000000
 2743.470460    0.000000
 2744.101560    0.000000
 2744.732910    0.000000
 2745.365970    0.000000
 2745.997310    0.000000
 2746.630860    0.000000
 2747.262700    0.000000
 2747.896000    0.000000
 2748.528080    0.000000
 2749.160640    0.000000
 2749.794430    0.000000
 2750.427000    0.000000
 2751.061280    0.000000
 2751.694090    0.000000
 2752.328610    0.000000
 2752.961910    0.000000
 2753.595210    0.000000
 2754.230220    0.000000
 2754.863770    0.000000
 2755.499020    0.000000
 2756.132810    0.000000
 2756.768550    0.000000
 2757.402590    0.000000
 2758.036870    0.000000
 2758.673100    0.000000
 2759.307620    0.000000
 2759.943850    0.000000
 2760.578860    0.000000
 2761.215330    0.000000
 2761.850590    0.000000
 2762.487550    0.000000
 2763.123050    0.000000
 2763.758790    0.000000
 2764.396000    0.000000
 2765.031980    0.000000
 2765.669430    0.000000
 2766.305910    0.000000
 2766.943600    0.000000
 2767.580320    0.000000
 2768.216800    0.000000
 2768.855220    0.000000
 2769.492190    0.000000
 2770.130860    0.000000
 2770.768070    0.000000
 2771.407230    0.000000
 2772.044680    0.000000
 2772.682130    0.000000
 2773.321780    0.000000
 2773.959720    0.000000
 2774.599370    0.000000
 2775.237550    0.000000
 2775.877690    0.000000
 2776.516360    0.000000
 2777.155030    0.000000
 2777.795170    0.000000
 2778.434330    0.000000
 2779.074950    0.000000
 2779.714360    0.000000
 2780.355470    0.000000
 2780.995120    0.000000
 2781.634770    0.000000
 2782.276120    0.000000
 2782.916260    0.000000
 2783.558110    0.000000
 2784.198490    0.000000
 2784.840330    0.000000
 2785.480960    0.000000
 2786.121830    0.000000
 2786.764400    0.000000
 2787.405270    0.000000
 2788.048100    0.000000
 2788.689450    0.000000
 2789.332520    0.000000
 2789.974370    0.000000
 2790.615970    0.000000
 2791.259770    0.000000
 2791.901610    0.000000
 2792.545410    0.000000
 2793.187990    0.000000
 2793.832030    0.000000
 2794.474850    0.000000
 2795.117680    0.000000
 2795.762210    0.000000
 2796.405520    0.000000
 2797.050290    0.000000
 2797.693600    0.000000
 2798.338870    0.000000
 2798.982420    0.000000
 2799.626460    0.000000
 2800.272220    0.000000
 2800.916260    0.000000
 2801.562260    0.000000
 2802.206790    0.000000
 2802.852780    0.000000
 2803.497560    0.000000
 2804.142580    0.000000
 2804.789310    0.000000
 2805.434330    0.000000
 2806.081300    0.000000
 2806.726810    0.000000
 2807.374020    0.000000
 2808.020020    0.000000
 2808.666020    0.000000
 2809.313480    0.000000
 2809.959960    0.000000
 2810.607910    0.000000
 2811.254390    0.000000
 2811.902830    0.000000
 2812.549560    0.000000
 2813.198240    0.000000
 2813.845210    0.000000
 2814.492680    0.000000
 2815.141600    0.000000
 2815.789310    0.000000
 2816.438720    0.000000
 2817.086430    0.000000
 2817.736080    0.000000
 2818.384520    0.000000
 2819.032710    0.000000
 2819.682620    0.000000
 2820.331300    0.000000
 2820.981930    0.000000
 2821.630620    0.000000
 2822.281490    0.000000
 2822.930660    0.000000
 2823.580080    0.000000
 2824.231200    0.000000
 2824.880860    0.000000
 2825.532230    0.000000
 2826.182370    0.000001
 2826.833980    0.000001
 2827.484380    0.000001
 2828.134770    0.000001
 2828.786870    0.000001
 2829.437740    0.000001
 2830.090090    0.000002
 2830.741210    0.000002
 2831.394040    0.000002
 2832.045410    0.000003
 2832.697020    0.000003
 2833.350100    0.000004
 2834.001950    0.000004
 2834.655520    0.000005
 2835.307620    0.000006
 2835.961180    0.000007
 2836.613770    0.000009
 2837.266360    0.000010
 2837.920410    0.000011
 2838.573490    0.000013
 2839.228030    0.000016
 2839.881100    0.000019
 2840.535890    0.000022
 2841.189450    0.000027
 2841.843020    0.000031
 2842.498540    0.000036
 2843.152340    0.000042
 2843.807860    0.000050
 2844.462160    0.000057
 2845.118160    0.000068
 2845.772710    0.000078
 2846.427250    0.000092
 2847.083740    0.000106
 2847.738770    0.000123
 2848.395260    0.000143
 2849.050540    0.000165
 2849.707760    0.000192
 2850.363280    0.000221
 2851.018800    0.000256
 2851.676270    0.000295
 2852.332280    0.000340
 2852.989990    0.000390
 2853.646480    0.000448
 2854.304440    0.000515
 2854.960940    0.000590
 2855.617920    0.000676
 2856.276370    0.000773
 2856.933350    0.000884
 2857.592290    0.001010
 2858.249760    0.001151
 2858.908940    0.001311
 2859.566650    0.001492
 2860.224370    0.001695
 2860.883790    0.001925
 2861.541750    0.002182
 2862.201900    0.002472
 2862.860350    0.002796
 2863.520510    0.003160
 2864.179200    0.003567
 2864.839840    0.004022
 2865.498780    0.004529
 2866.157960    0.005095
 2866.818850    0.005725
 2867.478520    0.006426
 2868.139650    0.007205
 2868.799320    0.008068
 2869.460940    0.009027
 2870.121090    0.010084
 2870.781490    0.011254
 2871.443360    0.012548
 2872.103760    0.013971
 2872.766360    0.015544
 2873.427000    0.017268
 2874.089600    0.019167
 2874.750730    0.021245
 2875.412110    0.023522
 2876.075440    0.026023
 2876.736820    0.028747
 2877.400390    0.031729
 2878.062260    0.034972
 2878.725830    0.038513
 2879.388180    0.042356
 2880.050540    0.046529
 2880.714600    0.051067
 2881.377440    0.055975
 2882.041750    0.061296
 2882.704830    0.067037
 2883.369380    0.073245
 2884.032960    0.079928
 2884.696530    0.087123
 2885.361330    0.094872
 2886.025390    0.103185
 2886.690920    0.112121
 2887.354980    0.121672
 2888.020510    0.131912
 2888.685060    0.142838
 2889.349610    0.154498
 2890.015870    0.166958
 2890.680910    0.180197
 2891.347410    0.194304
 2892.012700    0.209257
 2892.679200    0.225144
 2893.344970    0.241955
 2894.010500    0.259732
 2894.677730    0.278565
 2895.343510    0.298398
 2896.011470    0.319372
 2896.677490    0.341390
 2897.345460    0.364611
 2898.011960    0.388946
 2898.678960    0.414493
 2899.347170    0.441311
 2900.014160    0.469327
 2900.682860    0.498690
 2901.350100    0.529284
 2902.019530    0.561300
 2902.687010    0.594559
 2903.354740    0.629183
 2904.024410    0.665284
 2904.692380    0.702679
 2905.361820    0.741557
 2906.030520    0.781804
 2906.700680    0.823565
 2907.369140    0.866647
 2908.038090    0.911196
 2908.708500    0.957288
 2909.377930    1.004762
 2910.048830    1.053793
 2910.718260    1.104173
 2911.389650    1.156161
 2912.059330    1.209476
 2912.729250    1.264272
 2913.400630    1.320654
 2914.070800    1.378402
 2914.742920    1.437796
 2915.413570    1.498537
 2916.085690    1.560901
 2916.756590    1.624643
 2917.429200    1.690058
 2918.100340    1.756845
 2918.771730    1.825191
 2919.444580    1.895241
 2920.116210    1.966738
 2920.789550    2.040020
 2921.461670    2.114799
 2922.135500    2.191436
 2922.807370    2.269548
 2923.479740    2.349456
 2924.154050    2.431386
 2924.826660    2.514944
 2925.500980    2.600606
 2926.174070    2.688058
 2926.848880    2.777743
 2927.522220    2.869305
 2928.195800    2.963035
 2928.870850    3.059180
 2929.544920    3.157468
 2930.220460    3.258327
 2930.894530    3.361397
 2931.570310    3.467236
 2932.244630    3.575423
 2932.919190    3.686296
 2933.595700    3.800220
 2934.270260    3.916604
 2934.947270    4.036273
 2935.622310    4.158509
 2936.299070    4.284027
 2936.974850    4.412378
 2937.650390    4.543728
 2938.327880    4.678542
 2939.003660    4.816109
 2939.681400    4.957180
 2940.357670    5.101038
 2941.035640    5.248336
 2941.712160    5.398349
 2942.389160    5.551447
 2943.067630    5.707795
 2943.744630    5.866628
 2944.423580    6.028644
 2945.100830    6.192842
 2945.780030    6.359965
 2946.457760    6.529009
 2947.135500    6.700143
 2947.815190    6.873660
 2948.493410    7.048461
 2949.173100    7.225051
 2949.851560    7.402464
 2950.531980    7.581237
 2951.210450    7.760034
 2951.889650    7.939233
 2952.570070    8.118616
 2953.249270    8.297175
 2953.930660    8.475426
 2954.610110    8.651887
 2955.291500    8.827165
 2955.971190    8.999895
 2956.651120    9.170156
 2957.333010    9.337921
 2958.013180    9.501847
 2958.695560    9.662422
 2959.376220    9.818274
 2960.058350    9.969682
 2960.739500    10.115651
 2961.420410    10.255913
 2962.103520    10.390510
 2962.784910    10.518240
 2963.468020    10.639330
 2964.149900    10.752853
 2964.833500    10.858904
 2965.515380    10.956585
 2966.197750    11.045888
 2966.881590    11.126582
 2967.564210    11.198045
 2968.248540    11.260296
 2968.931150    11.312780
 2969.615720    11.355555
 2970.299070    11.388216
 2970.984130    11.410736
 2971.667480    11.422875
 2972.351070    11.424608
 2973.036620    11.415831
 2973.720700    11.396547
 2974.406250    11.366682
 2975.090580    11.326388
 2975.776610    11.275557
 2976.461180    11.214521
 2977.146000    11.143300
 2977.832280    11.061898
 2978.517580    10.970796
 2979.204350    10.869891
 2979.889650    10.759874
 2980.576660    10.640519
 2981.262210    10.512684
 2981.948240    10.376360
 2982.635990    10.231625
 2983.322020    10.079576
 2984.010010    9.919798
 2984.696530    9.753490
 2985.384770    9.580312
 2986.071530    9.401498
 2986.758540    9.217072
 2987.447270    9.027079
 2988.134770    8.832786
 2988.823490    8.633978
 2989.510990    8.431831
 2990.200440    8.225883
 2990.888180    8.017695
 2991.576170    7.807155
 2992.266360    7.594115
 2992.954830    7.380239
 2993.644780    7.164987
 2994.333500    6.949635
 2995.023930    6.733695
 2995.713130    6.518496
 2996.402100    6.304129
 2997.093020    6.090301
 2997.782710    5.878361
 2998.473880    5.667839
 2999.163570    5.459960
 2999.855470    5.253940
 3000.545410    5.051312
 3001.235600    4.851697
 3001.927730    4.654872
 3002.618410    4.462052
 3003.310550    4.272637
 3004.001710    4.087496
 3004.694340    3.906159
 3005.385740    3.729489
 3006.076900    3.557363
 3006.770020    3.389369
 3007.461670    3.226443
 3008.155270    3.067869
 3008.847410    2.914499
 3009.541260    2.765682
 3010.233400    2.622184
 3010.926270    2.483506
 3011.620360    2.349572
 3012.313230    2.220843
 3013.007810    2.096755
 3013.700930    1.977839
 3014.395750    1.863502
 3015.089360    1.754175
 3015.783200    1.649544
 3016.478270    1.549397
 3017.172610    1.453933
 3017.868160    1.362791
 3018.562260    1.276218
 3019.258540    1.193657
 3019.952880    1.115486
 3020.647950    1.041274
 3021.344480    0.970840
 3022.039310    0.904375
 3022.736330    0.841382
 3023.431640    0.782089
 3024.128660    0.726070
 3024.824460    0.673436
 3025.522220    0.623816
 3026.218020    0.577356
 3026.914310    0.533753
 3027.612300    0.492815
 3028.308840    0.454599
 3029.007080    0.418808
 3029.703860    0.385480
 3030.402590    0.354332
 3031.099850    0.325401
 3031.797120    0.298503
 3032.496090    0.273467
 3033.193600    0.250298
 3033.893310    0.228773
 3034.591060    0.208918
 3035.290770    0.190523
 3035.989010    0.173586
 3036.687740    0.157966
 3037.387700    0.143564
 3038.086670    0.130344
 3038.787350    0.118178
 3039.486080    0.107056
 3040.187260    0.096834
 3040.886470    0.087512
 3041.586180    0.078991
 3042.287350    0.071201
 3042.987550    0.064115
 3043.689210    0.057653
 3044.389160    0.051796
 3045.091060    0.046465
 3045.791750    0.041641
 3046.492430    0.037275
 3047.194820    0.033318
 3047.896000    0.029751
 3048.598880    0.026527
 3049.300050    0.023631
