 2653.384280    0.695009
 2653.996340    0.731991
 2654.606690    0.770432
 2655.217290    0.810490
 2655.829830    0.852328
 2656.440670    0.895739
 2657.053220    0.941003
 2657.664550    0.987947
 2658.277340    1.036816
 2658.888920    1.087435
 2659.500730    1.139957
 2660.114010    1.194532
 2660.725830    1.250932
 2661.339360    1.309483
 2661.951660    1.369939
 2662.565430    1.432597
 2663.177980    1.497210
 2663.790530    1.563926
 2664.404790    1.632963
 2665.017820    1.704016
 2665.632320    1.777414
 2666.245610    1.852856
 2666.860350    1.930684
 2667.473880    2.010570
 2668.089110    2.092905
 2668.702880    2.177268
 2669.316890    2.263888
 2669.932370    2.352943
 2670.546630    2.444039
 2671.162350    2.537563
 2671.776860    2.633096
 2672.393070    2.731074
 2673.007810    2.830972
 2673.622560    2.932991
 2674.239260    3.037436
 2674.854490    3.143692
 2675.471190    3.252225
 2676.086670    3.362516
 2676.703860    3.475043
 2677.319580    3.589172
 2677.935550    3.705155
 2678.552980    3.823164
 2679.169190    3.942616
 2679.786870    4.063957
 2680.403560    4.186630
 2681.021480    4.310987
 2681.638430    4.436497
 2682.255370    4.563261
 2682.873780    4.691485
 2683.490970    4.820508
 2684.109860    4.950835
 2684.727290    5.081683
 2685.346440    5.213609
 2685.964110    5.345814
 2686.582030    5.478536
 2687.201660    5.611959
 2687.819820    5.745268
 2688.439450    5.878955
 2689.057860    6.012300
 2689.677980    6.145789
 2690.296880    6.278644
 2690.915770    6.410978
 2691.536380    6.543001
 2692.155270    6.673830
 2692.776370    6.804133
 2693.395750    6.932931
 2694.016850    7.060774
 2694.636720    7.186896
 2695.256590    7.311390
 2695.877930    7.434381
 2696.498050    7.555175
 2697.119870    7.674178
 2697.740480    7.790666
 2698.362550    7.904983
 2698.983400    8.016472
 2699.604250    8.125209
 2700.226810    8.231323
 2700.847900    8.334123
 2701.470700    8.433981
 2702.092040    8.530241
 2702.715330    8.623287
 2703.337160    8.712467
 2703.958980    8.797870
 2704.582520    8.879586
 2705.204830    8.957102
 2705.828370    9.030605
 2706.450930    9.099720
 2707.074950    9.164606
 2707.697750    9.224880
 2708.320800    9.280601
 2708.945310    9.331772
 2709.568360    9.378073
 2710.193360    9.419677
 2710.816650    9.456275
 2711.441890    9.488020
 2712.065670    9.514681
 2712.689450    9.536298
 2713.314940    9.552876
 2713.939210    9.564304
 2714.565190    9.570614
 2715.189450    9.571762
 2715.815670    9.567750
 2716.440430    9.558603
 2717.066890    9.544289
 2717.691890    9.524899
 2718.317140    9.500431
 2718.943850    9.470857
 2719.569340    9.436351
 2720.196530    9.396803
 2720.822270    9.352478
 2721.449710    9.303221
 2722.075680    9.249359
 2722.702150    9.190826
 2723.329830    9.127631
 2723.956300    9.060122
 2724.584470    8.988091
 2725.211430    8.911983
 2725.839600    8.831627
 2726.466800    8.747432
 2727.093990    8.659409
 2727.722900    8.567444
 2728.350340    8.472146
 2728.979490    8.373180
 2729.607420    8.271160
 2730.236820    8.165806
 2730.864750    8.057772
 2731.493160    7.946895
 2732.122800    7.833203
 2732.751460    7.717266
 2733.381590    7.598804
 2734.010500    7.478498
 2734.640870    7.356012
 2735.270020    7.232047
 2735.899410    7.106498
 2736.530270    6.979299
 2737.159670    6.851220
 2737.790770    6.721799
 2738.420650    6.591815
 2739.052250    6.460847
 2739.682370    6.329731
 2740.312500    6.198342
 2740.944340    6.066501
 2741.575200    5.934947
 2742.207280    5.803393
 2742.838130    5.672522
 2743.470460    5.541945
 2744.101560    5.412387
 2744.732910    5.283708
 2745.365970    5.155776
 2745.997310    5.029441
 2746.630860    4.904081
 2747.262700    4.780622
 2747.896000    4.658592
 2748.528080    4.538658
 2749.160640    4.420634
 2749.794430    4.304532
 2750.427000    4.190934
 2751.061280    4.079452
 2751.694090    3.970773
 2752.328610    3.864480
 2752.961910    3.761190
 2753.595210    3.660815
 2754.230220    3.563213
 2754.863770    3.468987
 2755.499020    3.377776
 2756.132810    3.290145
 2756.768550    3.205730
 2757.402590    3.125122
 2758.036870    3.048158
 2758.673100    2.974748
 2759.307620    2.905408
 2759.943850    2.839860
 2760.578860    2.778499
 2761.215330    2.721157
 2761.850590    2.668164
 2762.487550    2.619366
 2763.123050    2.575091
 2763.758790    2.535290
 2764.396000    2.499986
 2765.031980    2.469409
 2765.669430    2.443511
 2766.305910    2.422476
 2766.943600    2.406311
 2767.580320    2.395150
 2768.216800    2.389042
 2768.855220    2.388063
 2769.492190    2.392298
 2770.130860    2.401845
 2770.768070    2.416735
 2771.407230    2.437128
 2772.044680    2.462983
 2772.682130    2.494421
 2773.321780    2.531652
 2773.959720    2.574527
 2774.599370    2.623348
 2775.237550    2.677947
 2775.877690    2.738694
 2776.516360    2.805341
 2777.155030    2.878091
 2777.795170    2.957196
 2778.434330    3.042430
 2779.074950    3.134192
 2779.714360    3.232161
 2780.355470    3.336857
 2780.995120    3.447824
 2781.634770    3.565351
 2782.276120    3.689831
 2782.916260    3.820755
 2783.558110    3.958776
 2784.198490    4.103261
 2784.840330    4.254910
 2785.480960    4.413130
 2786.121830    4.578295
 2786.764400    4.750842
 2787.405270    4.929873
 2788.048100    5.116427
 2788.689450    5.309535
 2789.332520    5.510149
 2789.974370    5.717363
 2790.615970    5.931453
 2791.259770    6.153246
 2791.901610    6.381287
 2792.545410    6.616924
 2793.187990    6.858961
 2793.832030    7.108356
 2794.474850    7.364007
 2795.117680    7.626306
 2795.762210    7.895886
 2796.405520    8.171433
 2797.050290    8.453988
 2797.693600    8.742153
 2798.338870    9.037330
 2798.982420    9.337699
 2799.626460    9.644115
 2800.272220    9.957019
 2800.916260    10.274572
 2801.562260    10.598389
 2802.206790    10.926550
 2802.852780    11.260330
 2803.497560    11.598110
 2804.142580    11.940399
 2804.789310    12.287735
 2805.434330    12.638008
 2806.081300    12.992923
 2806.726810    13.350310
 2807.374020    13.711618
 2808.020020    14.074889
 2808.666020    14.440472
 2809.313480    14.808850
 2809.959960    15.178286
 2810.607910    15.549799
 2811.254390    15.921330
 2811.902830    16.294462
 2812.549560    16.666679
 2813.198240    17.039688
 2813.845210    17.410959
 2814.492680    17.781338
 2815.141600    18.150946
 2815.789310    18.517813
 2816.438720    18.883152
 2817.086430    19.244598
 2817.736080    19.603741
 2818.384520    19.958361
 2819.032710    20.308554
 2819.682620    20.654903
 2820.331300    20.995386
 2820.981930    21.331200
 2821.630620    21.659876
 2822.281490    21.983059
 2822.930660    22.298355
 2823.580080    22.606295
 2824.231200    22.907099
 2824.880860    23.198866
 2825.532230    23.482595
 2826.182370    23.756584
 2826.833980    24.021555
 2827.484380    24.276016
 2828.134770    24.520092
 2828.786870    24.754013
 2829.437740    24.976362
 2830.090090    25.187708
 2830.741210    25.386850
 2831.394040    25.574356
 2832.045410    25.749021
 2832.697020    25.911062
 2833.350100    26.060478
 2834.001950    26.196407
 2834.655520    26.319235
 2835.307620    26.428156
 2835.961180    26.523491
 2836.613770    26.604706
 2837.266360    26.671831
 2837.920410    26.724859
 2838.573490    26.763491
 2839.228030    26.787786
 2839.881100    26.797602
 2840.535890    26.792963
 2841.189450    26.773878
 2841.843020    26.740383
 2842.498540    26.692368
 2843.152340    26.630167
 2843.807860    26.553560
 2844.462160    26.462997
 2845.118160    26.358202
 2845.772710    26.239842
 2846.427250    26.107887
 2847.083740    25.962093
 2847.738770    25.803440
 2848.395260    25.631472
 2849.050540    25.447151
 2849.707760    25.249861
 2850.363280    25.041000
 2851.018800    24.820396
 2851.676270    24.587685
 2852.332280    24.344421
 2852.989990    24.089796
 2853.646480    23.825319
 2854.304440    23.550304
 2854.960940    23.266388
 2855.617920    22.973166
 2856.276370    22.670601
 2856.933350    22.360477
 2857.592290    22.041624
 2858.249760    21.716143
 2858.908940    21.382919
 2859.566650    21.044025
 2860.224370    20.699192
 2860.883790    20.347975
 2861.541750    19.992537
 2862.201900    19.631363
 2862.860350    19.267059
 2863.520510    18.898209
 2864.179200    18.527052
 2864.839840    18.152124
 2865.498780    17.775967
 2866.157960    17.397921
 2866.818850    17.017591
 2867.478520    16.637104
 2868.139650    16.255341
 2868.799320    15.874426
 2869.460940    15.492792
 2870.121090    15.112822
 2870.781490    14.733920
 2871.443360    14.355775
 2872.103760    13.980431
 2872.766360    13.606172
 2873.427000    13.235682
 2874.089600    12.867105
 2874.750730    12.502664
 2875.412110    12.141709
 2876.075440    11.783617
 2876.736820    11.430771
 2877.400390    11.081217
 2878.062260    10.737264
 2878.725830    10.397366
 2879.388180    10.063241
 2880.050540    9.734460
 2880.714600    9.410381
 2881.377440    9.092605
 2882.041750    8.780006
 2882.704830    8.473989
 2883.369380    8.173445
 2884.032960    7.879591
 2884.696530    7.592080
 2885.361330    7.310483
 2886.025390    7.035705
 2886.690920    6.766899
 2887.354980    6.505296
 2888.020510    6.249768
 2888.685060    6.001283
 2889.349610    5.759463
 2890.015870    5.523710
 2890.680910    5.295053
 2891.347410    5.072545
 2892.012700    4.857053
 2892.679200    4.647740
 2893.344970    4.445171
 2894.010500    4.249125
 2894.677730    4.058974
 2895.343510    3.875551
 2896.011470    3.697771
 2896.677490    3.526653
 2897.345460    3.361095
 2898.011960    3.201848
 2898.678960    3.048326
 2899.347170    2.900270
 2900.014160    2.758104
 2900.682860    2.621092
 2901.350100    2.489761
 2902.019530    2.363276
 2902.687010    2.242294
 2903.354740    2.126268
 2904.024410    2.014792
 2904.692380    1.908347
 2905.361820    1.806289
 2906.030520    1.708826
 2906.700680    1.615509
 2907.369140    1.526646
 2908.038090    1.441796
 2908.708500    1.360720
 2909.377930    1.283584
 2910.048830    1.209979
 2910.718260    1.140097
 2911.389650    1.073453
 2912.059330    1.010287
 2912.729250    0.950278
 2913.400630    0.893207
 2914.070800    0.839180
 2914.742920    0.787830
 2915.413570    0.739303
 2916.085690    0.693274
 2916.756590    0.649817
 2917.429200    0.608636
 2918.100340    0.569821
 2918.771730    0.533166
 2919.444580    0.498511
 2920.116210    0.465900
 2920.789550    0.435099
 2921.461670    0.406153
 2922.135500    0.378848
 2922.807370    0.353250
 2923.479740    0.329175
 2924.154050    0.306503
 2924.826660    0.285281
 2925.500980    0.265328
 2926.174070    0.246662
 2926.848880    0.229135
 2927.522220    0.212765
 2928.195800    0.197446
 2928.870850    0.183095
 2929.544920    0.169708
 2930.220460    0.157184
 2930.894530    0.145525
 2931.570310    0.134626
 2932.244630    0.124494
 2932.919190    0.115053
 2933.595700    0.106244
 2934.270260    0.098076
 2934.947270    0.090456
 2935.622310    0.083401
 2936.299070    0.076835
 2936.974850    0.070753
 2937.650390    0.065118
 2938.327880    0.059882
 2939.003660    0.055047
 2939.681400    0.050561
 2940.357670    0.046422
 2941.035640    0.042588
 2941.712160    0.039056
 2942.389160    0.035793
 2943.067630    0.032778
 2943.744630    0.030005
 2944.423580    0.027444
 2945.100830    0.025092
 2945.780030    0.022923
 2946.457760    0.020933
 2947.135500    0.019105
 2947.815190    0.017422
 2948.493410    0.015881
 2949.173100    0.014464
 2949.851560    0.013169
 2950.531980    0.011980
 2951.210450    0.010895
 2951.889650    0.009900
 2952.570070    0.008990
 2953.249270    0.008161
 2953.930660    0.007401
 2954.610110    0.006710
 2955.291500    0.006078
 2955.971190    0.005504
 2956.651120    0.004981
 2957.333010    0.004503
 2958.013180    0.004070
 2958.695560    0.003676
 2959.376220    0.003319
 2960.058350    0.002994
 2960.739500    0.002699
 2961.420410    0.002432
 2962.103520    0.002190
 2962.784910    0.001971
 2963.468020    0.001772
 2964.149900    0.001593
 2964.833500    0.001431
 2965.515380    0.001285
 2966.197750    0.001153
 2966.881590    0.001033
 2967.564210    0.000926
 2968.248540    0.000829
 2968.931150    0.000742
 2969.615720    0.000664
 2970.299070    0.000593
 2970.984130    0.000530
 2971.667480    0.000473
 2972.351070    0.000422
 2973.036620    0.000377
 2973.720700    0.000336
 2974.406250    0.000298
 2975.090580    0.000266
 2975.776610    0.000237
 2976.461180    0.000210
 2977.146000    0.000187
 2977.832280    0.000166
 2978.517580    0.000147
 2979.204350    0.000131
 2979.889650    0.000115
 2980.576660    0.000102
 2981.262210    0.000091
 2981.948240    0.000080
 2982.635990    0.000071
 2983.322020    0.000063
 2984.010010    0.000055
 2984.696530    0.000049
 2985.384770    0.000043
 2986.071530    0.000038
 2986.758540    0.000033
 2987.447270    0.000030
 2988.134770    0.000026
 2988.823490    0.000023
 2989.510990    0.000020
 2990.200440    0.000017
 2990.888180    0.000015
 2991.576170    0.000013
 2992.266360    0.000011
 2992.954830    0.000010
 2993.644780    0.000009
 2994.333500    0.000008
 2995.023930    0.000007
 2995.713130    0.000006
 2996.402100    0.000006
 2997.093020    0.000005
 2997.782710    0.000004
 2998.473880    0.000004
 2999.163570    0.000003
 2999.855470    0.000003
 3000.545410    0.000002
 3001.235600    0.000002
 3001.927730    0.000002
 3002.618410    0.000002
 3003.310550    0.000001
 3004.001710    0.000001
 3004.694340    0.000001
 3005.385740    0.000001
 3006.076900    0.000001
 3006.770020    0.000001
 3007.461670    0.000001
 3008.155270    0.000000
 3008.847410    0.000000
 3009.541260    0.000000
 3010.233400    0.000000
 3010.926270    0.000000
 3011.620360    0.000000
 3012.313230    0.000000
 3013.007810    0.000000
 3013.700930    0.000000
 3014.395750    0.000000
 3015.089360    0.000000
 3015.783200    0.000000
 3016.478270    0.000000
 3017.172610    0.000000
 3017.868160    0.000000
 3018.562260    0.000000
 3019.258540    0.000000
 3019.952880    0.000000
 3020.647950    0.000000
 3021.344480    0.000000
 3022.039310    0.000000
 3022.736330    0.000000
 3023.431640    0.000000
 3024.128660    0.000000
 3024.824460    0.000000
 3025.522220    0.000000
 3026.218020    0.000000
 3026.914310    0.000000
 3027.612300    0.000000
 3028.308840    0.000000
 3029.007080    0.000000
 3029.703860    0.000000
 3030.402590    0.000000
 3031.099850    0.000000
 3031.797120    0.000000
 3032.496090    0.000000
 3033.193600    0.000000
 3033.893310    0.000000
 3034.591060    0.000000
 3035.290770    0.000000
 3035.989010    0.000000
 3036.687740    0.000000
 3037.387700    0.000000
 3038.086670    0.000000
 3038.787350    0.000000
 3039.486080    0.000000
 3040.187260    0.000000
 3040.886470    0.000000
 3041.586180    0.000000
 3042.287350    0.000000
 3042.987550    0.000000
 3043.689210    0.000000
 3044.389160    0.000000
 3045.091060    0.000000
 3045.791750    0.000000
 3046.492430    0.000000
 3047.194820    0.000000
 3047.896000    0.000000
 3048.598880    0.000000
 3049.300050    0.000000
