 2653.384280    0.005322
 2653.996340    0.005797
 2654.606690    0.006310
 2655.217290    0.006864
 2655.829830    0.007465
 2656.440670    0.008113
 2657.053220    0.008815
 2657.664550    0.009570
 2658.277340    0.010387
 2658.888920    0.011267
 2659.500730    0.012215
 2660.114010    0.013238
 2660.725830    0.014338
 2661.339360    0.015523
 2661.951660    0.016796
 2662.565430    0.018168
 2663.177980    0.019638
 2663.790530    0.021217
 2664.404790    0.022916
 2665.017820    0.024735
 2665.632320    0.026690
 2666.245610    0.028781
 2666.860350    0.031026
 2667.473880    0.033423
 2668.089110    0.035997
 2668.702880    0.038742
 2669.316890    0.041677
 2669.932370    0.044821
 2670.546630    0.048170
 2671.162350    0.051754
 2671.776860    0.055569
 2672.393070    0.059648
 2673.007810    0.063984
 2673.622560    0.068603
 2674.239260    0.073534
 2674.854490    0.078770
 2675.471190    0.084352
 2676.086670    0.090272
 2676.703860    0.096580
 2677.319580    0.103263
 2677.935550    0.110357
 2678.552980    0.117902
 2679.169190    0.125886
 2679.786870    0.134366
 2680.403560    0.143335
 2681.021480    0.152849
 2681.638430    0.162901
 2682.255370    0.173532
 2682.873780    0.184794
 2683.490970    0.196672
 2684.109860    0.209250
 2684.727290    0.222494
 2685.346440    0.236505
 2685.964110    0.251242
 2686.582030    0.266779
 2687.201660    0.283190
 2687.819820    0.300426
 2688.439450    0.318606
 2689.057860    0.337688
 2689.677980    0.357802
 2690.296880    0.378894
 2690.915770    0.401040
 2691.536380    0.424347
 2692.155270    0.448728
 2692.776370    0.474380
 2693.395750    0.501187
 2694.016850    0.529340
 2694.636720    0.558752
 2695.256590    0.589520
 2695.877930    0.621770
 2696.498050    0.655407
 2697.119870    0.690638
 2697.740480    0.727345
 2698.362550    0.765734
 2698.983400    0.805688
 2699.604250    0.847328
 2700.226810    0.890821
 2700.847900    0.935994
 2701.470700    0.983124
 2702.092040    1.032019
 2702.715330    1.082994
 2703.337160    1.135820
 2703.958980    1.190656
 2704.582520    1.247704
 2705.204830    1.306742
 2705.828370    1.368040
 2706.450930    1.431426
 2707.074950    1.497189
 2707.697750    1.565082
 2708.320800    1.635293
 2708.945310    1.708005
 2709.568360    1.782906
 2710.193360    1.860436
 2710.816650    1.940170
 2711.441890    2.022599
 2712.065670    2.107297
 2712.689450    2.194469
 2713.314940    2.284379
 2713.939210    2.376619
 2714.565190    2.471630
 2715.189450    2.568895
 2715.815670    2.668987
 2716.440430    2.771355
 2717.066890    2.876512
 2717.691890    2.983909
 2718.317140    3.093815
 2718.943850    3.206430
 2719.569340    3.321244
 2720.196530    3.438763
 2720.822270    3.558352
 2721.449710    3.680574
 2722.075680    3.804762
 2722.702150    3.931240
 2723.329830    4.060103
 2723.956300    4.190781
 2724.584470    4.323813
 2725.211430    4.458499
 2725.839600    4.595279
 2726.466800    4.733581
 2727.093990    4.873518
 2727.722900    5.015372
 2728.350340    5.158319
 2728.979490    5.302962
 2729.607420    5.448510
 2730.236820    5.595455
 2730.864750    5.742978
 2731.493160    5.891396
 2732.122800    6.040738
 2732.751460    6.190332
 2733.381590    6.340605
 2734.010500    6.490753
 2734.640870    6.641251
 2735.270020    6.791288
 2735.899410    6.941038
 2736.530270    7.090613
 2737.159670    7.239134
 2737.790770    7.387165
 2738.420650    7.533828
 2739.052250    7.679613
 2739.682370    7.823595
 2740.312500    7.965918
 2740.944340    8.106764
 2741.575200    8.245335
 2742.207280    8.381914
 2742.838130    8.515776
 2743.470460    8.647290
 2744.101560    8.775704
 2744.732910    8.901125
 2745.365970    9.023639
 2745.997310    9.142388
 2746.630860    9.257924
 2747.262700    9.369341
 2747.896000    9.477020
 2748.528080    9.580330
 2749.160640    9.679382
 2749.794430    9.774111
 2750.427000    9.863991
 2751.061280    9.949279
 2751.694090    10.029400
 2752.328610    10.104610
 2752.961910    10.174426
 2753.595210    10.238875
 2754.230220    10.297994
 2754.863770    10.351374
 2755.499020    10.399185
 2756.132810    10.441093
 2756.768550    10.477241
 2757.402590    10.507349
 2758.036870    10.531470
 2758.673100    10.549592
 2759.307620    10.561567
 2759.943850    10.567435
 2760.578860    10.567143
 2761.215330    10.560684
 2761.850590    10.548087
 2762.487550    10.529304
 2763.123050    10.504451
 2763.758790    10.473516
 2764.396000    10.436469
 2765.031980    10.393521
 2765.669430    10.344558
 2766.305910    10.289840
 2766.943600    10.229272
 2767.580320    10.163153
 2768.216800    10.091536
 2768.855220    10.014275
 2769.492190    9.931905
 2770.130860    9.844147
 2770.768070    9.751585
 2771.407230    9.653870
 2772.044680    9.551721
 2772.682130    9.445046
 2773.321780    9.333633
 2773.959720    9.218341
 2774.599370    9.098736
 2775.237550    8.975601
 2775.877690    8.848469
 2776.516360    8.718215
 2777.155030    8.584757
 2777.795170    8.447983
 2778.434330    8.308620
 2779.074950    8.166345
 2779.714360    8.021963
 2780.355470    7.875028
 2780.995120    7.726477
 2781.634770    7.576190
 2782.276120    7.423971
 2782.916260    7.270725
 2783.558110    7.115960
 2784.198490    6.960648
 2784.840330    6.804283
 2785.480960    6.647722
 2786.121830    6.490805
 2786.764400    6.333366
 2787.405270    6.176434
 2788.048100    6.019297
 2788.689450    5.862972
 2789.332520    5.706861
 2789.974370    5.551845
 2790.615970    5.397850
 2791.259770    5.244451
 2791.901610    5.092789
 2792.545410    4.942086
 2793.187990    4.793226
 2793.832030    4.645718
 2794.474850    4.500303
 2795.117680    4.356816
 2795.762210    4.214994
 2796.405520    4.075588
 2797.050290    3.938111
 2797.693600    3.803276
 2798.338870    3.670453
 2798.982420    3.540469
 2799.626460    3.412941
 2800.272220    3.287701
 2800.916260    3.165463
 2801.562260    3.045583
 2802.206790    2.928735
 2802.852780    2.814424
 2803.497560    2.703152
 2804.142580    2.594680
 2804.789310    2.488791
 2805.434330    2.386053
 2806.081300    2.285888
 2806.726810    2.188826
 2807.374020    2.094384
 2808.020020    2.002982
 2808.666020    1.914422
 2809.313480    1.828492
 2809.959960    1.745493
 2810.607910    1.665088
 2811.254390    1.587605
 2811.902830    1.512603
 2812.549560    1.440468
 2813.198240    1.370749
 2813.845210    1.303797
 2814.492680    1.239328
 2815.141600    1.177210
 2815.789310    1.117647
 2816.438720    1.060320
 2817.086430    1.005474
 2817.736080    0.952744
 2818.384520    0.902335
 2819.032710    0.854104
 2819.682620    0.807854
 2820.331300    0.763736
 2820.981930    0.721476
 2821.630620    0.681268
 2822.281490    0.642795
 2822.930660    0.606229
 2823.580080    0.571393
 2824.231200    0.538157
 2824.880860    0.506625
 2825.532230    0.476583
 2826.182370    0.448111
 2826.833980    0.421033
 2827.484380    0.395405
 2828.134770    0.371120
 2828.786870    0.348063
 2829.437740    0.326288
 2830.090090    0.305652
 2830.741210    0.286188
 2831.394040    0.267761
 2832.045410    0.250411
 2832.697020    0.234044
 2833.350100    0.218586
 2834.001950    0.204057
 2834.655520    0.190348
 2835.307620    0.177485
 2835.961180    0.165368
 2836.613770    0.154007
 2837.266360    0.143343
 2837.920410    0.133319
 2838.573490    0.123938
 2839.228030    0.115131
 2839.881100    0.106907
 2840.535890    0.099193
 2841.189450    0.091996
 2841.843020    0.085273
 2842.498540    0.078977
 2843.152340    0.073119
 2843.807860    0.067643
 2844.462160    0.062551
 2845.118160    0.057796
 2845.772710    0.053383
 2846.427250    0.049277
 2847.083740    0.045452
 2847.738770    0.041906
 2848.395260    0.038609
 2849.050540    0.035556
 2849.707760    0.032718
 2850.363280    0.030096
 2851.018800    0.027668
 2851.676270    0.025415
 2852.332280    0.023337
 2852.989990    0.021412
 2853.646480    0.019638
 2854.304440    0.017997
 2854.960940    0.016487
 2855.617920    0.015095
 2856.276370    0.013809
 2856.933350    0.012629
 2857.592290    0.011539
 2858.249760    0.010540
 2858.908940    0.009620
 2859.566650    0.008777
 2860.224370    0.008003
 2860.883790    0.007292
 2861.541750    0.006641
 2862.201900    0.006043
 2862.860350    0.005498
 2863.520510    0.004997
 2864.179200    0.004540
 2864.839840    0.004123
 2865.498780    0.003741
 2866.157960    0.003394
 2866.818850    0.003076
 2867.478520    0.002787
 2868.139650    0.002522
 2868.799320    0.002283
 2869.460940    0.002065
 2870.121090    0.001866
 2870.781490    0.001685
 2871.443360    0.001521
 2872.103760    0.001373
 2872.766360    0.001238
 2873.427000    0.001116
 2874.089600    0.001004
 2874.750730    0.000904
 2875.412110    0.000813
 2876.075440    0.000731
 2876.736820    0.000657
 2877.400390    0.000590
 2878.062260    0.000529
 2878.725830    0.000475
 2879.388180    0.000425
 2880.050540    0.000381
 2880.714600    0.000341
 2881.377440    0.000305
 2882.041750    0.000274
 2882.704830    0.000244
 2883.369380    0.000218
 2884.032960    0.000195
 2884.696530    0.000174
 2885.361330    0.000155
 2886.025390    0.000138
 2886.690920    0.000123
 2887.354980    0.000110
 2888.020510    0.000097
 2888.685060    0.000087
 2889.349610    0.000077
 2890.015870    0.000069
 2890.680910    0.000060
 2891.347410    0.000053
 2892.012700    0.000048
 2892.679200    0.000042
 2893.344970    0.000037
 2894.010500    0.000033
 2894.677730    0.000030
 2895.343510    0.000026
 2896.011470    0.000023
 2896.677490    0.000020
 2897.345460    0.000018
 2898.011960    0.000015
 2898.678960    0.000013
 2899.347170    0.000012
 2900.014160    0.000010
 2900.682860    0.000010
 2901.350100    0.000009
 2902.019530    0.000008
 2902.687010    0.000007
 2903.354740    0.000006
 2904.024410    0.000005
 2904.692380    0.000004
 2905.361820    0.000004
 2906.030520    0.000003
 2906.700680    0.000003
 2907.369140    0.000003
 2908.038090    0.000002
 2908.708500    0.000002
 2909.377930    0.000002
 2910.048830    0.000002
 2910.718260    0.000001
 2911.389650    0.000001
 2912.059330    0.000001
 2912.729250    0.000001
 2913.400630    0.000001
 2914.070800    0.000001
 2914.742920    0.000001
 2915.413570    0.000000
 2916.085690    0.000000
 2916.756590    0.000000
 2917.429200    0.000000
 2918.100340    0.000000
 2918.771730    0.000000
 2919.444580    0.000000
 2920.116210    0.000000
 2920.789550    0.000000
 2921.461670    0.000000
 2922.135500    0.000000
 2922.807370    0.000000
 2923.479740    0.000000
 2924.154050    0.000000
 2924.826660    0.000000
 2925.500980    0.000000
 2926.174070    0.000000
 2926.848880    0.000000
 2927.522220    0.000000
 2928.195800    0.000000
 2928.870850    0.000000
 2929.544920    0.000000
 2930.220460    0.000000
 2930.894530    0.000000
 2931.570310    0.000000
 2932.244630    0.000000
 2932.919190    0.000000
 2933.595700    0.000000
 2934.270260    0.000000
 2934.947270    0.000000
 2935.622310    0.000000
 2936.299070    0.000000
 2936.974850    0.000000
 2937.650390    0.000000
 2938.327880    0.000000
 2939.003660    0.000000
 2939.681400    0.000000
 2940.357670    0.000000
 2941.035640    0.000000
 2941.712160    0.000000
 2942.389160    0.000000
 2943.067630    0.000000
 2943.744630    0.000000
 2944.423580    0.000000
 2945.100830    0.000000
 2945.780030    0.000000
 2946.457760    0.000000
 2947.135500    0.000000
 2947.815190    0.000000
 2948.493410    0.000000
 2949.173100    0.000000
 2949.851560    0.000000
 2950.531980    0.000000
 2951.210450    0.000000
 2951.889650    0.000000
 2952.570070    0.000000
 2953.249270    0.000000
 2953.930660    0.000000
 2954.610110    0.000000
 2955.291500    0.000000
 2955.971190    0.000000
 2956.651120    0.000000
 2957.333010    0.000000
 2958.013180    0.000000
 2958.695560    0.000000
 2959.376220    0.000000
 2960.058350    0.000000
 2960.739500    0.000000
 2961.420410    0.000000
 2962.103520    0.000000
 2962.784910    0.000000
 2963.468020    0.000000
 2964.149900    0.000000
 2964.833500    0.000000
 2965.515380    0.000000
 2966.197750    0.000000
 2966.881590    0.000000
 2967.564210    0.000000
 2968.248540    0.000000
 2968.931150    0.000000
 2969.615720    0.000000
 2970.299070    0.000000
 2970.984130    0.000000
 2971.667480    0.000000
 2972.351070    0.000000
 2973.036620    0.000000
 2973.720700    0.000000
 2974.406250    0.000000
 2975.090580    0.000000
 2975.776610    0.000000
 2976.461180    0.000000
 2977.146000    0.000000
 2977.832280    0.000000
 2978.517580    0.000000
 2979.204350    0.000000
 2979.889650    0.000000
 2980.576660    0.000000
 2981.262210    0.000000
 2981.948240    0.000000
 2982.635990    0.000000
 2983.322020    0.000000
 2984.010010    0.000000
 2984.696530    0.000000
 2985.384770    0.000000
 2986.071530    0.000000
 2986.758540    0.000000
 2987.447270    0.000000
 2988.134770    0.000000
 2988.823490    0.000000
 2989.510990    0.000000
 2990.200440    0.000000
 2990.888180    0.000000
 2991.576170    0.000000
 2992.266360    0.000000
 2992.954830    0.000000
 2993.644780    0.000000
 2994.333500    0.000000
 2995.023930    0.000000
 2995.713130    0.000000
 2996.402100    0.000000
 2997.093020    0.000000
 2997.782710    0.000000
 2998.473880    0.000000
 2999.163570    0.000000
 2999.855470    0.000000
 3000.545410    0.000000
 3001.235600    0.000000
 3001.927730    0.000000
 3002.618410    0.000000
 3003.310550    0.000000
 3004.001710    0.000000
 3004.694340    0.000000
 3005.385740    0.000000
 3006.076900    0.000000
 3006.770020    0.000000
 3007.461670    0.000000
 3008.155270    0.000000
 3008.847410    0.000000
 3009.541260    0.000000
 3010.233400    0.000000
 3010.926270    0.000000
 3011.620360    0.000000
 3012.313230    0.000000
 3013.007810    0.000000
 3013.700930    0.000000
 3014.395750    0.000000
 3015.089360    0.000000
 3015.783200    0.000000
 3016.478270    0.000000
 3017.172610    0.000000
 3017.868160    0.000000
 3018.562260    0.000000
 3019.258540    0.000000
 3019.952880    0.000000
 3020.647950    0.000000
 3021.344480    0.000000
 3022.039310    0.000000
 3022.736330    0.000000
 3023.431640    0.000000
 3024.128660    0.000000
 3024.824460    0.000000
 3025.522220    0.000000
 3026.218020    0.000000
 3026.914310    0.000000
 3027.612300    0.000000
 3028.308840    0.000000
 3029.007080    0.000000
 3029.703860    0.000000
 3030.402590    0.000000
 3031.099850    0.000000
 3031.797120    0.000000
 3032.496090    0.000000
 3033.193600    0.000000
 3033.893310    0.000000
 3034.591060    0.000000
 3035.290770    0.000000
 3035.989010    0.000000
 3036.687740    0.000000
 3037.387700    0.000000
 3038.086670    0.000000
 3038.787350    0.000000
 3039.486080    0.000000
 3040.187260    0.000000
 3040.886470    0.000000
 3041.586180    0.000000
 3042.287350    0.000000
 3042.987550    0.000000
 3043.689210    0.000000
 3044.389160    0.000000
 3045.091060    0.000000
 3045.791750    0.000000
 3046.492430    0.000000
 3047.194820    0.000000
 3047.896000    0.000000
 3048.598880    0.000000
 3049.300050    0.000000
