 2653.384280    0.025357
 2653.996340    0.027214
 2654.606690    0.029189
 2655.217290    0.031295
 2655.829830    0.033545
 2656.440670    0.035936
 2657.053220    0.038489
 2657.664550    0.041201
 2658.277340    0.044091
 2658.888920    0.047158
 2659.500730    0.050420
 2660.114010    0.053893
 2660.725830    0.057572
 2661.339360    0.061488
 2661.951660    0.065636
 2662.565430    0.070044
 2663.177980    0.074707
 2663.790530    0.079648
 2664.404790    0.084896
 2665.017820    0.090441
 2665.632320    0.096323
 2666.245610    0.102532
 2666.860350    0.109113
 2667.473880    0.116054
 2668.089110    0.123405
 2668.702880    0.131150
 2669.316890    0.139327
 2669.932370    0.147975
 2670.546630    0.157075
 2671.162350    0.166691
 2671.776860    0.176801
 2672.393070    0.187478
 2673.007810    0.198690
 2673.622560    0.210486
 2674.239260    0.222933
 2674.854490    0.235986
 2675.471190    0.249734
 2676.086670    0.264145
 2676.703860    0.279316
 2677.319580    0.295198
 2677.935550    0.311862
 2678.552980    0.329374
 2679.169190    0.347689
 2679.786870    0.366919
 2680.403560    0.387019
 2681.021480    0.408096
 2681.638430    0.430108
 2682.255370    0.453120
 2682.873780    0.477226
 2683.490970    0.502356
 2684.109860    0.528666
 2684.727290    0.556056
 2685.346440    0.584706
 2685.964110    0.614506
 2686.582030    0.645569
 2687.201660    0.678015
 2687.819820    0.711713
 2688.439450    0.746862
 2689.057860    0.783348
 2689.677980    0.821383
 2690.296880    0.860826
 2690.915770    0.901787
 2691.536380    0.944425
 2692.155270    0.988541
 2692.776370    1.034452
 2693.395750    1.081908
 2694.016850    1.131207
 2694.636720    1.182152
 2695.256590    1.234874
 2695.877930    1.289537
 2696.498050    1.345941
 2697.119870    1.404383
 2697.740480    1.464622
 2698.362550    1.526949
 2698.983400    1.591125
 2699.604250    1.657297
 2700.226810    1.725680
 2700.847900    1.795951
 2701.470700    1.868489
 2702.092040    1.942949
 2702.715330    2.019758
 2703.337160    2.098514
 2703.958980    2.179408
 2704.582520    2.262681
 2705.204830    2.347953
 2705.828370    2.435564
 2706.450930    2.525208
 2707.074950    2.617242
 2707.697750    2.711263
 2708.320800    2.807484
 2708.945310    2.906091
 2709.568360    3.006609
 2710.193360    3.109574
 2710.816650    3.214364
 2711.441890    3.321571
 2712.065670    3.430584
 2712.689450    3.541620
 2713.314940    3.654955
 2713.939210    3.770020
 2714.565190    3.887315
 2715.189450    4.006148
 2715.815670    4.127166
 2716.440430    4.249654
 2717.066890    4.374172
 2717.691890    4.500027
 2718.317140    4.627485
 2718.943850    4.756729
 2719.569340    4.887125
 2720.196530    5.019204
 2720.822270    5.152207
 2721.449710    5.286720
 2722.075680    5.421965
 2722.702150    5.558260
 2723.329830    5.695665
 2723.956300    5.833536
 2724.584470    5.972404
 2725.211430    6.111505
 2725.839600    6.251259
 2726.466800    6.391055
 2727.093990    6.530979
 2727.722900    6.671284
 2728.350340    6.811126
 2728.979490    6.951073
 2729.607420    7.090336
 2730.236820    7.229363
 2730.864750    7.367365
 2731.493160    7.504622
 2732.122800    7.641144
 2732.751460    7.776301
 2733.381590    7.910463
 2734.010500    8.042907
 2734.640870    8.174039
 2735.270020    8.303147
 2735.899410    8.430379
 2736.530270    8.555820
 2737.159670    8.678733
 2737.790770    8.799580
 2738.420650    8.917644
 2739.052250    9.033320
 2739.682370    9.145875
 2740.312500    9.255433
 2740.944340    9.362130
 2741.575200    9.465368
 2742.207280    9.565360
 2742.838130    9.661586
 2743.470460    9.754315
 2744.101560    9.843027
 2744.732910    9.927810
 2745.365970    10.008716
 2745.997310    10.085199
 2746.630860    10.157613
 2747.262700    10.225400
 2747.896000    10.288803
 2748.528080    10.347460
 2749.160640    10.401444
 2749.794430    10.450724
 2750.427000    10.495028
 2751.061280    10.534491
 2751.694090    10.568850
 2752.328610    10.598222
 2752.961910    10.622416
 2753.595210    10.641458
 2754.230220    10.655343
 2754.863770    10.663978
 2755.499020    10.667383
 2756.132810    10.665533
 2756.768550    10.658410
 2757.402590    10.646058
 2758.036870    10.628471
 2758.673100    10.605604
 2759.307620    10.577609
 2759.943850    10.544376
 2760.578860    10.506101
 2761.215330    10.462669
 2761.850590    10.414325
 2762.487550    10.360907
 2763.123050    10.302752
 2763.758790    10.239807
 2764.396000    10.172016
 2765.031980    10.099759
 2765.669430    10.022832
 2766.305910    9.941632
 2766.943600    9.855993
 2767.580320    9.766328
 2768.216800    9.672669
 2768.855220    9.574811
 2769.492190    9.473406
 2770.130860    9.368087
 2770.768070    9.259520
 2771.407230    9.147268
 2772.044680    9.032125
 2772.682130    8.913944
 2773.321780    8.792465
 2773.959720    8.668585
 2774.599370    8.541801
 2775.237550    8.412906
 2775.877690    8.281374
 2776.516360    8.148067
 2777.155030    8.012856
 2777.795170    7.875591
 2778.434330    7.736960
 2779.074950    7.596600
 2779.714360    7.455264
 2780.355470    7.312469
 2780.995120    7.169085
 2781.634770    7.024950
 2782.276120    6.879834
 2782.916260    6.734560
 2783.558110    6.588618
 2784.198490    6.442882
 2784.840330    6.296834
 2785.480960    6.151234
 2786.121830    6.005890
 2786.764400    5.860612
 2787.405270    5.716309
 2788.048100    5.572286
 2788.689450    5.429439
 2789.332520    5.287183
 2789.974370    5.146286
 2790.615970    5.006644
 2791.259770    4.867839
 2791.901610    4.730872
 2792.545410    4.595006
 2793.187990    4.461009
 2793.832030    4.328409
 2794.474850    4.197845
 2795.117680    4.069142
 2795.762210    3.942039
 2796.405520    3.817182
 2797.050290    3.694116
 2797.693600    3.573456
 2798.338870    3.454617
 2798.982420    3.338323
 2799.626460    3.224212
 2800.272220    3.112117
 2800.916260    3.002665
 2801.562260    2.895264
 2802.206790    2.790506
 2802.852780    2.687935
 2803.497560    2.587995
 2804.142580    2.490462
 2804.789310    2.395132
 2805.434330    2.302512
 2806.081300    2.212074
 2806.726810    2.124296
 2807.374020    2.038737
 2808.020020    1.955776
 2808.666020    1.875233
 2809.313480    1.796915
 2809.959960    1.721099
 2810.607910    1.647476
 2811.254390    1.576354
 2811.902830    1.507330
 2812.549560    1.440762
 2813.198240    1.376242
 2813.845210    1.314098
 2814.492680    1.254079
 2815.141600    1.196062
 2815.789310    1.140250
 2816.438720    1.086349
 2817.086430    1.034601
 2817.736080    0.984671
 2818.384520    0.936759
 2819.032710    0.890743
 2819.682620    0.846443
 2820.331300    0.804014
 2820.981930    0.763205
 2821.630620    0.724212
 2822.281490    0.686738
 2822.930660    0.650965
 2823.580080    0.616729
 2824.231200    0.583914
 2824.880860    0.552632
 2825.532230    0.522685
 2826.182370    0.494162
 2826.833980    0.466899
 2827.484380    0.440964
 2828.134770    0.416259
 2828.786870    0.392679
 2829.437740    0.370289
 2830.090090    0.348951
 2830.741210    0.328714
 2831.394040    0.309445
 2832.045410    0.291199
 2832.697020    0.273884
 2833.350100    0.257433
 2834.001950    0.241877
 2834.655520    0.227108
 2835.307620    0.213164
 2835.961180    0.199947
 2836.613770    0.187474
 2837.266360    0.175690
 2837.920410    0.164540
 2838.573490    0.154036
 2839.228030    0.144108
 2839.881100    0.134773
 2840.535890    0.125957
 2841.189450    0.117674
 2841.843020    0.109880
 2842.498540    0.102530
 2843.152340    0.095642
 2843.807860    0.089156
 2844.462160    0.083078
 2845.118160    0.077362
 2845.772710    0.072016
 2846.427250    0.067004
 2847.083740    0.062298
 2847.738770    0.057902
 2848.395260    0.053782
 2849.050540    0.049935
 2849.707760    0.046331
 2850.363280    0.042975
 2851.018800    0.039842
 2851.676270    0.036910
 2852.332280    0.034183
 2852.989990    0.031635
 2853.646480    0.029267
 2854.304440    0.027059
 2854.960940    0.025009
 2855.617920    0.023101
 2856.276370    0.021325
 2856.933350    0.019679
 2857.592290    0.018147
 2858.249760    0.016728
 2858.908940    0.015410
 2859.566650    0.014192
 2860.224370    0.013062
 2860.883790    0.012015
 2861.541750    0.011048
 2862.201900    0.010152
 2862.860350    0.009325
 2863.520510    0.008559
 2864.179200    0.007854
 2864.839840    0.007202
 2865.498780    0.006602
 2866.157960    0.006049
 2866.818850    0.005539
 2867.478520    0.005070
 2868.139650    0.004637
 2868.799320    0.004240
 2869.460940    0.003874
 2870.121090    0.003538
 2870.781490    0.003230
 2871.443360    0.002947
 2872.103760    0.002687
 2872.766360    0.002450
 2873.427000    0.002232
 2874.089600    0.002032
 2874.750730    0.001849
 2875.412110    0.001682
 2876.075440    0.001530
 2876.736820    0.001390
 2877.400390    0.001262
 2878.062260    0.001146
 2878.725830    0.001040
 2879.388180    0.000943
 2880.050540    0.000854
 2880.714600    0.000774
 2881.377440    0.000701
 2882.041750    0.000634
 2882.704830    0.000574
 2883.369380    0.000519
 2884.032960    0.000468
 2884.696530    0.000423
 2885.361330    0.000382
 2886.025390    0.000344
 2886.690920    0.000311
 2887.354980    0.000280
 2888.020510    0.000253
 2888.685060    0.000227
 2889.349610    0.000204
 2890.015870    0.000184
 2890.680910    0.000165
 2891.347410    0.000149
 2892.012700    0.000134
 2892.679200    0.000120
 2893.344970    0.000108
 2894.010500    0.000096
 2894.677730    0.000086
 2895.343510    0.000077
 2896.011470    0.000070
 2896.677490    0.000062
 2897.345460    0.000055
 2898.011960    0.000050
 2898.678960    0.000044
 2899.347170    0.000039
 2900.014160    0.000035
 2900.682860    0.000031
 2901.350100    0.000028
 2902.019530    0.000025
 2902.687010    0.000022
 2903.354740    0.000020
 2904.024410    0.000017
 2904.692380    0.000015
 2905.361820    0.000014
 2906.030520    0.000012
 2906.700680    0.000010
 2907.369140    0.000010
 2908.038090    0.000009
 2908.708500    0.000008
 2909.377930    0.000007
 2910.048830    0.000006
 2910.718260    0.000006
 2911.389650    0.000005
 2912.059330    0.000004
 2912.729250    0.000004
 2913.400630    0.000003
 2914.070800    0.000003
 2914.742920    0.000003
 2915.413570    0.000002
 2916.085690    0.000002
 2916.756590    0.000002
 2917.429200    0.000002
 2918.100340    0.000001
 2918.771730    0.000001
 2919.444580    0.000001
 2920.116210    0.000001
 2920.789550    0.000001
 2921.461670    0.000001
 2922.135500    0.000001
 2922.807370    0.000001
 2923.479740    0.000000
 2924.154050    0.000000
 2924.826660    0.000000
 2925.500980    0.000000
 2926.174070    0.000000
 2926.848880    0.000000
 2927.522220    0.000000
 2928.195800    0.000000
 2928.870850    0.000000
 2929.544920    0.000000
 2930.220460    0.000000
 2930.894530    0.000000
 2931.570310    0.000000
 2932.244630    0.000000
 2932.919190    0.000000
 2933.595700    0.000000
 2934.270260    0.000000
 2934.947270    0.000000
 2935.622310    0.000000
 2936.299070    0.000000
 2936.974850    0.000000
 2937.650390    0.000000
 2938.327880    0.000000
 2939.003660    0.000000
 2939.681400    0.000000
 2940.357670    0.000000
 2941.035640    0.000000
 2941.712160    0.000000
 2942.389160    0.000000
 2943.067630    0.000000
 2943.744630    0.000000
 2944.423580    0.000000
 2945.100830    0.000000
 2945.780030    0.000000
 2946.457760    0.000000
 2947.135500    0.000000
 2947.815190    0.000000
 2948.493410    0.000000
 2949.173100    0.000000
 2949.851560    0.000000
 2950.531980    0.000000
 2951.210450    0.000000
 2951.889650    0.000000
 2952.570070    0.000000
 2953.249270    0.000000
 2953.930660    0.000000
 2954.610110    0.000000
 2955.291500    0.000000
 2955.971190    0.000000
 2956.651120    0.000000
 2957.333010    0.000000
 2958.013180    0.000000
 2958.695560    0.000000
 2959.376220    0.000000
 2960.058350    0.000000
 2960.739500    0.000000
 2961.420410    0.000000
 2962.103520    0.000000
 2962.784910    0.000000
 2963.468020    0.000000
 2964.149900    0.000000
 2964.833500    0.000000
 2965.515380    0.000000
 2966.197750    0.000000
 2966.881590    0.000000
 2967.564210    0.000000
 2968.248540    0.000000
 2968.931150    0.000000
 2969.615720    0.000000
 2970.299070    0.000000
 2970.984130    0.000000
 2971.667480    0.000000
 2972.351070    0.000000
 2973.036620    0.000000
 2973.720700    0.000000
 2974.406250    0.000000
 2975.090580    0.000000
 2975.776610    0.000000
 2976.461180    0.000000
 2977.146000    0.000000
 2977.832280    0.000000
 2978.517580    0.000000
 2979.204350    0.000000
 2979.889650    0.000000
 2980.576660    0.000000
 2981.262210    0.000000
 2981.948240    0.000000
 2982.635990    0.000000
 2983.322020    0.000000
 2984.010010    0.000000
 2984.696530    0.000000
 2985.384770    0.000000
 2986.071530    0.000000
 2986.758540    0.000000
 2987.447270    0.000000
 2988.134770    0.000000
 2988.823490    0.000000
 2989.510990    0.000000
 2990.200440    0.000000
 2990.888180    0.000000
 2991.576170    0.000000
 2992.266360    0.000000
 2992.954830    0.000000
 2993.644780    0.000000
 2994.333500    0.000000
 2995.023930    0.000000
 2995.713130    0.000000
 2996.402100    0.000000
 2997.093020    0.000000
 2997.782710    0.000000
 2998.473880    0.000000
 2999.163570    0.000000
 2999.855470    0.000000
 3000.545410    0.000000
 3001.235600    0.000000
 3001.927730    0.000000
 3002.618410    0.000000
 3003.310550    0.000000
 3004.001710    0.000000
 3004.694340    0.000000
 3005.385740    0.000000
 3006.076900    0.000000
 3006.770020    0.000000
 3007.461670    0.000000
 3008.155270    0.000000
 3008.847410    0.000000
 3009.541260    0.000000
 3010.233400    0.000000
 3010.926270    0.000000
 3011.620360    0.000000
 3012.313230    0.000000
 3013.007810    0.000000
 3013.700930    0.000000
 3014.395750    0.000000
 3015.089360    0.000000
 3015.783200    0.000000
 3016.478270    0.000000
 3017.172610    0.000000
 3017.868160    0.000000
 3018.562260    0.000000
 3019.258540    0.000000
 3019.952880    0.000000
 3020.647950    0.000000
 3021.344480    0.000000
 3022.039310    0.000000
 3022.736330    0.000000
 3023.431640    0.000000
 3024.128660    0.000000
 3024.824460    0.000000
 3025.522220    0.000000
 3026.218020    0.000000
 3026.914310    0.000000
 3027.612300    0.000000
 3028.308840    0.000000
 3029.007080    0.000000
 3029.703860    0.000000
 3030.402590    0.000000
 3031.099850    0.000000
 3031.797120    0.000000
 3032.496090    0.000000
 3033.193600    0.000000
 3033.893310    0.000000
 3034.591060    0.000000
 3035.290770    0.000000
 3035.989010    0.000000
 3036.687740    0.000000
 3037.387700    0.000000
 3038.086670    0.000000
 3038.787350    0.000000
 3039.486080    0.000000
 3040.187260    0.000000
 3040.886470    0.000000
 3041.586180    0.000000
 3042.287350    0.000000
 3042.987550    0.000000
 3043.689210    0.000000
 3044.389160    0.000000
 3045.091060    0.000000
 3045.791750    0.000000
 3046.492430    0.000000
 3047.194820    0.000000
 3047.896000    0.000000
 3048.598880    0.000000
 3049.300050    0.000000
