 2653.384280    0.000000
 2653.996340    0.000000
 2654.606690    0.000000
 2655.217290    0.000000
 2655.829830    0.000000
 2656.440670    0.000000
 2657.053220    0.000000
 2657.664550    0.000000
 2658.277340    0.000000
 2658.888920    0.000000
 2659.500730    0.000000
 2660.114010    0.000000
 2660.725830    0.000000
 2661.339360    0.000000
 2661.951660    0.000000
 2662.565430    0.000000
 2663.177980    0.000000
 2663.790530    0.000000
 2664.404790    0.000000
 2665.017820    0.000000
 2665.632320    0.000000
 2666.245610    0.000000
 2666.860350    0.000000
 2667.473880    0.000000
 2668.089110    0.000000
 2668.702880    0.000000
 2669.316890    0.000000
 2669.932370    0.000000
 2670.546630    0.000000
 2671.162350    0.000000
 2671.776860    0.000000
 2672.393070    0.000000
 2673.007810    0.000000
 2673.622560    0.000000
 2674.239260    0.000000
 2674.854490    0.000000
 2675.471190    0.000000
 2676.086670    0.000000
 2676.703860    0.000000
 2677.319580    0.000000
 2677.935550    0.000000
 2678.552980    0.000000
 2679.169190    0.000000
 2679.786870    0.000000
 2680.403560    0.000000
 2681.021480    0.000000
 2681.638430    0.000000
 2682.255370    0.000000
 2682.873780    0.000000
 2683.490970    0.000000
 2684.109860    0.000000
 2684.727290    0.000000
 2685.346440    0.000000
 2685.964110    0.000000
 2686.582030    0.000000
 2687.201660    0.000000
 2687.819820    0.000000
 2688.439450    0.000000
 2689.057860    0.000000
 2689.677980    0.000000
 2690.296880    0.000000
 2690.915770    0.000000
 2691.536380    0.000000
 2692.155270    0.000000
 2692.776370    0.000000
 2693.395750    0.000000
 2694.016850    0.000000
 2694.636720    0.000000
 2695.256590    0.000000
 2695.877930    0.000000
 2696.498050    0.000000
 2697.119870    0.000000
 2697.740480    0.000000
 2698.362550    0.000000
 2698.983400    0.000000
 2699.604250    0.000000
 2700.226810    0.000000
 2700.847900    0.000000
 2701.470700    0.000000
 2702.092040    0.000000
 2702.715330    0.000000
 2703.337160    0.000000
 2703.958980    0.000000
 2704.582520    0.000000
 2705.204830    0.000000
 2705.828370    0.000001
 2706.450930    0.000001
 2707.074950    0.000001
 2707.697750    0.000001
 2708.320800    0.000001
 2708.945310    0.000001
 2709.568360    0.000001
 2710.193360    0.000001
 2710.816650    0.000001
 2711.441890    0.000002
 2712.065670    0.000002
 2712.689450    0.000002
 2713.314940    0.000002
 2713.939210    0.000002
 2714.565190    0.000003
 2715.189450    0.000003
 2715.815670    0.000003
 2716.440430    0.000004
 2717.066890    0.000004
 2717.691890    0.000004
 2718.317140    0.000005
 2718.943850    0.000005
 2719.569340    0.000006
 2720.196530    0.000007
 2720.822270    0.000007
 2721.449710    0.000008
 2722.075680    0.000009
 2722.702150    0.000010
 2723.329830    0.000010
 2723.956300    0.000011
 2724.584470    0.000013
 2725.211430    0.000014
 2725.839600    0.000016
 2726.466800    0.000017
 2727.093990    0.000019
 2727.722900    0.000021
 2728.350340    0.000024
 2728.979490    0.000026
 2729.607420    0.000029
 2730.236820    0.000031
 2730.864750    0.000035
 2731.493160    0.000038
 2732.122800    0.000042
 2732.751460    0.000047
 2733.381590    0.000051
 2734.010500    0.000056
 2734.640870    0.000062
 2735.270020    0.000068
 2735.899410    0.000074
 2736.530270    0.000082
 2737.159670    0.000090
 2737.790770    0.000098
 2738.420650    0.000108
 2739.052250    0.000118
 2739.682370    0.000130
 2740.312500    0.000142
 2740.944340    0.000155
 2741.575200    0.000170
 2742.207280    0.000186
 2742.838130    0.000203
 2743.470460    0.000222
 2744.101560    0.000242
 2744.732910    0.000265
 2745.365970    0.000289
 2745.997310    0.000316
 2746.630860    0.000344
 2747.262700    0.000376
 2747.896000    0.000409
 2748.528080    0.000446
 2749.160640    0.000486
 2749.794430    0.000529
 2750.427000    0.000577
 2751.061280    0.000628
 2751.694090    0.000683
 2752.328610    0.000743
 2752.961910    0.000808
 2753.595210    0.000878
 2754.230220    0.000954
 2754.863770    0.001037
 2755.499020    0.001125
 2756.132810    0.001222
 2756.768550    0.001326
 2757.402590    0.001438
 2758.036870    0.001559
 2758.673100    0.001691
 2759.307620    0.001833
 2759.943850    0.001986
 2760.578860    0.002151
 2761.215330    0.002330
 2761.850590    0.002522
 2762.487550    0.002729
 2763.123050    0.002953
 2763.758790    0.003193
 2764.396000    0.003452
 2765.031980    0.003732
 2765.669430    0.004033
 2766.305910    0.004357
 2766.943600    0.004705
 2767.580320    0.005080
 2768.216800    0.005484
 2768.855220    0.005918
 2769.492190    0.006384
 2770.130860    0.006886
 2770.768070    0.007423
 2771.407230    0.008002
 2772.044680    0.008623
 2772.682130    0.009289
 2773.321780    0.010005
 2773.959720    0.010773
 2774.599370    0.011597
 2775.237550    0.012479
 2775.877690    0.013428
 2776.516360    0.014441
 2777.155030    0.015529
 2777.795170    0.016694
 2778.434330    0.017941
 2779.074950    0.019279
 2779.714360    0.020707
 2780.355470    0.022240
 2780.995120    0.023875
 2781.634770    0.025624
 2782.276120    0.027498
 2782.916260    0.029497
 2783.558110    0.031639
 2784.198490    0.033921
 2784.840330    0.036364
 2785.480960    0.038965
 2786.121830    0.041743
 2786.764400    0.044715
 2787.405270    0.047875
 2788.048100    0.051255
 2788.689450    0.054851
 2789.332520    0.058691
 2789.974370    0.062775
 2790.615970    0.067122
 2791.259770    0.071765
 2791.901610    0.076692
 2792.545410    0.081949
 2793.187990    0.087531
 2793.832030    0.093479
 2794.474850    0.099790
 2795.117680    0.106494
 2795.762210    0.113634
 2796.405520    0.121202
 2797.050290    0.129254
 2797.693600    0.137778
 2798.338870    0.146848
 2798.982420    0.156440
 2799.626460    0.166614
 2800.272220    0.177423
 2800.916260    0.188844
 2801.562260    0.200974
 2802.206790    0.213782
 2802.852780    0.227366
 2803.497560    0.241707
 2804.142580    0.256873
 2804.789310    0.272944
 2805.434330    0.289879
 2806.081300    0.307817
 2806.726810    0.326709
 2807.374020    0.346698
 2808.020020    0.367742
 2808.666020    0.389928
 2809.313480    0.413364
 2809.959960    0.438017
 2810.607910    0.464036
 2811.254390    0.491362
 2811.902830    0.520200
 2812.549560    0.550448
 2813.198240    0.582343
 2813.845210    0.615769
 2814.492680    0.650902
 2815.141600    0.687869
 2815.789310    0.726589
 2816.438720    0.767310
 2817.086430    0.809890
 2817.736080    0.854645
 2818.384520    0.901436
 2819.032710    0.950402
 2819.682620    1.001780
 2820.331300    1.055416
 2820.981930    1.111661
 2821.630620    1.170258
 2822.281490    1.231665
 2822.930660    1.295602
 2823.580080    1.362335
 2824.231200    1.432115
 2824.880860    1.504686
 2825.532230    1.580492
 2826.182370    1.659281
 2826.833980    1.741467
 2827.484380    1.826797
 2828.134770    1.915510
 2828.786870    2.007935
 2829.437740    2.103746
 2830.090090    2.203424
 2830.741210    2.306643
 2831.394040    2.413951
 2832.045410    2.524908
 2832.697020    2.639872
 2833.350100    2.759148
 2834.001950    2.882319
 2834.655520    3.010015
 2835.307620    3.141686
 2835.961180    3.277985
 2836.613770    3.418468
 2837.266360    3.563391
 2837.920410    3.713149
 2838.573490    3.867233
 2839.228030    4.026268
 2839.881100    4.189579
 2840.535890    4.357997
 2841.189450    4.530800
 2841.843020    4.708317
 2842.498540    4.891116
 2843.152340    5.078187
 2843.807860    5.270508
 2844.462160    5.467219
 2845.118160    5.669197
 2845.772710    5.875441
 2846.427250    6.086370
 2847.083740    6.302601
 2847.738770    6.522963
 2848.395260    6.748391
 2849.050540    6.977903
 2849.707760    7.212543
 2850.363280    7.450930
 2851.018800    7.693574
 2851.676270    7.941119
 2852.332280    8.192170
 2852.989990    8.447828
 2853.646480    8.706828
 2854.304440    8.970089
 2854.960940    9.236292
 2855.617920    9.506063
 2856.276370    9.779647
 2856.933350    10.055646
 2857.592290    10.335309
 2858.249760    10.616992
 2858.908940    10.901845
 2859.566650    11.188278
 2860.224370    11.476697
 2860.883790    11.767617
 2861.541750    12.059396
 2862.201900    12.353405
 2862.860350    12.647641
 2863.520510    12.943359
 2864.179200    13.238859
 2864.839840    13.535386
 2865.498780    13.831008
 2866.157960    14.126294
 2866.818850    14.421596
 2867.478520    14.715293
 2868.139650    15.008261
 2868.799320    15.298881
 2869.460940    15.588330
 2870.121090    15.874784
 2870.781490    16.158655
 2871.443360    16.440128
 2872.103760    16.717627
 2872.766360    16.992336
 2873.427000    17.262203
 2874.089600    17.528490
 2874.750730    17.789482
 2875.412110    18.045534
 2876.075440    18.296957
 2876.736820    18.541939
 2877.400390    18.781698
 2878.062260    19.014490
 2878.725830    19.241217
 2879.388180    19.460552
 2880.050540    19.672634
 2880.714600    19.877686
 2881.377440    20.074513
 2882.041750    20.263634
 2882.704830    20.444019
 2883.369380    20.616142
 2884.032960    20.779120
 2884.696530    20.932980
 2885.361330    21.077763
 2886.025390    21.212832
 2886.690920    21.338423
 2887.354980    21.453806
 2888.020510    21.559330
 2888.685060    21.654442
 2889.349610    21.739180
 2890.015870    21.813593
 2890.680910    21.877247
 2891.347410    21.930304
 2892.012700    21.972473
 2892.679200    22.003859
 2893.344970    22.024317
 2894.010500    22.033867
 2894.677730    22.032495
 2895.343510    22.020220
 2896.011470    21.996981
 2896.677490    21.962963
 2897.345460    21.918032
 2898.011960    21.862482
 2898.678960    21.796274
 2899.347170    21.719402
 2900.014160    21.632275
 2900.682860    21.534639
 2901.350100    21.427116
 2902.019530    21.309263
 2902.687010    21.181997
 2903.354740    21.045136
 2904.024410    20.898493
 2904.692380    20.743090
 2905.361820    20.578436
 2906.030520    20.405296
 2906.700680    20.223362
 2907.369140    20.033762
 2908.038090    19.836176
 2908.708500    19.630566
 2909.377930    19.417976
 2910.048830    19.197924
 2910.718260    18.971683
 2911.389650    18.738411
 2912.059330    18.499695
 2912.729250    18.255190
 2913.400630    18.004759
 2914.070800    17.749731
 2914.742920    17.489235
 2915.413570    17.224922
 2916.085690    16.955978
 2916.756590    16.683819
 2917.429200    16.407589
 2918.100340    16.128927
 2918.771730    15.847468
 2919.444580    15.563023
 2920.116210    15.277058
 2920.789550    14.988650
 2921.461670    14.699375
 2922.135500    14.408284
 2922.807370    14.117277
 2923.479740    13.825602
 2924.154050    13.532919
 2924.826660    13.241113
 2925.500980    12.948985
 2926.174070    12.658081
 2926.848880    12.367408
 2927.522220    12.078591
 2928.195800    11.791148
 2928.870850    11.504807
 2929.544920    11.220836
 2930.220460    10.938435
 2930.894530    10.659043
 2931.570310    10.381554
 2932.244630    10.107458
 2932.919190    9.836246
 2933.595700    9.567415
 2934.270260    9.302685
 2934.947270    9.040483
 2935.622310    8.782662
 2936.299070    8.527956
 2936.974850    8.277505
 2937.650390    8.031137
 2938.327880    7.788175
 2939.003660    7.550022
 2939.681400    7.315479
 2940.357670    7.085807
 2941.035640    6.859995
 2941.712160    6.639160
 2942.389160    6.422701
 2943.067630    6.210368
 2943.744630    6.003108
 2944.423580    5.799900
 2945.100830    5.601861
 2945.780030    5.407930
 2946.457760    5.219087
 2947.135500    5.034904
 2947.815190    4.854856
 2948.493410    4.679837
 2949.173100    4.509065
 2949.851560    4.343184
 2950.531980    4.181395
 2951.210450    4.024580
 2951.889650    3.872065
 2952.570070    3.723706
 2953.249270    3.579984
 2953.930660    3.440124
 2954.610110    3.304922
 2955.291500    3.173534
 2955.971190    3.046600
 2956.651120    2.923673
 2957.333010    2.804390
 2958.013180    2.689320
 2958.695560    2.577727
 2959.376220    2.470177
 2960.058350    2.366087
 2960.739500    2.265751
 2961.420410    2.168971
 2962.103520    2.075331
 2962.784910    1.985288
 2963.468020    1.898304
 2964.149900    1.814674
 2964.833500    1.733956
 2965.515380    1.656471
 2966.197750    1.581878
 2966.881590    1.509998
 2967.564210    1.441034
 2968.248540    1.374610
 2968.931150    1.310976
 2969.615720    1.249713
 2970.299070    1.191028
 2970.984130    1.134595
 2971.667480    1.080618
 2972.351070    1.028859
 2973.036620    0.979126
 2973.720700    0.931595
 2974.406250    0.885991
 2975.090580    0.842422
 2975.776610    0.800637
 2976.461180    0.760760
 2977.146000    0.722624
 2977.832280    0.686100
 2978.517580    0.651258
 2979.204350    0.617916
 2979.889650    0.586154
 2980.576660    0.555769
 2981.262210    0.526846
 2981.948240    0.499245
 2982.635990    0.472868
 2983.322020    0.447797
 2984.010010    0.423847
 2984.696530    0.401090
 2985.384770    0.379375
 2986.071530    0.358755
 2986.758540    0.339133
 2987.447270    0.320430
 2988.134770    0.302684
 2988.823490    0.285792
 2989.510990    0.269776
 2990.200440    0.254526
 2990.888180    0.240088
 2991.576170    0.226382
 2992.266360    0.213343
 2992.954830    0.201011
 2993.644780    0.189299
 2994.333500    0.178222
 2995.023930    0.167706
 2995.713130    0.157769
 2996.402100    0.148368
 2997.093020    0.139450
 2997.782710    0.131033
 2998.473880    0.123059
 2999.163570    0.115541
 2999.855470    0.108419
 3000.545410    0.101714
 3001.235600    0.095384
 3001.927730    0.089396
 3002.618410    0.083761
 3003.310550    0.078439
 3004.001710    0.073431
 3004.694340    0.068706
 3005.385740    0.064265
 3006.076900    0.060088
 3006.770020    0.056148
 3007.461670    0.052451
 3008.155270    0.048968
 3008.847410    0.045703
 3009.541260    0.042629
 3010.233400    0.039753
 3010.926270    0.037050
 3011.620360    0.034513
 3012.313230    0.032139
 3013.007810    0.029909
 3013.700930    0.027825
 3014.395750    0.025871
 3015.089360    0.024046
 3015.783200    0.022339
 3016.478270    0.020741
 3017.172610    0.019249
 3017.868160    0.017855
 3018.562260    0.016555
 3019.258540    0.015340
 3019.952880    0.014210
 3020.647950    0.013156
 3021.344480    0.012173
 3022.039310    0.011259
 3022.736330    0.010406
 3023.431640    0.009616
 3024.128660    0.008879
 3024.824460    0.008196
 3025.522220    0.007560
 3026.218020    0.006970
 3026.914310    0.006425
 3027.612300    0.005917
 3028.308840    0.005447
 3029.007080    0.005012
 3029.703860    0.004609
 3030.402590    0.004236
 3031.099850    0.003892
 3031.797120    0.003573
 3032.496090    0.003279
 3033.193600    0.003008
 3033.893310    0.002756
 3034.591060    0.002525
 3035.290770    0.002313
 3035.989010    0.002116
 3036.687740    0.001936
 3037.387700    0.001770
 3038.086670    0.001617
 3038.787350    0.001476
 3039.486080    0.001348
 3040.187260    0.001229
 3040.886470    0.001121
 3041.586180    0.001021
 3042.287350    0.000930
 3042.987550    0.000846
 3043.689210    0.000770
 3044.389160    0.000700
 3045.091060    0.000635
 3045.791750    0.000577
 3046.492430    0.000524
 3047.194820    0.000475
 3047.896000    0.000431
 3048.598880    0.000390
 3049.300050    0.000353
