 2653.384280    0.000000
 2653.996340    0.000000
 2654.606690    0.000000
 2655.217290    0.000000
 2655.829830    0.000000
 2656.440670    0.000000
 2657.053220    0.000000
 2657.664550    0.000000
 2658.277340    0.000000
 2658.888920    0.000000
 2659.500730    0.000000
 2660.114010    0.000000
 2660.725830    0.000000
 2661.339360    0.000000
 2661.951660    0.000000
 2662.565430    0.000000
 2663.177980    0.000000
 2663.790530    0.000000
 2664.404790    0.000000
 2665.017820    0.000000
 2665.632320    0.000000
 2666.245610    0.000000
 2666.860350    0.000000
 2667.473880    0.000000
 2668.089110    0.000000
 2668.702880    0.000000
 2669.316890    0.000000
 2669.932370    0.000000
 2670.546630    0.000000
 2671.162350    0.000000
 2671.776860    0.000000
 2672.393070    0.000000
 2673.007810    0.000000
 2673.622560    0.000000
 2674.239260    0.000000
 2674.854490    0.000000
 2675.471190    0.000000
 2676.086670    0.000000
 2676.703860    0.000000
 2677.319580    0.000000
 2677.935550    0.000000
 2678.552980    0.000000
 2679.169190    0.000000
 2679.786870    0.000000
 2680.403560    0.000000
 2681.021480    0.000000
 2681.638430    0.000000
 2682.255370    0.000000
 2682.873780    0.000000
 2683.490970    0.000000
 2684.109860    0.000000
 2684.727290    0.000000
 2685.346440    0.000000
 2685.964110    0.000000
 2686.582030    0.000000
 2687.201660    0.000000
 2687.819820    0.000000
 2688.439450    0.000000
 2689.057860    0.000000
 2689.677980    0.000000
 2690.296880    0.000000
 2690.915770    0.000000
 2691.536380    0.000000
 2692.155270    0.000000
 2692.776370    0.000000
 2693.395750    0.000000
 2694.016850    0.000000
 2694.636720    0.000000
 2695.256590    0.000000
 2695.877930    0.000000
 2696.498050    0.000000
 2697.119870    0.000000
 2697.740480    0.000000
 2698.362550    0.000000
 2698.983400    0.000000
 2699.604250    0.000000
 2700.226810    0.000000
 2700.847900    0.000000
 2701.470700    0.000000
 2702.092040    0.000000
 2702.715330    0.000000
 2703.337160    0.000000
 2703.958980    0.000000
 2704.582520    0.000000
 2705.204830    0.000000
 2705.828370    0.000000
 2706.450930    0.000000
 2707.074950    0.000000
 2707.697750    0.000000
 2708.320800    0.000000
 2708.945310    0.000000
 2709.568360    0.000000
 2710.193360    0.000000
 2710.816650    0.000000
 2711.441890    0.000000
 2712.065670    0.000000
 2712.689450    0.000000
 2713.314940    0.000000
 2713.939210    0.000000
 2714.565190    0.000000
 2715.189450    0.000000
 2715.815670    0.000000
 2716.440430    0.000000
 2717.066890    0.000000
 2717.691890    0.000000
 2718.317140    0.000000
 2718.943850    0.000000
 2719.569340    0.000000
 2720.196530    0.000000
 2720.822270    0.000000
 2721.449710    0.000000
 2722.075680    0.000000
 2722.702150    0.000000
 2723.329830    0.000000
 2723.956300    0.000000
 2724.584470    0.000000
 2725.211430    0.000000
 2725.839600    0.000000
 2726.466800    0.000000
 2727.093990    0.000000
 2727.722900    0.000000
 2728.350340    0.000000
 2728.979490    0.000000
 2729.607420    0.000000
 2730.236820    0.000000
 2730.864750    0.000000
 2731.493160    0.000000
 2732.122800    0.000000
 2732.751460    0.000000
 2733.381590    0.000000
 2734.010500    0.000000
 2734.640870    0.000000
 2735.270020    0.000000
 2735.899410    0.000000
 2736.530270    0.000000
 2737.159670    0.000000
 2737.790770    0.000000
 2738.420650    0.000000
 2739.052250    0.000000
 2739.682370    0.000000
 2740.312500    0.000000
 2740.944340    0.000000
 2741.575200    0.000000
 2742.207280    0.000000
 2742.838130    0.000000
 2743.470460    0.000000
 2744.101560    0.000000
 2744.732910    0.000000
 2745.365970    0.000000
 2745.997310    0.000000
 2746.630860    0.000000
 2747.262700    0.000000
 2747.896000    0.000000
 2748.528080    0.000000
 2749.160640    0.000000
 2749.794430    0.000000
 2750.427000    0.000000
 2751.061280    0.000000
 2751.694090    0.000000
 2752.328610    0.000000
 2752.961910    0.000000
 2753.595210    0.000000
 2754.230220    0.000000
 2754.863770    0.000000
 2755.499020    0.000000
 2756.132810    0.000000
 2756.768550    0.000000
 2757.402590    0.000000
 2758.036870    0.000000
 2758.673100    0.000000
 2759.307620    0.000000
 2759.943850    0.000000
 2760.578860    0.000000
 2761.215330    0.000000
 2761.850590    0.000000
 2762.487550    0.000000
 2763.123050    0.000000
 2763.758790    0.000000
 2764.396000    0.000000
 2765.031980    0.000000
 2765.669430    0.000000
 2766.305910    0.000000
 2766.943600    0.000000
 2767.580320    0.000000
 2768.216800    0.000000
 2768.855220    0.000000
 2769.492190    0.000000
 2770.130860    0.000000
 2770.768070    0.000000
 2771.407230    0.000000
 2772.044680    0.000000
 2772.682130    0.000000
 2773.321780    0.000000
 2773.959720    0.000000
 2774.599370    0.000000
 2775.237550    0.000000
 2775.877690    0.000000
 2776.516360    0.000000
 2777.155030    0.000000
 2777.795170    0.000000
 2778.434330    0.000000
 2779.074950    0.000000
 2779.714360    0.000000
 2780.355470    0.000000
 2780.995120    0.000000
 2781.634770    0.000000
 2782.276120    0.000000
 2782.916260    0.000000
 2783.558110    0.000000
 2784.198490    0.000000
 2784.840330    0.000000
 2785.480960    0.000000
 2786.121830    0.000000
 2786.764400    0.000001
 2787.405270    0.000001
 2788.048100    0.000001
 2788.689450    0.000001
 2789.332520    0.000001
 2789.974370    0.000001
 2790.615970    0.000001
 2791.259770    0.000001
 2791.901610    0.000001
 2792.545410    0.000001
 2793.187990    0.000002
 2793.832030    0.000002
 2794.474850    0.000002
 2795.117680    0.000002
 2795.762210    0.000002
 2796.405520    0.000003
 2797.050290    0.000003
 2797.693600    0.000003
 2798.338870    0.000004
 2798.982420    0.000004
 2799.626460    0.000005
 2800.272220    0.000005
 2800.916260    0.000006
 2801.562260    0.000007
 2802.206790    0.000007
 2802.852780    0.000008
 2803.497560    0.000009
 2804.142580    0.000010
 2804.789310    0.000010
 2805.434330    0.000011
 2806.081300    0.000012
 2806.726810    0.000014
 2807.374020    0.000015
 2808.020020    0.000017
 2808.666020    0.000019
 2809.313480    0.000021
 2809.959960    0.000024
 2810.607910    0.000026
 2811.254390    0.000029
 2811.902830    0.000031
 2812.549560    0.000035
 2813.198240    0.000038
 2813.845210    0.000042
 2814.492680    0.000047
 2815.141600    0.000051
 2815.789310    0.000056
 2816.438720    0.000062
 2817.086430    0.000069
 2817.736080    0.000075
 2818.384520    0.000083
 2819.032710    0.000091
 2819.682620    0.000100
 2820.331300    0.000110
 2820.981930    0.000120
 2821.630620    0.000132
 2822.281490    0.000145
 2822.930660    0.000158
 2823.580080    0.000174
 2824.231200    0.000191
 2824.880860    0.000208
 2825.532230    0.000228
 2826.182370    0.000250
 2826.833980    0.000273
 2827.484380    0.000298
 2828.134770    0.000325
 2828.786870    0.000356
 2829.437740    0.000388
 2830.090090    0.000423
 2830.741210    0.000462
 2831.394040    0.000504
 2832.045410    0.000548
 2832.697020    0.000598
 2833.350100    0.000651
 2834.001950    0.000709
 2834.655520    0.000771
 2835.307620    0.000838
 2835.961180    0.000912
 2836.613770    0.000990
 2837.266360    0.001076
 2837.920410    0.001168
 2838.573490    0.001267
 2839.228030    0.001375
 2839.881100    0.001492
 2840.535890    0.001616
 2841.189450    0.001752
 2841.843020    0.001898
 2842.498540    0.002054
 2843.152340    0.002223
 2843.807860    0.002405
 2844.462160    0.002601
 2845.118160    0.002811
 2845.772710    0.003038
 2846.427250    0.003281
 2847.083740    0.003543
 2847.738770    0.003822
 2848.395260    0.004124
 2849.050540    0.004447
 2849.707760    0.004793
 2850.363280    0.005164
 2851.018800    0.005562
 2851.676270    0.005988
 2852.332280    0.006443
 2852.989990    0.006931
 2853.646480    0.007453
 2854.304440    0.008011
 2854.960940    0.008607
 2855.617920    0.009243
 2856.276370    0.009923
 2856.933350    0.010648
 2857.592290    0.011423
 2858.249760    0.012247
 2858.908940    0.013128
 2859.566650    0.014065
 2860.224370    0.015061
 2860.883790    0.016125
 2861.541750    0.017254
 2862.201900    0.018458
 2862.860350    0.019735
 2863.520510    0.021095
 2864.179200    0.022536
 2864.839840    0.024072
 2865.498780    0.025696
 2866.157960    0.027419
 2866.818850    0.029251
 2867.478520    0.031189
 2868.139650    0.033246
 2868.799320    0.035420
 2869.460940    0.037727
 2870.121090    0.040164
 2870.781490    0.042741
 2871.443360    0.045471
 2872.103760    0.048349
 2872.766360    0.051400
 2873.427000    0.054612
 2874.089600    0.058011
 2874.750730    0.061589
 2875.412110    0.065364
 2876.075440    0.069354
 2876.736820    0.073545
 2877.400390    0.077974
 2878.062260    0.082625
 2878.725830    0.087533
 2879.388180    0.092685
 2880.050540    0.098103
 2880.714600    0.103810
 2881.377440    0.109797
 2882.041750    0.116097
 2882.704830    0.122701
 2883.369380    0.129643
 2884.032960    0.136916
 2884.696530    0.144542
 2885.361330    0.152548
 2886.025390    0.160927
 2886.690920    0.169722
 2887.354980    0.178908
 2888.020510    0.188542
 2888.685060    0.198606
 2889.349610    0.209127
 2890.015870    0.220153
 2890.680910    0.231651
 2891.347410    0.243687
 2892.012700    0.256229
 2892.679200    0.269342
 2893.344970    0.283007
 2894.010500    0.297251
 2894.677730    0.312136
 2895.343510    0.327613
 2896.011470    0.343786
 2896.677490    0.360578
 2897.345460    0.378106
 2898.011960    0.396303
 2898.678960    0.415241
 2899.347170    0.434967
 2900.014160    0.455430
 2900.682860    0.476744
 2901.350100    0.498829
 2902.019530    0.521832
 2902.687010    0.545633
 2903.354740    0.570332
 2904.024410    0.596019
 2904.692380    0.622578
 2905.361820    0.650160
 2906.030520    0.678699
 2906.700680    0.708317
 2907.369140    0.738895
 2908.038090    0.770558
 2908.708500    0.803381
 2909.377930    0.837271
 2910.048830    0.872376
 2910.718260    0.908571
 2911.389650    0.946067
 2912.059330    0.984683
 2912.729250    1.024555
 2913.400630    1.065784
 2914.070800    1.108233
 2914.742920    1.152129
 2915.413570    1.197275
 2916.085690    1.243894
 2916.756590    1.291822
 2917.429200    1.341298
 2918.100340    1.392111
 2918.771730    1.444411
 2919.444580    1.498322
 2920.116210    1.553652
 2920.789550    1.610665
 2921.461670    1.669140
 2922.135500    1.729354
 2922.807370    1.790998
 2923.479740    1.854313
 2924.154050    1.919464
 2924.826660    1.986117
 2925.500980    2.054630
 2926.174070    2.124723
 2926.848880    2.196721
 2927.522220    2.270300
 2928.195800    2.345657
 2928.870850    2.422949
 2929.544920    2.501911
 2930.220460    2.582840
 2930.894530    2.665397
 2931.570310    2.749979
 2932.244630    2.836197
 2932.919190    2.924270
 2933.595700    3.014435
 2934.270260    3.106173
 2934.947270    3.200086
 2935.622310    3.295565
 2936.299070    3.393123
 2936.974850    3.492373
 2937.650390    3.593411
 2938.327880    3.696564
 2939.003660    3.801266
 2939.681400    3.908072
 2940.357670    4.016430
 2941.035640    4.126834
 2941.712160    4.238748
 2942.389160    4.352470
 2943.067630    4.468147
 2943.744630    4.585256
 2944.423580    4.704356
 2945.100830    4.824777
 2945.780030    4.947135
 2946.457760    5.070780
 2947.135500    5.195934
 2947.815190    5.322922
 2948.493410    5.451060
 2949.173100    5.580853
 2949.851560    5.711739
 2950.531980    5.844275
 2951.210450    5.977647
 2951.889650    6.112316
 2952.570070    6.248322
 2953.249270    6.385109
 2953.930660    6.523299
 2954.610110    6.661979
 2955.291500    6.801868
 2955.971190    6.942138
 2956.651120    7.083107
 2957.333010    7.225048
 2958.013180    7.367114
 2958.695560    7.510027
 2959.376220    7.652877
 2960.058350    7.796235
 2960.739500    7.939489
 2961.420410    8.082690
 2962.103520    8.226249
 2962.784910    8.369238
 2963.468020    8.512264
 2964.149900    8.654602
 2964.833500    8.796751
 2965.515380    8.937884
 2966.197750    9.078341
 2966.881590    9.218199
 2967.564210    9.356789
 2968.248540    9.494580
 2968.931150    9.630762
 2969.615720    9.765940
 2970.299070    9.899357
 2970.984130    10.031458
 2971.667480    10.161458
 2972.351070    10.289604
 2973.036620    10.416080
 2973.720700    10.540126
 2974.406250    10.662145
 2975.090580    10.781529
 2975.776610    10.898661
 2976.461180    11.012870
 2977.146000    11.124326
 2977.832280    11.233090
 2978.517580    11.338653
 2979.204350    11.441265
 2979.889650    11.540371
 2980.576660    11.636311
 2981.262210    11.728526
 2981.948240    11.817176
 2982.635990    11.902291
 2983.322020    11.983345
 2984.010010    12.060665
 2984.696530    12.133766
 2985.384770    12.202888
 2986.071530    12.267618
 2986.758540    12.328045
 2987.447270    12.384194
 2988.134770    12.435748
 2988.823490    12.482815
 2989.510990    12.525161
 2990.200440    12.562910
 2990.888180    12.595804
 2991.576170    12.623899
 2992.266360    12.647203
 2992.954830    12.665537
 2993.644780    12.678955
 2994.333500    12.687374
 2995.023930    12.690799
 2995.713130    12.689196
 2996.402100    12.682566
 2997.093020    12.670866
 2997.782710    12.654143
 2998.473880    12.632339
 2999.163570    12.605559
 2999.855470    12.573677
 3000.545410    12.536906
 3001.235600    12.495180
 3001.927730    12.448414
 3002.618410    12.396879
 3003.310550    12.340407
 3004.001710    12.279252
 3004.694340    12.213257
 3005.385740    12.142745
 3006.076900    12.067704
 3006.770020    11.987963
 3007.461670    11.903995
 3008.155270    11.815475
 3008.847410    11.722927
 3009.541260    11.626030
 3010.233400    11.525368
 3010.926270    11.420702
 3011.620360    11.312061
 3012.313230    11.199945
 3013.007810    11.084001
 3013.700930    10.964881
 3014.395750    10.842172
 3015.089360    10.716518
 3015.783200    10.587800
 3016.478270    10.455965
 3017.172610    10.321522
 3017.868160    10.184235
 3018.562260    10.044778
 3019.258540    9.902561
 3019.952880    9.758581
 3020.647950    9.612432
 3021.344480    9.464104
 3022.039310    9.314423
 3022.736330    9.162696
 3023.431640    9.009926
 3024.128660    8.855511
 3024.824460    8.700249
 3025.522220    8.543579
 3026.218020    8.386528
 3026.914310    8.228694
 3027.612300    8.069942
 3028.308840    7.911139
 3029.007080    7.751700
 3029.703860    7.592493
 3030.402590    7.432873
 3031.099850    7.273756
 3031.797120    7.114938
 3032.496090    6.956160
 3033.193600    6.798269
 3033.893310    6.640561
 3034.591060    6.484089
 3035.290770    6.328094
 3035.989010    6.173451
 3036.687740    6.019833
 3037.387700    5.867186
 3038.086670    5.716091
 3038.787350    5.566066
 3039.486080    5.417986
 3040.187260    5.271008
 3040.886470    5.126141
 3041.586180    4.982949
 3042.287350    4.841316
 3042.987550    4.701808
 3043.689210    4.564006
 3044.389160    4.428593
 3045.091060    4.294919
 3045.791750    4.163645
 3046.492430    4.034585
 3047.194820    3.907476
 3047.896000    3.782891
 3048.598880    3.660347
 3049.300050    3.540471
