 2653.384280    0.000000
 2653.996340    0.000000
 2654.606690    0.000000
 2655.217290    0.000000
 2655.829830    0.000000
 2656.440670    0.000000
 2657.053220    0.000000
 2657.664550    0.000000
 2658.277340    0.000000
 2658.888920    0.000000
 2659.500730    0.000000
 2660.114010    0.000000
 2660.725830    0.000000
 2661.339360    0.000000
 2661.951660    0.000000
 2662.565430    0.000000
 2663.177980    0.000000
 2663.790530    0.000000
 2664.404790    0.000000
 2665.017820    0.000000
 2665.632320    0.000000
 2666.245610    0.000000
 2666.860350    0.000000
 2667.473880    0.000000
 2668.089110    0.000000
 2668.702880    0.000000
 2669.316890    0.000000
 2669.932370    0.000000
 2670.546630    0.000000
 2671.162350    0.000000
 2671.776860    0.000000
 2672.393070    0.000000
 2673.007810    0.000000
 2673.622560    0.000000
 2674.239260    0.000000
 2674.854490    0.000000
 2675.471190    0.000000
 2676.086670    0.000000
 2676.703860    0.000000
 2677.319580    0.000000
 2677.935550    0.000000
 2678.552980    0.000000
 2679.169190    0.000000
 2679.786870    0.000000
 2680.403560    0.000000
 2681.021480    0.000000
 2681.638430    0.000000
 2682.255370    0.000000
 2682.873780    0.000000
 2683.490970    0.000000
 2684.109860    0.000000
 2684.727290    0.000000
 2685.346440    0.000000
 2685.964110    0.000000
 2686.582030    0.000000
 2687.201660    0.000000
 2687.819820    0.000000
 2688.439450    0.000000
 2689.057860    0.000000
 2689.677980    0.000000
 2690.296880    0.000000
 2690.915770    0.000000
 2691.536380    0.000000
 2692.155270    0.000000
 2692.776370    0.000000
 2693.395750    0.000000
 2694.016850    0.000000
 2694.636720    0.000000
 2695.256590    0.000000
 2695.877930    0.000000
 2696.498050    0.000000
 2697.119870    0.000000
 2697.740480    0.000000
 2698.362550    0.000000
 2698.983400    0.000000
 2699.604250    0.000000
 2700.226810    0.000000
 2700.847900    0.000000
 2701.470700    0.000000
 2702.092040    0.000000
 2702.715330    0.000000
 2703.337160    0.000000
 2703.958980    0.000000
 2704.582520    0.000000
 2705.204830    0.000000
 2705.828370    0.000000
 2706.450930    0.000000
 2707.074950    0.000000
 2707.697750    0.000000
 2708.320800    0.000000
 2708.945310    0.000000
 2709.568360    0.000000
 2710.193360    0.000000
 2710.816650    0.000000
 2711.441890    0.000000
 2712.065670    0.000000
 2712.689450    0.000000
 2713.314940    0.000000
 2713.939210    0.000000
 2714.565190    0.000000
 2715.189450    0.000000
 2715.815670    0.000000
 2716.440430    0.000000
 2717.066890    0.000000
 2717.691890    0.000000
 2718.317140    0.000000
 2718.943850    0.000000
 2719.569340    0.000000
 2720.196530    0.000000
 2720.822270    0.000000
 2721.449710    0.000000
 2722.075680    0.000000
 2722.702150    0.000000
 2723.329830    0.000000
 2723.956300    0.000000
 2724.584470    0.000000
 2725.211430    0.000000
 2725.839600    0.000000
 2726.466800    0.000000
 2727.093990    0.000000
 2727.722900    0.000000
 2728.350340    0.000000
 2728.979490    0.000000
 2729.607420    0.000000
 2730.236820    0.000000
 2730.864750    0.000000
 2731.493160    0.000000
 2732.122800    0.000000
 2732.751460    0.000000
 2733.381590    0.000000
 2734.010500    0.000000
 2734.640870    0.000000
 2735.270020    0.000000
 2735.899410    0.000000
 2736.530270    0.000000
 2737.159670    0.000000
 2737.790770    0.000000
 2738.420650    0.000000
 2739.052250    0.000000
 2739.682370    0.000000
 2740.312500    0.000000
 2740.944340    0.000000
 2741.575200    0.000000
 2742.207280    0.000000
 2742.838130    0.000000
 2743.470460    0.000000
 2744.101560    0.000000
 2744.732910    0.000000
 2745.365970    0.000000
 2745.997310    0.000000
 2746.630860    0.000000
 2747.262700    0.000000
 2747.896000    0.000000
 2748.528080    0.000000
 2749.160640    0.000000
 2749.794430    0.000000
 2750.427000    0.000000
 2751.061280    0.000000
 2751.694090    0.000000
 2752.328610    0.000000
 2752.961910    0.000000
 2753.595210    0.000000
 2754.230220    0.000000
 2754.863770    0.000000
 2755.499020    0.000000
 2756.132810    0.000000
 2756.768550    0.000000
 2757.402590    0.000000
 2758.036870    0.000000
 2758.673100    0.000000
 2759.307620    0.000000
 2759.943850    0.000000
 2760.578860    0.000000
 2761.215330    0.000000
 2761.850590    0.000000
 2762.487550    0.000000
 2763.123050    0.000000
 2763.758790    0.000000
 2764.396000    0.000000
 2765.031980    0.000000
 2765.669430    0.000000
 2766.305910    0.000000
 2766.943600    0.000000
 2767.580320    0.000000
 2768.216800    0.000001
 2768.855220    0.000001
 2769.492190    0.000001
 2770.130860    0.000001
 2770.768070    0.000001
 2771.407230    0.000001
 2772.044680    0.000001
 2772.682130    0.000001
 2773.321780    0.000001
 2773.959720    0.000001
 2774.599370    0.000002
 2775.237550    0.000002
 2775.877690    0.000002
 2776.516360    0.000002
 2777.155030    0.000002
 2777.795170    0.000002
 2778.434330    0.000003
 2779.074950    0.000003
 2779.714360    0.000003
 2780.355470    0.000004
 2780.995120    0.000004
 2781.634770    0.000004
 2782.276120    0.000005
 2782.916260    0.000005
 2783.558110    0.000006
 2784.198490    0.000007
 2784.840330    0.000007
 2785.480960    0.000008
 2786.121830    0.000009
 2786.764400    0.000010
 2787.405270    0.000010
 2788.048100    0.000011
 2788.689450    0.000012
 2789.332520    0.000013
 2789.974370    0.000015
 2790.615970    0.000016
 2791.259770    0.000018
 2791.901610    0.000020
 2792.545410    0.000022
 2793.187990    0.000024
 2793.832030    0.000026
 2794.474850    0.000029
 2795.117680    0.000031
 2795.762210    0.000034
 2796.405520    0.000037
 2797.050290    0.000041
 2797.693600    0.000045
 2798.338870    0.000049
 2798.982420    0.000053
 2799.626460    0.000058
 2800.272220    0.000064
 2800.916260    0.000070
 2801.562260    0.000076
 2802.206790    0.000083
 2802.852780    0.000091
 2803.497560    0.000098
 2804.142580    0.000108
 2804.789310    0.000117
 2805.434330    0.000128
 2806.081300    0.000139
 2806.726810    0.000151
 2807.374020    0.000164
 2808.020020    0.000179
 2808.666020    0.000195
 2809.313480    0.000212
 2809.959960    0.000230
 2810.607910    0.000250
 2811.254390    0.000271
 2811.902830    0.000295
 2812.549560    0.000319
 2813.198240    0.000346
 2813.845210    0.000376
 2814.492680    0.000407
 2815.141600    0.000442
 2815.789310    0.000478
 2816.438720    0.000518
 2817.086430    0.000561
 2817.736080    0.000607
 2818.384520    0.000656
 2819.032710    0.000710
 2819.682620    0.000768
 2820.331300    0.000830
 2820.981930    0.000896
 2821.630620    0.000968
 2822.281490    0.001045
 2822.930660    0.001128
 2823.580080    0.001217
 2824.231200    0.001312
 2824.880860    0.001415
 2825.532230    0.001525
 2826.182370    0.001643
 2826.833980    0.001770
 2827.484380    0.001905
 2828.134770    0.002051
 2828.786870    0.002208
 2829.437740    0.002375
 2830.090090    0.002553
 2830.741210    0.002745
 2831.394040    0.002949
 2832.045410    0.003168
 2832.697020    0.003401
 2833.350100    0.003652
 2834.001950    0.003918
 2834.655520    0.004204
 2835.307620    0.004507
 2835.961180    0.004832
 2836.613770    0.005178
 2837.266360    0.005547
 2837.920410    0.005940
 2838.573490    0.006359
 2839.228030    0.006806
 2839.881100    0.007281
 2840.535890    0.007788
 2841.189450    0.008326
 2841.843020    0.008897
 2842.498540    0.009507
 2843.152340    0.010153
 2843.807860    0.010841
 2844.462160    0.011570
 2845.118160    0.012346
 2845.772710    0.013168
 2846.427250    0.014039
 2847.083740    0.014966
 2847.738770    0.015946
 2848.395260    0.016987
 2849.050540    0.018087
 2849.707760    0.019256
 2850.363280    0.020490
 2851.018800    0.021795
 2851.676270    0.023180
 2852.332280    0.024640
 2852.989990    0.026188
 2853.646480    0.027821
 2854.304440    0.029549
 2854.960940    0.031369
 2855.617920    0.033292
 2856.276370    0.035325
 2856.933350    0.037465
 2857.592290    0.039728
 2858.249760    0.042108
 2858.908940    0.044621
 2859.566650    0.047264
 2860.224370    0.050045
 2860.883790    0.052980
 2861.541750    0.056062
 2862.201900    0.059314
 2862.860350    0.062724
 2863.520510    0.066318
 2864.179200    0.070086
 2864.839840    0.074055
 2865.498780    0.078212
 2866.157960    0.082576
 2866.818850    0.087168
 2867.478520    0.091974
 2868.139650    0.097026
 2868.799320    0.102309
 2869.460940    0.107862
 2870.121090    0.113666
 2870.781490    0.119745
 2871.443360    0.126122
 2872.103760    0.132781
 2872.766360    0.139770
 2873.427000    0.147057
 2874.089600    0.154696
 2874.750730    0.162663
 2875.412110    0.170987
 2876.075440    0.179707
 2876.736820    0.188783
 2877.400390    0.198286
 2878.062260    0.208176
 2878.725830    0.218515
 2879.388180    0.229277
 2880.050540    0.240492
 2880.714600    0.252207
 2881.377440    0.264386
 2882.041750    0.277096
 2882.704830    0.290300
 2883.369380    0.304070
 2884.032960    0.318373
 2884.696530    0.333244
 2885.361330    0.348733
 2886.025390    0.364810
 2886.690920    0.381548
 2887.354980    0.398892
 2888.020510    0.416939
 2888.685060    0.435640
 2889.349610    0.455042
 2890.015870    0.475216
 2890.680910    0.496095
 2891.347410    0.517783
 2892.012700    0.540215
 2892.679200    0.563494
 2893.344970    0.587571
 2894.010500    0.612485
 2894.677730    0.638333
 2895.343510    0.665014
 2896.011470    0.692698
 2896.677490    0.721235
 2897.345460    0.750815
 2898.011960    0.781310
 2898.678960    0.812828
 2899.347170    0.845431
 2900.014160    0.879023
 2900.682860    0.913773
 2901.350100    0.949540
 2902.019530    0.986546
 2902.687010    1.024584
 2903.354740    1.063795
 2904.024410    1.104311
 2904.692380    1.145931
 2905.361820    1.188876
 2906.030520    1.233027
 2906.700680    1.278555
 2907.369140    1.325265
 2908.038090    1.373326
 2908.708500    1.422838
 2909.377930    1.473641
 2910.048830    1.525944
 2910.718260    1.579537
 2911.389650    1.634716
 2912.059330    1.691199
 2912.729250    1.749166
 2913.400630    1.808745
 2914.070800    1.869718
 2914.742920    1.932390
 2915.413570    1.996464
 2916.085690    2.062232
 2916.756590    2.129450
 2917.429200    2.198425
 2918.100340    2.268847
 2918.771730    2.340903
 2919.444580    2.414742
 2920.116210    2.490080
 2920.789550    2.567258
 2921.461670    2.645947
 2922.135500    2.726503
 2922.807370    2.808492
 2923.479740    2.892210
 2924.154050    2.977853
 2924.826660    3.064960
 2925.500980    3.153973
 2926.174070    3.244507
 2926.848880    3.336955
 2927.522220    3.430881
 2928.195800    3.526512
 2928.870850    3.624022
 2929.544920    3.723051
 2930.220460    3.823950
 2930.894530    3.926268
 2931.570310    4.030476
 2932.244630    4.136066
 2932.919190    4.243288
 2933.595700    4.352398
 2934.270260    4.462746
 2934.947270    4.575029
 2935.622310    4.688494
 2936.299070    4.803727
 2936.974850    4.920244
 2937.650390    5.038135
 2938.327880    5.157753
 2939.003660    5.278418
 2939.681400    5.400743
 2940.357670    5.524071
 2941.035640    5.648941
 2941.712160    5.774720
 2942.389160    5.901722
 2943.067630    6.030083
 2943.744630    6.159196
 2944.423580    6.289659
 2945.100830    6.420712
 2945.780030    6.553001
 2946.457760    6.685802
 2947.135500    6.819331
 2947.815190    6.953912
 2948.493410    7.088798
 2949.173100    7.224500
 2949.851560    7.360408
 2950.531980    7.497080
 2951.210450    7.633656
 2951.889650    7.770595
 2952.570070    7.907913
 2953.249270    8.045032
 2953.930660    8.182556
 2954.610110    8.319559
 2955.291500    8.456738
 2955.971190    8.593264
 2956.651120    8.729434
 2957.333010    8.865497
 2958.013180    9.000622
 2958.695560    9.135488
 2959.376220    9.269221
 2960.058350    9.402347
 2960.739500    9.534283
 2961.420410    9.665073
 2962.103520    9.795078
 2962.784910    9.923449
 2963.468020    10.050724
 2964.149900    10.176251
 2964.833500    10.300462
 2965.515380    10.422628
 2966.197750    10.543046
 2966.881590    10.661769
 2967.564210    10.778229
 2968.248540    10.892817
 2968.931150    11.004856
 2969.615720    11.114841
 2970.299070    11.222157
 2970.984130    11.327159
 2971.667480    11.429222
 2972.351070    11.528547
 2973.036620    11.625273
 2973.720700    11.718817
 2974.406250    11.809484
 2975.090580    11.896829
 2975.776610    11.981128
 2976.461180    12.061904
 2977.146000    12.139283
 2977.832280    12.213305
 2978.517580    12.283627
 2979.204350    12.350415
 2979.889650    12.413314
 2980.576660    12.472539
 2981.262210    12.527750
 2981.948240    12.579047
 2982.635990    12.626445
 2983.322020    12.669649
 2984.010010    12.708837
 2984.696530    12.743761
 2985.384770    12.774536
 2986.071530    12.800978
 2986.758540    12.823128
 2987.447270    12.840982
 2988.134770    12.854435
 2988.823490    12.863510
 2989.510990    12.868158
 2990.200440    12.868381
 2990.888180    12.864165
 2991.576170    12.855509
 2992.266360    12.842366
 2992.954830    12.824810
 2993.644780    12.802774
 2994.333500    12.776356
 2995.023930    12.745459
 2995.713130    12.710233
 2996.402100    12.670673
 2997.093020    12.626671
 2997.782710    12.578459
 2998.473880    12.525892
 2999.163570    12.469239
 2999.855470    12.408247
 3000.545410    12.343335
 3001.235600    12.274374
 3001.927730    12.201239
 3002.618410    12.124353
 3003.310550    12.043470
 3004.001710    11.958943
 3004.694340    11.870554
 3005.385740    11.778727
 3006.076900    11.683432
 3006.770020    11.584444
 3007.461670    11.482344
 3008.155270    11.376723
 3008.847410    11.268198
 3009.541260    11.156371
 3010.233400    11.041904
 3010.926270    10.924505
 3011.620360    10.804190
 3012.313230    10.681497
 3013.007810    10.556019
 3013.700930    10.428443
 3014.395750    10.298304
 3015.089360    10.166265
 3015.783200    10.032177
 3016.478270    9.895962
 3017.172610    9.758124
 3017.868160    9.618396
 3018.562260    9.477443
 3019.258540    9.334641
 3019.952880    9.190966
 3020.647950    9.045986
 3021.344480    8.899666
 3022.039310    8.752796
 3022.736330    8.604673
 3023.431640    8.456244
 3024.128660    8.306901
 3024.824460    8.157389
 3025.522220    8.007141
 3026.218020    7.857116
 3026.914310    7.706901
 3027.612300    7.556343
 3028.308840    7.406239
 3029.007080    7.256011
 3029.703860    7.106448
 3030.402590    6.956923
 3031.099850    6.808263
 3031.797120    6.660258
 3032.496090    6.512640
 3033.193600    6.366174
 3033.893310    6.220182
 3034.591060    6.075618
 3035.290770    5.931756
 3035.989010    5.789382
 3036.687740    5.648172
 3037.387700    5.508058
 3038.086670    5.369553
 3038.787350    5.232194
 3039.486080    5.096764
 3040.187260    4.962476
 3040.886470    4.830229
 3041.586180    4.699613
 3042.287350    4.570503
 3042.987550    4.443402
 3043.689210    4.317911
 3044.389160    4.194640
 3045.091060    4.072982
 3045.791750    3.953528
 3046.492430    3.836095
 3047.194820    3.720432
 3047.896000    3.607052
 3048.598880    3.495504
 3049.300050    3.386352
