 2653.384280    0.164165
 2653.996340    0.174247
 2654.606690    0.184857
 2655.217290    0.196055
 2655.829830    0.207903
 2656.440670    0.220357
 2657.053220    0.233520
 2657.664550    0.247357
 2658.277340    0.261964
 2658.888920    0.277309
 2659.500730    0.293463
 2660.114010    0.310494
 2660.725830    0.328360
 2661.339360    0.347190
 2661.951660    0.366935
 2662.565430    0.387722
 2663.177980    0.409502
 2663.790530    0.432359
 2664.404790    0.456403
 2665.017820    0.481566
 2665.632320    0.508008
 2666.245610    0.535658
 2666.860350    0.564689
 2667.473880    0.595023
 2668.089110    0.626860
 2668.702880    0.660087
 2669.316890    0.694846
 2669.932370    0.731268
 2670.546630    0.769249
 2671.162350    0.809015
 2671.776860    0.850451
 2672.393070    0.893814
 2673.007810    0.938945
 2673.622560    0.986003
 2674.239260    1.035210
 2674.854490    1.086358
 2675.471190    1.139755
 2676.086670    1.195233
 2676.703860    1.253125
 2677.319580    1.313200
 2677.935550    1.375684
 2678.552980    1.440778
 2679.169190    1.508266
 2679.786870    1.578514
 2680.403560    1.651313
 2681.021480    1.726993
 2681.638430    1.805353
 2682.255370    1.886580
 2682.873780    1.970943
 2683.490970    2.058147
 2684.109860    2.148675
 2684.727290    2.242131
 2685.346440    2.339063
 2685.964110    2.439041
 2686.582030    2.542396
 2687.201660    2.649451
 2687.819820    2.759722
 2688.439450    2.873791
 2689.057860    2.991225
 2689.677980    3.112641
 2690.296880    3.237525
 2690.915770    3.366165
 2691.536380    3.498982
 2692.155270    3.635293
 2692.776370    3.776009
 2693.395750    3.920291
 2694.016850    4.068978
 2694.636720    4.221407
 2695.256590    4.377902
 2695.877930    4.538875
 2696.498050    4.703661
 2697.119870    4.873065
 2697.740480    5.046311
 2698.362550    5.224167
 2698.983400    5.405876
 2699.604250    5.591790
 2700.226810    5.782435
 2700.847900    5.976840
 2701.470700    6.175989
 2702.092040    6.378856
 2702.715330    6.586540
 2703.337160    6.797882
 2703.958980    7.013333
 2704.582520    7.233463
 2705.204830    7.457200
 2705.828370    7.685371
 2706.450930    7.917119
 2707.074950    8.153292
 2707.697750    8.392809
 2708.320800    8.636147
 2708.945310    8.883716
 2709.568360    9.134264
 2710.193360    9.389076
 2710.816650    9.646555
 2711.441890    9.908107
 2712.065670    10.172188
 2712.689450    10.439283
 2713.314940    10.710005
 2713.939210    10.982952
 2714.565190    11.259262
 2715.189450    11.537276
 2715.815670    11.818465
 2716.440430    12.101133
 2717.066890    12.386544
 2717.691890    12.673074
 2718.317140    12.961316
 2718.943850    13.251648
 2719.569340    13.542630
 2720.196530    13.835421
 2720.822270    14.128331
 2721.449710    14.422630
 2722.075680    14.716609
 2722.702150    15.010958
 2723.329830    15.305792
 2723.956300    15.599729
 2724.584470    15.893900
 2725.211430    16.186693
 2725.839600    16.478996
 2726.466800    16.769539
 2727.093990    17.058517
 2727.722900    17.346458
 2728.350340    17.631649
 2728.979490    17.915268
 2729.607420    18.195728
 2730.236820    18.473961
 2730.864750    18.748409
 2731.493160    19.019663
 2732.122800    19.287765
 2732.751460    19.551506
 2733.381590    19.811646
 2734.010500    20.066803
 2734.640870    20.317810
 2735.270020    20.563328
 2735.899410    20.803688
 2736.530270    21.039078
 2737.159670    21.268156
 2737.790770    21.491825
 2738.420650    21.708797
 2739.052250    21.919840
 2739.682370    22.123653
 2740.312500    22.320509
 2740.944340    22.510694
 2741.575200    22.693172
 2742.207280    22.868366
 2742.838130    23.035402
 2743.470460    23.194794
 2744.101560    23.345673
 2744.732910    23.488239
 2745.365970    23.622616
 2745.997310    23.747917
 2746.630860    23.864765
 2747.262700    23.972290
 2747.896000    24.070908
 2748.528080    24.160078
 2749.160640    24.239950
 2749.794430    24.310486
 2750.427000    24.371326
 2751.061280    24.422670
 2751.694090    24.464191
 2752.328610    24.496042
 2752.961910    24.518026
 2753.595210    24.530186
 2754.230220    24.532501
 2754.863770    24.524946
 2755.499020    24.507492
 2756.132810    24.480238
 2756.768550    24.443058
 2757.402590    24.396202
 2758.036870    24.339623
 2758.673100    24.273178
 2759.307620    24.197329
 2759.943850    24.111755
 2760.578860    24.016941
 2761.215330    23.912598
 2761.850590    23.799276
 2762.487550    23.676586
 2763.123050    23.545277
 2763.758790    23.405170
 2764.396000    23.256134
 2765.031980    23.098967
 2765.669430    22.933178
 2766.305910    22.759590
 2766.943600    22.577797
 2767.580320    22.388634
 2768.216800    22.192120
 2768.855220    21.987774
 2769.492190    21.776909
 2770.130860    21.558710
 2770.768070    21.334503
 2771.407230    21.103325
 2772.044680    20.866754
 2772.682130    20.624439
 2773.321780    20.375776
 2773.959720    20.122547
 2774.599370    19.863668
 2775.237550    19.600691
 2775.877690    19.332481
 2776.516360    19.060738
 2777.155030    18.785139
 2777.795170    18.505312
 2778.434330    18.222607
 2779.074950    17.936216
 2779.714360    17.647621
 2780.355470    17.355776
 2780.995120    17.062401
 2781.634770    16.767109
 2782.276120    16.469376
 2782.916260    16.170834
 2783.558110    15.870381
 2784.198490    15.569771
 2784.840330    15.267885
 2785.480960    14.966248
 2786.121830    14.664419
 2786.764400    14.361961
 2787.405270    14.060721
 2788.048100    13.759220
 2788.689450    13.459290
 2789.332520    13.159676
 2789.974370    12.861961
 2790.615970    12.565905
 2791.259770    12.270593
 2791.901610    11.978128
 2792.545410    11.686926
 2793.187990    11.398611
 2793.832030    11.112158
 2794.474850    10.828935
 2795.117680    10.548559
 2795.762210    10.270451
 2796.405520    9.996027
 2797.050290    9.724287
 2797.693600    9.456596
 2798.338870    9.191662
 2798.982420    8.931108
 2799.626460    8.674142
 2800.272220    8.420400
 2800.916260    8.171317
 2801.562260    7.925568
 2802.206790    7.684535
 2802.852780    7.447196
 2803.497560    7.214603
 2804.142580    6.986275
 2804.789310    6.761764
 2805.434330    6.542296
 2806.081300    6.326667
 2806.726810    6.116050
 2807.374020    5.909433
 2808.020020    5.707774
 2808.666020    5.510691
 2809.313480    5.317752
 2809.959960    5.129693
 2810.607910    4.945799
 2811.254390    4.766889
 2811.902830    4.592006
 2812.549560    4.422114
 2813.198240    4.256230
 2813.845210    4.095258
 2814.492680    3.938603
 2815.141600    3.786009
 2815.789310    3.638063
 2816.438720    3.494055
 2817.086430    3.354688
 2817.736080    3.219124
 2818.384520    3.087973
 2819.032710    2.960962
 2819.682620    2.837659
 2820.331300    2.718560
 2820.981930    2.603018
 2821.630620    2.491658
 2822.281490    2.383697
 2822.930660    2.279713
 2823.580080    2.179306
 2824.231200    2.082190
 2824.880860    1.988761
 2825.532230    1.898487
 2826.182370    1.811700
 2826.833980    1.727962
 2827.484380    1.647540
 2828.134770    1.570194
 2828.786870    1.495652
 2829.437740    1.424173
 2830.090090    1.355381
 2830.741210    1.289483
 2831.394040    1.226104
 2832.045410    1.165474
 2832.697020    1.107350
 2833.350100    1.051554
 2834.001950    0.998239
 2834.655520    0.947092
 2835.307620    0.898288
 2835.961180    0.851532
 2836.613770    0.806930
 2837.266360    0.764336
 2837.920410    0.723592
 2838.573490    0.684782
 2839.228030    0.647696
 2839.881100    0.612431
 2840.535890    0.578753
 2841.189450    0.546750
 2841.843020    0.516294
 2842.498540    0.487242
 2843.152340    0.459697
 2843.807860    0.433455
 2844.462160    0.408581
 2845.118160    0.384908
 2845.772710    0.362499
 2846.427250    0.341248
 2847.083740    0.321046
 2847.738770    0.301950
 2848.395260    0.283829
 2849.050540    0.266710
 2849.707760    0.250470
 2850.363280    0.235155
 2851.018800    0.220681
 2851.676270    0.206968
 2852.332280    0.194053
 2852.989990    0.181832
 2853.646480    0.170329
 2854.304440    0.159461
 2854.960940    0.149243
 2855.617920    0.139612
 2856.276370    0.130527
 2856.933350    0.121999
 2857.592290    0.113955
 2858.249760    0.106411
 2858.908940    0.099305
 2859.566650    0.092649
 2860.224370    0.086400
 2860.883790    0.080523
 2861.541750    0.075026
 2862.201900    0.069856
 2862.860350    0.065026
 2863.520510    0.060493
 2864.179200    0.056259
 2864.839840    0.052288
 2865.498780    0.048586
 2866.157960    0.045124
 2866.818850    0.041883
 2867.478520    0.038862
 2868.139650    0.036038
 2868.799320    0.033410
 2869.460940    0.030953
 2870.121090    0.028669
 2870.781490    0.026542
 2871.443360    0.024557
 2872.103760    0.022715
 2872.766360    0.020995
 2873.427000    0.019402
 2874.089600    0.017919
 2874.750730    0.016543
 2875.412110    0.015266
 2876.075440    0.014079
 2876.736820    0.012980
 2877.400390    0.011960
 2878.062260    0.011017
 2878.725830    0.010141
 2879.388180    0.009333
 2880.050540    0.008585
 2880.714600    0.007892
 2881.377440    0.007253
 2882.041750    0.006661
 2882.704830    0.006116
 2883.369380    0.005612
 2884.032960    0.005148
 2884.696530    0.004720
 2885.361330    0.004325
 2886.025390    0.003962
 2886.690920    0.003627
 2887.354980    0.003319
 2888.020510    0.003036
 2888.685060    0.002775
 2889.349610    0.002537
 2890.015870    0.002316
 2890.680910    0.002115
 2891.347410    0.001930
 2892.012700    0.001760
 2892.679200    0.001605
 2893.344970    0.001463
 2894.010500    0.001332
 2894.677730    0.001213
 2895.343510    0.001104
 2896.011470    0.001004
 2896.677490    0.000913
 2897.345460    0.000830
 2898.011960    0.000753
 2898.678960    0.000684
 2899.347170    0.000621
 2900.014160    0.000563
 2900.682860    0.000510
 2901.350100    0.000463
 2902.019530    0.000419
 2902.687010    0.000380
 2903.354740    0.000343
 2904.024410    0.000310
 2904.692380    0.000280
 2905.361820    0.000254
 2906.030520    0.000229
 2906.700680    0.000207
 2907.369140    0.000187
 2908.038090    0.000168
 2908.708500    0.000152
 2909.377930    0.000136
 2910.048830    0.000123
 2910.718260    0.000111
 2911.389650    0.000099
 2912.059330    0.000090
 2912.729250    0.000080
 2913.400630    0.000072
 2914.070800    0.000065
 2914.742920    0.000058
 2915.413570    0.000052
 2916.085690    0.000047
 2916.756590    0.000042
 2917.429200    0.000037
 2918.100340    0.000033
 2918.771730    0.000031
 2919.444580    0.000027
 2920.116210    0.000024
 2920.789550    0.000022
 2921.461670    0.000019
 2922.135500    0.000017
 2922.807370    0.000015
 2923.479740    0.000013
 2924.154050    0.000012
 2924.826660    0.000010
 2925.500980    0.000010
 2926.174070    0.000009
 2926.848880    0.000008
 2927.522220    0.000007
 2928.195800    0.000006
 2928.870850    0.000006
 2929.544920    0.000005
 2930.220460    0.000004
 2930.894530    0.000004
 2931.570310    0.000004
 2932.244630    0.000003
 2932.919190    0.000003
 2933.595700    0.000002
 2934.270260    0.000002
 2934.947270    0.000002
 2935.622310    0.000002
 2936.299070    0.000001
 2936.974850    0.000001
 2937.650390    0.000001
 2938.327880    0.000001
 2939.003660    0.000001
 2939.681400    0.000001
 2940.357670    0.000001
 2941.035640    0.000001
 2941.712160    0.000001
 2942.389160    0.000000
 2943.067630    0.000000
 2943.744630    0.000000
 2944.423580    0.000000
 2945.100830    0.000000
 2945.780030    0.000000
 2946.457760    0.000000
 2947.135500    0.000000
 2947.815190    0.000000
 2948.493410    0.000000
 2949.173100    0.000000
 2949.851560    0.000000
 2950.531980    0.000000
 2951.210450    0.000000
 2951.889650    0.000000
 2952.570070    0.000000
 2953.249270    0.000000
 2953.930660    0.000000
 2954.610110    0.000000
 2955.291500    0.000000
 2955.971190    0.000000
 2956.651120    0.000000
 2957.333010    0.000000
 2958.013180    0.000000
 2958.695560    0.000000
 2959.376220    0.000000
 2960.058350    0.000000
 2960.739500    0.000000
 2961.420410    0.000000
 2962.103520    0.000000
 2962.784910    0.000000
 2963.468020    0.000000
 2964.149900    0.000000
 2964.833500    0.000000
 2965.515380    0.000000
 2966.197750    0.000000
 2966.881590    0.000000
 2967.564210    0.000000
 2968.248540    0.000000
 2968.931150    0.000000
 2969.615720    0.000000
 2970.299070    0.000000
 2970.984130    0.000000
 2971.667480    0.000000
 2972.351070    0.000000
 2973.036620    0.000000
 2973.720700    0.000000
 2974.406250    0.000000
 2975.090580    0.000000
 2975.776610    0.000000
 2976.461180    0.000000
 2977.146000    0.000000
 2977.832280    0.000000
 2978.517580    0.000000
 2979.204350    0.000000
 2979.889650    0.000000
 2980.576660    0.000000
 2981.262210    0.000000
 2981.948240    0.000000
 2982.635990    0.000000
 2983.322020    0.000000
 2984.010010    0.000000
 2984.696530    0.000000
 2985.384770    0.000000
 2986.071530    0.000000
 2986.758540    0.000000
 2987.447270    0.000000
 2988.134770    0.000000
 2988.823490    0.000000
 2989.510990    0.000000
 2990.200440    0.000000
 2990.888180    0.000000
 2991.576170    0.000000
 2992.266360    0.000000
 2992.954830    0.000000
 2993.644780    0.000000
 2994.333500    0.000000
 2995.023930    0.000000
 2995.713130    0.000000
 2996.402100    0.000000
 2997.093020    0.000000
 2997.782710    0.000000
 2998.473880    0.000000
 2999.163570    0.000000
 2999.855470    0.000000
 3000.545410    0.000000
 3001.235600    0.000000
 3001.927730    0.000000
 3002.618410    0.000000
 3003.310550    0.000000
 3004.001710    0.000000
 3004.694340    0.000000
 3005.385740    0.000000
 3006.076900    0.000000
 3006.770020    0.000000
 3007.461670    0.000000
 3008.155270    0.000000
 3008.847410    0.000000
 3009.541260    0.000000
 3010.233400    0.000000
 3010.926270    0.000000
 3011.620360    0.000000
 3012.313230    0.000000
 3013.007810    0.000000
 3013.700930    0.000000
 3014.395750    0.000000
 3015.089360    0.000000
 3015.783200    0.000000
 3016.478270    0.000000
 3017.172610    0.000000
 3017.868160    0.000000
 3018.562260    0.000000
 3019.258540    0.000000
 3019.952880    0.000000
 3020.647950    0.000000
 3021.344480    0.000000
 3022.039310    0.000000
 3022.736330    0.000000
 3023.431640    0.000000
 3024.128660    0.000000
 3024.824460    0.000000
 3025.522220    0.000000
 3026.218020    0.000000
 3026.914310    0.000000
 3027.612300    0.000000
 3028.308840    0.000000
 3029.007080    0.000000
 3029.703860    0.000000
 3030.402590    0.000000
 3031.099850    0.000000
 3031.797120    0.000000
 3032.496090    0.000000
 3033.193600    0.000000
 3033.893310    0.000000
 3034.591060    0.000000
 3035.290770    0.000000
 3035.989010    0.000000
 3036.687740    0.000000
 3037.387700    0.000000
 3038.086670    0.000000
 3038.787350    0.000000
 3039.486080    0.000000
 3040.187260    0.000000
 3040.886470    0.000000
 3041.586180    0.000000
 3042.287350    0.000000
 3042.987550    0.000000
 3043.689210    0.000000
 3044.389160    0.000000
 3045.091060    0.000000
 3045.791750    0.000000
 3046.492430    0.000000
 3047.194820    0.000000
 3047.896000    0.000000
 3048.598880    0.000000
 3049.300050    0.000000
