 2653.384280    0.000000
 2653.996340    0.000000
 2654.606690    0.000000
 2655.217290    0.000000
 2655.829830    0.000000
 2656.440670    0.000000
 2657.053220    0.000001
 2657.664550    0.000001
 2658.277340    0.000001
 2658.888920    0.000001
 2659.500730    0.000001
 2660.114010    0.000001
 2660.725830    0.000001
 2661.339360    0.000001
 2661.951660    0.000001
 2662.565430    0.000001
 2663.177980    0.000001
 2663.790530    0.000002
 2664.404790    0.000002
 2665.017820    0.000002
 2665.632320    0.000002
 2666.245610    0.000002
 2666.860350    0.000002
 2667.473880    0.000003
 2668.089110    0.000003
 2668.702880    0.000003
 2669.316890    0.000004
 2669.932370    0.000004
 2670.546630    0.000004
 2671.162350    0.000005
 2671.776860    0.000005
 2672.393070    0.000006
 2673.007810    0.000006
 2673.622560    0.000007
 2674.239260    0.000007
 2674.854490    0.000008
 2675.471190    0.000009
 2676.086670    0.000010
 2676.703860    0.000010
 2677.319580    0.000010
 2677.935550    0.000011
 2678.552980    0.000013
 2679.169190    0.000014
 2679.786870    0.000015
 2680.403560    0.000017
 2681.021480    0.000018
 2681.638430    0.000020
 2682.255370    0.000022
 2682.873780    0.000024
 2683.490970    0.000026
 2684.109860    0.000029
 2684.727290    0.000031
 2685.346440    0.000033
 2685.964110    0.000036
 2686.582030    0.000040
 2687.201660    0.000043
 2687.819820    0.000047
 2688.439450    0.000051
 2689.057860    0.000055
 2689.677980    0.000060
 2690.296880    0.000066
 2690.915770    0.000072
 2691.536380    0.000077
 2692.155270    0.000084
 2692.776370    0.000091
 2693.395750    0.000099
 2694.016850    0.000107
 2694.636720    0.000116
 2695.256590    0.000126
 2695.877930    0.000136
 2696.498050    0.000148
 2697.119870    0.000160
 2697.740480    0.000174
 2698.362550    0.000188
 2698.983400    0.000203
 2699.604250    0.000220
 2700.226810    0.000238
 2700.847900    0.000257
 2701.470700    0.000278
 2702.092040    0.000301
 2702.715330    0.000326
 2703.337160    0.000353
 2703.958980    0.000381
 2704.582520    0.000411
 2705.204830    0.000444
 2705.828370    0.000480
 2706.450930    0.000518
 2707.074950    0.000559
 2707.697750    0.000604
 2708.320800    0.000650
 2708.945310    0.000702
 2709.568360    0.000757
 2710.193360    0.000816
 2710.816650    0.000879
 2711.441890    0.000948
 2712.065670    0.001021
 2712.689450    0.001100
 2713.314940    0.001184
 2713.939210    0.001275
 2714.565190    0.001372
 2715.189450    0.001476
 2715.815670    0.001589
 2716.440430    0.001709
 2717.066890    0.001838
 2717.691890    0.001975
 2718.317140    0.002123
 2718.943850    0.002281
 2719.569340    0.002451
 2720.196530    0.002633
 2720.822270    0.002828
 2721.449710    0.003036
 2722.075680    0.003259
 2722.702150    0.003496
 2723.329830    0.003752
 2723.956300    0.004024
 2724.584470    0.004315
 2725.211430    0.004626
 2725.839600    0.004959
 2726.466800    0.005315
 2727.093990    0.005693
 2727.722900    0.006100
 2728.350340    0.006532
 2728.979490    0.006993
 2729.607420    0.007485
 2730.236820    0.008012
 2730.864750    0.008572
 2731.493160    0.009168
 2732.122800    0.009806
 2732.751460    0.010483
 2733.381590    0.011207
 2734.010500    0.011975
 2734.640870    0.012796
 2735.270020    0.013668
 2735.899410    0.014596
 2736.530270    0.015585
 2737.159670    0.016635
 2737.790770    0.017754
 2738.420650    0.018941
 2739.052250    0.020205
 2739.682370    0.021546
 2740.312500    0.022970
 2740.944340    0.024486
 2741.575200    0.026093
 2742.207280    0.027801
 2742.838130    0.029610
 2743.470460    0.031533
 2744.101560    0.033568
 2744.732910    0.035727
 2745.365970    0.038021
 2745.997310    0.040444
 2746.630860    0.043021
 2747.262700    0.045742
 2747.896000    0.048630
 2748.528080    0.051680
 2749.160640    0.054909
 2749.794430    0.058331
 2750.427000    0.061943
 2751.061280    0.065772
 2751.694090    0.069809
 2752.328610    0.074086
 2752.961910    0.078595
 2753.595210    0.083356
 2754.230220    0.088396
 2754.863770    0.093702
 2755.499020    0.099316
 2756.132810    0.105223
 2756.768550    0.111470
 2757.402590    0.118037
 2758.036870    0.124961
 2758.673100    0.132277
 2759.307620    0.139960
 2759.943850    0.148071
 2760.578860    0.156592
 2761.215330    0.165578
 2761.850590    0.175012
 2762.487550    0.184958
 2763.123050    0.195390
 2763.758790    0.206356
 2764.396000    0.217902
 2765.031980    0.230005
 2765.669430    0.242741
 2766.305910    0.256086
 2766.943600    0.270116
 2767.580320    0.284808
 2768.216800    0.300207
 2768.855220    0.316397
 2769.492190    0.333322
 2770.130860    0.351098
 2770.768070    0.369669
 2771.407230    0.389170
 2772.044680    0.409521
 2772.682130    0.430809
 2773.321780    0.453148
 2773.959720    0.476438
 2774.599370    0.500841
 2775.237550    0.526278
 2775.877690    0.552921
 2776.516360    0.580672
 2777.155030    0.609632
 2777.795170    0.639914
 2778.434330    0.671444
 2779.074950    0.704390
 2779.714360    0.738657
 2780.355470    0.774452
 2780.995120    0.811644
 2781.634770    0.850357
 2782.276120    0.890752
 2782.916260    0.932693
 2783.558110    0.976424
 2784.198490    1.021778
 2784.840330    1.069015
 2785.480960    1.117988
 2786.121830    1.168856
 2786.764400    1.221796
 2787.405270    1.276579
 2788.048100    1.333572
 2788.689450    1.392529
 2789.332520    1.453794
 2789.974370    1.517145
 2790.615970    1.582724
 2791.259770    1.650846
 2791.901610    1.721125
 2792.545410    1.794042
 2793.187990    1.869296
 2793.832030    1.947256
 2794.474850    2.027653
 2795.117680    2.110681
 2795.762210    2.196624
 2796.405520    2.285147
 2797.050290    2.376670
 2797.693600    2.470826
 2798.338870    2.568168
 2798.982420    2.668192
 2799.626460    2.771277
 2800.272220    2.877678
 2800.916260    2.986876
 2801.562260    3.099536
 2802.206790    3.215103
 2802.852780    3.334142
 2803.497560    3.456197
 2804.142580    3.581569
 2804.789310    3.710592
 2805.434330    3.842612
 2806.081300    3.978409
 2806.726810    4.117293
 2807.374020    4.259971
 2808.020020    4.405818
 2808.666020    4.555116
 2809.313480    4.708228
 2809.959960    4.864591
 2810.607910    5.024804
 2811.254390    5.188144
 2811.902830    5.355479
 2812.549560    5.525859
 2813.198240    5.700241
 2813.845210    5.877630
 2814.492680    6.058601
 2815.141600    6.243421
 2815.789310    6.431300
 2816.438720    6.623061
 2817.086430    6.817657
 2817.736080    7.016154
 2818.384520    7.217543
 2819.032710    7.422063
 2819.682620    7.630286
 2820.331300    7.841221
 2820.981930    8.055838
 2821.630620    8.272776
 2822.281490    8.493353
 2822.930660    8.716167
 2823.580080    8.941792
 2824.231200    9.170660
 2824.880860    9.401556
 2825.532230    9.635512
 2826.182370    9.871369
 2826.833980    10.109990
 2827.484380    10.350278
 2828.134770    10.592554
 2828.786870    10.837331
 2829.437740    11.083383
 2830.090090    11.331585
 2830.741210    11.580772
 2831.394040    11.831922
 2832.045410    12.083657
 2832.697020    12.336481
 2833.350100    12.590709
 2834.001950    12.845127
 2834.655520    13.100710
 2835.307620    13.356045
 2835.961180    13.612095
 2836.613770    13.867723
 2837.266360    14.123127
 2837.920410    14.378689
 2838.573490    14.633264
 2839.228030    14.887604
 2839.881100    15.140377
 2840.535890    15.392607
 2841.189450    15.642963
 2841.843020    15.891708
 2842.498540    16.139380
 2843.152340    16.384380
 2843.807860    16.627785
 2844.462160    16.868288
 2845.118160    17.106760
 2845.772710    17.341833
 2846.427250    17.573835
 2847.083740    17.803230
 2847.738770    18.028614
 2848.395260    18.250790
 2849.050540    18.468637
 2849.707760    18.683001
 2850.363280    18.892481
 2851.018800    19.097445
 2851.676270    19.298279
 2852.332280    19.493744
 2852.989990    19.684587
 2853.646480    19.869774
 2854.304440    20.049868
 2854.960940    20.223892
 2855.617920    20.392199
 2856.276370    20.554844
 2856.933350    20.710945
 2857.592290    20.861141
 2858.249760    21.004497
 2858.908940    21.141552
 2859.566650    21.271505
 2860.224370    21.394533
 2860.883790    21.510799
 2861.541750    21.619625
 2862.201900    21.721489
 2862.860350    21.815678
 2863.520510    21.902575
 2864.179200    21.981676
 2864.839840    22.053299
 2865.498780    22.116970
 2866.157960    22.172842
 2866.818850    22.220940
 2867.478520    22.261005
 2868.139650    22.293142
 2868.799320    22.317194
 2869.460940    22.333248
 2870.121090    22.341196
 2870.781490    22.341085
 2871.443360    22.332884
 2872.103760    22.316645
 2872.766360    22.292286
 2873.427000    22.259989
 2874.089600    22.219603
 2874.750730    22.171375
 2875.412110    22.115265
 2876.075440    22.051155
 2876.736820    21.979494
 2877.400390    21.899910
 2878.062260    21.812964
 2878.725830    21.718298
 2879.388180    21.616434
 2880.050540    21.507319
 2880.714600    21.390762
 2881.377440    21.267401
 2882.041750    21.136873
 2882.704830    20.999840
 2883.369380    20.855902
 2884.032960    20.705723
 2884.696530    20.549271
 2885.361330    20.386400
 2886.025390    20.217758
 2886.690920    20.042957
 2887.354980    19.862946
 2888.020510    19.677124
 2888.685060    19.486355
 2889.349610    19.290564
 2890.015870    19.089422
 2890.680910    18.884022
 2891.347410    18.673729
 2892.012700    18.459595
 2892.679200    18.241049
 2893.344970    18.018934
 2894.010500    17.793308
 2894.677730    17.563711
 2895.343510    17.331450
 2896.011470    17.095455
 2896.677490    16.857407
 2897.345460    16.616123
 2898.011960    16.373053
 2898.678960    16.127701
 2899.347170    15.880003
 2900.014160    15.631073
 2900.682860    15.380029
 2901.350100    15.128268
 2902.019530    14.874613
 2902.687010    14.620837
 2903.354740    14.366309
 2904.024410    14.110571
 2904.692380    13.855215
 2905.361820    13.599219
 2906.030520    13.343610
 2906.700680    13.087731
 2907.369140    12.832973
 2908.038090    12.578670
 2908.708500    12.324627
 2909.377930    12.071933
 2910.048830    11.819831
 2910.718260    11.569573
 2911.389650    11.320040
 2912.059330    11.072737
 2912.729250    10.827078
 2913.400630    10.582757
 2914.070800    10.340883
 2914.742920    10.100441
 2915.413570    9.862771
 2916.085690    9.626953
 2916.756590    9.394037
 2917.429200    9.163112
 2918.100340    8.935366
 2918.771730    8.710303
 2919.444580    8.487612
 2920.116210    8.268262
 2920.789550    8.051376
 2921.461670    7.837972
 2922.135500    7.627187
 2922.807370    7.420222
 2923.479740    7.216370
 2924.154050    7.015255
 2924.826660    6.818013
 2925.500980    6.623679
 2926.174070    6.433139
 2926.848880    6.245593
 2927.522220    6.061949
 2928.195800    5.881755
 2928.870850    5.704710
 2929.544920    5.531470
 2930.220460    5.361418
 2930.894530    5.195296
 2931.570310    5.032320
 2932.244630    4.873254
 2932.919190    4.717676
 2933.595700    4.565198
 2934.270260    4.416685
 2934.947270    4.271153
 2935.622310    4.129529
 2936.299070    3.991018
 2936.974850    3.856150
 2937.650390    3.724736
 2938.327880    3.596331
 2939.003660    3.471593
 2939.681400    3.349814
 2940.357670    3.231569
 2941.035640    3.116266
 2941.712160    3.004401
 2942.389160    2.895599
 2943.067630    2.789672
 2943.744630    2.687029
 2944.423580    2.587104
 2945.100830    2.490389
 2945.780030    2.396309
 2946.457760    2.305290
 2947.135500    2.217072
 2947.815190    2.131357
 2948.493410    2.048526
 2949.173100    1.968166
 2949.851560    1.890540
 2950.531980    1.815233
 2951.210450    1.742620
 2951.889650    1.672353
 2952.570070    1.604333
 2953.249270    1.538749
 2953.930660    1.475218
 2954.610110    1.414075
 2955.291500    1.354909
 2955.971190    1.297986
 2956.651120    1.243079
 2957.333010    1.190006
 2958.013180    1.139000
 2958.695560    1.089713
 2959.376220    1.042378
 2960.058350    0.996721
 2960.739500    0.952856
 2961.420410    0.910677
 2962.103520    0.869992
 2962.784910    0.830986
 2963.468020    0.793413
 2964.149900    0.757388
 2964.833500    0.722712
 2965.515380    0.689509
 2966.197750    0.657626
 2966.881590    0.626977
 2967.564210    0.597640
 2968.248540    0.569447
 2968.931150    0.542498
 2969.615720    0.516607
 2970.299070    0.491858
 2970.984130    0.468105
 2971.667480    0.445430
 2972.351070    0.423727
 2973.036620    0.402911
 2973.720700    0.383052
 2974.406250    0.364030
 2975.090580    0.345886
 2975.776610    0.328513
 2976.461180    0.311959
 2977.146000    0.296151
 2977.832280    0.281033
 2978.517580    0.266632
 2979.204350    0.252869
 2979.889650    0.239775
 2980.576660    0.227264
 2981.262210    0.215371
 2981.948240    0.204034
 2982.635990    0.193213
 2983.322020    0.182938
 2984.010010    0.173133
 2984.696530    0.163826
 2985.384770    0.154953
 2986.071530    0.146537
 2986.758540    0.138535
 2987.447270    0.130913
 2988.134770    0.123688
 2988.823490    0.116815
 2989.510990    0.110303
 2990.200440    0.104107
 2990.888180    0.098244
 2991.576170    0.092683
 2992.266360    0.087394
 2992.954830    0.082394
 2993.644780    0.077647
 2994.333500    0.073160
 2995.023930    0.068902
 2995.713130    0.064878
 2996.402100    0.061073
 2997.093020    0.057464
 2997.782710    0.054057
 2998.473880    0.050831
 2999.163570    0.047789
 2999.855470    0.044905
 3000.545410    0.042191
 3001.235600    0.039627
 3001.927730    0.037201
 3002.618410    0.034917
 3003.310550    0.032759
 3004.001710    0.030727
 3004.694340    0.028809
 3005.385740    0.027004
 3006.076900    0.025306
 3006.770020    0.023703
 3007.461670    0.022196
 3008.155270    0.020775
 3008.847410    0.019442
 3009.541260    0.018185
 3010.233400    0.017006
 3010.926270    0.015898
 3011.620360    0.014855
 3012.313230    0.013878
 3013.007810    0.012959
 3013.700930    0.012098
 3014.395750    0.011289
 3015.089360    0.010531
 3015.783200    0.009822
 3016.478270    0.009155
 3017.172610    0.008532
 3017.868160    0.007947
 3018.562260    0.007401
 3019.258540    0.006888
 3019.952880    0.006411
 3020.647950    0.005963
 3021.344480    0.005545
 3022.039310    0.005155
 3022.736330    0.004789
 3023.431640    0.004449
 3024.128660    0.004130
 3024.824460    0.003834
 3025.522220    0.003556
 3026.218020    0.003299
 3026.914310    0.003058
 3027.612300    0.002834
 3028.308840    0.002626
 3029.007080    0.002432
 3029.703860    0.002252
 3030.402590    0.002083
 3031.099850    0.001927
 3031.797120    0.001782
 3032.496090    0.001647
 3033.193600    0.001522
 3033.893310    0.001406
 3034.591060    0.001298
 3035.290770    0.001198
 3035.989010    0.001105
 3036.687740    0.001019
 3037.387700    0.000939
 3038.086670    0.000866
 3038.787350    0.000797
 3039.486080    0.000734
 3040.187260    0.000675
 3040.886470    0.000622
 3041.586180    0.000571
 3042.287350    0.000525
 3042.987550    0.000483
 3043.689210    0.000443
 3044.389160    0.000407
 3045.091060    0.000374
 3045.791750    0.000342
 3046.492430    0.000315
 3047.194820    0.000288
 3047.896000    0.000264
 3048.598880    0.000242
 3049.300050    0.000221
