 2653.384280    0.000000
 2653.996340    0.000000
 2654.606690    0.000000
 2655.217290    0.000000
 2655.829830    0.000000
 2656.440670    0.000000
 2657.053220    0.000000
 2657.664550    0.000000
 2658.277340    0.000000
 2658.888920    0.000000
 2659.500730    0.000000
 2660.114010    0.000000
 2660.725830    0.000000
 2661.339360    0.000000
 2661.951660    0.000000
 2662.565430    0.000000
 2663.177980    0.000000
 2663.790530    0.000000
 2664.404790    0.000000
 2665.017820    0.000000
 2665.632320    0.000000
 2666.245610    0.000000
 2666.860350    0.000000
 2667.473880    0.000000
 2668.089110    0.000000
 2668.702880    0.000000
 2669.316890    0.000000
 2669.932370    0.000000
 2670.546630    0.000000
 2671.162350    0.000000
 2671.776860    0.000000
 2672.393070    0.000000
 2673.007810    0.000000
 2673.622560    0.000000
 2674.239260    0.000000
 2674.854490    0.000000
 2675.471190    0.000000
 2676.086670    0.000001
 2676.703860    0.000001
 2677.319580    0.000001
 2677.935550    0.000001
 2678.552980    0.000001
 2679.169190    0.000001
 2679.786870    0.000001
 2680.403560    0.000001
 2681.021480    0.000001
 2681.638430    0.000001
 2682.255370    0.000001
 2682.873780    0.000001
 2683.490970    0.000002
 2684.109860    0.000002
 2684.727290    0.000002
 2685.346440    0.000002
 2685.964110    0.000002
 2686.582030    0.000002
 2687.201660    0.000003
 2687.819820    0.000003
 2688.439450    0.000003
 2689.057860    0.000004
 2689.677980    0.000004
 2690.296880    0.000004
 2690.915770    0.000005
 2691.536380    0.000005
 2692.155270    0.000006
 2692.776370    0.000006
 2693.395750    0.000007
 2694.016850    0.000007
 2694.636720    0.000008
 2695.256590    0.000009
 2695.877930    0.000010
 2696.498050    0.000010
 2697.119870    0.000010
 2697.740480    0.000011
 2698.362550    0.000013
 2698.983400    0.000014
 2699.604250    0.000015
 2700.226810    0.000017
 2700.847900    0.000018
 2701.470700    0.000020
 2702.092040    0.000022
 2702.715330    0.000024
 2703.337160    0.000026
 2703.958980    0.000028
 2704.582520    0.000031
 2705.204830    0.000032
 2705.828370    0.000035
 2706.450930    0.000039
 2707.074950    0.000042
 2707.697750    0.000046
 2708.320800    0.000050
 2708.945310    0.000054
 2709.568360    0.000059
 2710.193360    0.000064
 2710.816650    0.000070
 2711.441890    0.000075
 2712.065670    0.000081
 2712.689450    0.000089
 2713.314940    0.000095
 2713.939210    0.000104
 2714.565190    0.000113
 2715.189450    0.000122
 2715.815670    0.000132
 2716.440430    0.000143
 2717.066890    0.000155
 2717.691890    0.000167
 2718.317140    0.000181
 2718.943850    0.000196
 2719.569340    0.000212
 2720.196530    0.000229
 2720.822270    0.000248
 2721.449710    0.000268
 2722.075680    0.000289
 2722.702150    0.000312
 2723.329830    0.000338
 2723.956300    0.000364
 2724.584470    0.000393
 2725.211430    0.000424
 2725.839600    0.000458
 2726.466800    0.000494
 2727.093990    0.000533
 2727.722900    0.000574
 2728.350340    0.000619
 2728.979490    0.000668
 2729.607420    0.000719
 2730.236820    0.000775
 2730.864750    0.000834
 2731.493160    0.000899
 2732.122800    0.000968
 2732.751460    0.001041
 2733.381590    0.001122
 2734.010500    0.001206
 2734.640870    0.001298
 2735.270020    0.001395
 2735.899410    0.001500
 2736.530270    0.001613
 2737.159670    0.001733
 2737.790770    0.001863
 2738.420650    0.002000
 2739.052250    0.002149
 2739.682370    0.002307
 2740.312500    0.002476
 2740.944340    0.002658
 2741.575200    0.002851
 2742.207280    0.003059
 2742.838130    0.003281
 2743.470460    0.003518
 2744.101560    0.003772
 2744.732910    0.004042
 2745.365970    0.004332
 2745.997310    0.004640
 2746.630860    0.004971
 2747.262700    0.005322
 2747.896000    0.005698
 2748.528080    0.006099
 2749.160640    0.006526
 2749.794430    0.006983
 2750.427000    0.007468
 2751.061280    0.007987
 2751.694090    0.008538
 2752.328610    0.009128
 2752.961910    0.009753
 2753.595210    0.010420
 2754.230220    0.011131
 2754.863770    0.011886
 2755.499020    0.012692
 2756.132810    0.013546
 2756.768550    0.014458
 2757.402590    0.015424
 2758.036870    0.016451
 2758.673100    0.017546
 2759.307620    0.018705
 2759.943850    0.019940
 2760.578860    0.021249
 2761.215330    0.022641
 2761.850590    0.024115
 2762.487550    0.025683
 2763.123050    0.027342
 2763.758790    0.029101
 2764.396000    0.030972
 2765.031980    0.032948
 2765.669430    0.035048
 2766.305910    0.037269
 2766.943600    0.039624
 2767.580320    0.042114
 2768.216800    0.044748
 2768.855220    0.047543
 2769.492190    0.050492
 2770.130860    0.053619
 2770.768070    0.056918
 2771.407230    0.060414
 2772.044680    0.064098
 2772.682130    0.067989
 2773.321780    0.072112
 2773.959720    0.076452
 2774.599370    0.081045
 2775.237550    0.085880
 2775.877690    0.090995
 2776.516360    0.096376
 2777.155030    0.102048
 2777.795170    0.108039
 2778.434330    0.114341
 2779.074950    0.120994
 2779.714360    0.127984
 2780.355470    0.135363
 2780.995120    0.143108
 2781.634770    0.151257
 2782.276120    0.159848
 2782.916260    0.168864
 2783.558110    0.178365
 2784.198490    0.188324
 2784.840330    0.198809
 2785.480960    0.209797
 2786.121830    0.221335
 2786.764400    0.233477
 2787.405270    0.246179
 2788.048100    0.259541
 2788.689450    0.273518
 2789.332520    0.288205
 2789.974370    0.303565
 2790.615970    0.319646
 2791.259770    0.336541
 2791.901610    0.354173
 2792.545410    0.372679
 2793.187990    0.391999
 2793.832030    0.412251
 2794.474850    0.433379
 2795.117680    0.455459
 2795.762210    0.478586
 2796.405520    0.502693
 2797.050290    0.527918
 2797.693600    0.554183
 2798.338870    0.581669
 2798.982420    0.610258
 2799.626460    0.640086
 2800.272220    0.671257
 2800.916260    0.703646
 2801.562260    0.737482
 2802.206790    0.772631
 2802.852780    0.809296
 2803.497560    0.847370
 2804.142580    0.886983
 2804.789310    0.928278
 2805.434330    0.971083
 2806.081300    1.015690
 2806.726810    1.061913
 2807.374020    1.110029
 2808.020020    1.159872
 2808.666020    1.211580
 2809.313480    1.265327
 2809.959960    1.320963
 2810.607910    1.378750
 2811.254390    1.438479
 2811.902830    1.500520
 2812.549560    1.564573
 2813.198240    1.631055
 2813.845210    1.699641
 2814.492680    1.770612
 2815.141600    1.844134
 2815.789310    1.919956
 2816.438720    1.998475
 2817.086430    2.079326
 2817.736080    2.163018
 2818.384520    2.249195
 2819.032710    2.338027
 2819.682620    2.429838
 2820.331300    2.524264
 2820.981930    2.621818
 2821.630620    2.721956
 2822.281490    2.825367
 2822.930660    2.931474
 2823.580080    3.040627
 2824.231200    3.153125
 2824.880860    3.268458
 2825.532230    3.387228
 2826.182370    3.508937
 2826.833980    3.634122
 2827.484380    3.762297
 2828.134770    3.893722
 2828.786870    4.028780
 2829.437740    4.166889
 2830.090090    4.308641
 2830.741210    4.453472
 2831.394040    4.602050
 2832.045410    4.753666
 2832.697020    4.908719
 2833.350100    5.067512
 2834.001950    5.229398
 2834.655520    5.395106
 2835.307620    5.563827
 2835.961180    5.736308
 2836.613770    5.911898
 2837.266360    6.090831
 2837.920410    6.273501
 2838.573490    6.459202
 2839.228030    6.648603
 2839.881100    6.840822
 2840.535890    7.036756
 2841.189450    7.235486
 2841.843020    7.437331
 2842.498540    7.642851
 2843.152340    7.850845
 2843.807860    8.062338
 2844.462160    8.276319
 2845.118160    8.493677
 2845.772710    8.713287
 2846.427250    8.935550
 2847.083740    9.161052
 2847.738770    9.388532
 2848.395260    9.618907
 2849.050540    9.851137
 2849.707760    10.086245
 2850.363280    10.322805
 2851.018800    10.561314
 2851.676270    10.802367
 2852.332280    11.044588
 2852.989990    11.289019
 2853.646480    11.534435
 2854.304440    11.781699
 2854.960940    12.029570
 2855.617920    12.278627
 2856.276370    12.529098
 2856.933350    12.779702
 2857.592290    13.031590
 2858.249760    13.283285
 2858.908940    13.535834
 2859.566650    13.787846
 2860.224370    14.039708
 2860.883790    14.291893
 2861.541750    14.543003
 2862.201900    14.794253
 2862.860350    15.043963
 2863.520510    15.293241
 2864.179200    15.540691
 2864.839840    15.787406
 2865.498780    16.031818
 2866.157960    16.274462
 2866.818850    16.515665
 2867.478520    16.754162
 2868.139650    16.990717
 2868.799320    17.224083
 2869.460940    17.455265
 2870.121090    17.682863
 2870.781490    17.907278
 2871.443360    18.128712
 2872.103760    18.345985
 2872.766360    18.560101
 2873.427000    18.769522
 2874.089600    18.975290
 2874.750730    19.176147
 2875.412110    19.372446
 2876.075440    19.564478
 2876.736820    19.750933
 2877.400390    19.932798
 2878.062260    20.108824
 2878.725830    20.279747
 2879.388180    20.444647
 2880.050540    20.603672
 2880.714600    20.757063
 2881.377440    20.903984
 2882.041750    21.044876
 2882.704830    21.179031
 2883.369380    21.306854
 2884.032960    21.427738
 2884.696530    21.541759
 2885.361330    21.648989
 2886.025390    21.749002
 2886.690920    21.842014
 2887.354980    21.927523
 2888.020510    22.005821
 2888.685060    22.076536
 2889.349610    22.139715
 2890.015870    22.195429
 2890.680910    22.243374
 2891.347410    22.283686
 2892.012700    22.316168
 2892.679200    22.340902
 2893.344970    22.357788
 2894.010500    22.366844
 2894.677730    22.368067
 2895.343510    22.361446
 2896.011470    22.346945
 2896.677490    22.324673
 2897.345460    22.294523
 2898.011960    22.256683
 2898.678960    22.211100
 2899.347170    22.157751
 2900.014160    22.096889
 2900.682860    22.028313
 2901.350100    21.952416
 2902.019530    21.868856
 2902.687010    21.778242
 2903.354740    21.680403
 2904.024410    21.575161
 2904.692380    21.463200
 2905.361820    21.344114
 2906.030520    21.218410
 2906.700680    21.085800
 2907.369140    20.947058
 2908.038090    20.801889
 2908.708500    20.650204
 2909.377930    20.492712
 2910.048830    20.328993
 2910.718260    20.159925
 2911.389650    19.984819
 2912.059330    19.804798
 2912.729250    19.619543
 2913.400630    19.428873
 2914.070800    19.233742
 2914.742920    19.033405
 2915.413570    18.829073
 2916.085690    18.620052
 2916.756590    18.407372
 2917.429200    18.190298
 2918.100340    17.970060
 2918.771730    17.746309
 2919.444580    17.518829
 2920.116210    17.288731
 2920.789550    17.055218
 2921.461670    16.819506
 2922.135500    16.580772
 2922.807370    16.340519
 2923.479740    16.098085
 2924.154050    15.853137
 2924.826660    15.607205
 2925.500980    15.359240
 2926.174070    15.110516
 2926.848880    14.860147
 2927.522220    14.609504
 2928.195800    14.358144
 2928.870850    14.105797
 2929.544920    13.853561
 2930.220460    13.600707
 2930.894530    13.348509
 2931.570310    13.095955
 2932.244630    12.844402
 2932.919190    12.593379
 2933.595700    12.342421
 2934.270260    12.093126
 2934.947270    11.844035
 2935.622310    11.596911
 2936.299070    11.350560
 2936.974850    11.106102
 2937.650390    10.863403
 2938.327880    10.621814
 2939.003660    10.382763
 2939.681400    10.145077
 2940.357670    9.910074
 2941.035640    9.676762
 2941.712160    9.446341
 2942.389160    9.218237
 2943.067630    8.992229
 2943.744630    8.769383
 2944.423580    8.548658
 2945.100830    8.331329
 2945.780030    8.116293
 2946.457760    7.904706
 2947.135500    7.696163
 2947.815190    7.490136
 2948.493410    7.287718
 2949.173100    7.088082
 2949.851560    6.892064
 2950.531980    6.698791
 2951.210450    6.509407
 2951.889650    6.323183
 2952.570070    6.140026
 2953.249270    5.960613
 2953.930660    5.784066
 2954.610110    5.611476
 2955.291500    5.441857
 2955.971190    5.276131
 2956.651120    5.113807
 2957.333010    4.954494
 2958.013180    4.799042
 2958.695560    4.646553
 2959.376220    4.497890
 2960.058350    4.352342
 2960.739500    4.210414
 2961.420410    4.071924
 2962.103520    3.936364
 2962.784910    3.804485
 2963.468020    3.675597
 2964.149900    3.550222
 2964.833500    3.427793
 2965.515380    3.308884
 2966.197750    3.193064
 2966.881590    3.080142
 2967.564210    2.970521
 2968.248540    2.863689
 2968.931150    2.760136
 2969.615720    2.659260
 2970.299070    2.561488
 2970.984130    2.466352
 2971.667480    2.374280
 2972.351070    2.284947
 2973.036620    2.198093
 2973.720700    2.114101
 2974.406250    2.032558
 2975.090580    1.953733
 2975.776610    1.877237
 2976.461180    1.803371
 2977.146000    1.731892
 2977.832280    1.662623
 2978.517580    1.595762
 2979.204350    1.531019
 2979.889650    1.468615
 2980.576660    1.408207
 2981.262210    1.350023
 2981.948240    1.293840
 2982.635990    1.239512
 2983.322020    1.187260
 2984.010010    1.136749
 2984.696530    1.088183
 2985.384770    1.041287
 2986.071530    0.996227
 2986.758540    0.952837
 2987.447270    0.910981
 2988.134770    0.870791
 2988.823490    0.832076
 2989.510990    0.794926
 2990.200440    0.759125
 2990.888180    0.724818
 2991.576170    0.691860
 2992.266360    0.660119
 2992.954830    0.629734
 2993.644780    0.600521
 2994.333500    0.572555
 2995.023930    0.545674
 2995.713130    0.519958
 2996.402100    0.495325
 2997.093020    0.471664
 2997.782710    0.449049
 2998.473880    0.427356
 2999.163570    0.406641
 2999.855470    0.386763
 3000.545410    0.367807
 3001.235600    0.349678
 3001.927730    0.332303
 3002.618410    0.315739
 3003.310550    0.299885
 3004.001710    0.284769
 3004.694340    0.270310
 3005.385740    0.256538
 3006.076900    0.243405
 3006.770020    0.230846
 3007.461670    0.218899
 3008.155270    0.207480
 3008.847410    0.196626
 3009.541260    0.186262
 3010.233400    0.176418
 3010.926270    0.167040
 3011.620360    0.158099
 3012.313230    0.149610
 3013.007810    0.141517
 3013.700930    0.133840
 3014.395750    0.126526
 3015.089360    0.119590
 3015.783200    0.112999
 3016.478270    0.106731
 3017.172610    0.100788
 3017.868160    0.095139
 3018.562260    0.089791
 3019.258540    0.084704
 3019.952880    0.079896
 3020.647950    0.075334
 3021.344480    0.071003
 3022.039310    0.066911
 3022.736330    0.063025
 3023.431640    0.059355
 3024.128660    0.055875
 3024.824460    0.052588
 3025.522220    0.049473
 3026.218020    0.046535
 3026.914310    0.043757
 3027.612300    0.041126
 3028.308840    0.038648
 3029.007080    0.036302
 3029.703860    0.034092
 3030.402590    0.032001
 3031.099850    0.030034
 3031.797120    0.028179
 3032.496090    0.026426
 3033.193600    0.024778
 3033.893310    0.023222
 3034.591060    0.021760
 3035.290770    0.020379
 3035.989010    0.019084
 3036.687740    0.017863
 3037.387700    0.016715
 3038.086670    0.015635
 3038.787350    0.014620
 3039.486080    0.013668
 3040.187260    0.012771
 3040.886470    0.011931
 3041.586180    0.011143
 3042.287350    0.010401
 3042.987550    0.009707
 3043.689210    0.009055
 3044.389160    0.008445
 3045.091060    0.007873
 3045.791750    0.007337
 3046.492430    0.006836
 3047.194820    0.006366
 3047.896000    0.005926
 3048.598880    0.005515
 3049.300050    0.005131
