 2653.384280    0.000100
 2653.996340    0.000112
 2654.606690    0.000125
 2655.217290    0.000140
 2655.829830    0.000156
 2656.440670    0.000175
 2657.053220    0.000195
 2657.664550    0.000216
 2658.277340    0.000240
 2658.888920    0.000267
 2659.500730    0.000297
 2660.114010    0.000328
 2660.725830    0.000363
 2661.339360    0.000402
 2661.951660    0.000444
 2662.565430    0.000490
 2663.177980    0.000540
 2663.790530    0.000594
 2664.404790    0.000653
 2665.017820    0.000717
 2665.632320    0.000788
 2666.245610    0.000863
 2666.860350    0.000945
 2667.473880    0.001034
 2668.089110    0.001129
 2668.702880    0.001232
 2669.316890    0.001344
 2669.932370    0.001464
 2670.546630    0.001594
 2671.162350    0.001733
 2671.776860    0.001883
 2672.393070    0.002043
 2673.007810    0.002215
 2673.622560    0.002399
 2674.239260    0.002598
 2674.854490    0.002810
 2675.471190    0.003037
 2676.086670    0.003280
 2676.703860    0.003539
 2677.319580    0.003817
 2677.935550    0.004113
 2678.552980    0.004431
 2679.169190    0.004768
 2679.786870    0.005131
 2680.403560    0.005517
 2681.021480    0.005931
 2681.638430    0.006372
 2682.255370    0.006845
 2682.873780    0.007350
 2683.490970    0.007891
 2684.109860    0.008471
 2684.727290    0.009092
 2685.346440    0.009760
 2685.964110    0.010475
 2686.582030    0.011245
 2687.201660    0.012074
 2687.819820    0.012965
 2688.439450    0.013929
 2689.057860    0.014968
 2689.677980    0.016093
 2690.296880    0.017309
 2690.915770    0.018626
 2691.536380    0.020060
 2692.155270    0.021613
 2692.776370    0.023308
 2693.395750    0.025148
 2694.016850    0.027161
 2694.636720    0.029352
 2695.256590    0.031745
 2695.877930    0.034368
 2696.498050    0.037231
 2697.119870    0.040376
 2697.740480    0.043814
 2698.362550    0.047592
 2698.983400    0.051726
 2699.604250    0.056263
 2700.226810    0.061255
 2700.847900    0.066720
 2701.470700    0.072737
 2702.092040    0.079325
 2702.715330    0.086579
 2703.337160    0.094522
 2703.958980    0.103237
 2704.582520    0.112823
 2705.204830    0.123312
 2705.828370    0.134832
 2706.450930    0.147432
 2707.074950    0.161262
 2707.697750    0.176366
 2708.320800    0.192888
 2708.945310    0.210988
 2709.568360    0.230708
 2710.193360    0.252295
 2710.816650    0.275769
 2711.441890    0.301424
 2712.065670    0.329286
 2712.689450    0.359583
 2713.314940    0.392594
 2713.939210    0.428360
 2714.565190    0.467255
 2715.189450    0.509280
 2715.815670    0.554908
 2716.440430    0.604127
 2717.066890    0.657434
 2717.691890    0.714815
 2718.317140    0.776678
 2718.943850    0.843436
 2719.569340    0.915089
 2720.196530    0.992267
 2720.822270    1.074883
 2721.449710    1.163669
 2722.075680    1.258490
 2722.702150    1.359946
 2723.329830    1.468508
 2723.956300    1.584080
 2724.584470    1.707542
 2725.211430    1.838660
 2725.839600    1.978274
 2726.466800    2.126231
 2727.093990    2.283065
 2727.722900    2.449560
 2728.350340    2.625195
 2728.979490    2.811166
 2729.607420    3.006912
 2730.236820    3.213552
 2730.864750    3.430388
 2731.493160    3.658311
 2732.122800    3.897852
 2732.751460    4.148382
 2733.381590    4.411056
 2734.010500    4.684907
 2734.640870    4.971222
 2735.270020    5.268866
 2735.899410    5.578542
 2736.530270    5.900903
 2737.159670    6.234411
 2737.790770    6.580671
 2738.420650    6.937957
 2739.052250    7.307764
 2739.682370    7.688012
 2740.312500    8.079264
 2740.944340    8.482288
 2741.575200    8.894999
 2742.207280    9.318392
 2742.838130    9.750326
 2743.470460    10.192084
 2744.101560    10.641175
 2744.732910    11.097946
 2745.365970    11.562754
 2745.997310    12.032299
 2746.630860    12.508646
 2747.262700    12.987963
 2747.896000    13.471702
 2748.528080    13.956814
 2749.160640    14.443561
 2749.794430    14.931417
 2750.427000    15.417377
 2751.061280    15.902520
 2751.694090    16.383219
 2752.328610    16.860653
 2752.961910    17.331369
 2753.595210    17.795029
 2754.230220    18.251568
 2754.863770    18.697430
 2755.499020    19.133551
 2756.132810    19.556469
 2756.768550    19.967186
 2757.402590    20.362082
 2758.036870    20.741201
 2758.673100    21.104296
 2759.307620    21.448107
 2759.943850    21.773375
 2760.578860    22.077519
 2761.215330    22.360807
 2761.850590    22.621084
 2762.487550    22.858643
 2763.123050    23.071480
 2763.758790    23.259504
 2764.396000    23.422321
 2765.031980    23.558666
 2765.669430    23.668617
 2766.305910    23.751328
 2766.943600    23.806772
 2767.580320    23.834545
 2768.216800    23.834644
 2768.855220    23.806952
 2769.492190    23.751671
 2770.130860    23.668695
 2770.768070    23.558703
 2771.407230    23.421444
 2772.044680    23.258161
 2772.682130    23.069075
 2773.321780    22.854046
 2773.959720    22.615089
 2774.599370    22.351730
 2775.237550    22.066143
 2775.877690    21.757729
 2776.516360    21.429121
 2777.155030    21.080719
 2777.795170    20.712784
 2778.434330    20.327871
 2779.074950    19.925716
 2779.714360    19.509249
 2780.355470    19.077829
 2780.995120    18.634888
 2781.634770    18.180775
 2782.276120    17.715559
 2782.916260    17.242687
 2783.558110    16.761316
 2784.198490    16.275143
 2784.840330    15.783249
 2785.480960    15.288968
 2786.121830    14.792434
 2786.764400    14.293726
 2787.405270    13.796686
 2788.048100    13.299623
 2788.689450    12.806282
 2789.332520    12.315281
 2789.974370    11.829864
 2790.615970    11.350223
 2791.259770    10.875451
 2791.901610    10.409448
 2792.545410    9.950150
 2793.187990    9.500550
 2793.832030    9.059424
 2794.474850    8.629208
 2795.117680    8.209576
 2795.762210    7.799925
 2796.405520    7.402530
 2797.050290    7.016083
 2797.693600    6.642625
 2798.338870    6.280414
 2798.982420    5.931683
 2799.626460    5.595326
 2800.272220    5.270840
 2800.916260    4.959960
 2801.562260    4.660902
 2802.206790    4.375195
 2802.852780    4.101429
 2803.497560    3.840605
 2804.142580    3.591923
 2804.789310    3.354660
 2805.434330    3.129830
 2806.081300    2.915899
 2806.726810    2.713720
 2807.374020    2.521997
 2808.020020    2.341286
 2808.666020    2.170875
 2809.313480    2.010060
 2809.959960    1.859100
 2810.607910    1.717065
 2811.254390    1.584227
 2811.902830    1.459514
 2812.549560    1.343260
 2813.198240    1.234436
 2813.845210    1.133287
 2814.492680    1.039083
 2815.141600    0.951346
 2815.789310    0.870090
 2816.438720    0.794603
 2817.086430    0.724943
 2817.736080    0.660389
 2818.384520    0.600945
 2819.032710    0.546195
 2819.682620    0.495692
 2820.331300    0.449384
 2820.981930    0.406775
 2821.630620    0.367859
 2822.281490    0.332138
 2822.930660    0.299593
 2823.580080    0.269891
 2824.231200    0.242763
 2824.880860    0.218142
 2825.532230    0.195716
 2826.182370    0.175413
 2826.833980    0.156981
 2827.484380    0.140338
 2828.134770    0.125302
 2828.786870    0.111704
 2829.437740    0.099478
 2830.090090    0.088455
 2830.741210    0.078572
 2831.394040    0.069684
 2832.045410    0.061740
 2832.697020    0.054629
 2833.350100    0.048265
 2834.001950    0.042596
 2834.655520    0.037534
 2835.307620    0.033041
 2835.961180    0.029040
 2836.613770    0.025496
 2837.266360    0.022357
 2837.920410    0.019573
 2838.573490    0.017118
 2839.228030    0.014947
 2839.881100    0.013039
 2840.535890    0.011355
 2841.189450    0.009879
 2841.843020    0.008584
 2842.498540    0.007446
 2843.152340    0.006454
 2843.807860    0.005583
 2844.462160    0.004826
 2845.118160    0.004164
 2845.772710    0.003590
 2846.427250    0.003091
 2847.083740    0.002656
 2847.738770    0.002281
 2848.395260    0.001955
 2849.050540    0.001675
 2849.707760    0.001431
 2850.363280    0.001223
 2851.018800    0.001043
 2851.676270    0.000888
 2852.332280    0.000755
 2852.989990    0.000642
 2853.646480    0.000545
 2854.304440    0.000461
 2854.960940    0.000390
 2855.617920    0.000330
 2856.276370    0.000278
 2856.933350    0.000235
 2857.592290    0.000197
 2858.249760    0.000166
 2858.908940    0.000139
 2859.566650    0.000116
 2860.224370    0.000097
 2860.883790    0.000081
 2861.541750    0.000068
 2862.201900    0.000056
 2862.860350    0.000048
 2863.520510    0.000039
 2864.179200    0.000032
 2864.839840    0.000027
 2865.498780    0.000022
 2866.157960    0.000018
 2866.818850    0.000015
 2867.478520    0.000012
 2868.139650    0.000010
 2868.799320    0.000009
 2869.460940    0.000007
 2870.121090    0.000006
 2870.781490    0.000005
 2871.443360    0.000004
 2872.103760    0.000003
 2872.766360    0.000003
 2873.427000    0.000002
 2874.089600    0.000002
 2874.750730    0.000001
 2875.412110    0.000001
 2876.075440    0.000001
 2876.736820    0.000001
 2877.400390    0.000001
 2878.062260    0.000001
 2878.725830    0.000000
 2879.388180    0.000000
 2880.050540    0.000000
 2880.714600    0.000000
 2881.377440    0.000000
 2882.041750    0.000000
 2882.704830    0.000000
 2883.369380    0.000000
 2884.032960    0.000000
 2884.696530    0.000000
 2885.361330    0.000000
 2886.025390    0.000000
 2886.690920    0.000000
 2887.354980    0.000000
 2888.020510    0.000000
 2888.685060    0.000000
 2889.349610    0.000000
 2890.015870    0.000000
 2890.680910    0.000000
 2891.347410    0.000000
 2892.012700    0.000000
 2892.679200    0.000000
 2893.344970    0.000000
 2894.010500    0.000000
 2894.677730    0.000000
 2895.343510    0.000000
 2896.011470    0.000000
 2896.677490    0.000000
 2897.345460    0.000000
 2898.011960    0.000000
 2898.678960    0.000000
 2899.347170    0.000000
 2900.014160    0.000000
 2900.682860    0.000000
 2901.350100    0.000000
 2902.019530    0.000000
 2902.687010    0.000000
 2903.354740    0.000000
 2904.024410    0.000000
 2904.692380    0.000000
 2905.361820    0.000000
 2906.030520    0.000000
 2906.700680    0.000000
 2907.369140    0.000000
 2908.038090    0.000000
 2908.708500    0.000000
 2909.377930    0.000000
 2910.048830    0.000000
 2910.718260    0.000000
 2911.389650    0.000000
 2912.059330    0.000000
 2912.729250    0.000000
 2913.400630    0.000000
 2914.070800    0.000000
 2914.742920    0.000000
 2915.413570    0.000000
 2916.085690    0.000000
 2916.756590    0.000000
 2917.429200    0.000000
 2918.100340    0.000000
 2918.771730    0.000000
 2919.444580    0.000000
 2920.116210    0.000000
 2920.789550    0.000000
 2921.461670    0.000000
 2922.135500    0.000000
 2922.807370    0.000000
 2923.479740    0.000000
 2924.154050    0.000000
 2924.826660    0.000000
 2925.500980    0.000000
 2926.174070    0.000000
 2926.848880    0.000000
 2927.522220    0.000000
 2928.195800    0.000000
 2928.870850    0.000000
 2929.544920    0.000000
 2930.220460    0.000000
 2930.894530    0.000000
 2931.570310    0.000000
 2932.244630    0.000000
 2932.919190    0.000000
 2933.595700    0.000000
 2934.270260    0.000000
 2934.947270    0.000000
 2935.622310    0.000000
 2936.299070    0.000000
 2936.974850    0.000000
 2937.650390    0.000000
 2938.327880    0.000000
 2939.003660    0.000000
 2939.681400    0.000000
 2940.357670    0.000000
 2941.035640    0.000000
 2941.712160    0.000000
 2942.389160    0.000000
 2943.067630    0.000000
 2943.744630    0.000000
 2944.423580    0.000000
 2945.100830    0.000000
 2945.780030    0.000000
 2946.457760    0.000000
 2947.135500    0.000000
 2947.815190    0.000000
 2948.493410    0.000000
 2949.173100    0.000000
 2949.851560    0.000000
 2950.531980    0.000000
 2951.210450    0.000000
 2951.889650    0.000000
 2952.570070    0.000000
 2953.249270    0.000000
 2953.930660    0.000000
 2954.610110    0.000000
 2955.291500    0.000000
 2955.971190    0.000000
 2956.651120    0.000000
 2957.333010    0.000000
 2958.013180    0.000000
 2958.695560    0.000000
 2959.376220    0.000000
 2960.058350    0.000000
 2960.739500    0.000000
 2961.420410    0.000000
 2962.103520    0.000000
 2962.784910    0.000000
 2963.468020    0.000000
 2964.149900    0.000000
 2964.833500    0.000000
 2965.515380    0.000000
 2966.197750    0.000000
 2966.881590    0.000000
 2967.564210    0.000000
 2968.248540    0.000000
 2968.931150    0.000000
 2969.615720    0.000000
 2970.299070    0.000000
 2970.984130    0.000000
 2971.667480    0.000000
 2972.351070    0.000000
 2973.036620    0.000000
 2973.720700    0.000000
 2974.406250    0.000000
 2975.090580    0.000000
 2975.776610    0.000000
 2976.461180    0.000000
 2977.146000    0.000000
 2977.832280    0.000000
 2978.517580    0.000000
 2979.204350    0.000000
 2979.889650    0.000000
 2980.576660    0.000000
 2981.262210    0.000000
 2981.948240    0.000000
 2982.635990    0.000000
 2983.322020    0.000000
 2984.010010    0.000000
 2984.696530    0.000000
 2985.384770    0.000000
 2986.071530    0.000000
 2986.758540    0.000000
 2987.447270    0.000000
 2988.134770    0.000000
 2988.823490    0.000000
 2989.510990    0.000000
 2990.200440    0.000000
 2990.888180    0.000000
 2991.576170    0.000000
 2992.266360    0.000000
 2992.954830    0.000000
 2993.644780    0.000000
 2994.333500    0.000000
 2995.023930    0.000000
 2995.713130    0.000000
 2996.402100    0.000000
 2997.093020    0.000000
 2997.782710    0.000000
 2998.473880    0.000000
 2999.163570    0.000000
 2999.855470    0.000000
 3000.545410    0.000000
 3001.235600    0.000000
 3001.927730    0.000000
 3002.618410    0.000000
 3003.310550    0.000000
 3004.001710    0.000000
 3004.694340    0.000000
 3005.385740    0.000000
 3006.076900    0.000000
 3006.770020    0.000000
 3007.461670    0.000000
 3008.155270    0.000000
 3008.847410    0.000000
 3009.541260    0.000000
 3010.233400    0.000000
 3010.926270    0.000000
 3011.620360    0.000000
 3012.313230    0.000000
 3013.007810    0.000000
 3013.700930    0.000000
 3014.395750    0.000000
 3015.089360    0.000000
 3015.783200    0.000000
 3016.478270    0.000000
 3017.172610    0.000000
 3017.868160    0.000000
 3018.562260    0.000000
 3019.258540    0.000000
 3019.952880    0.000000
 3020.647950    0.000000
 3021.344480    0.000000
 3022.039310    0.000000
 3022.736330    0.000000
 3023.431640    0.000000
 3024.128660    0.000000
 3024.824460    0.000000
 3025.522220    0.000000
 3026.218020    0.000000
 3026.914310    0.000000
 3027.612300    0.000000
 3028.308840    0.000000
 3029.007080    0.000000
 3029.703860    0.000000
 3030.402590    0.000000
 3031.099850    0.000000
 3031.797120    0.000000
 3032.496090    0.000000
 3033.193600    0.000000
 3033.893310    0.000000
 3034.591060    0.000000
 3035.290770    0.000000
 3035.989010    0.000000
 3036.687740    0.000000
 3037.387700    0.000000
 3038.086670    0.000000
 3038.787350    0.000000
 3039.486080    0.000000
 3040.187260    0.000000
 3040.886470    0.000000
 3041.586180    0.000000
 3042.287350    0.000000
 3042.987550    0.000000
 3043.689210    0.000000
 3044.389160    0.000000
 3045.091060    0.000000
 3045.791750    0.000000
 3046.492430    0.000000
 3047.194820    0.000000
 3047.896000    0.000000
 3048.598880    0.000000
 3049.300050    0.000000
