 2653.384280    0.000000
 2653.996340    0.000000
 2654.606690    0.000000
 2655.217290    0.000000
 2655.829830    0.000000
 2656.440670    0.000000
 2657.053220    0.000000
 2657.664550    0.000000
 2658.277340    0.000000
 2658.888920    0.000000
 2659.500730    0.000000
 2660.114010    0.000000
 2660.725830    0.000000
 2661.339360    0.000000
 2661.951660    0.000000
 2662.565430    0.000000
 2663.177980    0.000000
 2663.790530    0.000000
 2664.404790    0.000000
 2665.017820    0.000000
 2665.632320    0.000000
 2666.245610    0.000000
 2666.860350    0.000000
 2667.473880    0.000000
 2668.089110    0.000000
 2668.702880    0.000000
 2669.316890    0.000000
 2669.932370    0.000000
 2670.546630    0.000000
 2671.162350    0.000000
 2671.776860    0.000000
 2672.393070    0.000000
 2673.007810    0.000000
 2673.622560    0.000000
 2674.239260    0.000000
 2674.854490    0.000000
 2675.471190    0.000000
 2676.086670    0.000000
 2676.703860    0.000000
 2677.319580    0.000000
 2677.935550    0.000000
 2678.552980    0.000000
 2679.169190    0.000000
 2679.786870    0.000000
 2680.403560    0.000000
 2681.021480    0.000000
 2681.638430    0.000000
 2682.255370    0.000000
 2682.873780    0.000000
 2683.490970    0.000000
 2684.109860    0.000000
 2684.727290    0.000000
 2685.346440    0.000000
 2685.964110    0.000000
 2686.582030    0.000000
 2687.201660    0.000000
 2687.819820    0.000000
 2688.439450    0.000000
 2689.057860    0.000000
 2689.677980    0.000000
 2690.296880    0.000000
 2690.915770    0.000000
 2691.536380    0.000000
 2692.155270    0.000000
 2692.776370    0.000000
 2693.395750    0.000000
 2694.016850    0.000000
 2694.636720    0.000000
 2695.256590    0.000000
 2695.877930    0.000000
 2696.498050    0.000000
 2697.119870    0.000000
 2697.740480    0.000000
 2698.362550    0.000000
 2698.983400    0.000000
 2699.604250    0.000000
 2700.226810    0.000000
 2700.847900    0.000000
 2701.470700    0.000000
 2702.092040    0.000000
 2702.715330    0.000000
 2703.337160    0.000000
 2703.958980    0.000000
 2704.582520    0.000000
 2705.204830    0.000000
 2705.828370    0.000000
 2706.450930    0.000000
 2707.074950    0.000000
 2707.697750    0.000000
 2708.320800    0.000000
 2708.945310    0.000000
 2709.568360    0.000000
 2710.193360    0.000000
 2710.816650    0.000000
 2711.441890    0.000000
 2712.065670    0.000000
 2712.689450    0.000000
 2713.314940    0.000000
 2713.939210    0.000000
 2714.565190    0.000000
 2715.189450    0.000000
 2715.815670    0.000000
 2716.440430    0.000000
 2717.066890    0.000000
 2717.691890    0.000000
 2718.317140    0.000000
 2718.943850    0.000000
 2719.569340    0.000000
 2720.196530    0.000000
 2720.822270    0.000000
 2721.449710    0.000000
 2722.075680    0.000000
 2722.702150    0.000000
 2723.329830    0.000000
 2723.956300    0.000000
 2724.584470    0.000000
 2725.211430    0.000000
 2725.839600    0.000000
 2726.466800    0.000000
 2727.093990    0.000000
 2727.722900    0.000000
 2728.350340    0.000000
 2728.979490    0.000000
 2729.607420    0.000000
 2730.236820    0.000000
 2730.864750    0.000000
 2731.493160    0.000000
 2732.122800    0.000000
 2732.751460    0.000000
 2733.381590    0.000000
 2734.010500    0.000000
 2734.640870    0.000000
 2735.270020    0.000000
 2735.899410    0.000000
 2736.530270    0.000000
 2737.159670    0.000000
 2737.790770    0.000000
 2738.420650    0.000000
 2739.052250    0.000000
 2739.682370    0.000000
 2740.312500    0.000000
 2740.944340    0.000000
 2741.575200    0.000000
 2742.207280    0.000000
 2742.838130    0.000000
 2743.470460    0.000000
 2744.101560    0.000000
 2744.732910    0.000000
 2745.365970    0.000000
 2745.997310    0.000000
 2746.630860    0.000000
 2747.262700    0.000000
 2747.896000    0.000000
 2748.528080    0.000000
 2749.160640    0.000000
 2749.794430    0.000000
 2750.427000    0.000000
 2751.061280    0.000000
 2751.694090    0.000000
 2752.328610    0.000000
 2752.961910    0.000000
 2753.595210    0.000000
 2754.230220    0.000000
 2754.863770    0.000000
 2755.499020    0.000000
 2756.132810    0.000000
 2756.768550    0.000000
 2757.402590    0.000000
 2758.036870    0.000000
 2758.673100    0.000000
 2759.307620    0.000000
 2759.943850    0.000000
 2760.578860    0.000000
 2761.215330    0.000000
 2761.850590    0.000000
 2762.487550    0.000000
 2763.123050    0.000000
 2763.758790    0.000000
 2764.396000    0.000000
 2765.031980    0.000000
 2765.669430    0.000000
 2766.305910    0.000000
 2766.943600    0.000000
 2767.580320    0.000000
 2768.216800    0.000000
 2768.855220    0.000000
 2769.492190    0.000000
 2770.130860    0.000000
 2770.768070    0.000000
 2771.407230    0.000000
 2772.044680    0.000000
 2772.682130    0.000000
 2773.321780    0.000000
 2773.959720    0.000000
 2774.599370    0.000000
 2775.237550    0.000000
 2775.877690    0.000000
 2776.516360    0.000000
 2777.155030    0.000000
 2777.795170    0.000000
 2778.434330    0.000000
 2779.074950    0.000000
 2779.714360    0.000000
 2780.355470    0.000000
 2780.995120    0.000000
 2781.634770    0.000000
 2782.276120    0.000000
 2782.916260    0.000000
 2783.558110    0.000000
 2784.198490    0.000000
 2784.840330    0.000000
 2785.480960    0.000000
 2786.121830    0.000000
 2786.764400    0.000000
 2787.405270    0.000000
 2788.048100    0.000000
 2788.689450    0.000000
 2789.332520    0.000000
 2789.974370    0.000000
 2790.615970    0.000000
 2791.259770    0.000000
 2791.901610    0.000000
 2792.545410    0.000000
 2793.187990    0.000000
 2793.832030    0.000000
 2794.474850    0.000000
 2795.117680    0.000000
 2795.762210    0.000000
 2796.405520    0.000000
 2797.050290    0.000000
 2797.693600    0.000000
 2798.338870    0.000000
 2798.982420    0.000000
 2799.626460    0.000000
 2800.272220    0.000000
 2800.916260    0.000000
 2801.562260    0.000000
 2802.206790    0.000000
 2802.852780    0.000000
 2803.497560    0.000000
 2804.142580    0.000000
 2804.789310    0.000000
 2805.434330    0.000000
 2806.081300    0.000000
 2806.726810    0.000000
 2807.374020    0.000000
 2808.020020    0.000000
 2808.666020    0.000000
 2809.313480    0.000000
 2809.959960    0.000000
 2810.607910    0.000000
 2811.254390    0.000000
 2811.902830    0.000000
 2812.549560    0.000000
 2813.198240    0.000000
 2813.845210    0.000000
 2814.492680    0.000000
 2815.141600    0.000000
 2815.789310    0.000000
 2816.438720    0.000000
 2817.086430    0.000000
 2817.736080    0.000000
 2818.384520    0.000000
 2819.032710    0.000000
 2819.682620    0.000000
 2820.331300    0.000000
 2820.981930    0.000000
 2821.630620    0.000000
 2822.281490    0.000000
 2822.930660    0.000000
 2823.580080    0.000000
 2824.231200    0.000000
 2824.880860    0.000000
 2825.532230    0.000000
 2826.182370    0.000000
 2826.833980    0.000000
 2827.484380    0.000000
 2828.134770    0.000000
 2828.786870    0.000000
 2829.437740    0.000000
 2830.090090    0.000000
 2830.741210    0.000000
 2831.394040    0.000000
 2832.045410    0.000000
 2832.697020    0.000000
 2833.350100    0.000000
 2834.001950    0.000000
 2834.655520    0.000000
 2835.307620    0.000000
 2835.961180    0.000000
 2836.613770    0.000000
 2837.266360    0.000000
 2837.920410    0.000000
 2838.573490    0.000000
 2839.228030    0.000000
 2839.881100    0.000000
 2840.535890    0.000000
 2841.189450    0.000000
 2841.843020    0.000000
 2842.498540    0.000000
 2843.152340    0.000000
 2843.807860    0.000000
 2844.462160    0.000000
 2845.118160    0.000000
 2845.772710    0.000000
 2846.427250    0.000000
 2847.083740    0.000000
 2847.738770    0.000000
 2848.395260    0.000000
 2849.050540    0.000000
 2849.707760    0.000000
 2850.363280    0.000000
 2851.018800    0.000000
 2851.676270    0.000000
 2852.332280    0.000000
 2852.989990    0.000000
 2853.646480    0.000000
 2854.304440    0.000000
 2854.960940    0.000000
 2855.617920    0.000000
 2856.276370    0.000000
 2856.933350    0.000000
 2857.592290    0.000000
 2858.249760    0.000000
 2858.908940    0.000000
 2859.566650    0.000000
 2860.224370    0.000000
 2860.883790    0.000000
 2861.541750    0.000000
 2862.201900    0.000000
 2862.860350    0.000000
 2863.520510    0.000000
 2864.179200    0.000000
 2864.839840    0.000000
 2865.498780    0.000000
 2866.157960    0.000000
 2866.818850    0.000000
 2867.478520    0.000000
 2868.139650    0.000000
 2868.799320    0.000000
 2869.460940    0.000000
 2870.121090    0.000000
 2870.781490    0.000000
 2871.443360    0.000000
 2872.103760    0.000000
 2872.766360    0.000000
 2873.427000    0.000000
 2874.089600    0.000000
 2874.750730    0.000000
 2875.412110    0.000000
 2876.075440    0.000000
 2876.736820    0.000000
 2877.400390    0.000000
 2878.062260    0.000000
 2878.725830    0.000000
 2879.388180    0.000000
 2880.050540    0.000000
 2880.714600    0.000000
 2881.377440    0.000000
 2882.041750    0.000000
 2882.704830    0.000000
 2883.369380    0.000000
 2884.032960    0.000000
 2884.696530    0.000000
 2885.361330    0.000000
 2886.025390    0.000000
 2886.690920    0.000000
 2887.354980    0.000000
 2888.020510    0.000000
 2888.685060    0.000000
 2889.349610    0.000000
 2890.015870    0.000000
 2890.680910    0.000000
 2891.347410    0.000000
 2892.012700    0.000000
 2892.679200    0.000000
 2893.344970    0.000000
 2894.010500    0.000000
 2894.677730    0.000000
 2895.343510    0.000000
 2896.011470    0.000000
 2896.677490    0.000000
 2897.345460    0.000000
 2898.011960    0.000000
 2898.678960    0.000000
 2899.347170    0.000001
 2900.014160    0.000001
 2900.682860    0.000002
 2901.350100    0.000003
 2902.019530    0.000005
 2902.687010    0.000008
 2903.354740    0.000012
 2904.024410    0.000020
 2904.692380    0.000032
 2905.361820    0.000051
 2906.030520    0.000078
 2906.700680    0.000121
 2907.369140    0.000184
 2908.038090    0.000278
 2908.708500    0.000416
 2909.377930    0.000617
 2910.048830    0.000906
 2910.718260    0.001316
 2911.389650    0.001896
 2912.059330    0.002703
 2912.729250    0.003816
 2913.400630    0.005340
 2914.070800    0.007395
 2914.742920    0.010151
 2915.413570    0.013792
 2916.085690    0.018569
 2916.756590    0.024748
 2917.429200    0.032688
 2918.100340    0.042736
 2918.771730    0.055342
 2919.444580    0.071017
 2920.116210    0.090217
 2920.789550    0.113575
 2921.461670    0.141552
 2922.135500    0.174825
 2922.807370    0.213722
 2923.479740    0.258816
 2924.154050    0.310591
 2924.826660    0.368991
 2925.500980    0.434364
 2926.174070    0.506287
 2926.848880    0.584698
 2927.522220    0.668600
 2928.195800    0.757295
 2928.870850    0.849795
 2929.544920    0.944351
 2930.220460    1.039662
 2930.894530    1.133490
 2931.570310    1.224318
 2932.244630    1.309714
 2932.919190    1.387932
 2933.595700    1.457254
 2934.270260    1.515610
 2934.947270    1.561960
 2935.622310    1.594948
 2936.299070    1.614124
 2936.974850    1.619211
 2937.650390    1.610550
 2938.327880    1.588830
 2939.003660    1.555380
 2939.681400    1.511635
 2940.357670    1.459750
 2941.035640    1.401677
 2941.712160    1.340023
 2942.389160    1.276997
 2943.067630    1.214822
 2943.744630    1.155918
 2944.423580    1.101889
 2945.100830    1.054584
 2945.780030    1.014915
 2946.457760    0.983824
 2947.135500    0.961502
 2947.815190    0.947780
 2948.493410    0.942195
 2949.173100    0.943844
 2949.851560    0.951586
 2950.531980    0.964159
 2951.210450    0.980132
 2951.889650    0.998256
 2952.570070    1.017422
 2953.249270    1.036723
 2953.930660    1.055814
 2954.610110    1.074626
 2955.291500    1.093884
 2955.971190    1.114719
 2956.651120    1.139057
 2957.333010    1.169497
 2958.013180    1.208991
 2958.695560    1.261427
 2959.376220    1.330574
 2960.058350    1.421082
 2960.739500    1.537066
 2961.420410    1.682877
 2962.103520    1.863126
 2962.784910    2.080169
 2963.468020    2.337596
 2964.149900    2.635735
 2964.833500    2.975965
 2965.515380    3.355103
 2966.197750    3.771114
 2966.881590    4.219839
 2967.564210    4.692883
 2968.248540    5.183976
 2968.931150    5.680915
 2969.615720    6.175415
 2970.299070    6.653451
 2970.984130    7.104954
 2971.667480    7.515782
 2972.351070    7.876060
 2973.036620    8.176462
 2973.720700    8.407197
 2974.406250    8.563168
 2975.090580    8.640147
 2975.776610    8.637501
 2976.461180    8.557093
 2977.146000    8.403518
 2977.832280    8.183307
 2978.517580    7.906377
 2979.204350    7.582586
 2979.889650    7.225316
 2980.576660    6.845474
 2981.262210    6.457283
 2981.948240    6.071498
 2982.635990    5.698170
 2983.322020    5.348251
 2984.010010    5.027080
 2984.696530    4.741313
 2985.384770    4.492462
 2986.071530    4.282310
 2986.758540    4.108812
 2987.447270    3.968539
 2988.134770    3.857450
 2988.823490    3.769390
 2989.510990    3.698256
 2990.200440    3.637052
 2990.888180    3.579575
 2991.576170    3.519615
 2992.266360    3.451715
 2992.954830    3.371997
 2993.644780    3.277003
 2994.333500    3.165233
 2995.023930    3.035552
 2995.713130    2.888995
 2996.402100    2.726927
 2997.093020    2.551129
 2997.782710    2.365372
 2998.473880    2.172330
 2999.163570    1.976402
 2999.855470    1.780129
 3000.545410    1.588065
 3001.235600    1.402621
 3001.927730    1.225971
 3002.618410    1.061075
 3003.310550    0.908764
 3004.001710    0.770573
 3004.694340    0.646492
 3005.385740    0.537012
 3006.076900    0.441541
 3006.770020    0.359112
 3007.461670    0.289198
 3008.155270    0.230352
 3008.847410    0.181680
 3009.541260    0.141727
 3010.233400    0.109488
 3010.926270    0.083688
 3011.620360    0.063275
 3012.313230    0.047371
 3013.007810    0.035071
 3013.700930    0.025713
 3014.395750    0.018642
 3015.089360    0.013383
 3015.783200    0.009507
 3016.478270    0.006680
 3017.172610    0.004646
 3017.868160    0.003196
 3018.562260    0.002177
 3019.258540    0.001466
 3019.952880    0.000978
 3020.647950    0.000646
 3021.344480    0.000422
 3022.039310    0.000272
 3022.736330    0.000174
 3023.431640    0.000110
 3024.128660    0.000069
 3024.824460    0.000043
 3025.522220    0.000026
 3026.218020    0.000016
 3026.914310    0.000010
 3027.612300    0.000006
 3028.308840    0.000003
 3029.007080    0.000002
 3029.703860    0.000001
 3030.402590    0.000001
 3031.099850    0.000000
 3031.797120    0.000000
 3032.496090    0.000000
 3033.193600    0.000000
 3033.893310    0.000000
 3034.591060    0.000000
 3035.290770    0.000000
 3035.989010    0.000000
 3036.687740    0.000000
 3037.387700    0.000000
 3038.086670    0.000000
 3038.787350    0.000000
 3039.486080    0.000000
 3040.187260    0.000000
 3040.886470    0.000000
 3041.586180    0.000000
 3042.287350    0.000000
 3042.987550    0.000000
 3043.689210    0.000000
 3044.389160    0.000000
 3045.091060    0.000000
 3045.791750    0.000000
 3046.492430    0.000000
 3047.194820    0.000000
 3047.896000    0.000000
 3048.598880    0.000000
 3049.300050    0.000000
