 2653.384280    0.000000
 2653.996340    0.000000
 2654.606690    0.000000
 2655.217290    0.000000
 2655.829830    0.000000
 2656.440670    0.000000
 2657.053220    0.000000
 2657.664550    0.000000
 2658.277340    0.000000
 2658.888920    0.000000
 2659.500730    0.000000
 2660.114010    0.000000
 2660.725830    0.000000
 2661.339360    0.000000
 2661.951660    0.000000
 2662.565430    0.000000
 2663.177980    0.000000
 2663.790530    0.000000
 2664.404790    0.000000
 2665.017820    0.000000
 2665.632320    0.000000
 2666.245610    0.000000
 2666.860350    0.000000
 2667.473880    0.000000
 2668.089110    0.000000
 2668.702880    0.000000
 2669.316890    0.000000
 2669.932370    0.000000
 2670.546630    0.000000
 2671.162350    0.000000
 2671.776860    0.000000
 2672.393070    0.000000
 2673.007810    0.000000
 2673.622560    0.000000
 2674.239260    0.000000
 2674.854490    0.000000
 2675.471190    0.000000
 2676.086670    0.000000
 2676.703860    0.000000
 2677.319580    0.000000
 2677.935550    0.000000
 2678.552980    0.000000
 2679.169190    0.000000
 2679.786870    0.000000
 2680.403560    0.000000
 2681.021480    0.000000
 2681.638430    0.000000
 2682.255370    0.000000
 2682.873780    0.000000
 2683.490970    0.000000
 2684.109860    0.000000
 2684.727290    0.000000
 2685.346440    0.000000
 2685.964110    0.000000
 2686.582030    0.000000
 2687.201660    0.000000
 2687.819820    0.000000
 2688.439450    0.000000
 2689.057860    0.000000
 2689.677980    0.000000
 2690.296880    0.000000
 2690.915770    0.000000
 2691.536380    0.000000
 2692.155270    0.000000
 2692.776370    0.000000
 2693.395750    0.000000
 2694.016850    0.000000
 2694.636720    0.000000
 2695.256590    0.000000
 2695.877930    0.000000
 2696.498050    0.000000
 2697.119870    0.000000
 2697.740480    0.000000
 2698.362550    0.000000
 2698.983400    0.000000
 2699.604250    0.000000
 2700.226810    0.000000
 2700.847900    0.000000
 2701.470700    0.000000
 2702.092040    0.000000
 2702.715330    0.000000
 2703.337160    0.000000
 2703.958980    0.000000
 2704.582520    0.000000
 2705.204830    0.000000
 2705.828370    0.000000
 2706.450930    0.000000
 2707.074950    0.000000
 2707.697750    0.000000
 2708.320800    0.000000
 2708.945310    0.000000
 2709.568360    0.000000
 2710.193360    0.000000
 2710.816650    0.000000
 2711.441890    0.000000
 2712.065670    0.000000
 2712.689450    0.000000
 2713.314940    0.000000
 2713.939210    0.000000
 2714.565190    0.000000
 2715.189450    0.000000
 2715.815670    0.000000
 2716.440430    0.000000
 2717.066890    0.000000
 2717.691890    0.000000
 2718.317140    0.000000
 2718.943850    0.000000
 2719.569340    0.000000
 2720.196530    0.000000
 2720.822270    0.000000
 2721.449710    0.000000
 2722.075680    0.000000
 2722.702150    0.000000
 2723.329830    0.000000
 2723.956300    0.000000
 2724.584470    0.000000
 2725.211430    0.000000
 2725.839600    0.000000
 2726.466800    0.000000
 2727.093990    0.000000
 2727.722900    0.000000
 2728.350340    0.000000
 2728.979490    0.000000
 2729.607420    0.000000
 2730.236820    0.000000
 2730.864750    0.000000
 2731.493160    0.000000
 2732.122800    0.000000
 2732.751460    0.000000
 2733.381590    0.000000
 2734.010500    0.000000
 2734.640870    0.000000
 2735.270020    0.000000
 2735.899410    0.000000
 2736.530270    0.000000
 2737.159670    0.000000
 2737.790770    0.000000
 2738.420650    0.000000
 2739.052250    0.000000
 2739.682370    0.000000
 2740.312500    0.000000
 2740.944340    0.000000
 2741.575200    0.000000
 2742.207280    0.000000
 2742.838130    0.000000
 2743.470460    0.000000
 2744.101560    0.000000
 2744.732910    0.000000
 2745.365970    0.000000
 2745.997310    0.000000
 2746.630860    0.000000
 2747.262700    0.000000
 2747.896000    0.000000
 2748.528080    0.000000
 2749.160640    0.000000
 2749.794430    0.000000
 2750.427000    0.000000
 2751.061280    0.000000
 2751.694090    0.000000
 2752.328610    0.000000
 2752.961910    0.000000
 2753.595210    0.000000
 2754.230220    0.000000
 2754.863770    0.000000
 2755.499020    0.000000
 2756.132810    0.000000
 2756.768550    0.000000
 2757.402590    0.000000
 2758.036870    0.000000
 2758.673100    0.000000
 2759.307620    0.000000
 2759.943850    0.000000
 2760.578860    0.000000
 2761.215330    0.000000
 2761.850590    0.000000
 2762.487550    0.000000
 2763.123050    0.000000
 2763.758790    0.000000
 2764.396000    0.000000
 2765.031980    0.000000
 2765.669430    0.000000
 2766.305910    0.000000
 2766.943600    0.000000
 2767.580320    0.000000
 2768.216800    0.000000
 2768.855220    0.000000
 2769.492190    0.000000
 2770.130860    0.000000
 2770.768070    0.000000
 2771.407230    0.000000
 2772.044680    0.000000
 2772.682130    0.000000
 2773.321780    0.000000
 2773.959720    0.000000
 2774.599370    0.000000
 2775.237550    0.000000
 2775.877690    0.000000
 2776.516360    0.000000
 2777.155030    0.000000
 2777.795170    0.000000
 2778.434330    0.000000
 2779.074950    0.000000
 2779.714360    0.000000
 2780.355470    0.000000
 2780.995120    0.000000
 2781.634770    0.000000
 2782.276120    0.000000
 2782.916260    0.000000
 2783.558110    0.000000
 2784.198490    0.000000
 2784.840330    0.000000
 2785.480960    0.000000
 2786.121830    0.000000
 2786.764400    0.000000
 2787.405270    0.000000
 2788.048100    0.000000
 2788.689450    0.000000
 2789.332520    0.000000
 2789.974370    0.000000
 2790.615970    0.000000
 2791.259770    0.000000
 2791.901610    0.000000
 2792.545410    0.000000
 2793.187990    0.000000
 2793.832030    0.000000
 2794.474850    0.000000
 2795.117680    0.000000
 2795.762210    0.000000
 2796.405520    0.000000
 2797.050290    0.000000
 2797.693600    0.000000
 2798.338870    0.000000
 2798.982420    0.000000
 2799.626460    0.000000
 2800.272220    0.000000
 2800.916260    0.000000
 2801.562260    0.000000
 2802.206790    0.000000
 2802.852780    0.000000
 2803.497560    0.000000
 2804.142580    0.000000
 2804.789310    0.000000
 2805.434330    0.000000
 2806.081300    0.000000
 2806.726810    0.000000
 2807.374020    0.000000
 2808.020020    0.000000
 2808.666020    0.000000
 2809.313480    0.000000
 2809.959960    0.000000
 2810.607910    0.000000
 2811.254390    0.000000
 2811.902830    0.000000
 2812.549560    0.000000
 2813.198240    0.000000
 2813.845210    0.000000
 2814.492680    0.000000
 2815.141600    0.000000
 2815.789310    0.000000
 2816.438720    0.000000
 2817.086430    0.000000
 2817.736080    0.000000
 2818.384520    0.000000
 2819.032710    0.000000
 2819.682620    0.000000
 2820.331300    0.000000
 2820.981930    0.000000
 2821.630620    0.000000
 2822.281490    0.000000
 2822.930660    0.000000
 2823.580080    0.000000
 2824.231200    0.000000
 2824.880860    0.000000
 2825.532230    0.000000
 2826.182370    0.000000
 2826.833980    0.000000
 2827.484380    0.000000
 2828.134770    0.000000
 2828.786870    0.000000
 2829.437740    0.000000
 2830.090090    0.000000
 2830.741210    0.000000
 2831.394040    0.000000
 2832.045410    0.000000
 2832.697020    0.000000
 2833.350100    0.000000
 2834.001950    0.000000
 2834.655520    0.000000
 2835.307620    0.000000
 2835.961180    0.000000
 2836.613770    0.000000
 2837.266360    0.000000
 2837.920410    0.000000
 2838.573490    0.000000
 2839.228030    0.000000
 2839.881100    0.000000
 2840.535890    0.000000
 2841.189450    0.000000
 2841.843020    0.000000
 2842.498540    0.000000
 2843.152340    0.000000
 2843.807860    0.000000
 2844.462160    0.000000
 2845.118160    0.000000
 2845.772710    0.000000
 2846.427250    0.000000
 2847.083740    0.000000
 2847.738770    0.000000
 2848.395260    0.000000
 2849.050540    0.000000
 2849.707760    0.000000
 2850.363280    0.000000
 2851.018800    0.000000
 2851.676270    0.000000
 2852.332280    0.000000
 2852.989990    0.000000
 2853.646480    0.000000
 2854.304440    0.000000
 2854.960940    0.000000
 2855.617920    0.000000
 2856.276370    0.000000
 2856.933350    0.000000
 2857.592290    0.000000
 2858.249760    0.000000
 2858.908940    0.000000
 2859.566650    0.000000
 2860.224370    0.000000
 2860.883790    0.000000
 2861.541750    0.000000
 2862.201900    0.000000
 2862.860350    0.000000
 2863.520510    0.000000
 2864.179200    0.000000
 2864.839840    0.000000
 2865.498780    0.000000
 2866.157960    0.000001
 2866.818850    0.000001
 2867.478520    0.000002
 2868.139650    0.000003
 2868.799320    0.000004
 2869.460940    0.000006
 2870.121090    0.000009
 2870.781490    0.000013
 2871.443360    0.000021
 2872.103760    0.000031
 2872.766360    0.000046
 2873.427000    0.000068
 2874.089600    0.000098
 2874.750730    0.000141
 2875.412110    0.000201
 2876.075440    0.000283
 2876.736820    0.000396
 2877.400390    0.000546
 2878.062260    0.000748
 2878.725830    0.001013
 2879.388180    0.001357
 2880.050540    0.001801
 2880.714600    0.002370
 2881.377440    0.003084
 2882.041750    0.003978
 2882.704830    0.005077
 2883.369380    0.006422
 2884.032960    0.008043
 2884.696530    0.009979
 2885.361330    0.012272
 2886.025390    0.014952
 2886.690920    0.018065
 2887.354980    0.021633
 2888.020510    0.025708
 2888.685060    0.030315
 2889.349610    0.035503
 2890.015870    0.041345
 2890.680910    0.047891
 2891.347410    0.055275
 2892.012700    0.063623
 2892.679200    0.073182
 2893.344970    0.084231
 2894.010500    0.097194
 2894.677730    0.112678
 2895.343510    0.131351
 2896.011470    0.154284
 2896.677490    0.182538
 2897.345460    0.217774
 2898.011960    0.261620
 2898.678960    0.316313
 2899.347170    0.384428
 2900.014160    0.468509
 2900.682860    0.572033
 2901.350100    0.697829
 2902.019530    0.850088
 2902.687010    1.031338
 2903.354740    1.245374
 2904.024410    1.495891
 2904.692380    1.783971
 2905.361820    2.112615
 2906.030520    2.481444
 2906.700680    2.891124
 2907.369140    3.337628
 2908.038090    3.818658
 2908.708500    4.329679
 2909.377930    4.861757
 2910.048830    5.408070
 2910.718260    5.955990
 2911.389650    6.496821
 2912.059330    7.015303
 2912.729250    7.500330
 2913.400630    7.940039
 2914.070800    8.320709
 2914.742920    8.633258
 2915.413570    8.866977
 2916.085690    9.015985
 2916.756590    9.075274
 2917.429200    9.043375
 2918.100340    8.921626
 2918.771730    8.713987
 2919.444580    8.426433
 2920.116210    8.069057
 2920.789550    7.651163
 2921.461670    7.186863
 2922.135500    6.687411
 2922.807370    6.169203
 2923.479740    5.643979
 2924.154050    5.123626
 2924.826660    4.623094
 2925.500980    4.150795
 2926.174070    3.718353
 2926.848880    3.332012
 2927.522220    3.000167
 2928.195800    2.726913
 2928.870850    2.515692
 2929.544920    2.369772
 2930.220460    2.289968
 2930.894530    2.276825
 2931.570310    2.329503
 2932.244630    2.446007
 2932.919190    2.623709
 2933.595700    2.859590
 2934.270260    3.147489
 2934.947270    3.483426
 2935.622310    3.858270
 2936.299070    4.265898
 2936.974850    4.695591
 2937.650390    5.137700
 2938.327880    5.582902
 2939.003660    6.017584
 2939.681400    6.432752
 2940.357670    6.815280
 2941.035640    7.156638
 2941.712160    7.446095
 2942.389160    7.677069
 2943.067630    7.844041
 2943.744630    7.942938
 2944.423580    7.973243
 2945.100830    7.936299
 2945.780030    7.835848
 2946.457760    7.678524
 2947.135500    7.472279
 2947.815190    7.225967
 2948.493410    6.951456
 2949.173100    6.658768
 2949.851560    6.360191
 2950.531980    6.064946
 2951.210450    5.784285
 2951.889650    5.525197
 2952.570070    5.294025
 2953.249270    5.096109
 2953.930660    4.933057
 2954.610110    4.806445
 2955.291500    4.714275
 2955.971190    4.654194
 2956.651120    4.621739
 2957.333010    4.611759
 2958.013180    4.618484
 2958.695560    4.635806
 2959.376220    4.657516
 2960.058350    4.677886
 2960.739500    4.691572
 2961.420410    4.694069
 2962.103520    4.681621
 2962.784910    4.651472
 2963.468020    4.601562
 2964.149900    4.531041
 2964.833500    4.439337
 2965.515380    4.327352
 2966.197750    4.195806
 2966.881590    4.045928
 2967.564210    3.880157
 2968.248540    3.699893
 2968.931150    3.508329
 2969.615720    3.306839
 2970.299070    3.098783
 2970.984130    2.885711
 2971.667480    2.671076
 2972.351070    2.456584
 2973.036620    2.243908
 2973.720700    2.036173
 2974.406250    1.834387
 2975.090580    1.641041
 2975.776610    1.456791
 2976.461180    1.283721
 2977.146000    1.122334
 2977.832280    0.973077
 2978.517580    0.836910
 2979.204350    0.713511
 2979.889650    0.603300
 2980.576660    0.505437
 2981.262210    0.419845
 2981.948240    0.345555
 2982.635990    0.281663
 2983.322020    0.227570
 2984.010010    0.182025
 2984.696530    0.144282
 2985.384770    0.113202
 2986.071530    0.088004
 2986.758540    0.067744
 2987.447270    0.051602
 2988.134770    0.038939
 2988.823490    0.029076
 2989.510990    0.021505
 2990.200440    0.015734
 2990.888180    0.011404
 2991.576170    0.008182
 2992.266360    0.005804
 2992.954830    0.004079
 2993.644780    0.002835
 2994.333500    0.001952
 2995.023930    0.001328
 2995.713130    0.000896
 2996.402100    0.000598
 2997.093020    0.000395
 2997.782710    0.000257
 2998.473880    0.000167
 2999.163570    0.000107
 2999.855470    0.000068
 3000.545410    0.000042
 3001.235600    0.000027
 3001.927730    0.000016
 3002.618410    0.000010
 3003.310550    0.000006
 3004.001710    0.000004
 3004.694340    0.000002
 3005.385740    0.000001
 3006.076900    0.000001
 3006.770020    0.000000
 3007.461670    0.000000
 3008.155270    0.000000
 3008.847410    0.000000
 3009.541260    0.000000
 3010.233400    0.000000
 3010.926270    0.000000
 3011.620360    0.000000
 3012.313230    0.000000
 3013.007810    0.000000
 3013.700930    0.000000
 3014.395750    0.000000
 3015.089360    0.000000
 3015.783200    0.000000
 3016.478270    0.000000
 3017.172610    0.000000
 3017.868160    0.000000
 3018.562260    0.000000
 3019.258540    0.000000
 3019.952880    0.000000
 3020.647950    0.000000
 3021.344480    0.000000
 3022.039310    0.000000
 3022.736330    0.000000
 3023.431640    0.000000
 3024.128660    0.000000
 3024.824460    0.000000
 3025.522220    0.000000
 3026.218020    0.000000
 3026.914310    0.000000
 3027.612300    0.000000
 3028.308840    0.000000
 3029.007080    0.000000
 3029.703860    0.000000
 3030.402590    0.000000
 3031.099850    0.000000
 3031.797120    0.000000
 3032.496090    0.000000
 3033.193600    0.000000
 3033.893310    0.000000
 3034.591060    0.000000
 3035.290770    0.000000
 3035.989010    0.000000
 3036.687740    0.000000
 3037.387700    0.000000
 3038.086670    0.000000
 3038.787350    0.000000
 3039.486080    0.000000
 3040.187260    0.000000
 3040.886470    0.000000
 3041.586180    0.000000
 3042.287350    0.000000
 3042.987550    0.000000
 3043.689210    0.000000
 3044.389160    0.000000
 3045.091060    0.000000
 3045.791750    0.000000
 3046.492430    0.000000
 3047.194820    0.000000
 3047.896000    0.000000
 3048.598880    0.000000
 3049.300050    0.000000
