 2653.384280    0.000000
 2653.996340    0.000000
 2654.606690    0.000000
 2655.217290    0.000000
 2655.829830    0.000000
 2656.440670    0.000000
 2657.053220    0.000000
 2657.664550    0.000000
 2658.277340    0.000000
 2658.888920    0.000000
 2659.500730    0.000000
 2660.114010    0.000000
 2660.725830    0.000000
 2661.339360    0.000000
 2661.951660    0.000000
 2662.565430    0.000000
 2663.177980    0.000000
 2663.790530    0.000000
 2664.404790    0.000000
 2665.017820    0.000000
 2665.632320    0.000000
 2666.245610    0.000000
 2666.860350    0.000000
 2667.473880    0.000000
 2668.089110    0.000000
 2668.702880    0.000000
 2669.316890    0.000000
 2669.932370    0.000000
 2670.546630    0.000001
 2671.162350    0.000001
 2671.776860    0.000002
 2672.393070    0.000002
 2673.007810    0.000003
 2673.622560    0.000005
 2674.239260    0.000007
 2674.854490    0.000010
 2675.471190    0.000013
 2676.086670    0.000019
 2676.703860    0.000026
 2677.319580    0.000036
 2677.935550    0.000050
 2678.552980    0.000068
 2679.169190    0.000091
 2679.786870    0.000122
 2680.403560    0.000162
 2681.021480    0.000214
 2681.638430    0.000278
 2682.255370    0.000361
 2682.873780    0.000465
 2683.490970    0.000594
 2684.109860    0.000752
 2684.727290    0.000946
 2685.346440    0.001179
 2685.964110    0.001457
 2686.582030    0.001786
 2687.201660    0.002173
 2687.819820    0.002622
 2688.439450    0.003139
 2689.057860    0.003725
 2689.677980    0.004388
 2690.296880    0.005125
 2690.915770    0.005937
 2691.536380    0.006825
 2692.155270    0.007779
 2692.776370    0.008799
 2693.395750    0.009868
 2694.016850    0.010981
 2694.636720    0.012116
 2695.256590    0.013263
 2695.877930    0.014401
 2696.498050    0.015509
 2697.119870    0.016569
 2697.740480    0.017556
 2698.362550    0.018454
 2698.983400    0.019238
 2699.604250    0.019896
 2700.226810    0.020411
 2700.847900    0.020771
 2701.470700    0.020969
 2702.092040    0.021003
 2702.715330    0.020870
 2703.337160    0.020578
 2703.958980    0.020136
 2704.582520    0.019555
 2705.204830    0.018854
 2705.828370    0.018050
 2706.450930    0.017168
 2707.074950    0.016227
 2707.697750    0.015258
 2708.320800    0.014281
 2708.945310    0.013323
 2709.568360    0.012411
 2710.193360    0.011567
 2710.816650    0.010820
 2711.441890    0.010190
 2712.065670    0.009706
 2712.689450    0.009391
 2713.314940    0.009272
 2713.939210    0.009379
 2714.565190    0.009747
 2715.189450    0.010408
 2715.815670    0.011409
 2716.440430    0.012791
 2717.066890    0.014614
 2717.691890    0.016931
 2718.317140    0.019809
 2718.943850    0.023332
 2719.569340    0.027561
 2720.196530    0.032604
 2720.822270    0.038524
 2721.449710    0.045440
 2722.075680    0.053412
 2722.702150    0.062556
 2723.329830    0.072976
 2723.956300    0.084722
 2724.584470    0.097932
 2725.211430    0.112631
 2725.839600    0.128957
 2726.466800    0.146936
 2727.093990    0.166685
 2727.722900    0.188370
 2728.350340    0.212014
 2728.979490    0.237908
 2729.607420    0.266163
 2730.236820    0.297201
 2730.864750    0.331281
 2731.493160    0.369027
 2732.122800    0.411179
 2732.751460    0.458457
 2733.381590    0.512135
 2734.010500    0.573312
 2734.640870    0.643855
 2735.270020    0.725359
 2735.899410    0.820186
 2736.530270    0.931093
 2737.159670    1.060384
 2737.790770    1.211839
 2738.420650    1.388136
 2739.052250    1.593690
 2739.682370    1.831157
 2740.312500    2.104671
 2740.944340    2.418741
 2741.575200    2.775511
 2742.207280    3.179309
 2742.838130    3.631130
 2743.470460    4.134831
 2744.101560    4.689401
 2744.732910    5.296163
 2745.365970    5.955860
 2745.997310    6.662866
 2746.630860    7.418303
 2747.262700    8.213011
 2747.896000    9.045137
 2748.528080    9.904174
 2749.160640    10.784291
 2749.794430    11.677505
 2750.427000    12.570511
 2751.061280    13.456974
 2751.694090    14.321656
 2752.328610    15.157952
 2752.961910    15.951201
 2753.595210    16.692699
 2754.230220    17.374477
 2754.863770    17.984180
 2755.499020    18.516911
 2756.132810    18.963232
 2756.768550    19.319973
 2757.402590    19.580906
 2758.036870    19.744419
 2758.673100    19.809072
 2759.307620    19.774403
 2759.943850    19.641497
 2760.578860    19.413338
 2761.215330    19.092545
 2761.850590    18.685080
 2762.487550    18.194595
 2763.123050    17.629944
 2763.758790    16.997000
 2764.396000    16.302107
 2765.031980    15.556488
 2765.669430    14.765715
 2766.305910    13.941773
 2766.943600    13.090981
 2767.580320    12.225420
 2768.216800    11.353168
 2768.855220    10.479973
 2769.492190    9.618874
 2770.130860    8.773420
 2770.768070    7.954966
 2771.407230    7.165521
 2772.044680    6.415103
 2772.682130    5.706073
 2773.321780    5.039749
 2773.959720    4.422792
 2774.599370    3.853453
 2775.237550    3.335191
 2775.877690    2.865017
 2776.516360    2.444437
 2777.155030    2.070574
 2777.795170    1.740411
 2778.434330    1.452491
 2779.074950    1.202654
 2779.714360    0.988661
 2780.355470    0.806145
 2780.995120    0.652604
 2781.634770    0.524247
 2782.276120    0.417623
 2782.916260    0.330233
 2783.558110    0.258915
 2784.198490    0.201511
 2784.840330    0.155500
 2785.480960    0.119100
 2786.121830    0.090483
 2786.764400    0.068140
 2787.405270    0.050940
 2788.048100    0.037739
 2788.689450    0.027752
 2789.332520    0.020226
 2789.974370    0.014629
 2790.615970    0.010496
 2791.259770    0.007461
 2791.901610    0.005265
 2792.545410    0.003681
 2793.187990    0.002554
 2793.832030    0.001756
 2794.474850    0.001199
 2795.117680    0.000811
 2795.762210    0.000544
 2796.405520    0.000361
 2797.050290    0.000238
 2797.693600    0.000156
 2798.338870    0.000101
 2798.982420    0.000065
 2799.626460    0.000042
 2800.272220    0.000026
 2800.916260    0.000016
 2801.562260    0.000010
 2802.206790    0.000007
 2802.852780    0.000004
 2803.497560    0.000002
 2804.142580    0.000001
 2804.789310    0.000001
 2805.434330    0.000001
 2806.081300    0.000000
 2806.726810    0.000000
 2807.374020    0.000000
 2808.020020    0.000000
 2808.666020    0.000000
 2809.313480    0.000000
 2809.959960    0.000000
 2810.607910    0.000000
 2811.254390    0.000000
 2811.902830    0.000000
 2812.549560    0.000000
 2813.198240    0.000000
 2813.845210    0.000000
 2814.492680    0.000000
 2815.141600    0.000000
 2815.789310    0.000000
 2816.438720    0.000000
 2817.086430    0.000000
 2817.736080    0.000000
 2818.384520    0.000000
 2819.032710    0.000000
 2819.682620    0.000000
 2820.331300    0.000000
 2820.981930    0.000000
 2821.630620    0.000000
 2822.281490    0.000000
 2822.930660    0.000000
 2823.580080    0.000000
 2824.231200    0.000000
 2824.880860    0.000000
 2825.532230    0.000000
 2826.182370    0.000000
 2826.833980    0.000000
 2827.484380    0.000000
 2828.134770    0.000000
 2828.786870    0.000000
 2829.437740    0.000000
 2830.090090    0.000000
 2830.741210    0.000000
 2831.394040    0.000000
 2832.045410    0.000000
 2832.697020    0.000000
 2833.350100    0.000000
 2834.001950    0.000000
 2834.655520    0.000000
 2835.307620    0.000000
 2835.961180    0.000000
 2836.613770    0.000000
 2837.266360    0.000000
 2837.920410    0.000000
 2838.573490    0.000000
 2839.228030    0.000000
 2839.881100    0.000000
 2840.535890    0.000000
 2841.189450    0.000000
 2841.843020    0.000000
 2842.498540    0.000000
 2843.152340    0.000000
 2843.807860    0.000000
 2844.462160    0.000000
 2845.118160    0.000000
 2845.772710    0.000000
 2846.427250    0.000000
 2847.083740    0.000000
 2847.738770    0.000000
 2848.395260    0.000000
 2849.050540    0.000000
 2849.707760    0.000000
 2850.363280    0.000000
 2851.018800    0.000000
 2851.676270    0.000000
 2852.332280    0.000000
 2852.989990    0.000000
 2853.646480    0.000000
 2854.304440    0.000000
 2854.960940    0.000000
 2855.617920    0.000000
 2856.276370    0.000000
 2856.933350    0.000000
 2857.592290    0.000000
 2858.249760    0.000000
 2858.908940    0.000000
 2859.566650    0.000000
 2860.224370    0.000000
 2860.883790    0.000000
 2861.541750    0.000000
 2862.201900    0.000000
 2862.860350    0.000000
 2863.520510    0.000000
 2864.179200    0.000000
 2864.839840    0.000000
 2865.498780    0.000000
 2866.157960    0.000000
 2866.818850    0.000000
 2867.478520    0.000000
 2868.139650    0.000000
 2868.799320    0.000000
 2869.460940    0.000000
 2870.121090    0.000000
 2870.781490    0.000000
 2871.443360    0.000000
 2872.103760    0.000000
 2872.766360    0.000000
 2873.427000    0.000000
 2874.089600    0.000000
 2874.750730    0.000000
 2875.412110    0.000000
 2876.075440    0.000000
 2876.736820    0.000000
 2877.400390    0.000000
 2878.062260    0.000000
 2878.725830    0.000000
 2879.388180    0.000000
 2880.050540    0.000000
 2880.714600    0.000000
 2881.377440    0.000000
 2882.041750    0.000000
 2882.704830    0.000000
 2883.369380    0.000000
 2884.032960    0.000000
 2884.696530    0.000000
 2885.361330    0.000000
 2886.025390    0.000000
 2886.690920    0.000000
 2887.354980    0.000000
 2888.020510    0.000000
 2888.685060    0.000000
 2889.349610    0.000000
 2890.015870    0.000000
 2890.680910    0.000000
 2891.347410    0.000000
 2892.012700    0.000000
 2892.679200    0.000000
 2893.344970    0.000000
 2894.010500    0.000000
 2894.677730    0.000000
 2895.343510    0.000000
 2896.011470    0.000000
 2896.677490    0.000000
 2897.345460    0.000000
 2898.011960    0.000000
 2898.678960    0.000000
 2899.347170    0.000000
 2900.014160    0.000000
 2900.682860    0.000000
 2901.350100    0.000000
 2902.019530    0.000000
 2902.687010    0.000000
 2903.354740    0.000000
 2904.024410    0.000000
 2904.692380    0.000000
 2905.361820    0.000000
 2906.030520    0.000000
 2906.700680    0.000000
 2907.369140    0.000000
 2908.038090    0.000000
 2908.708500    0.000000
 2909.377930    0.000000
 2910.048830    0.000000
 2910.718260    0.000000
 2911.389650    0.000000
 2912.059330    0.000000
 2912.729250    0.000000
 2913.400630    0.000000
 2914.070800    0.000000
 2914.742920    0.000000
 2915.413570    0.000000
 2916.085690    0.000000
 2916.756590    0.000000
 2917.429200    0.000000
 2918.100340    0.000000
 2918.771730    0.000000
 2919.444580    0.000000
 2920.116210    0.000000
 2920.789550    0.000000
 2921.461670    0.000000
 2922.135500    0.000000
 2922.807370    0.000000
 2923.479740    0.000000
 2924.154050    0.000000
 2924.826660    0.000000
 2925.500980    0.000000
 2926.174070    0.000000
 2926.848880    0.000000
 2927.522220    0.000000
 2928.195800    0.000000
 2928.870850    0.000000
 2929.544920    0.000000
 2930.220460    0.000000
 2930.894530    0.000000
 2931.570310    0.000000
 2932.244630    0.000000
 2932.919190    0.000000
 2933.595700    0.000000
 2934.270260    0.000000
 2934.947270    0.000000
 2935.622310    0.000000
 2936.299070    0.000000
 2936.974850    0.000000
 2937.650390    0.000000
 2938.327880    0.000000
 2939.003660    0.000000
 2939.681400    0.000000
 2940.357670    0.000000
 2941.035640    0.000000
 2941.712160    0.000000
 2942.389160    0.000000
 2943.067630    0.000000
 2943.744630    0.000000
 2944.423580    0.000000
 2945.100830    0.000000
 2945.780030    0.000000
 2946.457760    0.000000
 2947.135500    0.000000
 2947.815190    0.000000
 2948.493410    0.000000
 2949.173100    0.000000
 2949.851560    0.000000
 2950.531980    0.000000
 2951.210450    0.000000
 2951.889650    0.000000
 2952.570070    0.000000
 2953.249270    0.000000
 2953.930660    0.000000
 2954.610110    0.000000
 2955.291500    0.000000
 2955.971190    0.000000
 2956.651120    0.000000
 2957.333010    0.000000
 2958.013180    0.000000
 2958.695560    0.000000
 2959.376220    0.000000
 2960.058350    0.000000
 2960.739500    0.000000
 2961.420410    0.000000
 2962.103520    0.000000
 2962.784910    0.000000
 2963.468020    0.000000
 2964.149900    0.000000
 2964.833500    0.000000
 2965.515380    0.000000
 2966.197750    0.000000
 2966.881590    0.000000
 2967.564210    0.000000
 2968.248540    0.000000
 2968.931150    0.000000
 2969.615720    0.000000
 2970.299070    0.000000
 2970.984130    0.000000
 2971.667480    0.000000
 2972.351070    0.000000
 2973.036620    0.000000
 2973.720700    0.000000
 2974.406250    0.000000
 2975.090580    0.000000
 2975.776610    0.000000
 2976.461180    0.000000
 2977.146000    0.000000
 2977.832280    0.000000
 2978.517580    0.000000
 2979.204350    0.000000
 2979.889650    0.000000
 2980.576660    0.000000
 2981.262210    0.000000
 2981.948240    0.000000
 2982.635990    0.000000
 2983.322020    0.000000
 2984.010010    0.000000
 2984.696530    0.000000
 2985.384770    0.000000
 2986.071530    0.000000
 2986.758540    0.000000
 2987.447270    0.000000
 2988.134770    0.000000
 2988.823490    0.000000
 2989.510990    0.000000
 2990.200440    0.000000
 2990.888180    0.000000
 2991.576170    0.000000
 2992.266360    0.000000
 2992.954830    0.000000
 2993.644780    0.000000
 2994.333500    0.000000
 2995.023930    0.000000
 2995.713130    0.000000
 2996.402100    0.000000
 2997.093020    0.000000
 2997.782710    0.000000
 2998.473880    0.000000
 2999.163570    0.000000
 2999.855470    0.000000
 3000.545410    0.000000
 3001.235600    0.000000
 3001.927730    0.000000
 3002.618410    0.000000
 3003.310550    0.000000
 3004.001710    0.000000
 3004.694340    0.000000
 3005.385740    0.000000
 3006.076900    0.000000
 3006.770020    0.000000
 3007.461670    0.000000
 3008.155270    0.000000
 3008.847410    0.000000
 3009.541260    0.000000
 3010.233400    0.000000
 3010.926270    0.000000
 3011.620360    0.000000
 3012.313230    0.000000
 3013.007810    0.000000
 3013.700930    0.000000
 3014.395750    0.000000
 3015.089360    0.000000
 3015.783200    0.000000
 3016.478270    0.000000
 3017.172610    0.000000
 3017.868160    0.000000
 3018.562260    0.000000
 3019.258540    0.000000
 3019.952880    0.000000
 3020.647950    0.000000
 3021.344480    0.000000
 3022.039310    0.000000
 3022.736330    0.000000
 3023.431640    0.000000
 3024.128660    0.000000
 3024.824460    0.000000
 3025.522220    0.000000
 3026.218020    0.000000
 3026.914310    0.000000
 3027.612300    0.000000
 3028.308840    0.000000
 3029.007080    0.000000
 3029.703860    0.000000
 3030.402590    0.000000
 3031.099850    0.000000
 3031.797120    0.000000
 3032.496090    0.000000
 3033.193600    0.000000
 3033.893310    0.000000
 3034.591060    0.000000
 3035.290770    0.000000
 3035.989010    0.000000
 3036.687740    0.000000
 3037.387700    0.000000
 3038.086670    0.000000
 3038.787350    0.000000
 3039.486080    0.000000
 3040.187260    0.000000
 3040.886470    0.000000
 3041.586180    0.000000
 3042.287350    0.000000
 3042.987550    0.000000
 3043.689210    0.000000
 3044.389160    0.000000
 3045.091060    0.000000
 3045.791750    0.000000
 3046.492430    0.000000
 3047.194820    0.000000
 3047.896000    0.000000
 3048.598880    0.000000
 3049.300050    0.000000
