 2653.384280    0.619688
 2653.996340    0.655892
 2654.606690    0.693818
 2655.217290    0.733651
 2655.829830    0.775587
 2656.440670    0.819453
 2657.053220    0.865571
 2657.664550    0.913802
 2658.277340    0.964440
 2658.888920    1.017345
 2659.500730    1.072723
 2660.114010    1.130778
 2660.725830    1.191318
 2661.339360    1.254745
 2661.951660    1.320847
 2662.565430    1.390003
 2663.177980    1.462002
 2663.790530    1.537068
 2664.404790    1.615514
 2665.017820    1.697058
 2665.632320    1.782150
 2666.245610    1.870512
 2666.860350    1.962622
 2667.473880    2.058168
 2668.089110    2.157701
 2668.702880    2.260799
 2669.316890    2.367825
 2669.932370    2.479091
 2670.546630    2.594200
 2671.162350    2.713742
 2671.776860    2.837276
 2672.393070    2.965478
 2673.007810    3.097763
 2673.622560    3.234507
 2674.239260    3.376234
 2674.854490    3.522232
 2675.471190    3.673258
 2676.086670    3.828720
 2676.703860    3.989418
 2677.319580    4.154578
 2677.935550    4.324693
 2678.552980    4.500161
 2679.169190    4.680258
 2679.786870    4.865801
 2680.403560    5.056089
 2681.021480    5.251822
 2681.638430    5.452316
 2682.255370    5.657886
 2682.873780    5.869031
 2683.490970    6.084833
 2684.109860    6.306302
 2684.727290    6.532281
 2685.346440    6.763904
 2685.964110    6.999944
 2686.582030    7.240990
 2687.201660    7.487575
 2687.819820    7.738375
 2688.439450    7.994502
 2689.057860    8.254759
 2689.677980    8.520290
 2690.296880    8.789741
 2690.915770    9.063515
 2691.536380    9.342258
 2692.155270    9.624302
 2692.776370    9.911285
 2693.395750    10.201249
 2694.016850    10.495631
 2694.636720    10.792870
 2695.256590    11.093352
 2695.877930    11.397605
 2696.498050    11.704110
 2697.119870    12.014098
 2697.740480    12.325889
 2698.362550    12.640595
 2698.983400    12.956616
 2699.604250    13.274310
 2700.226810    13.594297
 2700.847900    13.914675
 2701.470700    14.236799
 2702.092040    14.558742
 2702.715330    14.881975
 2703.337160    15.204426
 2703.958980    15.526541
 2704.582520    15.848888
 2705.204830    16.169632
 2705.828370    16.489697
 2706.450930    16.807625
 2707.074950    17.124317
 2707.697750    17.438076
 2708.320800    17.749290
 2708.945310    18.058220
 2709.568360    18.363058
 2710.193360    18.665127
 2710.816650    18.962296
 2711.441890    19.255960
 2712.065670    19.544157
 2712.689450    19.827230
 2713.314940    20.105583
 2713.939210    20.377567
 2714.565190    20.644096
 2715.189450    20.903385
 2715.815670    21.156616
 2716.440430    21.402071
 2717.066890    21.640671
 2717.691890    21.870882
 2718.317140    22.093056
 2718.943850    22.307293
 2719.569340    22.512379
 2720.196530    22.708986
 2720.822270    22.895843
 2721.449710    23.073631
 2722.075680    23.241205
 2722.702150    23.398867
 2723.329830    23.546543
 2723.956300    23.683449
 2724.584470    23.810020
 2725.211430    23.925472
 2725.839600    24.030085
 2726.466800    24.123337
 2727.093990    24.205267
 2727.722900    24.275928
 2728.350340    24.334862
 2728.979490    24.382263
 2729.607420    24.417833
 2730.236820    24.441666
 2730.864750    24.453609
 2731.493160    24.453716
 2732.122800    24.441935
 2732.751460    24.418312
 2733.381590    24.382782
 2734.010500    24.335533
 2734.640870    24.276428
 2735.270020    24.205799
 2735.899410    24.123608
 2736.530270    24.029766
 2737.159670    23.924847
 2737.790770    23.808462
 2738.420650    23.681309
 2739.052250    23.542963
 2739.682370    23.394310
 2740.312500    23.235258
 2740.944340    23.065552
 2741.575200    22.886139
 2742.207280    22.696636
 2742.838130    22.498047
 2743.470460    22.289791
 2744.101560    22.073036
 2744.732910    21.847599
 2745.365970    21.613224
 2745.997310    21.371494
 2746.630860    21.121231
 2747.262700    20.864300
 2747.896000    20.599758
 2748.528080    20.329067
 2749.160640    20.051861
 2749.794430    19.768150
 2750.427000    19.479389
 2751.061280    19.184597
 2751.694090    18.885614
 2752.328610    18.581310
 2752.961910    18.273449
 2753.595210    17.961824
 2754.230220    17.645947
 2754.863770    17.327765
 2755.499020    17.006046
 2756.132810    16.682766
 2756.768550    16.356537
 2757.402590    16.029594
 2758.036870    15.701289
 2758.673100    15.371080
 2759.307620    15.041208
 2759.943850    14.710234
 2760.578860    14.380008
 2761.215330    14.049459
 2761.850590    13.720298
 2762.487550    13.391310
 2763.123050    13.064436
 2763.758790    12.739079
 2764.396000    12.414902
 2765.031980    12.093541
 2765.669430    11.773901
 2766.305910    11.457458
 2766.943600    11.143360
 2767.580320    10.832920
 2768.216800    10.525989
 2768.855220    10.221725
 2769.492190    9.921963
 2770.130860    9.625389
 2770.768070    9.333656
 2771.407230    9.045364
 2772.044680    8.762320
 2772.682130    8.483885
 2773.321780    8.209250
 2773.959720    7.940217
 2774.599370    7.675450
 2775.237550    7.416361
 2775.877690    7.161654
 2776.516360    6.912768
 2777.155030    6.669178
 2777.795170    6.430399
 2778.434330    6.197390
 2779.074950    5.969303
 2779.714360    5.747122
 2780.355470    5.529850
 2780.995120    5.318576
 2781.634770    5.112796
 2782.276120    4.911970
 2782.916260    4.717008
 2783.558110    4.526997
 2784.198490    4.342850
 2784.840330    4.163684
 2785.480960    3.990209
 2786.121830    3.821964
 2786.764400    3.658532
 2787.405270    3.500720
 2788.048100    3.347562
 2788.689450    3.199806
 2789.332520    3.056646
 2789.974370    2.918661
 2790.615970    2.785539
 2791.259770    2.656707
 2791.901610    2.532909
 2792.545410    2.413297
 2793.187990    2.298373
 2793.832030    2.187559
 2794.474850    2.081222
 2795.117680    1.979044
 2795.762210    1.880669
 2796.405520    1.786442
 2797.050290    1.695869
 2797.693600    1.609256
 2798.338870    1.526040
 2798.982420    1.446590
 2799.626460    1.370521
 2800.272220    1.297597
 2800.916260    1.228103
 2801.562260    1.161538
 2802.206790    1.098157
 2802.852780    1.037567
 2803.497560    0.979923
 2804.142580    0.924986
 2804.789310    0.872545
 2805.434330    0.822782
 2806.081300    0.775318
 2806.726810    0.730315
 2807.374020    0.687460
 2808.020020    0.646859
 2808.666020    0.608343
 2809.313480    0.571745
 2809.959960    0.537122
 2810.607910    0.504262
 2811.254390    0.473236
 2811.902830    0.443803
 2812.549560    0.416057
 2813.198240    0.389766
 2813.845210    0.365010
 2814.492680    0.341634
 2815.141600    0.319540
 2815.789310    0.298758
 2816.438720    0.279132
 2817.086430    0.260708
 2817.736080    0.243321
 2818.384520    0.227007
 2819.032710    0.211681
 2819.682620    0.197251
 2820.331300    0.183734
 2820.981930    0.171017
 2821.630620    0.159131
 2822.281490    0.147959
 2822.930660    0.137525
 2823.580080    0.127756
 2824.231200    0.118597
 2824.880860    0.110055
 2825.532230    0.102055
 2826.182370    0.094600
 2826.833980    0.087628
 2827.484380    0.081141
 2828.134770    0.075093
 2828.786870    0.069446
 2829.437740    0.064199
 2830.090090    0.059307
 2830.741210    0.054768
 2831.394040    0.050538
 2832.045410    0.046618
 2832.697020    0.042980
 2833.350100    0.039597
 2834.001950    0.036467
 2834.655520    0.033559
 2835.307620    0.030872
 2835.961180    0.028380
 2836.613770    0.026079
 2837.266360    0.023952
 2837.920410    0.021983
 2838.573490    0.020167
 2839.228030    0.018488
 2839.881100    0.016943
 2840.535890    0.015515
 2841.189450    0.014203
 2841.843020    0.012995
 2842.498540    0.011880
 2843.152340    0.010858
 2843.807860    0.009915
 2844.462160    0.009051
 2845.118160    0.008257
 2845.772710    0.007529
 2846.427250    0.006863
 2847.083740    0.006249
 2847.738770    0.005690
 2848.395260    0.005176
 2849.050540    0.004706
 2849.707760    0.004276
 2850.363280    0.003884
 2851.018800    0.003527
 2851.676270    0.003200
 2852.332280    0.002901
 2852.989990    0.002629
 2853.646480    0.002381
 2854.304440    0.002155
 2854.960940    0.001950
 2855.617920    0.001763
 2856.276370    0.001594
 2856.933350    0.001440
 2857.592290    0.001300
 2858.249760    0.001172
 2858.908940    0.001057
 2859.566650    0.000953
 2860.224370    0.000858
 2860.883790    0.000772
 2861.541750    0.000695
 2862.201900    0.000625
 2862.860350    0.000562
 2863.520510    0.000504
 2864.179200    0.000453
 2864.839840    0.000406
 2865.498780    0.000364
 2866.157960    0.000326
 2866.818850    0.000293
 2867.478520    0.000261
 2868.139650    0.000234
 2868.799320    0.000210
 2869.460940    0.000187
 2870.121090    0.000167
 2870.781490    0.000149
 2871.443360    0.000133
 2872.103760    0.000118
 2872.766360    0.000106
 2873.427000    0.000094
 2874.089600    0.000084
 2874.750730    0.000074
 2875.412110    0.000066
 2876.075440    0.000059
 2876.736820    0.000052
 2877.400390    0.000047
 2878.062260    0.000041
 2878.725830    0.000036
 2879.388180    0.000032
 2880.050540    0.000029
 2880.714600    0.000026
 2881.377440    0.000022
 2882.041750    0.000020
 2882.704830    0.000017
 2883.369380    0.000015
 2884.032960    0.000013
 2884.696530    0.000012
 2885.361330    0.000010
 2886.025390    0.000010
 2886.690920    0.000009
 2887.354980    0.000008
 2888.020510    0.000007
 2888.685060    0.000006
 2889.349610    0.000005
 2890.015870    0.000005
 2890.680910    0.000004
 2891.347410    0.000003
 2892.012700    0.000003
 2892.679200    0.000003
 2893.344970    0.000002
 2894.010500    0.000002
 2894.677730    0.000002
 2895.343510    0.000002
 2896.011470    0.000001
 2896.677490    0.000001
 2897.345460    0.000001
 2898.011960    0.000001
 2898.678960    0.000001
 2899.347170    0.000001
 2900.014160    0.000001
 2900.682860    0.000001
 2901.350100    0.000000
 2902.019530    0.000000
 2902.687010    0.000000
 2903.354740    0.000000
 2904.024410    0.000000
 2904.692380    0.000000
 2905.361820    0.000000
 2906.030520    0.000000
 2906.700680    0.000000
 2907.369140    0.000000
 2908.038090    0.000000
 2908.708500    0.000000
 2909.377930    0.000000
 2910.048830    0.000000
 2910.718260    0.000000
 2911.389650    0.000000
 2912.059330    0.000000
 2912.729250    0.000000
 2913.400630    0.000000
 2914.070800    0.000000
 2914.742920    0.000000
 2915.413570    0.000000
 2916.085690    0.000000
 2916.756590    0.000000
 2917.429200    0.000000
 2918.100340    0.000000
 2918.771730    0.000000
 2919.444580    0.000000
 2920.116210    0.000000
 2920.789550    0.000000
 2921.461670    0.000000
 2922.135500    0.000000
 2922.807370    0.000000
 2923.479740    0.000000
 2924.154050    0.000000
 2924.826660    0.000000
 2925.500980    0.000000
 2926.174070    0.000000
 2926.848880    0.000000
 2927.522220    0.000000
 2928.195800    0.000000
 2928.870850    0.000000
 2929.544920    0.000000
 2930.220460    0.000000
 2930.894530    0.000000
 2931.570310    0.000000
 2932.244630    0.000000
 2932.919190    0.000000
 2933.595700    0.000000
 2934.270260    0.000000
 2934.947270    0.000000
 2935.622310    0.000000
 2936.299070    0.000000
 2936.974850    0.000000
 2937.650390    0.000000
 2938.327880    0.000000
 2939.003660    0.000000
 2939.681400    0.000000
 2940.357670    0.000000
 2941.035640    0.000000
 2941.712160    0.000000
 2942.389160    0.000000
 2943.067630    0.000000
 2943.744630    0.000000
 2944.423580    0.000000
 2945.100830    0.000000
 2945.780030    0.000000
 2946.457760    0.000000
 2947.135500    0.000000
 2947.815190    0.000000
 2948.493410    0.000000
 2949.173100    0.000000
 2949.851560    0.000000
 2950.531980    0.000000
 2951.210450    0.000000
 2951.889650    0.000000
 2952.570070    0.000000
 2953.249270    0.000000
 2953.930660    0.000000
 2954.610110    0.000000
 2955.291500    0.000000
 2955.971190    0.000000
 2956.651120    0.000000
 2957.333010    0.000000
 2958.013180    0.000000
 2958.695560    0.000000
 2959.376220    0.000000
 2960.058350    0.000000
 2960.739500    0.000000
 2961.420410    0.000000
 2962.103520    0.000000
 2962.784910    0.000000
 2963.468020    0.000000
 2964.149900    0.000000
 2964.833500    0.000000
 2965.515380    0.000000
 2966.197750    0.000000
 2966.881590    0.000000
 2967.564210    0.000000
 2968.248540    0.000000
 2968.931150    0.000000
 2969.615720    0.000000
 2970.299070    0.000000
 2970.984130    0.000000
 2971.667480    0.000000
 2972.351070    0.000000
 2973.036620    0.000000
 2973.720700    0.000000
 2974.406250    0.000000
 2975.090580    0.000000
 2975.776610    0.000000
 2976.461180    0.000000
 2977.146000    0.000000
 2977.832280    0.000000
 2978.517580    0.000000
 2979.204350    0.000000
 2979.889650    0.000000
 2980.576660    0.000000
 2981.262210    0.000000
 2981.948240    0.000000
 2982.635990    0.000000
 2983.322020    0.000000
 2984.010010    0.000000
 2984.696530    0.000000
 2985.384770    0.000000
 2986.071530    0.000000
 2986.758540    0.000000
 2987.447270    0.000000
 2988.134770    0.000000
 2988.823490    0.000000
 2989.510990    0.000000
 2990.200440    0.000000
 2990.888180    0.000000
 2991.576170    0.000000
 2992.266360    0.000000
 2992.954830    0.000000
 2993.644780    0.000000
 2994.333500    0.000000
 2995.023930    0.000000
 2995.713130    0.000000
 2996.402100    0.000000
 2997.093020    0.000000
 2997.782710    0.000000
 2998.473880    0.000000
 2999.163570    0.000000
 2999.855470    0.000000
 3000.545410    0.000000
 3001.235600    0.000000
 3001.927730    0.000000
 3002.618410    0.000000
 3003.310550    0.000000
 3004.001710    0.000000
 3004.694340    0.000000
 3005.385740    0.000000
 3006.076900    0.000000
 3006.770020    0.000000
 3007.461670    0.000000
 3008.155270    0.000000
 3008.847410    0.000000
 3009.541260    0.000000
 3010.233400    0.000000
 3010.926270    0.000000
 3011.620360    0.000000
 3012.313230    0.000000
 3013.007810    0.000000
 3013.700930    0.000000
 3014.395750    0.000000
 3015.089360    0.000000
 3015.783200    0.000000
 3016.478270    0.000000
 3017.172610    0.000000
 3017.868160    0.000000
 3018.562260    0.000000
 3019.258540    0.000000
 3019.952880    0.000000
 3020.647950    0.000000
 3021.344480    0.000000
 3022.039310    0.000000
 3022.736330    0.000000
 3023.431640    0.000000
 3024.128660    0.000000
 3024.824460    0.000000
 3025.522220    0.000000
 3026.218020    0.000000
 3026.914310    0.000000
 3027.612300    0.000000
 3028.308840    0.000000
 3029.007080    0.000000
 3029.703860    0.000000
 3030.402590    0.000000
 3031.099850    0.000000
 3031.797120    0.000000
 3032.496090    0.000000
 3033.193600    0.000000
 3033.893310    0.000000
 3034.591060    0.000000
 3035.290770    0.000000
 3035.989010    0.000000
 3036.687740    0.000000
 3037.387700    0.000000
 3038.086670    0.000000
 3038.787350    0.000000
 3039.486080    0.000000
 3040.187260    0.000000
 3040.886470    0.000000
 3041.586180    0.000000
 3042.287350    0.000000
 3042.987550    0.000000
 3043.689210    0.000000
 3044.389160    0.000000
 3045.091060    0.000000
 3045.791750    0.000000
 3046.492430    0.000000
 3047.194820    0.000000
 3047.896000    0.000000
 3048.598880    0.000000
 3049.300050    0.000000
