 2653.384280    0.309383
 2653.996340    0.324694
 2654.606690    0.340629
 2655.217290    0.357260
 2655.829830    0.374662
 2656.440670    0.392758
 2657.053220    0.411675
 2657.664550    0.431351
 2658.277340    0.451899
 2658.888920    0.473258
 2659.500730    0.495507
 2660.114010    0.518723
 2660.725830    0.542824
 2661.339360    0.567966
 2661.951660    0.594065
 2662.565430    0.621265
 2663.177980    0.649482
 2663.790530    0.678802
 2664.404790    0.709343
 2665.017820    0.740998
 2665.632320    0.773942
 2666.245610    0.808064
 2666.860350    0.843555
 2667.473880    0.880295
 2668.089110    0.918498
 2668.702880    0.958008
 2669.316890    0.998966
 2669.932370    1.041502
 2670.546630    1.085468
 2671.162350    1.131099
 2671.776860    1.178235
 2672.393070    1.227145
 2673.007810    1.277619
 2673.622560    1.329811
 2674.239260    1.383939
 2674.854490    1.439744
 2675.471190    1.497537
 2676.086670    1.557107
 2676.703860    1.618784
 2677.319580    1.682293
 2677.935550    1.747848
 2678.552980    1.815629
 2679.169190    1.885386
 2679.786870    1.957464
 2680.403560    2.031626
 2681.021480    2.108178
 2681.638430    2.186891
 2682.255370    2.267924
 2682.873780    2.351521
 2683.490970    2.437359
 2684.109860    2.525889
 2684.727290    2.616698
 2685.346440    2.710293
 2685.964110    2.806234
 2686.582030    2.904815
 2687.201660    3.006318
 2687.819820    3.110261
 2688.439450    3.217172
 2689.057860    3.326620
 2689.677980    3.439160
 2690.296880    3.554295
 2690.915770    3.672271
 2691.536380    3.793457
 2692.155270    3.917210
 2692.776370    4.044339
 2693.395750    4.174072
 2694.016850    4.307147
 2694.636720    4.442958
 2695.256590    4.581783
 2695.877930    4.723975
 2696.498050    4.868935
 2697.119870    5.017364
 2697.740480    5.168574
 2698.362550    5.323230
 2698.983400    5.480669
 2699.604250    5.641193
 2700.226810    5.805258
 2700.847900    5.972025
 2701.470700    6.142340
 2702.092040    6.315331
 2702.715330    6.491939
 2703.337160    6.671185
 2703.958980    6.853462
 2704.582520    7.039264
 2705.204830    7.227696
 2705.828370    7.419472
 2706.450930    7.613884
 2707.074950    7.811666
 2707.697750    8.011929
 2708.320800    8.215098
 2708.945310    8.421537
 2709.568360    8.630230
 2710.193360    8.842274
 2710.816650    9.056372
 2711.441890    9.273723
 2712.065670    9.493080
 2712.689450    9.714885
 2713.314940    9.939684
 2713.939210    10.166351
 2714.565190    10.395877
 2715.189450    10.626927
 2715.815670    10.860771
 2716.440430    11.096048
 2717.066890    11.333859
 2717.691890    11.572906
 2718.317140    11.813736
 2718.943850    12.056725
 2719.569340    12.300721
 2720.196530    12.546761
 2720.822270    12.793484
 2721.449710    13.042025
 2722.075680    13.291008
 2722.702150    13.541080
 2723.329830    13.792412
 2723.956300    14.043893
 2724.584470    14.296566
 2725.211430    14.549116
 2725.839600    14.802387
 2726.466800    15.055349
 2727.093990    15.308254
 2727.722900    15.561640
 2728.350340    15.814077
 2728.979490    16.066692
 2729.607420    16.318151
 2730.236820    16.569372
 2730.864750    16.819029
 2731.493160    17.067739
 2732.122800    17.315626
 2732.751460    17.561663
 2733.381590    17.806635
 2734.010500    18.049337
 2734.640870    18.290634
 2735.270020    18.529331
 2735.899410    18.765821
 2736.530270    19.000387
 2737.159670    19.231771
 2737.790770    19.460972
 2738.420650    19.686754
 2739.052250    19.909998
 2739.682370    20.129414
 2740.312500    20.345358
 2740.944340    20.558239
 2741.575200    20.766981
 2742.207280    20.972149
 2742.838130    21.172792
 2743.470460    21.369604
 2744.101560    21.561590
 2744.732910    21.749054
 2745.365970    21.932260
 2745.997310    22.110073
 2746.630860    22.283440
 2747.262700    22.451143
 2747.896000    22.613892
 2748.528080    22.770861
 2749.160640    22.922354
 2749.794430    23.068394
 2750.427000    23.208296
 2751.061280    23.342586
 2751.694090    23.470470
 2752.328610    23.592484
 2752.961910    23.707947
 2753.595210    23.817001
 2754.230220    23.919825
 2754.863770    24.015808
 2755.499020    24.105345
 2756.132810    24.187908
 2756.768550    24.263859
 2757.402590    24.332695
 2758.036870    24.394588
 2758.673100    24.449616
 2759.307620    24.497406
 2759.943850    24.538176
 2760.578860    24.571693
 2761.215330    24.598066
 2761.850590    24.617153
 2762.487550    24.629021
 2763.123050    24.633591
 2763.758790    24.630896
 2764.396000    24.620903
 2765.031980    24.603653
 2765.669430    24.579094
 2766.305910    24.547325
 2766.943600    24.508263
 2767.580320    24.462074
 2768.216800    24.408764
 2768.855220    24.348167
 2769.492190    24.280655
 2770.130860    24.205948
 2770.768070    24.124474
 2771.407230    24.035864
 2772.044680    23.940697
 2772.682130    23.838829
 2773.321780    23.729965
 2773.959720    23.614855
 2774.599370    23.492981
 2775.237550    23.365053
 2775.877690    23.230488
 2776.516360    23.090113
 2777.155030    22.943745
 2777.795170    22.791157
 2778.434330    22.633051
 2779.074950    22.468952
 2779.714360    22.299683
 2780.355470    22.124605
 2780.995120    21.944727
 2781.634770    21.759804
 2782.276120    21.569475
 2782.916260    21.374760
 2783.558110    21.174923
 2784.198490    20.971111
 2784.840330    20.762554
 2785.480960    20.550295
 2786.121830    20.334021
 2786.764400    20.113392
 2787.405270    19.889755
 2788.048100    19.662003
 2788.689450    19.431520
 2789.332520    19.197342
 2789.974370    18.960705
 2790.615970    18.721437
 2791.259770    18.478798
 2791.901610    18.234522
 2792.545410    17.987305
 2793.187990    17.738541
 2793.832030    17.487364
 2794.474850    17.234997
 2795.117680    16.981140
 2795.762210    16.725292
 2796.405520    16.468782
 2797.050290    16.210716
 2797.693600    15.952433
 2798.338870    15.692728
 2798.982420    15.433244
 2799.626460    15.173259
 2800.272220    14.912437
 2800.916260    14.652325
 2801.562260    14.391594
 2802.206790    14.131783
 2802.852780    13.871857
 2803.497560    13.613049
 2804.142580    13.354910
 2804.789310    13.097004
 2805.434330    12.840826
 2806.081300    12.585060
 2806.726810    12.331190
 2807.374020    12.078093
 2808.020020    11.827041
 2808.666020    11.577673
 2809.313480    11.329548
 2809.959960    11.083712
 2810.607910    10.839346
 2811.254390    10.597660
 2811.902830    10.357477
 2812.549560    10.120249
 2813.198240    9.884724
 2813.845210    9.652322
 2814.492680    9.422327
 2815.141600    9.194481
 2815.789310    8.969805
 2816.438720    8.747353
 2817.086430    8.528358
 2817.736080    8.311652
 2818.384520    8.098351
 2819.032710    7.888175
 2819.682620    7.680552
 2820.331300    7.476466
 2820.981930    7.274963
 2821.630620    7.077290
 2822.281490    6.882217
 2822.930660    6.690948
 2823.580080    6.502918
 2824.231200    6.317742
 2824.880860    6.136342
 2825.532230    5.957848
 2826.182370    5.783074
 2826.833980    5.611311
 2827.484380    5.443272
 2828.134770    5.278631
 2828.786870    5.116967
 2829.437740    4.959006
 2830.090090    4.804087
 2830.741210    4.652841
 2831.394040    4.504575
 2832.045410    4.359996
 2832.697020    4.218696
 2833.350100    4.080400
 2834.001950    3.945657
 2834.655520    3.813838
 2835.307620    3.685555
 2835.961180    3.560203
 2836.613770    3.438219
 2837.266360    3.319381
 2837.920410    3.203396
 2838.573490    3.090663
 2839.228030    2.980725
 2839.881100    2.874032
 2840.535890    2.770027
 2841.189450    2.669133
 2841.843020    2.571112
 2842.498540    2.475636
 2843.152340    2.383194
 2843.807860    2.293256
 2844.462160    2.206179
 2845.118160    2.121526
 2845.772710    2.039659
 2846.427250    1.960338
 2847.083740    1.883286
 2847.738770    1.808855
 2848.395260    1.736662
 2849.050540    1.666952
 2849.707760    1.599341
 2850.363280    1.534155
 2851.018800    1.471163
 2851.676270    1.410134
 2852.332280    1.351341
 2852.989990    1.294445
 2853.646480    1.239653
 2854.304440    1.186689
 2854.960940    1.135741
 2855.617920    1.086601
 2856.276370    1.039156
 2856.933350    0.993567
 2857.592290    0.949551
 2858.249760    0.907288
 2858.908940    0.866529
 2859.566650    0.827422
 2860.224370    0.789831
 2860.883790    0.753617
 2861.541750    0.718910
 2862.201900    0.685476
 2862.860350    0.653470
 2863.520510    0.622683
 2864.179200    0.593220
 2864.839840    0.564891
 2865.498780    0.537811
 2866.157960    0.511858
 2866.818850    0.486938
 2867.478520    0.463128
 2868.139650    0.440292
 2868.799320    0.418495
 2869.460940    0.397591
 2870.121090    0.377653
 2870.781490    0.358594
 2871.443360    0.340348
 2872.103760    0.322965
 2872.766360    0.306317
 2873.427000    0.290482
 2874.089600    0.275332
 2874.750730    0.260920
 2875.412110    0.247178
 2876.075440    0.234048
 2876.736820    0.221580
 2877.400390    0.209669
 2878.062260    0.198364
 2878.725830    0.187582
 2879.388180    0.177346
 2880.050540    0.167616
 2880.714600    0.158344
 2881.377440    0.149554
 2882.041750    0.141188
 2882.704830    0.133261
 2883.369380    0.125723
 2884.032960    0.118583
 2884.696530    0.111812
 2885.361330    0.105383
 2886.025390    0.099298
 2886.690920    0.093520
 2887.354980    0.088063
 2888.020510    0.082887
 2888.685060    0.077996
 2889.349610    0.073370
 2890.015870    0.068985
 2890.680910    0.064849
 2891.347410    0.060932
 2892.012700    0.057240
 2892.679200    0.053749
 2893.344970    0.050457
 2894.010500    0.047353
 2894.677730    0.044417
 2895.343510    0.041656
 2896.011470    0.039046
 2896.677490    0.036594
 2897.345460    0.034279
 2898.011960    0.032104
 2898.678960    0.030056
 2899.347170    0.028127
 2900.014160    0.026315
 2900.682860    0.024608
 2901.350100    0.023007
 2902.019530    0.021500
 2902.687010    0.020087
 2903.354740    0.018762
 2904.024410    0.017514
 2904.692380    0.016347
 2905.361820    0.015251
 2906.030520    0.014224
 2906.700680    0.013260
 2907.369140    0.012360
 2908.038090    0.011517
 2908.708500    0.010725
 2909.377930    0.009986
 2910.048830    0.009294
 2910.718260    0.008647
 2911.389650    0.008041
 2912.059330    0.007478
 2912.729250    0.006950
 2913.400630    0.006457
 2914.070800    0.005998
 2914.742920    0.005569
 2915.413570    0.005169
 2916.085690    0.004795
 2916.756590    0.004448
 2917.429200    0.004124
 2918.100340    0.003822
 2918.771730    0.003542
 2919.444580    0.003280
 2920.116210    0.003037
 2920.789550    0.002811
 2921.461670    0.002601
 2922.135500    0.002405
 2922.807370    0.002224
 2923.479740    0.002056
 2924.154050    0.001900
 2924.826660    0.001755
 2925.500980    0.001620
 2926.174070    0.001495
 2926.848880    0.001379
 2927.522220    0.001272
 2928.195800    0.001173
 2928.870850    0.001081
 2929.544920    0.000997
 2930.220460    0.000917
 2930.894530    0.000845
 2931.570310    0.000777
 2932.244630    0.000715
 2932.919190    0.000658
 2933.595700    0.000605
 2934.270260    0.000556
 2934.947270    0.000511
 2935.622310    0.000469
 2936.299070    0.000431
 2936.974850    0.000396
 2937.650390    0.000362
 2938.327880    0.000333
 2939.003660    0.000305
 2939.681400    0.000279
 2940.357670    0.000257
 2941.035640    0.000235
 2941.712160    0.000215
 2942.389160    0.000196
 2943.067630    0.000180
 2943.744630    0.000164
 2944.423580    0.000151
 2945.100830    0.000137
 2945.780030    0.000126
 2946.457760    0.000114
 2947.135500    0.000105
 2947.815190    0.000095
 2948.493410    0.000087
 2949.173100    0.000079
 2949.851560    0.000072
 2950.531980    0.000066
 2951.210450    0.000060
 2951.889650    0.000054
 2952.570070    0.000050
 2953.249270    0.000046
 2953.930660    0.000041
 2954.610110    0.000037
 2955.291500    0.000034
 2955.971190    0.000031
 2956.651120    0.000028
 2957.333010    0.000026
 2958.013180    0.000023
 2958.695560    0.000021
 2959.376220    0.000019
 2960.058350    0.000017
 2960.739500    0.000015
 2961.420410    0.000014
 2962.103520    0.000012
 2962.784910    0.000011
 2963.468020    0.000010
 2964.149900    0.000010
 2964.833500    0.000009
 2965.515380    0.000008
 2966.197750    0.000007
 2966.881590    0.000007
 2967.564210    0.000006
 2968.248540    0.000005
 2968.931150    0.000005
 2969.615720    0.000004
 2970.299070    0.000004
 2970.984130    0.000004
 2971.667480    0.000003
 2972.351070    0.000003
 2973.036620    0.000003
 2973.720700    0.000002
 2974.406250    0.000002
 2975.090580    0.000002
 2975.776610    0.000002
 2976.461180    0.000002
 2977.146000    0.000001
 2977.832280    0.000001
 2978.517580    0.000001
 2979.204350    0.000001
 2979.889650    0.000001
 2980.576660    0.000001
 2981.262210    0.000001
 2981.948240    0.000001
 2982.635990    0.000001
 2983.322020    0.000001
 2984.010010    0.000000
 2984.696530    0.000000
 2985.384770    0.000000
 2986.071530    0.000000
 2986.758540    0.000000
 2987.447270    0.000000
 2988.134770    0.000000
 2988.823490    0.000000
 2989.510990    0.000000
 2990.200440    0.000000
 2990.888180    0.000000
 2991.576170    0.000000
 2992.266360    0.000000
 2992.954830    0.000000
 2993.644780    0.000000
 2994.333500    0.000000
 2995.023930    0.000000
 2995.713130    0.000000
 2996.402100    0.000000
 2997.093020    0.000000
 2997.782710    0.000000
 2998.473880    0.000000
 2999.163570    0.000000
 2999.855470    0.000000
 3000.545410    0.000000
 3001.235600    0.000000
 3001.927730    0.000000
 3002.618410    0.000000
 3003.310550    0.000000
 3004.001710    0.000000
 3004.694340    0.000000
 3005.385740    0.000000
 3006.076900    0.000000
 3006.770020    0.000000
 3007.461670    0.000000
 3008.155270    0.000000
 3008.847410    0.000000
 3009.541260    0.000000
 3010.233400    0.000000
 3010.926270    0.000000
 3011.620360    0.000000
 3012.313230    0.000000
 3013.007810    0.000000
 3013.700930    0.000000
 3014.395750    0.000000
 3015.089360    0.000000
 3015.783200    0.000000
 3016.478270    0.000000
 3017.172610    0.000000
 3017.868160    0.000000
 3018.562260    0.000000
 3019.258540    0.000000
 3019.952880    0.000000
 3020.647950    0.000000
 3021.344480    0.000000
 3022.039310    0.000000
 3022.736330    0.000000
 3023.431640    0.000000
 3024.128660    0.000000
 3024.824460    0.000000
 3025.522220    0.000000
 3026.218020    0.000000
 3026.914310    0.000000
 3027.612300    0.000000
 3028.308840    0.000000
 3029.007080    0.000000
 3029.703860    0.000000
 3030.402590    0.000000
 3031.099850    0.000000
 3031.797120    0.000000
 3032.496090    0.000000
 3033.193600    0.000000
 3033.893310    0.000000
 3034.591060    0.000000
 3035.290770    0.000000
 3035.989010    0.000000
 3036.687740    0.000000
 3037.387700    0.000000
 3038.086670    0.000000
 3038.787350    0.000000
 3039.486080    0.000000
 3040.187260    0.000000
 3040.886470    0.000000
 3041.586180    0.000000
 3042.287350    0.000000
 3042.987550    0.000000
 3043.689210    0.000000
 3044.389160    0.000000
 3045.091060    0.000000
 3045.791750    0.000000
 3046.492430    0.000000
 3047.194820    0.000000
 3047.896000    0.000000
 3048.598880    0.000000
 3049.300050    0.000000
