 2653.384280    0.000000
 2653.996340    0.000000
 2654.606690    0.000000
 2655.217290    0.000000
 2655.829830    0.000000
 2656.440670    0.000000
 2657.053220    0.000000
 2657.664550    0.000000
 2658.277340    0.000000
 2658.888920    0.000000
 2659.500730    0.000000
 2660.114010    0.000000
 2660.725830    0.000000
 2661.339360    0.000000
 2661.951660    0.000000
 2662.565430    0.000000
 2663.177980    0.000000
 2663.790530    0.000000
 2664.404790    0.000000
 2665.017820    0.000000
 2665.632320    0.000000
 2666.245610    0.000000
 2666.860350    0.000000
 2667.473880    0.000000
 2668.089110    0.000000
 2668.702880    0.000000
 2669.316890    0.000000
 2669.932370    0.000000
 2670.546630    0.000000
 2671.162350    0.000000
 2671.776860    0.000000
 2672.393070    0.000000
 2673.007810    0.000000
 2673.622560    0.000000
 2674.239260    0.000000
 2674.854490    0.000000
 2675.471190    0.000000
 2676.086670    0.000000
 2676.703860    0.000000
 2677.319580    0.000000
 2677.935550    0.000000
 2678.552980    0.000000
 2679.169190    0.000000
 2679.786870    0.000000
 2680.403560    0.000000
 2681.021480    0.000000
 2681.638430    0.000000
 2682.255370    0.000000
 2682.873780    0.000000
 2683.490970    0.000000
 2684.109860    0.000000
 2684.727290    0.000000
 2685.346440    0.000000
 2685.964110    0.000000
 2686.582030    0.000000
 2687.201660    0.000000
 2687.819820    0.000000
 2688.439450    0.000000
 2689.057860    0.000000
 2689.677980    0.000000
 2690.296880    0.000000
 2690.915770    0.000000
 2691.536380    0.000000
 2692.155270    0.000000
 2692.776370    0.000000
 2693.395750    0.000000
 2694.016850    0.000000
 2694.636720    0.000000
 2695.256590    0.000000
 2695.877930    0.000000
 2696.498050    0.000000
 2697.119870    0.000000
 2697.740480    0.000000
 2698.362550    0.000000
 2698.983400    0.000000
 2699.604250    0.000000
 2700.226810    0.000000
 2700.847900    0.000000
 2701.470700    0.000000
 2702.092040    0.000000
 2702.715330    0.000000
 2703.337160    0.000000
 2703.958980    0.000000
 2704.582520    0.000000
 2705.204830    0.000000
 2705.828370    0.000000
 2706.450930    0.000000
 2707.074950    0.000000
 2707.697750    0.000000
 2708.320800    0.000000
 2708.945310    0.000000
 2709.568360    0.000000
 2710.193360    0.000000
 2710.816650    0.000000
 2711.441890    0.000000
 2712.065670    0.000000
 2712.689450    0.000000
 2713.314940    0.000000
 2713.939210    0.000000
 2714.565190    0.000000
 2715.189450    0.000001
 2715.815670    0.000001
 2716.440430    0.000001
 2717.066890    0.000001
 2717.691890    0.000001
 2718.317140    0.000001
 2718.943850    0.000001
 2719.569340    0.000001
 2720.196530    0.000001
 2720.822270    0.000001
 2721.449710    0.000001
 2722.075680    0.000001
 2722.702150    0.000002
 2723.329830    0.000002
 2723.956300    0.000002
 2724.584470    0.000002
 2725.211430    0.000002
 2725.839600    0.000002
 2726.466800    0.000003
 2727.093990    0.000003
 2727.722900    0.000003
 2728.350340    0.000004
 2728.979490    0.000004
 2729.607420    0.000004
 2730.236820    0.000005
 2730.864750    0.000005
 2731.493160    0.000005
 2732.122800    0.000006
 2732.751460    0.000006
 2733.381590    0.000007
 2734.010500    0.000008
 2734.640870    0.000008
 2735.270020    0.000009
 2735.899410    0.000010
 2736.530270    0.000010
 2737.159670    0.000011
 2737.790770    0.000012
 2738.420650    0.000013
 2739.052250    0.000014
 2739.682370    0.000015
 2740.312500    0.000017
 2740.944340    0.000018
 2741.575200    0.000020
 2742.207280    0.000022
 2742.838130    0.000024
 2743.470460    0.000026
 2744.101560    0.000028
 2744.732910    0.000031
 2745.365970    0.000032
 2745.997310    0.000035
 2746.630860    0.000039
 2747.262700    0.000042
 2747.896000    0.000046
 2748.528080    0.000050
 2749.160640    0.000053
 2749.794430    0.000058
 2750.427000    0.000063
 2751.061280    0.000068
 2751.694090    0.000073
 2752.328610    0.000079
 2752.961910    0.000086
 2753.595210    0.000093
 2754.230220    0.000100
 2754.863770    0.000109
 2755.499020    0.000117
 2756.132810    0.000127
 2756.768550    0.000136
 2757.402590    0.000148
 2758.036870    0.000159
 2758.673100    0.000172
 2759.307620    0.000186
 2759.943850    0.000200
 2760.578860    0.000216
 2761.215330    0.000233
 2761.850590    0.000251
 2762.487550    0.000271
 2763.123050    0.000292
 2763.758790    0.000314
 2764.396000    0.000339
 2765.031980    0.000364
 2765.669430    0.000392
 2766.305910    0.000422
 2766.943600    0.000454
 2767.580320    0.000488
 2768.216800    0.000525
 2768.855220    0.000566
 2769.492190    0.000607
 2770.130860    0.000653
 2770.768070    0.000702
 2771.407230    0.000753
 2772.044680    0.000810
 2772.682130    0.000869
 2773.321780    0.000933
 2773.959720    0.001000
 2774.599370    0.001074
 2775.237550    0.001152
 2775.877690    0.001235
 2776.516360    0.001324
 2777.155030    0.001419
 2777.795170    0.001521
 2778.434330    0.001629
 2779.074950    0.001745
 2779.714360    0.001868
 2780.355470    0.002000
 2780.995120    0.002140
 2781.634770    0.002290
 2782.276120    0.002450
 2782.916260    0.002620
 2783.558110    0.002801
 2784.198490    0.002995
 2784.840330    0.003200
 2785.480960    0.003418
 2786.121830    0.003651
 2786.764400    0.003900
 2787.405270    0.004162
 2788.048100    0.004443
 2788.689450    0.004741
 2789.332520    0.005057
 2789.974370    0.005394
 2790.615970    0.005751
 2791.259770    0.006131
 2791.901610    0.006533
 2792.545410    0.006961
 2793.187990    0.007415
 2793.832030    0.007896
 2794.474850    0.008407
 2795.117680    0.008947
 2795.762210    0.009522
 2796.405520    0.010130
 2797.050290    0.010776
 2797.693600    0.011456
 2798.338870    0.012180
 2798.982420    0.012944
 2799.626460    0.013753
 2800.272220    0.014611
 2800.916260    0.015516
 2801.562260    0.016476
 2802.206790    0.017488
 2802.852780    0.018558
 2803.497560    0.019689
 2804.142580    0.020882
 2804.789310    0.022145
 2805.434330    0.023476
 2806.081300    0.024883
 2806.726810    0.026364
 2807.374020    0.027931
 2808.020020    0.029580
 2808.666020    0.031318
 2809.313480    0.033153
 2809.959960    0.035084
 2810.607910    0.037122
 2811.254390    0.039263
 2811.902830    0.041523
 2812.549560    0.043896
 2813.198240    0.046399
 2813.845210    0.049025
 2814.492680    0.051788
 2815.141600    0.054699
 2815.789310    0.057753
 2816.438720    0.060969
 2817.086430    0.064339
 2817.736080    0.067887
 2818.384520    0.071606
 2819.032710    0.075506
 2819.682620    0.079609
 2820.331300    0.083904
 2820.981930    0.088422
 2821.630620    0.093143
 2822.281490    0.098107
 2822.930660    0.103294
 2823.580080    0.108730
 2824.231200    0.114436
 2824.880860    0.120397
 2825.532230    0.126650
 2826.182370    0.133181
 2826.833980    0.140027
 2827.484380    0.147172
 2828.134770    0.154640
 2828.786870    0.162466
 2829.437740    0.170627
 2830.090090    0.179169
 2830.741210    0.188072
 2831.394040    0.197391
 2832.045410    0.207093
 2832.697020    0.217219
 2833.350100    0.227805
 2834.001950    0.238821
 2834.655520    0.250335
 2835.307620    0.262306
 2835.961180    0.274807
 2836.613770    0.287807
 2837.266360    0.301341
 2837.920410    0.315460
 2838.573490    0.330132
 2839.228030    0.345429
 2839.881100    0.361303
 2840.535890    0.377851
 2841.189450    0.395020
 2841.843020    0.412858
 2842.498540    0.431445
 2843.152340    0.450699
 2843.807860    0.470739
 2844.462160    0.491502
 2845.118160    0.513102
 2845.772710    0.535458
 2846.427250    0.558640
 2847.083740    0.582747
 2847.738770    0.607676
 2848.395260    0.633562
 2849.050540    0.660325
 2849.707760    0.688122
 2850.363280    0.716824
 2851.018800    0.746525
 2851.676270    0.777346
 2852.332280    0.809153
 2852.989990    0.842127
 2853.646480    0.876148
 2854.304440    0.911385
 2854.960940    0.947705
 2855.617920    0.985243
 2856.276370    1.024085
 2856.933350    1.064088
 2857.592290    1.105488
 2858.249760    1.148099
 2858.908940    1.192156
 2859.566650    1.237474
 2860.224370    1.284180
 2860.883790    1.332424
 2861.541750    1.382007
 2862.201900    1.433231
 2862.860350    1.485826
 2863.520510    1.540090
 2864.179200    1.595790
 2864.839840    1.653244
 2865.498780    1.712163
 2866.157960    1.772741
 2866.818850    1.835148
 2867.478520    1.899133
 2868.139650    1.964984
 2868.799320    2.032434
 2869.460940    2.101860
 2870.121090    2.172930
 2870.781490    2.245844
 2871.443360    2.320769
 2872.103760    2.397396
 2872.766360    2.476173
 2873.427000    2.556632
 2874.089600    2.639266
 2874.750730    2.723671
 2875.412110    2.810080
 2876.075440    2.898743
 2876.736820    2.989155
 2877.400390    3.081901
 2878.062260    3.176450
 2878.725830    3.273307
 2879.388180    3.372058
 2880.050540    3.472891
 2880.714600    3.576085
 2881.377440    3.681197
 2882.041750    3.788661
 2882.704830    3.898050
 2883.369380    4.009814
 2884.032960    4.123550
 2884.696530    4.239420
 2885.361330    4.357647
 2886.025390    4.477885
 2886.690920    4.600530
 2887.354980    4.725042
 2888.020510    4.851963
 2888.685060    4.980824
 2889.349610    5.111798
 2890.015870    5.245223
 2890.680910    5.380499
 2891.347410    5.518161
 2892.012700    5.657639
 2892.679200    5.799427
 2893.344970    5.943091
 2894.010500    6.088710
 2894.677730    6.236696
 2895.343510    6.386319
 2896.011470    6.538378
 2896.677490    6.691898
 2897.345460    6.847749
 2898.011960    7.005102
 2898.678960    7.164377
 2899.347170    7.325719
 2900.014160    7.488496
 2900.682860    7.653385
 2901.350100    7.819559
 2902.019530    7.987889
 2902.687010    8.157280
 2903.354740    8.328235
 2904.024410    8.501146
 2904.692380    8.675012
 2905.361820    8.850607
 2906.030520    9.027292
 2906.700680    9.205593
 2907.369140    9.384600
 2908.038090    9.564836
 2908.708500    9.746498
 2909.377930    9.928863
 2910.048830    10.112521
 2910.718260    10.296600
 2911.389650    10.481969
 2912.059330    10.667540
 2912.729250    10.853771
 2913.400630    11.040931
 2914.070800    11.228187
 2914.742920    11.416346
 2915.413570    11.604363
 2916.085690    11.792979
 2916.756590    11.981353
 2917.429200    12.170219
 2918.100340    12.358593
 2918.771730    12.546871
 2919.444580    12.735299
 2920.116210    12.923032
 2920.789550    13.110797
 2921.461670    13.297680
 2922.135500    13.484399
 2922.807370    13.669846
 2923.479740    13.854597
 2924.154050    14.038952
 2924.826660    14.221817
 2925.500980    14.404018
 2926.174070    14.584662
 2926.848880    14.764441
 2927.522220    14.942405
 2928.195800    15.118909
 2928.870850    15.294170
 2929.544920    15.467453
 2930.220460    15.639285
 2930.894530    15.808820
 2931.570310    15.976759
 2932.244630    16.142216
 2932.919190    16.305515
 2933.595700    16.466963
 2934.270260    16.625532
 2934.947270    16.782160
 2935.622310    16.935732
 2936.299070    17.086988
 2936.974850    17.235233
 2937.650390    17.380545
 2938.327880    17.523294
 2939.003660    17.662626
 2939.681400    17.799194
 2940.357670    17.932240
 2941.035640    18.062288
 2941.712160    18.188652
 2942.389160    18.311625
 2943.067630    18.431292
 2943.744630    18.547060
 2944.423580    18.659435
 2945.100830    18.767738
 2945.780030    18.872490
 2946.457760    18.973084
 2947.135500    19.069691
 2947.815190    19.162510
 2948.493410    19.251007
 2949.173100    19.335514
 2949.851560    19.415636
 2950.531980    19.491692
 2951.210450    19.563196
 2951.889650    19.630398
 2952.570070    19.693285
 2953.249270    19.751593
 2953.930660    19.805561
 2954.610110    19.854836
 2955.291500    19.899660
 2955.971190    19.939768
 2956.651120    19.975269
 2957.333010    20.006203
 2958.013180    20.032379
 2958.695560    20.053934
 2959.376220    20.070726
 2960.058350    20.082827
 2960.739500    20.090181
 2961.420410    20.092812
 2962.103520    20.090706
 2962.784910    20.083874
 2963.468020    20.072292
 2964.149900    20.056015
 2964.833500    20.034979
 2965.515380    20.009308
 2966.197750    19.978954
 2966.881590    19.943874
 2967.564210    19.904230
 2968.248540    19.859882
 2968.931150    19.811077
 2969.615720    19.757593
 2970.299070    19.699705
 2970.984130    19.637207
 2971.667480    19.570448
 2972.351070    19.499304
 2973.036620    19.423628
 2973.720700    19.343840
 2974.406250    19.259661
 2975.090580    19.171473
 2975.776610    19.078957
 2976.461180    18.982603
 2977.146000    18.882244
 2977.832280    18.777760
 2978.517580    18.669584
 2979.204350    18.557405
 2979.889650    18.441771
 2980.576660    18.322229
 2981.262210    18.199404
 2981.948240    18.073036
 2982.635990    17.942966
 2983.322020    17.809929
 2984.010010    17.673296
 2984.696530    17.533836
 2985.384770    17.390984
 2986.071530    17.245495
 2986.758540    17.097105
 2987.447270    16.945578
 2988.134770    16.791656
 2988.823490    16.634884
 2989.510990    16.475916
 2990.200440    16.314110
 2990.888180    16.150427
 2991.576170    15.984507
 2992.266360    15.815966
 2992.954830    15.645857
 2993.644780    15.473497
 2994.333500    15.299661
 2995.023930    15.123703
 2995.713130    14.946475
 2996.402100    14.767826
 2997.093020    14.587290
 2997.782710    14.405789
 2998.473880    14.222720
 2999.163570    14.038961
 2999.855470    13.853633
 3000.545410    13.667945
 3001.235600    13.481412
 3001.927730    13.293662
 3002.618410    13.105724
 3003.310550    12.916899
 3004.001710    12.727942
 3004.694340    12.538287
 3005.385740    12.348761
 3006.076900    12.159186
 3006.770020    11.969057
 3007.461670    11.779399
 3008.155270    11.589362
 3008.847410    11.399974
 3009.541260    11.210451
 3010.233400    11.021812
 3010.926270    10.833473
 3011.620360    10.645387
 3012.313230    10.458294
 3013.007810    10.271481
 3013.700930    10.085878
 3014.395750    9.900711
 3015.089360    9.716838
 3015.783200    9.533934
 3016.478270    9.351816
 3017.172610    9.171062
 3017.868160    8.991233
 3018.562260    8.813083
 3019.258540    8.635736
 3019.952880    8.460309
 3020.647950    8.286174
 3021.344480    8.113211
 3022.039310    7.942258
 3022.736330    7.772410
 3023.431640    7.604664
 3024.128660    7.438243
 3024.824460    7.273894
 3025.522220    7.110909
 3026.218020    6.950242
 3026.914310    6.791359
 3027.612300    6.634027
 3028.308840    6.478995
 3029.007080    6.325589
 3029.703860    6.174535
 3030.402590    6.025121
 3031.099850    5.878107
 3031.797120    5.733196
 3032.496090    5.590065
 3033.193600    5.449383
 3033.893310    5.310429
 3034.591060    5.174045
 3035.290770    5.039479
 3035.989010    4.907403
 3036.687740    4.777450
 3037.387700    4.649499
 3038.086670    4.523959
 3038.787350    4.400355
 3039.486080    4.279332
 3040.187260    4.160132
 3040.886470    4.043505
 3041.586180    3.929029
 3042.287350    3.816553
 3042.987550    3.706463
 3043.689210    3.598369
 3044.389160    3.492750
 3045.091060    3.389045
 3045.791750    3.287713
 3046.492430    3.188560
 3047.194820    3.091337
 3047.896000    2.996436
 3048.598880    2.903445
 3049.300050    2.812800
