 2653.384280    0.773596
 2653.996340    0.809879
 2654.606690    0.847505
 2655.217290    0.886631
 2655.829830    0.927422
 2656.440670    0.969677
 2657.053220    1.013681
 2657.664550    1.059273
 2658.277340    1.106700
 2658.888920    1.155803
 2659.500730    1.206743
 2660.114010    1.259680
 2660.725830    1.314408
 2661.339360    1.371264
 2661.951660    1.430027
 2662.565430    1.491007
 2663.177980    1.553988
 2663.790530    1.619141
 2664.404790    1.686707
 2665.017820    1.756415
 2665.632320    1.828625
 2666.245610    1.903073
 2666.860350    1.980137
 2667.473880    2.059531
 2668.089110    2.141687
 2668.702880    2.226234
 2669.316890    2.313448
 2669.932370    2.403562
 2670.546630    2.496231
 2671.162350    2.591910
 2671.776860    2.690231
 2672.393070    2.791710
 2673.007810    2.895871
 2673.622560    3.002995
 2674.239260    3.113479
 2674.854490    3.226755
 2675.471190    3.343403
 2676.086670    3.462954
 2676.703860    3.586017
 2677.319580    3.711996
 2677.935550    3.841264
 2678.552980    3.974122
 2679.169190    4.110022
 2679.786870    4.249587
 2680.403560    4.392291
 2681.021480    4.538669
 2681.638430    4.688220
 2682.255370    4.841191
 2682.873780    4.997972
 2683.490970    5.157894
 2684.109860    5.321728
 2684.727290    5.488645
 2685.346440    5.659503
 2685.964110    5.833429
 2686.582030    6.010890
 2687.201660    6.192314
 2687.819820    6.376762
 2688.439450    6.565094
 2689.057860    6.756474
 2689.677980    6.951795
 2690.296880    7.150104
 2690.915770    7.351756
 2691.536380    7.557284
 2692.155270    7.765519
 2692.776370    7.977734
 2693.395750    8.192549
 2694.016850    8.411097
 2694.636720    8.632294
 2695.256590    8.856505
 2695.877930    9.084207
 2696.498050    9.314340
 2697.119870    9.547925
 2697.740480    9.783780
 2698.362550    10.022845
 2698.983400    10.263999
 2699.604250    10.507614
 2700.226810    10.754272
 2700.847900    11.002611
 2701.470700    11.253794
 2702.092040    11.506426
 2702.715330    11.761786
 2703.337160    12.018349
 2703.958980    12.276587
 2704.582520    12.537085
 2705.204830    12.798485
 2705.828370    13.061669
 2706.450930    13.325569
 2707.074950    13.591071
 2707.697750    13.856878
 2708.320800    14.123459
 2708.945310    14.391175
 2709.568360    14.658607
 2710.193360    14.927055
 2710.816650    15.194775
 2711.441890    15.463161
 2712.065670    15.730570
 2712.689450    15.997452
 2713.314940    16.264349
 2713.939210    16.529827
 2714.565190    16.794941
 2715.189450    17.058052
 2715.815670    17.320509
 2716.440430    17.580687
 2717.066890    17.839706
 2717.691890    18.096062
 2718.317140    18.350258
 2718.943850    18.602583
 2719.569340    18.851759
 2720.196530    19.098749
 2720.822270    19.342102
 2721.449710    19.582848
 2722.075680    19.819571
 2722.702150    20.052820
 2723.329830    20.282656
 2723.956300    20.507990
 2724.584470    20.729677
 2725.211430    20.946487
 2725.839600    21.159071
 2726.466800    21.366501
 2727.093990    21.568926
 2727.722900    21.766689
 2728.350340    21.958620
 2728.979490    22.145506
 2729.607420    22.326304
 2730.236820    22.501614
 2730.864750    22.670458
 2731.493160    22.833221
 2732.122800    22.989912
 2732.751460    23.139834
 2733.381590    23.283419
 2734.010500    23.419916
 2734.640870    23.549770
 2735.270020    23.672302
 2735.899410    23.787695
 2736.530270    23.896034
 2737.159670    23.996706
 2737.790770    24.090118
 2738.420650    24.175737
 2739.052250    24.253868
 2739.682370    24.324036
 2740.312500    24.386362
 2740.944340    24.440922
 2741.575200    24.487415
 2742.207280    24.525953
 2742.838130    24.556347
 2743.470460    24.578691
 2744.101560    24.592867
 2744.732910    24.598907
 2745.365970    24.596785
 2745.997310    24.586510
 2746.630860    24.568024
 2747.262700    24.541443
 2747.896000    24.506672
 2748.528080    24.463884
 2749.160640    24.413017
 2749.794430    24.354038
 2750.427000    24.287224
 2751.061280    24.212326
 2751.694090    24.129787
 2752.328610    24.039270
 2752.961910    23.941277
 2753.595210    23.835732
 2754.230220    23.722424
 2754.863770    23.602028
 2755.499020    23.474054
 2756.132810    23.339264
 2756.768550    23.197048
 2757.402590    23.048361
 2758.036870    22.892912
 2758.673100    22.730396
 2759.307620    22.561901
 2759.943850    22.386681
 2760.578860    22.205696
 2761.215330    22.018351
 2761.850590    21.825607
 2762.487550    21.626751
 2763.123050    21.422949
 2763.758790    21.213862
 2764.396000    20.999254
 2765.031980    20.780224
 2765.669430    20.556040
 2766.305910    20.327755
 2766.943600    20.094784
 2767.580320    19.858131
 2768.216800    19.617737
 2768.855220    19.372972
 2769.492190    19.125347
 2770.130860    18.873837
 2770.768070    18.619904
 2771.407230    18.362391
 2772.044680    18.102983
 2772.682130    17.841207
 2773.321780    17.576361
 2773.959720    17.310268
 2774.599370    17.041710
 2775.237550    16.772230
 2775.877690    16.500587
 2776.516360    16.228434
 2777.155030    15.955353
 2777.795170    15.680914
 2778.434330    15.406363
 2779.074950    15.130842
 2779.714360    14.855701
 2780.355470    14.579864
 2780.995120    14.304888
 2781.634770    14.030318
 2782.276120    13.755602
 2782.916260    13.482170
 2783.558110    13.208941
 2784.198490    12.937431
 2784.840330    12.666563
 2785.480960    12.397626
 2786.121830    12.130152
 2786.764400    11.863688
 2787.405270    11.599789
 2788.048100    11.337091
 2788.689450    11.077122
 2789.332520    10.818726
 2789.974370    10.563205
 2790.615970    10.310278
 2791.259770    10.059107
 2791.901610    9.811419
 2792.545410    9.565807
 2793.187990    9.323586
 2793.832030    9.083832
 2794.474850    8.847633
 2795.117680    8.614612
 2795.762210    8.384238
 2796.405520    8.157629
 2797.050290    7.933907
 2797.693600    7.714147
 2798.338870    7.497239
 2798.982420    7.284464
 2799.626460    7.075131
 2800.272220    6.868900
 2800.916260    6.666897
 2801.562260    6.468005
 2802.206790    6.273305
 2802.852780    6.081931
 2803.497560    5.894699
 2804.142580    5.711184
 2804.789310    5.530995
 2805.434330    5.355087
 2806.081300    5.182463
 2806.726810    5.014033
 2807.374020    4.848964
 2808.020020    4.687994
 2808.666020    4.530794
 2809.313480    4.377000
 2809.959960    4.227174
 2810.607910    4.080729
 2811.254390    3.938299
 2811.902830    3.799104
 2812.549560    3.663898
 2813.198240    3.531882
 2813.845210    3.403763
 2814.492680    3.279057
 2815.141600    3.157545
 2815.789310    3.039690
 2816.438720    2.924914
 2817.086430    2.813773
 2817.736080    2.705588
 2818.384520    2.600843
 2819.032710    2.499315
 2819.682620    2.400656
 2820.331300    2.305256
 2820.981930    2.212599
 2821.630620    2.123181
 2822.281490    2.036376
 2822.930660    1.952646
 2823.580080    1.871674
 2824.231200    1.793225
 2824.880860    1.717627
 2825.532230    1.644448
 2826.182370    1.573960
 2826.833980    1.505815
 2827.484380    1.440229
 2828.134770    1.377016
 2828.786870    1.315956
 2829.437740    1.257267
 2830.090090    1.200646
 2830.741210    1.146269
 2831.394040    1.093834
 2832.045410    1.043537
 2832.697020    0.995184
 2833.350100    0.948633
 2834.001950    0.904021
 2834.655520    0.861092
 2835.307620    0.820000
 2835.961180    0.780505
 2836.613770    0.742704
 2837.266360    0.706483
 2837.920410    0.671714
 2838.573490    0.638477
 2839.228030    0.606600
 2839.881100    0.576174
 2840.535890    0.547007
 2841.189450    0.519180
 2841.843020    0.492595
 2842.498540    0.467130
 2843.152340    0.442884
 2843.807860    0.419689
 2844.462160    0.397606
 2845.118160    0.376497
 2845.772710    0.356425
 2846.427250    0.337303
 2847.083740    0.319039
 2847.738770    0.301695
 2848.395260    0.285154
 2849.050540    0.269453
 2849.707760    0.254481
 2850.363280    0.240292
 2851.018800    0.226811
 2851.676270    0.213974
 2852.332280    0.201818
 2852.989990    0.190253
 2853.646480    0.179307
 2854.304440    0.168907
 2854.960940    0.159075
 2855.617920    0.149754
 2856.276370    0.140909
 2856.933350    0.132558
 2857.592290    0.124633
 2858.249760    0.117156
 2858.908940    0.110070
 2859.566650    0.103390
 2860.224370    0.097080
 2860.883790    0.091107
 2861.541750    0.085484
 2862.201900    0.080160
 2862.860350    0.075154
 2863.520510    0.070423
 2864.179200    0.065975
 2864.839840    0.061774
 2865.498780    0.057830
 2866.157960    0.054116
 2866.818850    0.050613
 2867.478520    0.047327
 2868.139650    0.044230
 2868.799320    0.041328
 2869.460940    0.038594
 2870.121090    0.036034
 2870.781490    0.033629
 2871.443360    0.031370
 2872.103760    0.029256
 2872.766360    0.027268
 2873.427000    0.025412
 2874.089600    0.023667
 2874.750730    0.022038
 2875.412110    0.020514
 2876.075440    0.019084
 2876.736820    0.017751
 2877.400390    0.016500
 2878.062260    0.015335
 2878.725830    0.014245
 2879.388180    0.013228
 2880.050540    0.012280
 2880.714600    0.011394
 2881.377440    0.010570
 2882.041750    0.009799
 2882.704830    0.009083
 2883.369380    0.008414
 2884.032960    0.007792
 2884.696530    0.007215
 2885.361330    0.006677
 2886.025390    0.006176
 2886.690920    0.005711
 2887.354980    0.005279
 2888.020510    0.004877
 2888.685060    0.004505
 2889.349610    0.004160
 2890.015870    0.003839
 2890.680910    0.003541
 2891.347410    0.003265
 2892.012700    0.003011
 2892.679200    0.002774
 2893.344970    0.002555
 2894.010500    0.002353
 2894.677730    0.002165
 2895.343510    0.001992
 2896.011470    0.001832
 2896.677490    0.001684
 2897.345460    0.001548
 2898.011960    0.001422
 2898.678960    0.001306
 2899.347170    0.001199
 2900.014160    0.001100
 2900.682860    0.001008
 2901.350100    0.000925
 2902.019530    0.000847
 2902.687010    0.000776
 2903.354740    0.000710
 2904.024410    0.000650
 2904.692380    0.000595
 2905.361820    0.000545
 2906.030520    0.000498
 2906.700680    0.000455
 2907.369140    0.000416
 2908.038090    0.000380
 2908.708500    0.000346
 2909.377930    0.000317
 2910.048830    0.000288
 2910.718260    0.000263
 2911.389650    0.000239
 2912.059330    0.000218
 2912.729250    0.000198
 2913.400630    0.000181
 2914.070800    0.000165
 2914.742920    0.000150
 2915.413570    0.000136
 2916.085690    0.000124
 2916.756590    0.000113
 2917.429200    0.000102
 2918.100340    0.000093
 2918.771730    0.000084
 2919.444580    0.000076
 2920.116210    0.000070
 2920.789550    0.000063
 2921.461670    0.000057
 2922.135500    0.000051
 2922.807370    0.000047
 2923.479740    0.000042
 2924.154050    0.000038
 2924.826660    0.000034
 2925.500980    0.000031
 2926.174070    0.000029
 2926.848880    0.000026
 2927.522220    0.000023
 2928.195800    0.000021
 2928.870850    0.000019
 2929.544920    0.000017
 2930.220460    0.000015
 2930.894530    0.000013
 2931.570310    0.000012
 2932.244630    0.000011
 2932.919190    0.000010
 2933.595700    0.000009
 2934.270260    0.000008
 2934.947270    0.000008
 2935.622310    0.000007
 2936.299070    0.000006
 2936.974850    0.000005
 2937.650390    0.000005
 2938.327880    0.000004
 2939.003660    0.000004
 2939.681400    0.000004
 2940.357670    0.000003
 2941.035640    0.000003
 2941.712160    0.000003
 2942.389160    0.000002
 2943.067630    0.000002
 2943.744630    0.000002
 2944.423580    0.000002
 2945.100830    0.000001
 2945.780030    0.000001
 2946.457760    0.000001
 2947.135500    0.000001
 2947.815190    0.000001
 2948.493410    0.000001
 2949.173100    0.000001
 2949.851560    0.000001
 2950.531980    0.000001
 2951.210450    0.000001
 2951.889650    0.000000
 2952.570070    0.000000
 2953.249270    0.000000
 2953.930660    0.000000
 2954.610110    0.000000
 2955.291500    0.000000
 2955.971190    0.000000
 2956.651120    0.000000
 2957.333010    0.000000
 2958.013180    0.000000
 2958.695560    0.000000
 2959.376220    0.000000
 2960.058350    0.000000
 2960.739500    0.000000
 2961.420410    0.000000
 2962.103520    0.000000
 2962.784910    0.000000
 2963.468020    0.000000
 2964.149900    0.000000
 2964.833500    0.000000
 2965.515380    0.000000
 2966.197750    0.000000
 2966.881590    0.000000
 2967.564210    0.000000
 2968.248540    0.000000
 2968.931150    0.000000
 2969.615720    0.000000
 2970.299070    0.000000
 2970.984130    0.000000
 2971.667480    0.000000
 2972.351070    0.000000
 2973.036620    0.000000
 2973.720700    0.000000
 2974.406250    0.000000
 2975.090580    0.000000
 2975.776610    0.000000
 2976.461180    0.000000
 2977.146000    0.000000
 2977.832280    0.000000
 2978.517580    0.000000
 2979.204350    0.000000
 2979.889650    0.000000
 2980.576660    0.000000
 2981.262210    0.000000
 2981.948240    0.000000
 2982.635990    0.000000
 2983.322020    0.000000
 2984.010010    0.000000
 2984.696530    0.000000
 2985.384770    0.000000
 2986.071530    0.000000
 2986.758540    0.000000
 2987.447270    0.000000
 2988.134770    0.000000
 2988.823490    0.000000
 2989.510990    0.000000
 2990.200440    0.000000
 2990.888180    0.000000
 2991.576170    0.000000
 2992.266360    0.000000
 2992.954830    0.000000
 2993.644780    0.000000
 2994.333500    0.000000
 2995.023930    0.000000
 2995.713130    0.000000
 2996.402100    0.000000
 2997.093020    0.000000
 2997.782710    0.000000
 2998.473880    0.000000
 2999.163570    0.000000
 2999.855470    0.000000
 3000.545410    0.000000
 3001.235600    0.000000
 3001.927730    0.000000
 3002.618410    0.000000
 3003.310550    0.000000
 3004.001710    0.000000
 3004.694340    0.000000
 3005.385740    0.000000
 3006.076900    0.000000
 3006.770020    0.000000
 3007.461670    0.000000
 3008.155270    0.000000
 3008.847410    0.000000
 3009.541260    0.000000
 3010.233400    0.000000
 3010.926270    0.000000
 3011.620360    0.000000
 3012.313230    0.000000
 3013.007810    0.000000
 3013.700930    0.000000
 3014.395750    0.000000
 3015.089360    0.000000
 3015.783200    0.000000
 3016.478270    0.000000
 3017.172610    0.000000
 3017.868160    0.000000
 3018.562260    0.000000
 3019.258540    0.000000
 3019.952880    0.000000
 3020.647950    0.000000
 3021.344480    0.000000
 3022.039310    0.000000
 3022.736330    0.000000
 3023.431640    0.000000
 3024.128660    0.000000
 3024.824460    0.000000
 3025.522220    0.000000
 3026.218020    0.000000
 3026.914310    0.000000
 3027.612300    0.000000
 3028.308840    0.000000
 3029.007080    0.000000
 3029.703860    0.000000
 3030.402590    0.000000
 3031.099850    0.000000
 3031.797120    0.000000
 3032.496090    0.000000
 3033.193600    0.000000
 3033.893310    0.000000
 3034.591060    0.000000
 3035.290770    0.000000
 3035.989010    0.000000
 3036.687740    0.000000
 3037.387700    0.000000
 3038.086670    0.000000
 3038.787350    0.000000
 3039.486080    0.000000
 3040.187260    0.000000
 3040.886470    0.000000
 3041.586180    0.000000
 3042.287350    0.000000
 3042.987550    0.000000
 3043.689210    0.000000
 3044.389160    0.000000
 3045.091060    0.000000
 3045.791750    0.000000
 3046.492430    0.000000
 3047.194820    0.000000
 3047.896000    0.000000
 3048.598880    0.000000
 3049.300050    0.000000
