 2653.384280    0.000000
 2653.996340    0.000000
 2654.606690    0.000000
 2655.217290    0.000000
 2655.829830    0.000000
 2656.440670    0.000000
 2657.053220    0.000000
 2657.664550    0.000000
 2658.277340    0.000000
 2658.888920    0.000000
 2659.500730    0.000000
 2660.114010    0.000000
 2660.725830    0.000000
 2661.339360    0.000000
 2661.951660    0.000000
 2662.565430    0.000000
 2663.177980    0.000000
 2663.790530    0.000000
 2664.404790    0.000000
 2665.017820    0.000000
 2665.632320    0.000000
 2666.245610    0.000000
 2666.860350    0.000000
 2667.473880    0.000000
 2668.089110    0.000000
 2668.702880    0.000000
 2669.316890    0.000000
 2669.932370    0.000000
 2670.546630    0.000000
 2671.162350    0.000000
 2671.776860    0.000000
 2672.393070    0.000000
 2673.007810    0.000000
 2673.622560    0.000000
 2674.239260    0.000000
 2674.854490    0.000000
 2675.471190    0.000000
 2676.086670    0.000000
 2676.703860    0.000000
 2677.319580    0.000000
 2677.935550    0.000000
 2678.552980    0.000000
 2679.169190    0.000000
 2679.786870    0.000000
 2680.403560    0.000000
 2681.021480    0.000000
 2681.638430    0.000000
 2682.255370    0.000000
 2682.873780    0.000000
 2683.490970    0.000000
 2684.109860    0.000000
 2684.727290    0.000000
 2685.346440    0.000000
 2685.964110    0.000000
 2686.582030    0.000000
 2687.201660    0.000000
 2687.819820    0.000000
 2688.439450    0.000000
 2689.057860    0.000000
 2689.677980    0.000000
 2690.296880    0.000000
 2690.915770    0.000000
 2691.536380    0.000000
 2692.155270    0.000000
 2692.776370    0.000000
 2693.395750    0.000000
 2694.016850    0.000000
 2694.636720    0.000000
 2695.256590    0.000000
 2695.877930    0.000000
 2696.498050    0.000000
 2697.119870    0.000000
 2697.740480    0.000000
 2698.362550    0.000000
 2698.983400    0.000000
 2699.604250    0.000000
 2700.226810    0.000000
 2700.847900    0.000000
 2701.470700    0.000000
 2702.092040    0.000000
 2702.715330    0.000000
 2703.337160    0.000000
 2703.958980    0.000000
 2704.582520    0.000000
 2705.204830    0.000000
 2705.828370    0.000000
 2706.450930    0.000000
 2707.074950    0.000000
 2707.697750    0.000000
 2708.320800    0.000000
 2708.945310    0.000000
 2709.568360    0.000000
 2710.193360    0.000000
 2710.816650    0.000000
 2711.441890    0.000000
 2712.065670    0.000000
 2712.689450    0.000000
 2713.314940    0.000000
 2713.939210    0.000000
 2714.565190    0.000000
 2715.189450    0.000000
 2715.815670    0.000000
 2716.440430    0.000000
 2717.066890    0.000000
 2717.691890    0.000000
 2718.317140    0.000000
 2718.943850    0.000000
 2719.569340    0.000000
 2720.196530    0.000000
 2720.822270    0.000000
 2721.449710    0.000000
 2722.075680    0.000000
 2722.702150    0.000000
 2723.329830    0.000000
 2723.956300    0.000000
 2724.584470    0.000000
 2725.211430    0.000000
 2725.839600    0.000000
 2726.466800    0.000000
 2727.093990    0.000000
 2727.722900    0.000000
 2728.350340    0.000000
 2728.979490    0.000000
 2729.607420    0.000000
 2730.236820    0.000000
 2730.864750    0.000000
 2731.493160    0.000000
 2732.122800    0.000000
 2732.751460    0.000000
 2733.381590    0.000000
 2734.010500    0.000000
 2734.640870    0.000000
 2735.270020    0.000000
 2735.899410    0.000000
 2736.530270    0.000000
 2737.159670    0.000000
 2737.790770    0.000000
 2738.420650    0.000000
 2739.052250    0.000000
 2739.682370    0.000000
 2740.312500    0.000000
 2740.944340    0.000000
 2741.575200    0.000000
 2742.207280    0.000000
 2742.838130    0.000000
 2743.470460    0.000000
 2744.101560    0.000000
 2744.732910    0.000000
 2745.365970    0.000000
 2745.997310    0.000000
 2746.630860    0.000000
 2747.262700    0.000000
 2747.896000    0.000000
 2748.528080    0.000000
 2749.160640    0.000000
 2749.794430    0.000000
 2750.427000    0.000000
 2751.061280    0.000000
 2751.694090    0.000000
 2752.328610    0.000000
 2752.961910    0.000000
 2753.595210    0.000000
 2754.230220    0.000000
 2754.863770    0.000000
 2755.499020    0.000000
 2756.132810    0.000000
 2756.768550    0.000000
 2757.402590    0.000000
 2758.036870    0.000000
 2758.673100    0.000000
 2759.307620    0.000000
 2759.943850    0.000000
 2760.578860    0.000000
 2761.215330    0.000000
 2761.850590    0.000000
 2762.487550    0.000000
 2763.123050    0.000000
 2763.758790    0.000000
 2764.396000    0.000000
 2765.031980    0.000000
 2765.669430    0.000000
 2766.305910    0.000000
 2766.943600    0.000000
 2767.580320    0.000000
 2768.216800    0.000000
 2768.855220    0.000000
 2769.492190    0.000000
 2770.130860    0.000000
 2770.768070    0.000000
 2771.407230    0.000000
 2772.044680    0.000000
 2772.682130    0.000000
 2773.321780    0.000000
 2773.959720    0.000000
 2774.599370    0.000000
 2775.237550    0.000000
 2775.877690    0.000000
 2776.516360    0.000000
 2777.155030    0.000000
 2777.795170    0.000000
 2778.434330    0.000000
 2779.074950    0.000000
 2779.714360    0.000000
 2780.355470    0.000000
 2780.995120    0.000000
 2781.634770    0.000000
 2782.276120    0.000000
 2782.916260    0.000000
 2783.558110    0.000000
 2784.198490    0.000000
 2784.840330    0.000000
 2785.480960    0.000000
 2786.121830    0.000000
 2786.764400    0.000000
 2787.405270    0.000000
 2788.048100    0.000000
 2788.689450    0.000000
 2789.332520    0.000000
 2789.974370    0.000000
 2790.615970    0.000000
 2791.259770    0.000000
 2791.901610    0.000000
 2792.545410    0.000000
 2793.187990    0.000000
 2793.832030    0.000000
 2794.474850    0.000000
 2795.117680    0.000000
 2795.762210    0.000000
 2796.405520    0.000000
 2797.050290    0.000000
 2797.693600    0.000000
 2798.338870    0.000000
 2798.982420    0.000000
 2799.626460    0.000000
 2800.272220    0.000000
 2800.916260    0.000000
 2801.562260    0.000000
 2802.206790    0.000000
 2802.852780    0.000000
 2803.497560    0.000000
 2804.142580    0.000000
 2804.789310    0.000000
 2805.434330    0.000000
 2806.081300    0.000000
 2806.726810    0.000000
 2807.374020    0.000000
 2808.020020    0.000000
 2808.666020    0.000000
 2809.313480    0.000000
 2809.959960    0.000000
 2810.607910    0.000000
 2811.254390    0.000000
 2811.902830    0.000000
 2812.549560    0.000000
 2813.198240    0.000000
 2813.845210    0.000000
 2814.492680    0.000000
 2815.141600    0.000000
 2815.789310    0.000000
 2816.438720    0.000000
 2817.086430    0.000000
 2817.736080    0.000000
 2818.384520    0.000000
 2819.032710    0.000000
 2819.682620    0.000000
 2820.331300    0.000000
 2820.981930    0.000000
 2821.630620    0.000000
 2822.281490    0.000000
 2822.930660    0.000000
 2823.580080    0.000000
 2824.231200    0.000000
 2824.880860    0.000000
 2825.532230    0.000000
 2826.182370    0.000000
 2826.833980    0.000000
 2827.484380    0.000000
 2828.134770    0.000000
 2828.786870    0.000000
 2829.437740    0.000000
 2830.090090    0.000000
 2830.741210    0.000000
 2831.394040    0.000000
 2832.045410    0.000001
 2832.697020    0.000001
 2833.350100    0.000001
 2834.001950    0.000001
 2834.655520    0.000001
 2835.307620    0.000001
 2835.961180    0.000002
 2836.613770    0.000002
 2837.266360    0.000002
 2837.920410    0.000002
 2838.573490    0.000003
 2839.228030    0.000003
 2839.881100    0.000004
 2840.535890    0.000005
 2841.189450    0.000006
 2841.843020    0.000006
 2842.498540    0.000008
 2843.152340    0.000009
 2843.807860    0.000010
 2844.462160    0.000011
 2845.118160    0.000013
 2845.772710    0.000015
 2846.427250    0.000018
 2847.083740    0.000021
 2847.738770    0.000024
 2848.395260    0.000029
 2849.050540    0.000032
 2849.707760    0.000038
 2850.363280    0.000044
 2851.018800    0.000051
 2851.676270    0.000058
 2852.332280    0.000067
 2852.989990    0.000077
 2853.646480    0.000089
 2854.304440    0.000102
 2854.960940    0.000117
 2855.617920    0.000134
 2856.276370    0.000154
 2856.933350    0.000176
 2857.592290    0.000201
 2858.249760    0.000230
 2858.908940    0.000263
 2859.566650    0.000299
 2860.224370    0.000341
 2860.883790    0.000389
 2861.541750    0.000443
 2862.201900    0.000503
 2862.860350    0.000570
 2863.520510    0.000648
 2864.179200    0.000733
 2864.839840    0.000830
 2865.498780    0.000938
 2866.157960    0.001060
 2866.818850    0.001197
 2867.478520    0.001349
 2868.139650    0.001520
 2868.799320    0.001710
 2869.460940    0.001923
 2870.121090    0.002160
 2870.781490    0.002423
 2871.443360    0.002717
 2872.103760    0.003043
 2872.766360    0.003406
 2873.427000    0.003807
 2874.089600    0.004252
 2874.750730    0.004744
 2875.412110    0.005287
 2876.075440    0.005889
 2876.736820    0.006551
 2877.400390    0.007283
 2878.062260    0.008086
 2878.725830    0.008972
 2879.388180    0.009943
 2880.050540    0.011008
 2880.714600    0.012179
 2881.377440    0.013458
 2882.041750    0.014861
 2882.704830    0.016391
 2883.369380    0.018064
 2884.032960    0.019887
 2884.696530    0.021873
 2885.361330    0.024035
 2886.025390    0.026385
 2886.690920    0.028942
 2887.354980    0.031710
 2888.020510    0.034716
 2888.685060    0.037964
 2889.349610    0.041476
 2890.015870    0.045280
 2890.680910    0.049378
 2891.347410    0.053804
 2892.012700    0.058562
 2892.679200    0.063690
 2893.344970    0.069194
 2894.010500    0.075100
 2894.677730    0.081449
 2895.343510    0.088235
 2896.011470    0.095521
 2896.677490    0.103288
 2897.345460    0.111605
 2898.011960    0.120459
 2898.678960    0.129900
 2899.347170    0.139969
 2900.014160    0.150659
 2900.682860    0.162044
 2901.350100    0.174100
 2902.019530    0.186925
 2902.687010    0.200468
 2903.354740    0.214803
 2904.024410    0.229999
 2904.692380    0.246004
 2905.361820    0.262924
 2906.030520    0.280736
 2906.700680    0.299529
 2907.369140    0.319244
 2908.038090    0.339973
 2908.708500    0.361781
 2909.377930    0.384618
 2910.048830    0.408597
 2910.718260    0.433641
 2911.389650    0.459908
 2912.059330    0.487282
 2912.729250    0.515864
 2913.400630    0.545738
 2914.070800    0.576809
 2914.742920    0.609249
 2915.413570    0.642920
 2916.085690    0.677990
 2916.756590    0.714342
 2917.429200    0.752156
 2918.100340    0.791275
 2918.771730    0.831814
 2919.444580    0.873871
 2920.116210    0.917295
 2920.789550    0.962297
 2921.461670    1.008698
 2922.135500    1.056717
 2922.807370    1.106112
 2923.479740    1.157068
 2924.154050    1.209724
 2924.826660    1.263809
 2925.500980    1.319614
 2926.174070    1.376915
 2926.848880    1.435978
 2927.522220    1.496543
 2928.195800    1.558777
 2928.870850    1.622818
 2929.544920    1.688456
 2930.220460    1.755949
 2930.894530    1.825027
 2931.570310    1.896040
 2932.244630    1.968678
 2932.919190    2.043146
 2933.595700    2.119668
 2934.270260    2.197834
 2934.947270    2.278182
 2935.622310    2.360226
 2936.299070    2.444444
 2936.974850    2.530539
 2937.650390    2.618635
 2938.327880    2.709065
 2939.003660    2.801380
 2939.681400    2.896121
 2940.357670    2.992851
 2941.035640    3.092069
 2941.712160    3.193351
 2942.389160    3.297025
 2943.067630    3.403291
 2943.744630    3.511730
 2944.423580    3.622928
 2945.100830    3.736323
 2945.780030    3.852563
 2946.457760    3.971096
 2947.135500    4.092195
 2947.815190    4.216242
 2948.493410    4.342633
 2949.173100    4.471926
 2949.851560    4.603617
 2950.531980    4.738324
 2951.210450    4.875263
 2951.889650    5.014952
 2952.570070    5.157477
 2953.249270    5.302289
 2953.930660    5.450075
 2954.610110    5.599880
 2955.291500    5.752494
 2955.971190    5.907018
 2956.651120    6.063795
 2957.333010    6.223123
 2958.013180    6.384025
 2958.695560    6.547295
 2959.376220    6.711850
 2960.058350    6.878295
 2960.739500    7.045860
 2961.420410    7.214528
 2962.103520    7.384705
 2962.784910    7.555198
 2963.468020    7.726626
 2964.149900    7.898009
 2964.833500    8.069819
 2965.515380    8.240925
 2966.197750    8.411592
 2966.881590    8.581764
 2967.564210    8.750463
 2968.248540    8.918093
 2968.931150    9.083490
 2969.615720    9.247203
 2970.299070    9.408128
 2970.984130    9.566605
 2971.667480    9.721487
 2972.351070    9.872878
 2973.036620    10.020780
 2973.720700    10.164095
 2974.406250    10.303080
 2975.090580    10.436838
 2975.776610    10.565585
 2976.461180    10.688384
 2977.146000    10.805221
 2977.832280    10.915956
 2978.517580    11.019876
 2979.204350    11.117037
 2979.889650    11.206738
 2980.576660    11.289116
 2981.262210    11.363528
 2981.948240    11.429963
 2982.635990    11.488279
 2983.322020    11.537985
 2984.010010    11.579159
 2984.696530    11.611430
 2985.384770    11.634806
 2986.071530    11.649063
 2986.758540    11.654170
 2987.447270    11.650037
 2988.134770    11.636632
 2988.823490    11.613894
 2989.510990    11.581917
 2990.200440    11.540575
 2990.888180    11.490146
 2991.576170    11.430602
 2992.266360    11.361841
 2992.954830    11.284378
 2993.644780    11.198023
 2994.333500    11.103291
 2995.023930    10.999973
 2995.713130    10.888731
 2996.402100    10.769677
 2997.093020    10.642672
 2997.782710    10.508571
 2998.473880    10.367150
 2999.163570    10.219328
 2999.855470    10.064640
 3000.545410    9.904358
 3001.235600    9.738346
 3001.927730    9.566536
 3002.618410    9.390143
 3003.310550    9.208803
 3004.001710    9.023539
 3004.694340    8.834083
 3005.385740    8.641562
 3006.076900    8.446108
 3006.770020    8.247486
 3007.461670    8.047065
 3008.155270    7.844243
 3008.847410    7.640403
 3009.541260    7.434991
 3010.233400    7.229392
 3010.926270    7.023247
 3011.620360    6.816766
 3012.313230    6.611022
 3013.007810    6.405482
 3013.700930    6.201409
 3014.395750    5.998180
 3015.089360    5.796954
 3015.783200    5.597584
 3016.478270    5.400066
 3017.172610    5.205215
 3017.868160    5.012722
 3018.562260    4.823557
 3019.258540    4.636936
 3019.952880    4.454165
 3020.647950    4.274705
 3021.344480    4.098547
 3022.039310    3.926637
 3022.736330    3.758144
 3023.431640    3.594132
 3024.128660    3.433893
 3024.824460    3.278191
 3025.522220    3.126393
 3026.218020    2.979406
 3026.914310    2.836743
 3027.612300    2.698204
 3028.308840    2.564439
 3029.007080    2.434846
 3029.703860    2.310009
 3030.402590    2.189304
 3031.099850    2.073297
 3031.797120    1.961695
 3032.496090    1.854191
 3033.193600    1.751222
 3033.893310    1.652189
 3034.591060    1.557613
 3035.290770    1.466888
 3035.989010    1.380377
 3036.687740    1.297742
 3037.387700    1.218816
 3038.086670    1.143753
 3038.787350    1.072168
 3039.486080    1.004331
 3040.187260    0.939709
 3040.886470    0.878603
 3041.586180    0.820680
 3042.287350    0.765759
 3042.987550    0.713923
 3043.689210    0.664883
 3044.389160    0.618744
 3045.091060    0.575156
 3045.791750    0.534207
 3046.492430    0.495712
 3047.194820    0.459475
 3047.896000    0.425543
 3048.598880    0.393670
 3049.300050    0.363911
