 2653.384280    0.000000
 2653.996340    0.000000
 2654.606690    0.000000
 2655.217290    0.000000
 2655.829830    0.000000
 2656.440670    0.000000
 2657.053220    0.000000
 2657.664550    0.000000
 2658.277340    0.000000
 2658.888920    0.000000
 2659.500730    0.000000
 2660.114010    0.000000
 2660.725830    0.000000
 2661.339360    0.000000
 2661.951660    0.000000
 2662.565430    0.000000
 2663.177980    0.000000
 2663.790530    0.000000
 2664.404790    0.000000
 2665.017820    0.000000
 2665.632320    0.000000
 2666.245610    0.000000
 2666.860350    0.000000
 2667.473880    0.000000
 2668.089110    0.000000
 2668.702880    0.000000
 2669.316890    0.000000
 2669.932370    0.000000
 2670.546630    0.000000
 2671.162350    0.000000
 2671.776860    0.000000
 2672.393070    0.000000
 2673.007810    0.000000
 2673.622560    0.000000
 2674.239260    0.000000
 2674.854490    0.000000
 2675.471190    0.000000
 2676.086670    0.000000
 2676.703860    0.000000
 2677.319580    0.000000
 2677.935550    0.000000
 2678.552980    0.000000
 2679.169190    0.000000
 2679.786870    0.000000
 2680.403560    0.000000
 2681.021480    0.000000
 2681.638430    0.000000
 2682.255370    0.000000
 2682.873780    0.000000
 2683.490970    0.000000
 2684.109860    0.000000
 2684.727290    0.000000
 2685.346440    0.000000
 2685.964110    0.000000
 2686.582030    0.000000
 2687.201660    0.000000
 2687.819820    0.000000
 2688.439450    0.000000
 2689.057860    0.000000
 2689.677980    0.000000
 2690.296880    0.000000
 2690.915770    0.000000
 2691.536380    0.000000
 2692.155270    0.000000
 2692.776370    0.000000
 2693.395750    0.000000
 2694.016850    0.000000
 2694.636720    0.000000
 2695.256590    0.000000
 2695.877930    0.000000
 2696.498050    0.000000
 2697.119870    0.000000
 2697.740480    0.000000
 2698.362550    0.000000
 2698.983400    0.000000
 2699.604250    0.000000
 2700.226810    0.000000
 2700.847900    0.000000
 2701.470700    0.000000
 2702.092040    0.000000
 2702.715330    0.000000
 2703.337160    0.000000
 2703.958980    0.000000
 2704.582520    0.000000
 2705.204830    0.000000
 2705.828370    0.000000
 2706.450930    0.000000
 2707.074950    0.000000
 2707.697750    0.000000
 2708.320800    0.000000
 2708.945310    0.000000
 2709.568360    0.000000
 2710.193360    0.000000
 2710.816650    0.000000
 2711.441890    0.000000
 2712.065670    0.000000
 2712.689450    0.000000
 2713.314940    0.000000
 2713.939210    0.000000
 2714.565190    0.000000
 2715.189450    0.000000
 2715.815670    0.000000
 2716.440430    0.000000
 2717.066890    0.000000
 2717.691890    0.000000
 2718.317140    0.000000
 2718.943850    0.000000
 2719.569340    0.000000
 2720.196530    0.000000
 2720.822270    0.000000
 2721.449710    0.000000
 2722.075680    0.000000
 2722.702150    0.000000
 2723.329830    0.000000
 2723.956300    0.000000
 2724.584470    0.000000
 2725.211430    0.000000
 2725.839600    0.000000
 2726.466800    0.000000
 2727.093990    0.000000
 2727.722900    0.000000
 2728.350340    0.000000
 2728.979490    0.000000
 2729.607420    0.000000
 2730.236820    0.000000
 2730.864750    0.000000
 2731.493160    0.000000
 2732.122800    0.000001
 2732.751460    0.000001
 2733.381590    0.000001
 2734.010500    0.000001
 2734.640870    0.000001
 2735.270020    0.000001
 2735.899410    0.000001
 2736.530270    0.000002
 2737.159670    0.000002
 2737.790770    0.000002
 2738.420650    0.000002
 2739.052250    0.000003
 2739.682370    0.000003
 2740.312500    0.000004
 2740.944340    0.000004
 2741.575200    0.000005
 2742.207280    0.000006
 2742.838130    0.000007
 2743.470460    0.000008
 2744.101560    0.000009
 2744.732910    0.000010
 2745.365970    0.000011
 2745.997310    0.000013
 2746.630860    0.000015
 2747.262700    0.000017
 2747.896000    0.000019
 2748.528080    0.000022
 2749.160640    0.000026
 2749.794430    0.000029
 2750.427000    0.000033
 2751.061280    0.000038
 2751.694090    0.000043
 2752.328610    0.000049
 2752.961910    0.000055
 2753.595210    0.000063
 2754.230220    0.000072
 2754.863770    0.000081
 2755.499020    0.000092
 2756.132810    0.000104
 2756.768550    0.000117
 2757.402590    0.000133
 2758.036870    0.000150
 2758.673100    0.000169
 2759.307620    0.000190
 2759.943850    0.000214
 2760.578860    0.000240
 2761.215330    0.000270
 2761.850590    0.000302
 2762.487550    0.000340
 2763.123050    0.000380
 2763.758790    0.000424
 2764.396000    0.000475
 2765.031980    0.000530
 2765.669430    0.000591
 2766.305910    0.000659
 2766.943600    0.000734
 2767.580320    0.000816
 2768.216800    0.000908
 2768.855220    0.001008
 2769.492190    0.001119
 2770.130860    0.001241
 2770.768070    0.001374
 2771.407230    0.001521
 2772.044680    0.001681
 2772.682130    0.001858
 2773.321780    0.002050
 2773.959720    0.002261
 2774.599370    0.002493
 2775.237550    0.002745
 2775.877690    0.003019
 2776.516360    0.003319
 2777.155030    0.003645
 2777.795170    0.004002
 2778.434330    0.004388
 2779.074950    0.004808
 2779.714360    0.005264
 2780.355470    0.005760
 2780.995120    0.006297
 2781.634770    0.006879
 2782.276120    0.007510
 2782.916260    0.008192
 2783.558110    0.008932
 2784.198490    0.009728
 2784.840330    0.010592
 2785.480960    0.011522
 2786.121830    0.012526
 2786.764400    0.013611
 2787.405270    0.014777
 2788.048100    0.016037
 2788.689450    0.017391
 2789.332520    0.018852
 2789.974370    0.020421
 2790.615970    0.022108
 2791.259770    0.023928
 2791.901610    0.025878
 2792.545410    0.027979
 2793.187990    0.030232
 2793.832030    0.032658
 2794.474850    0.035256
 2795.117680    0.038046
 2795.762210    0.041048
 2796.405520    0.044264
 2797.050290    0.047723
 2797.693600    0.051425
 2798.338870    0.055409
 2798.982420    0.059671
 2799.626460    0.064247
 2800.272220    0.069168
 2800.916260    0.074433
 2801.562260    0.080097
 2802.206790    0.086159
 2802.852780    0.092675
 2803.497560    0.099652
 2804.142580    0.107139
 2804.789310    0.115190
 2805.434330    0.123802
 2806.081300    0.133069
 2806.726810    0.142986
 2807.374020    0.153651
 2808.020020    0.165069
 2808.666020    0.177314
 2809.313480    0.190475
 2809.959960    0.204568
 2810.607910    0.219713
 2811.254390    0.235914
 2811.902830    0.253334
 2812.549560    0.271955
 2813.198240    0.291970
 2813.845210    0.313356
 2814.492680    0.336279
 2815.141600    0.360881
 2815.789310    0.387167
 2816.438720    0.415372
 2817.086430    0.445465
 2817.736080    0.477742
 2818.384520    0.512181
 2819.032710    0.548961
 2819.682620    0.588344
 2820.331300    0.630304
 2820.981930    0.675207
 2821.630620    0.722943
 2822.281490    0.773990
 2822.930660    0.828215
 2823.580080    0.885950
 2824.231200    0.947526
 2824.880860    1.012835
 2825.532230    1.082392
 2826.182370    1.156090
 2826.833980    1.234438
 2827.484380    1.317326
 2828.134770    1.405104
 2828.786870    1.498237
 2829.437740    1.596527
 2830.090090    1.700603
 2830.741210    1.810252
 2831.394040    1.926196
 2832.045410    2.048089
 2832.697020    2.176447
 2833.350100    2.311747
 2834.001950    2.453643
 2834.655520    2.602981
 2835.307620    2.759236
 2835.961180    2.923299
 2836.613770    3.094742
 2837.266360    3.273970
 2837.920410    3.461571
 2838.573490    3.656996
 2839.228030    3.861113
 2839.881100    4.073121
 2840.535890    4.294149
 2841.189450    4.523297
 2841.843020    4.761024
 2842.498540    5.008111
 2843.152340    5.263195
 2843.807860    5.527598
 2844.462160    5.800105
 2845.118160    6.081882
 2845.772710    6.371475
 2846.427250    6.669379
 2847.083740    6.976363
 2847.738770    7.290655
 2848.395260    7.613438
 2849.050540    7.943145
 2849.707760    8.281097
 2850.363280    8.625095
 2851.018800    8.975655
 2851.676270    9.333459
 2852.332280    9.696230
 2852.989990    10.065264
 2853.646480    10.438430
 2854.304440    10.816727
 2854.960940    11.197909
 2855.617920    11.582512
 2856.276370    11.970493
 2856.933350    12.359472
 2857.592290    12.750792
 2858.249760    13.141713
 2858.908940    13.533389
 2859.566650    13.923171
 2860.224370    14.311161
 2860.883790    14.697557
 2861.541750    15.079692
 2862.201900    15.458859
 2862.860350    15.831978
 2863.520510    16.200140
 2864.179200    16.560732
 2864.839840    16.914764
 2865.498780    17.259434
 2866.157960    17.594955
 2866.818850    17.921209
 2867.478520    18.235920
 2868.139650    18.539566
 2868.799320    18.830030
 2869.460940    19.108049
 2870.121090    19.371447
 2870.781490    19.620253
 2871.443360    19.854204
 2872.103760    20.071648
 2872.766360    20.273170
 2873.427000    20.456964
 2874.089600    20.623617
 2874.750730    20.771803
 2875.412110    20.901556
 2876.075440    21.012772
 2876.736820    21.104498
 2877.400390    21.177069
 2878.062260    21.229851
 2878.725830    21.262989
 2879.388180    21.276257
 2880.050540    21.269718
 2880.714600    21.243332
 2881.377440    21.197308
 2882.041750    21.131611
 2882.704830    21.046720
 2883.369380    20.942564
 2884.032960    20.819836
 2884.696530    20.678791
 2885.361330    20.519550
 2886.025390    20.343058
 2886.690920    20.149235
 2887.354980    19.939510
 2888.020510    19.713589
 2888.685060    19.472933
 2889.349610    19.217918
 2890.015870    18.948565
 2890.680910    18.666790
 2891.347410    18.372238
 2892.012700    18.066887
 2892.679200    17.750439
 2893.344970    17.424639
 2894.010500    17.090120
 2894.677730    16.746721
 2895.343510    16.396923
 2896.011470    16.039650
 2896.677490    15.677969
 2897.345460    15.310606
 2898.011960    14.940269
 2898.678960    14.566698
 2899.347170    14.190281
 2900.014160    13.813175
 2900.682860    13.434492
 2901.350100    13.056765
 2902.019530    12.678638
 2902.687010    12.303139
 2903.354740    11.929682
 2904.024410    11.557944
 2904.692380    11.190552
 2905.361820    10.826311
 2906.030520    10.466948
 2906.700680    10.111773
 2907.369140    9.762913
 2908.038090    9.419620
 2908.708500    9.081791
 2909.377930    8.751004
 2910.048830    8.426363
 2910.718260    8.109552
 2911.389650    7.799193
 2912.059330    7.497182
 2912.729250    7.202775
 2913.400630    6.915600
 2914.070800    6.636909
 2914.742920    6.365466
 2915.413570    6.102705
 2916.085690    5.847494
 2916.756590    5.600849
 2917.429200    5.361668
 2918.100340    5.131030
 2918.771730    4.908250
 2919.444580    4.692861
 2920.116210    4.485614
 2920.789550    4.285490
 2921.461670    4.093224
 2922.135500    3.907835
 2922.807370    3.730162
 2923.479740    3.559365
 2924.154050    3.394929
 2924.826660    3.237565
 2925.500980    3.086279
 2926.174070    2.941541
 2926.848880    2.802527
 2927.522220    2.669697
 2928.195800    2.542495
 2928.870850    2.420512
 2929.544920    2.303996
 2930.220460    2.192334
 2930.894530    2.085814
 2931.570310    1.983746
 2932.244630    1.886423
 2932.919190    1.793406
 2933.595700    1.704300
 2934.270260    1.619446
 2934.947270    1.538126
 2935.622310    1.460711
 2936.299070    1.386619
 2936.974850    1.316000
 2937.650390    1.248621
 2938.327880    1.184136
 2939.003660    1.122761
 2939.681400    1.064035
 2940.357670    1.008136
 2941.035640    0.954682
 2941.712160    0.903815
 2942.389160    0.855275
 2943.067630    0.808899
 2943.744630    0.764790
 2944.423580    0.722634
 2945.100830    0.682571
 2945.780030    0.644302
 2946.457760    0.607939
 2947.135500    0.573321
 2947.815190    0.540284
 2948.493410    0.508924
 2949.173100    0.479038
 2949.851560    0.450683
 2950.531980    0.423665
 2951.210450    0.398082
 2951.889650    0.373771
 2952.570070    0.350667
 2953.249270    0.328800
 2953.930660    0.308014
 2954.610110    0.288385
 2955.291500    0.269756
 2955.971190    0.252182
 2956.651120    0.235565
 2957.333010    0.219828
 2958.013180    0.205012
 2958.695560    0.190997
 2959.376220    0.177825
 2960.058350    0.165397
 2960.739500    0.153723
 2961.420410    0.142754
 2962.103520    0.132420
 2962.784910    0.122748
 2963.468020    0.113660
 2964.149900    0.105165
 2964.833500    0.097196
 2965.515380    0.089766
 2966.197750    0.082822
 2966.881590    0.076330
 2967.564210    0.070291
 2968.248540    0.064654
 2968.931150    0.059425
 2969.615720    0.054552
 2970.299070    0.050038
 2970.984130    0.045842
 2971.667480    0.041966
 2972.351070    0.038379
 2973.036620    0.035053
 2973.720700    0.031990
 2974.406250    0.029160
 2975.090580    0.026557
 2975.776610    0.024156
 2976.461180    0.021954
 2977.146000    0.019932
 2977.832280    0.018073
 2978.517580    0.016374
 2979.204350    0.014814
 2979.889650    0.013393
 2980.576660    0.012093
 2981.262210    0.010909
 2981.948240    0.009830
 2982.635990    0.008846
 2983.322020    0.007955
 2984.010010    0.007143
 2984.696530    0.006409
 2985.384770    0.005743
 2986.071530    0.005141
 2986.758540    0.004598
 2987.447270    0.004106
 2988.134770    0.003664
 2988.823490    0.003264
 2989.510990    0.002907
 2990.200440    0.002584
 2990.888180    0.002296
 2991.576170    0.002037
 2992.266360    0.001805
 2992.954830    0.001598
 2993.644780    0.001413
 2994.333500    0.001248
 2995.023930    0.001101
 2995.713130    0.000971
 2996.402100    0.000854
 2997.093020    0.000751
 2997.782710    0.000660
 2998.473880    0.000579
 2999.163570    0.000507
 2999.855470    0.000444
 3000.545410    0.000388
 3001.235600    0.000340
 3001.927730    0.000296
 3002.618410    0.000257
 3003.310550    0.000224
 3004.001710    0.000196
 3004.694340    0.000170
 3005.385740    0.000147
 3006.076900    0.000128
 3006.770020    0.000111
 3007.461670    0.000095
 3008.155270    0.000082
 3008.847410    0.000071
 3009.541260    0.000061
 3010.233400    0.000052
 3010.926270    0.000045
 3011.620360    0.000039
 3012.313230    0.000033
 3013.007810    0.000029
 3013.700930    0.000025
 3014.395750    0.000021
 3015.089360    0.000018
 3015.783200    0.000015
 3016.478270    0.000013
 3017.172610    0.000011
 3017.868160    0.000010
 3018.562260    0.000008
 3019.258540    0.000007
 3019.952880    0.000006
 3020.647950    0.000005
 3021.344480    0.000004
 3022.039310    0.000004
 3022.736330    0.000003
 3023.431640    0.000003
 3024.128660    0.000002
 3024.824460    0.000002
 3025.522220    0.000002
 3026.218020    0.000001
 3026.914310    0.000001
 3027.612300    0.000001
 3028.308840    0.000001
 3029.007080    0.000001
 3029.703860    0.000001
 3030.402590    0.000000
 3031.099850    0.000000
 3031.797120    0.000000
 3032.496090    0.000000
 3033.193600    0.000000
 3033.893310    0.000000
 3034.591060    0.000000
 3035.290770    0.000000
 3035.989010    0.000000
 3036.687740    0.000000
 3037.387700    0.000000
 3038.086670    0.000000
 3038.787350    0.000000
 3039.486080    0.000000
 3040.187260    0.000000
 3040.886470    0.000000
 3041.586180    0.000000
 3042.287350    0.000000
 3042.987550    0.000000
 3043.689210    0.000000
 3044.389160    0.000000
 3045.091060    0.000000
 3045.791750    0.000000
 3046.492430    0.000000
 3047.194820    0.000000
 3047.896000    0.000000
 3048.598880    0.000000
 3049.300050    0.000000
