 2653.384280    0.002954
 2653.996340    0.003191
 2654.606690    0.003445
 2655.217290    0.003717
 2655.829830    0.004011
 2656.440670    0.004327
 2657.053220    0.004666
 2657.664550    0.005032
 2658.277340    0.005425
 2658.888920    0.005849
 2659.500730    0.006305
 2660.114010    0.006798
 2660.725830    0.007328
 2661.339360    0.007901
 2661.951660    0.008519
 2662.565430    0.009188
 2663.177980    0.009910
 2663.790530    0.010690
 2664.404790    0.011537
 2665.017820    0.012452
 2665.632320    0.013447
 2666.245610    0.014524
 2666.860350    0.015696
 2667.473880    0.016965
 2668.089110    0.018349
 2668.702880    0.019850
 2669.316890    0.021483
 2669.932370    0.023266
 2670.546630    0.025204
 2671.162350    0.027320
 2671.776860    0.029621
 2672.393070    0.032139
 2673.007810    0.034878
 2673.622560    0.037866
 2674.239260    0.041136
 2674.854490    0.044697
 2675.471190    0.048593
 2676.086670    0.052837
 2676.703860    0.057483
 2677.319580    0.062541
 2677.935550    0.068063
 2678.552980    0.074102
 2679.169190    0.080677
 2679.786870    0.087866
 2680.403560    0.095691
 2681.021480    0.104237
 2681.638430    0.113532
 2682.255370    0.123655
 2682.873780    0.134701
 2683.490970    0.146695
 2684.109860    0.159774
 2684.727290    0.173954
 2685.346440    0.189400
 2685.964110    0.206126
 2686.582030    0.224276
 2687.201660    0.244006
 2687.819820    0.265330
 2688.439450    0.288468
 2689.057860    0.313448
 2689.677980    0.340522
 2690.296880    0.369706
 2690.915770    0.401199
 2691.536380    0.435251
 2692.155270    0.471837
 2692.776370    0.511361
 2693.395750    0.553754
 2694.016850    0.599434
 2694.636720    0.648380
 2695.256590    0.700880
 2695.877930    0.757274
 2696.498050    0.817533
 2697.119870    0.882166
 2697.740480    0.951100
 2698.362550    1.024868
 2698.983400    1.103392
 2699.604250    1.187052
 2700.226810    1.276348
 2700.847900    1.371080
 2701.470700    1.471989
 2702.092040    1.578820
 2702.715330    1.692429
 2703.337160    1.812459
 2703.958980    1.939427
 2704.582520    2.073972
 2705.204830    2.215723
 2705.828370    2.365491
 2706.450930    2.522998
 2707.074950    2.689116
 2707.697750    2.863367
 2708.320800    3.046367
 2708.945310    3.238724
 2709.568360    3.439739
 2710.193360    3.650716
 2710.816650    3.870599
 2711.441890    4.100840
 2712.065670    4.340331
 2712.689450    4.589720
 2713.314940    4.849824
 2713.939210    5.119511
 2714.565190    5.400104
 2715.189450    5.690090
 2715.815670    5.991168
 2716.440430    6.301664
 2717.066890    6.623092
 2717.691890    6.953721
 2718.317140    7.294288
 2718.943850    7.645318
 2719.569340    8.005100
 2720.196530    8.375077
 2720.822270    8.753089
 2721.449710    9.140726
 2722.075680    9.535659
 2722.702150    9.938686
 2723.329830    10.349855
 2723.956300    10.767069
 2724.584470    11.191745
 2725.211430    11.621331
 2725.839600    12.056880
 2726.466800    12.496208
 2727.093990    12.939293
 2727.722900    13.386621
 2728.350340    13.835163
 2728.979490    14.286383
 2729.607420    14.737341
 2730.236820    15.189096
 2730.864750    15.638653
 2731.493160    16.086493
 2732.122800    16.532183
 2732.751460    16.973207
 2733.381590    17.410294
 2734.010500    17.840588
 2734.640870    18.264923
 2735.270020    18.680487
 2735.899410    19.087257
 2736.530270    19.484989
 2737.159670    19.870842
 2737.790770    20.245766
 2738.420650    20.607040
 2739.052250    20.955383
 2739.682370    21.288105
 2740.312500    21.605139
 2740.944340    21.906414
 2741.575200    22.189789
 2742.207280    22.455450
 2742.838130    22.701622
 2743.470460    22.928640
 2744.101560    23.134880
 2744.732910    23.320270
 2745.365970    23.484604
 2745.997310    23.626507
 2746.630860    23.746418
 2747.262700    23.843212
 2747.896000    23.917097
 2748.528080    23.967522
 2749.160640    23.994509
 2749.794430    23.997909
 2750.427000    23.977692
 2751.061280    23.933788
 2751.694090    23.866528
 2752.328610    23.775757
 2752.961910    23.662123
 2753.595210    23.525806
 2754.230220    23.366739
 2754.863770    23.186167
 2755.499020    22.983688
 2756.132810    22.760887
 2756.768550    22.517174
 2757.402590    22.254635
 2758.036870    21.973263
 2758.673100    21.672998
 2759.307620    21.356392
 2759.943850    21.022610
 2760.578860    20.674080
 2761.215330    20.310261
 2761.850590    19.933645
 2762.487550    19.543482
 2763.123050    19.142710
 2763.758790    18.731316
 2764.396000    18.309498
 2765.031980    17.880075
 2765.669430    17.442276
 2766.305910    16.998806
 2766.943600    16.549173
 2767.580320    16.095947
 2768.216800    15.639627
 2768.855220    15.179623
 2769.492190    14.719364
 2770.130860    14.257513
 2770.768070    13.797280
 2771.407230    13.337095
 2772.044680    12.880453
 2772.682130    12.426940
 2773.321780    11.975798
 2773.959720    11.530533
 2774.599370    11.089470
 2775.237550    10.655463
 2775.877690    10.226818
 2776.516360    9.806412
 2777.155030    9.393785
 2777.795170    8.988508
 2778.434330    8.592580
 2779.074950    8.204898
 2779.714360    7.827447
 2780.355470    7.458818
 2780.995120    7.101113
 2781.634770    6.753700
 2782.276120    6.415875
 2782.916260    6.089340
 2783.558110    5.772715
 2784.198490    5.467640
 2784.840330    5.172753
 2785.480960    4.889292
 2786.121830    4.616549
 2786.764400    4.353887
 2787.405270    4.102610
 2788.048100    3.861170
 2788.689450    3.630719
 2789.332520    3.409954
 2789.974370    3.199708
 2790.615970    2.999421
 2791.259770    2.808153
 2791.901610    2.626905
 2792.545410    2.454325
 2793.187990    2.291016
 2793.832030    2.136030
 2794.474850    1.989739
 2795.117680    1.851559
 2795.762210    1.720861
 2796.405520    1.597959
 2797.050290    1.482045
 2797.693600    1.373354
 2798.338870    1.271018
 2798.982420    1.175331
 2799.626460    1.085657
 2800.272220    1.001571
 2800.916260    0.923235
 2801.562260    0.849929
 2802.206790    0.781776
 2802.852780    0.718202
 2803.497560    0.659216
 2804.142580    0.604425
 2804.789310    0.553481
 2805.434330    0.506420
 2806.081300    0.462750
 2806.726810    0.422491
 2807.374020    0.385237
 2808.020020    0.350961
 2808.666020    0.319400
 2809.313480    0.290309
 2809.959960    0.263629
 2810.607910    0.239097
 2811.254390    0.216667
 2811.902830    0.196076
 2812.549560    0.177302
 2813.198240    0.160108
 2813.845210    0.144466
 2814.492680    0.130206
 2815.141600    0.117202
 2815.789310    0.105406
 2816.438720    0.094670
 2817.086430    0.084962
 2817.736080    0.076142
 2818.384520    0.068181
 2819.032710    0.060989
 2819.682620    0.054482
 2820.331300    0.048629
 2820.981930    0.043343
 2821.630620    0.038604
 2822.281490    0.034332
 2822.930660    0.030510
 2823.580080    0.027083
 2824.231200    0.024009
 2824.880860    0.021266
 2825.532230    0.018810
 2826.182370    0.016624
 2826.833980    0.014672
 2827.484380    0.012939
 2828.134770    0.011398
 2828.786870    0.010026
 2829.437740    0.008812
 2830.090090    0.007735
 2830.741210    0.006783
 2831.394040    0.005940
 2832.045410    0.005198
 2832.697020    0.004544
 2833.350100    0.003966
 2834.001950    0.003459
 2834.655520    0.003013
 2835.307620    0.002622
 2835.961180    0.002278
 2836.613770    0.001978
 2837.266360    0.001716
 2837.920410    0.001486
 2838.573490    0.001286
 2839.228030    0.001111
 2839.881100    0.000959
 2840.535890    0.000827
 2841.189450    0.000712
 2841.843020    0.000613
 2842.498540    0.000526
 2843.152340    0.000452
 2843.807860    0.000388
 2844.462160    0.000332
 2845.118160    0.000284
 2845.772710    0.000243
 2846.427250    0.000207
 2847.083740    0.000176
 2847.738770    0.000151
 2848.395260    0.000128
 2849.050540    0.000109
 2849.707760    0.000093
 2850.363280    0.000078
 2851.018800    0.000067
 2851.676270    0.000056
 2852.332280    0.000048
 2852.989990    0.000040
 2853.646480    0.000033
 2854.304440    0.000029
 2854.960940    0.000024
 2855.617920    0.000020
 2856.276370    0.000017
 2856.933350    0.000014
 2857.592290    0.000011
 2858.249760    0.000010
 2858.908940    0.000009
 2859.566650    0.000007
 2860.224370    0.000006
 2860.883790    0.000005
 2861.541750    0.000004
 2862.201900    0.000003
 2862.860350    0.000003
 2863.520510    0.000002
 2864.179200    0.000002
 2864.839840    0.000002
 2865.498780    0.000001
 2866.157960    0.000001
 2866.818850    0.000001
 2867.478520    0.000001
 2868.139650    0.000001
 2868.799320    0.000001
 2869.460940    0.000000
 2870.121090    0.000000
 2870.781490    0.000000
 2871.443360    0.000000
 2872.103760    0.000000
 2872.766360    0.000000
 2873.427000    0.000000
 2874.089600    0.000000
 2874.750730    0.000000
 2875.412110    0.000000
 2876.075440    0.000000
 2876.736820    0.000000
 2877.400390    0.000000
 2878.062260    0.000000
 2878.725830    0.000000
 2879.388180    0.000000
 2880.050540    0.000000
 2880.714600    0.000000
 2881.377440    0.000000
 2882.041750    0.000000
 2882.704830    0.000000
 2883.369380    0.000000
 2884.032960    0.000000
 2884.696530    0.000000
 2885.361330    0.000000
 2886.025390    0.000000
 2886.690920    0.000000
 2887.354980    0.000000
 2888.020510    0.000000
 2888.685060    0.000000
 2889.349610    0.000000
 2890.015870    0.000000
 2890.680910    0.000000
 2891.347410    0.000000
 2892.012700    0.000000
 2892.679200    0.000000
 2893.344970    0.000000
 2894.010500    0.000000
 2894.677730    0.000000
 2895.343510    0.000000
 2896.011470    0.000000
 2896.677490    0.000000
 2897.345460    0.000000
 2898.011960    0.000000
 2898.678960    0.000000
 2899.347170    0.000000
 2900.014160    0.000000
 2900.682860    0.000000
 2901.350100    0.000000
 2902.019530    0.000000
 2902.687010    0.000000
 2903.354740    0.000000
 2904.024410    0.000000
 2904.692380    0.000000
 2905.361820    0.000000
 2906.030520    0.000000
 2906.700680    0.000000
 2907.369140    0.000000
 2908.038090    0.000000
 2908.708500    0.000000
 2909.377930    0.000000
 2910.048830    0.000000
 2910.718260    0.000000
 2911.389650    0.000000
 2912.059330    0.000000
 2912.729250    0.000000
 2913.400630    0.000000
 2914.070800    0.000000
 2914.742920    0.000000
 2915.413570    0.000000
 2916.085690    0.000000
 2916.756590    0.000000
 2917.429200    0.000000
 2918.100340    0.000000
 2918.771730    0.000000
 2919.444580    0.000000
 2920.116210    0.000000
 2920.789550    0.000000
 2921.461670    0.000000
 2922.135500    0.000000
 2922.807370    0.000000
 2923.479740    0.000000
 2924.154050    0.000000
 2924.826660    0.000000
 2925.500980    0.000000
 2926.174070    0.000000
 2926.848880    0.000000
 2927.522220    0.000000
 2928.195800    0.000000
 2928.870850    0.000000
 2929.544920    0.000000
 2930.220460    0.000000
 2930.894530    0.000000
 2931.570310    0.000000
 2932.244630    0.000000
 2932.919190    0.000000
 2933.595700    0.000000
 2934.270260    0.000000
 2934.947270    0.000000
 2935.622310    0.000000
 2936.299070    0.000000
 2936.974850    0.000000
 2937.650390    0.000000
 2938.327880    0.000000
 2939.003660    0.000000
 2939.681400    0.000000
 2940.357670    0.000000
 2941.035640    0.000000
 2941.712160    0.000000
 2942.389160    0.000000
 2943.067630    0.000000
 2943.744630    0.000000
 2944.423580    0.000000
 2945.100830    0.000000
 2945.780030    0.000000
 2946.457760    0.000000
 2947.135500    0.000000
 2947.815190    0.000000
 2948.493410    0.000000
 2949.173100    0.000000
 2949.851560    0.000000
 2950.531980    0.000000
 2951.210450    0.000000
 2951.889650    0.000000
 2952.570070    0.000000
 2953.249270    0.000000
 2953.930660    0.000000
 2954.610110    0.000000
 2955.291500    0.000000
 2955.971190    0.000000
 2956.651120    0.000000
 2957.333010    0.000000
 2958.013180    0.000000
 2958.695560    0.000000
 2959.376220    0.000000
 2960.058350    0.000000
 2960.739500    0.000000
 2961.420410    0.000000
 2962.103520    0.000000
 2962.784910    0.000000
 2963.468020    0.000000
 2964.149900    0.000000
 2964.833500    0.000000
 2965.515380    0.000000
 2966.197750    0.000000
 2966.881590    0.000000
 2967.564210    0.000000
 2968.248540    0.000000
 2968.931150    0.000000
 2969.615720    0.000000
 2970.299070    0.000000
 2970.984130    0.000000
 2971.667480    0.000000
 2972.351070    0.000000
 2973.036620    0.000000
 2973.720700    0.000000
 2974.406250    0.000000
 2975.090580    0.000000
 2975.776610    0.000000
 2976.461180    0.000000
 2977.146000    0.000000
 2977.832280    0.000000
 2978.517580    0.000000
 2979.204350    0.000000
 2979.889650    0.000000
 2980.576660    0.000000
 2981.262210    0.000000
 2981.948240    0.000000
 2982.635990    0.000000
 2983.322020    0.000000
 2984.010010    0.000000
 2984.696530    0.000000
 2985.384770    0.000000
 2986.071530    0.000000
 2986.758540    0.000000
 2987.447270    0.000000
 2988.134770    0.000000
 2988.823490    0.000000
 2989.510990    0.000000
 2990.200440    0.000000
 2990.888180    0.000000
 2991.576170    0.000000
 2992.266360    0.000000
 2992.954830    0.000000
 2993.644780    0.000000
 2994.333500    0.000000
 2995.023930    0.000000
 2995.713130    0.000000
 2996.402100    0.000000
 2997.093020    0.000000
 2997.782710    0.000000
 2998.473880    0.000000
 2999.163570    0.000000
 2999.855470    0.000000
 3000.545410    0.000000
 3001.235600    0.000000
 3001.927730    0.000000
 3002.618410    0.000000
 3003.310550    0.000000
 3004.001710    0.000000
 3004.694340    0.000000
 3005.385740    0.000000
 3006.076900    0.000000
 3006.770020    0.000000
 3007.461670    0.000000
 3008.155270    0.000000
 3008.847410    0.000000
 3009.541260    0.000000
 3010.233400    0.000000
 3010.926270    0.000000
 3011.620360    0.000000
 3012.313230    0.000000
 3013.007810    0.000000
 3013.700930    0.000000
 3014.395750    0.000000
 3015.089360    0.000000
 3015.783200    0.000000
 3016.478270    0.000000
 3017.172610    0.000000
 3017.868160    0.000000
 3018.562260    0.000000
 3019.258540    0.000000
 3019.952880    0.000000
 3020.647950    0.000000
 3021.344480    0.000000
 3022.039310    0.000000
 3022.736330    0.000000
 3023.431640    0.000000
 3024.128660    0.000000
 3024.824460    0.000000
 3025.522220    0.000000
 3026.218020    0.000000
 3026.914310    0.000000
 3027.612300    0.000000
 3028.308840    0.000000
 3029.007080    0.000000
 3029.703860    0.000000
 3030.402590    0.000000
 3031.099850    0.000000
 3031.797120    0.000000
 3032.496090    0.000000
 3033.193600    0.000000
 3033.893310    0.000000
 3034.591060    0.000000
 3035.290770    0.000000
 3035.989010    0.000000
 3036.687740    0.000000
 3037.387700    0.000000
 3038.086670    0.000000
 3038.787350    0.000000
 3039.486080    0.000000
 3040.187260    0.000000
 3040.886470    0.000000
 3041.586180    0.000000
 3042.287350    0.000000
 3042.987550    0.000000
 3043.689210    0.000000
 3044.389160    0.000000
 3045.091060    0.000000
 3045.791750    0.000000
 3046.492430    0.000000
 3047.194820    0.000000
 3047.896000    0.000000
 3048.598880    0.000000
 3049.300050    0.000000
