 2653.384280    0.001316
 2653.996340    0.001536
 2654.606690    0.001785
 2655.217290    0.002066
 2655.829830    0.002381
 2656.440670    0.002730
 2657.053220    0.003119
 2657.664550    0.003545
 2658.277340    0.004013
 2658.888920    0.004522
 2659.500730    0.005073
 2660.114010    0.005667
 2660.725830    0.006300
 2661.339360    0.006976
 2661.951660    0.007688
 2662.565430    0.008437
 2663.177980    0.009215
 2663.790530    0.010022
 2664.404790    0.010854
 2665.017820    0.011700
 2665.632320    0.012559
 2666.245610    0.013420
 2666.860350    0.014279
 2667.473880    0.015125
 2668.089110    0.015955
 2668.702880    0.016755
 2669.316890    0.017521
 2669.932370    0.018246
 2670.546630    0.018920
 2671.162350    0.019541
 2671.776860    0.020099
 2672.393070    0.020594
 2673.007810    0.021019
 2673.622560    0.021377
 2674.239260    0.021666
 2674.854490    0.021888
 2675.471190    0.022049
 2676.086670    0.022154
 2676.703860    0.022212
 2677.319580    0.022235
 2677.935550    0.022236
 2678.552980    0.022232
 2679.169190    0.022242
 2679.786870    0.022286
 2680.403560    0.022390
 2681.021480    0.022582
 2681.638430    0.022891
 2682.255370    0.023351
 2682.873780    0.023999
 2683.490970    0.024875
 2684.109860    0.026025
 2684.727290    0.027490
 2685.346440    0.029330
 2685.964110    0.031590
 2686.582030    0.034337
 2687.201660    0.037643
 2687.819820    0.041565
 2688.439450    0.046195
 2689.057860    0.051600
 2689.677980    0.057900
 2690.296880    0.065168
 2690.915770    0.073528
 2691.536380    0.083134
 2692.155270    0.094072
 2692.776370    0.106573
 2693.395750    0.120738
 2694.016850    0.136847
 2694.636720    0.155055
 2695.256590    0.175652
 2695.877930    0.198992
 2696.498050    0.225315
 2697.119870    0.255136
 2697.740480    0.288757
 2698.362550    0.326830
 2698.983400    0.369759
 2699.604250    0.418252
 2700.226810    0.473187
 2700.847900    0.535095
 2701.470700    0.605195
 2702.092040    0.684126
 2702.715330    0.773429
 2703.337160    0.873816
 2703.958980    0.986773
 2704.582520    1.114050
 2705.204830    1.256539
 2705.828370    1.416359
 2706.450930    1.594574
 2707.074950    1.793583
 2707.697750    2.014240
 2708.320800    2.258716
 2708.945310    2.529270
 2709.568360    2.826258
 2710.193360    3.152876
 2710.816650    3.508627
 2711.441890    3.896848
 2712.065670    4.316466
 2712.689450    4.769101
 2713.314940    5.256578
 2713.939210    5.776753
 2714.565190    6.331822
 2715.189450    6.918046
 2715.815670    7.537722
 2716.440430    8.185861
 2717.066890    8.863629
 2717.691890    9.564968
 2718.317140    10.288569
 2718.943850    11.032281
 2719.569340    11.788795
 2720.196530    12.557074
 2720.822270    13.328241
 2721.449710    14.100842
 2722.075680    14.865311
 2722.702150    15.618153
 2723.329830    16.354134
 2723.956300    17.064253
 2724.584470    17.745651
 2725.211430    18.389074
 2725.839600    18.991148
 2726.466800    19.544146
 2727.093990    20.043810
 2727.722900    20.486466
 2728.350340    20.865540
 2728.979490    21.179184
 2729.607420    21.422764
 2730.236820    21.594866
 2730.864750    21.692989
 2731.493160    21.716667
 2732.122800    21.665424
 2732.751460    21.539957
 2733.381590    21.341000
 2734.010500    21.071388
 2734.640870    20.732653
 2735.270020    20.329555
 2735.899410    19.865255
 2736.530270    19.343090
 2737.159670    18.770420
 2737.790770    18.149656
 2738.420650    17.489254
 2739.052250    16.791965
 2739.682370    16.067265
 2740.312500    15.319614
 2740.944340    14.552938
 2741.575200    13.776410
 2742.207280    12.993106
 2742.838130    12.211590
 2743.470460    11.433792
 2744.101560    10.667912
 2744.732910    9.916646
 2745.365970    9.182407
 2745.997310    8.472782
 2746.630860    7.786562
 2747.262700    7.130672
 2747.896000    6.503985
 2748.528080    5.910872
 2749.160640    5.350906
 2749.794430    4.824365
 2750.427000    4.333646
 2751.061280    3.876498
 2751.694090    3.454856
 2752.328610    3.065936
 2752.961910    2.710608
 2753.595210    2.386896
 2754.230220    2.092655
 2754.863770    1.827826
 2755.499020    1.589426
 2756.132810    1.376916
 2756.768550    1.187380
 2757.402590    1.020112
 2758.036870    0.872725
 2758.673100    0.743152
 2759.307620    0.630437
 2759.943850    0.532326
 2760.578860    0.447727
 2761.215330    0.374822
 2761.850590    0.312556
 2762.487550    0.259389
 2763.123050    0.214433
 2763.758790    0.176492
 2764.396000    0.144568
 2765.031980    0.117950
 2765.669430    0.095768
 2766.305910    0.077442
 2766.943600    0.062323
 2767.580320    0.049951
 2768.216800    0.039863
 2768.855220    0.031649
 2769.492190    0.025029
 2770.130860    0.019693
 2770.768070    0.015434
 2771.407230    0.012033
 2772.044680    0.009346
 2772.682130    0.007227
 2773.321780    0.005557
 2773.959720    0.004257
 2774.599370    0.003244
 2775.237550    0.002463
 2775.877690    0.001860
 2776.516360    0.001399
 2777.155030    0.001047
 2777.795170    0.000780
 2778.434330    0.000579
 2779.074950    0.000427
 2779.714360    0.000314
 2780.355470    0.000229
 2780.995120    0.000167
 2781.634770    0.000121
 2782.276120    0.000087
 2782.916260    0.000063
 2783.558110    0.000045
 2784.198490    0.000031
 2784.840330    0.000023
 2785.480960    0.000016
 2786.121830    0.000011
 2786.764400    0.000008
 2787.405270    0.000006
 2788.048100    0.000004
 2788.689450    0.000003
 2789.332520    0.000002
 2789.974370    0.000001
 2790.615970    0.000001
 2791.259770    0.000001
 2791.901610    0.000000
 2792.545410    0.000000
 2793.187990    0.000000
 2793.832030    0.000000
 2794.474850    0.000000
 2795.117680    0.000000
 2795.762210    0.000000
 2796.405520    0.000000
 2797.050290    0.000000
 2797.693600    0.000000
 2798.338870    0.000000
 2798.982420    0.000000
 2799.626460    0.000000
 2800.272220    0.000000
 2800.916260    0.000000
 2801.562260    0.000000
 2802.206790    0.000000
 2802.852780    0.000000
 2803.497560    0.000000
 2804.142580    0.000000
 2804.789310    0.000000
 2805.434330    0.000000
 2806.081300    0.000000
 2806.726810    0.000000
 2807.374020    0.000000
 2808.020020    0.000000
 2808.666020    0.000000
 2809.313480    0.000000
 2809.959960    0.000000
 2810.607910    0.000000
 2811.254390    0.000000
 2811.902830    0.000000
 2812.549560    0.000000
 2813.198240    0.000000
 2813.845210    0.000000
 2814.492680    0.000000
 2815.141600    0.000000
 2815.789310    0.000000
 2816.438720    0.000000
 2817.086430    0.000000
 2817.736080    0.000000
 2818.384520    0.000000
 2819.032710    0.000000
 2819.682620    0.000000
 2820.331300    0.000000
 2820.981930    0.000000
 2821.630620    0.000000
 2822.281490    0.000000
 2822.930660    0.000000
 2823.580080    0.000000
 2824.231200    0.000000
 2824.880860    0.000000
 2825.532230    0.000000
 2826.182370    0.000000
 2826.833980    0.000000
 2827.484380    0.000000
 2828.134770    0.000000
 2828.786870    0.000000
 2829.437740    0.000000
 2830.090090    0.000000
 2830.741210    0.000000
 2831.394040    0.000000
 2832.045410    0.000000
 2832.697020    0.000000
 2833.350100    0.000000
 2834.001950    0.000000
 2834.655520    0.000000
 2835.307620    0.000000
 2835.961180    0.000000
 2836.613770    0.000000
 2837.266360    0.000000
 2837.920410    0.000000
 2838.573490    0.000000
 2839.228030    0.000000
 2839.881100    0.000000
 2840.535890    0.000000
 2841.189450    0.000000
 2841.843020    0.000000
 2842.498540    0.000000
 2843.152340    0.000000
 2843.807860    0.000000
 2844.462160    0.000000
 2845.118160    0.000000
 2845.772710    0.000000
 2846.427250    0.000000
 2847.083740    0.000000
 2847.738770    0.000000
 2848.395260    0.000000
 2849.050540    0.000000
 2849.707760    0.000000
 2850.363280    0.000000
 2851.018800    0.000000
 2851.676270    0.000000
 2852.332280    0.000000
 2852.989990    0.000000
 2853.646480    0.000000
 2854.304440    0.000000
 2854.960940    0.000000
 2855.617920    0.000000
 2856.276370    0.000000
 2856.933350    0.000000
 2857.592290    0.000000
 2858.249760    0.000000
 2858.908940    0.000000
 2859.566650    0.000000
 2860.224370    0.000000
 2860.883790    0.000000
 2861.541750    0.000000
 2862.201900    0.000000
 2862.860350    0.000000
 2863.520510    0.000000
 2864.179200    0.000000
 2864.839840    0.000000
 2865.498780    0.000000
 2866.157960    0.000000
 2866.818850    0.000000
 2867.478520    0.000000
 2868.139650    0.000000
 2868.799320    0.000000
 2869.460940    0.000000
 2870.121090    0.000000
 2870.781490    0.000000
 2871.443360    0.000000
 2872.103760    0.000000
 2872.766360    0.000000
 2873.427000    0.000000
 2874.089600    0.000000
 2874.750730    0.000000
 2875.412110    0.000000
 2876.075440    0.000000
 2876.736820    0.000000
 2877.400390    0.000000
 2878.062260    0.000000
 2878.725830    0.000000
 2879.388180    0.000000
 2880.050540    0.000000
 2880.714600    0.000000
 2881.377440    0.000000
 2882.041750    0.000000
 2882.704830    0.000000
 2883.369380    0.000000
 2884.032960    0.000000
 2884.696530    0.000000
 2885.361330    0.000000
 2886.025390    0.000000
 2886.690920    0.000000
 2887.354980    0.000000
 2888.020510    0.000000
 2888.685060    0.000000
 2889.349610    0.000000
 2890.015870    0.000000
 2890.680910    0.000000
 2891.347410    0.000000
 2892.012700    0.000000
 2892.679200    0.000000
 2893.344970    0.000000
 2894.010500    0.000000
 2894.677730    0.000000
 2895.343510    0.000000
 2896.011470    0.000000
 2896.677490    0.000000
 2897.345460    0.000000
 2898.011960    0.000000
 2898.678960    0.000000
 2899.347170    0.000000
 2900.014160    0.000000
 2900.682860    0.000000
 2901.350100    0.000000
 2902.019530    0.000000
 2902.687010    0.000000
 2903.354740    0.000000
 2904.024410    0.000000
 2904.692380    0.000000
 2905.361820    0.000000
 2906.030520    0.000000
 2906.700680    0.000000
 2907.369140    0.000000
 2908.038090    0.000000
 2908.708500    0.000000
 2909.377930    0.000000
 2910.048830    0.000000
 2910.718260    0.000000
 2911.389650    0.000000
 2912.059330    0.000000
 2912.729250    0.000000
 2913.400630    0.000000
 2914.070800    0.000000
 2914.742920    0.000000
 2915.413570    0.000000
 2916.085690    0.000000
 2916.756590    0.000000
 2917.429200    0.000000
 2918.100340    0.000000
 2918.771730    0.000000
 2919.444580    0.000000
 2920.116210    0.000000
 2920.789550    0.000000
 2921.461670    0.000000
 2922.135500    0.000000
 2922.807370    0.000000
 2923.479740    0.000000
 2924.154050    0.000000
 2924.826660    0.000000
 2925.500980    0.000000
 2926.174070    0.000000
 2926.848880    0.000000
 2927.522220    0.000000
 2928.195800    0.000000
 2928.870850    0.000000
 2929.544920    0.000000
 2930.220460    0.000000
 2930.894530    0.000000
 2931.570310    0.000000
 2932.244630    0.000000
 2932.919190    0.000000
 2933.595700    0.000000
 2934.270260    0.000000
 2934.947270    0.000000
 2935.622310    0.000000
 2936.299070    0.000000
 2936.974850    0.000000
 2937.650390    0.000000
 2938.327880    0.000000
 2939.003660    0.000000
 2939.681400    0.000000
 2940.357670    0.000000
 2941.035640    0.000000
 2941.712160    0.000000
 2942.389160    0.000000
 2943.067630    0.000000
 2943.744630    0.000000
 2944.423580    0.000000
 2945.100830    0.000000
 2945.780030    0.000000
 2946.457760    0.000000
 2947.135500    0.000000
 2947.815190    0.000000
 2948.493410    0.000000
 2949.173100    0.000000
 2949.851560    0.000000
 2950.531980    0.000000
 2951.210450    0.000000
 2951.889650    0.000000
 2952.570070    0.000000
 2953.249270    0.000000
 2953.930660    0.000000
 2954.610110    0.000000
 2955.291500    0.000000
 2955.971190    0.000000
 2956.651120    0.000000
 2957.333010    0.000000
 2958.013180    0.000000
 2958.695560    0.000000
 2959.376220    0.000000
 2960.058350    0.000000
 2960.739500    0.000000
 2961.420410    0.000000
 2962.103520    0.000000
 2962.784910    0.000000
 2963.468020    0.000000
 2964.149900    0.000000
 2964.833500    0.000000
 2965.515380    0.000000
 2966.197750    0.000000
 2966.881590    0.000000
 2967.564210    0.000000
 2968.248540    0.000000
 2968.931150    0.000000
 2969.615720    0.000000
 2970.299070    0.000000
 2970.984130    0.000000
 2971.667480    0.000000
 2972.351070    0.000000
 2973.036620    0.000000
 2973.720700    0.000000
 2974.406250    0.000000
 2975.090580    0.000000
 2975.776610    0.000000
 2976.461180    0.000000
 2977.146000    0.000000
 2977.832280    0.000000
 2978.517580    0.000000
 2979.204350    0.000000
 2979.889650    0.000000
 2980.576660    0.000000
 2981.262210    0.000000
 2981.948240    0.000000
 2982.635990    0.000000
 2983.322020    0.000000
 2984.010010    0.000000
 2984.696530    0.000000
 2985.384770    0.000000
 2986.071530    0.000000
 2986.758540    0.000000
 2987.447270    0.000000
 2988.134770    0.000000
 2988.823490    0.000000
 2989.510990    0.000000
 2990.200440    0.000000
 2990.888180    0.000000
 2991.576170    0.000000
 2992.266360    0.000000
 2992.954830    0.000000
 2993.644780    0.000000
 2994.333500    0.000000
 2995.023930    0.000000
 2995.713130    0.000000
 2996.402100    0.000000
 2997.093020    0.000000
 2997.782710    0.000000
 2998.473880    0.000000
 2999.163570    0.000000
 2999.855470    0.000000
 3000.545410    0.000000
 3001.235600    0.000000
 3001.927730    0.000000
 3002.618410    0.000000
 3003.310550    0.000000
 3004.001710    0.000000
 3004.694340    0.000000
 3005.385740    0.000000
 3006.076900    0.000000
 3006.770020    0.000000
 3007.461670    0.000000
 3008.155270    0.000000
 3008.847410    0.000000
 3009.541260    0.000000
 3010.233400    0.000000
 3010.926270    0.000000
 3011.620360    0.000000
 3012.313230    0.000000
 3013.007810    0.000000
 3013.700930    0.000000
 3014.395750    0.000000
 3015.089360    0.000000
 3015.783200    0.000000
 3016.478270    0.000000
 3017.172610    0.000000
 3017.868160    0.000000
 3018.562260    0.000000
 3019.258540    0.000000
 3019.952880    0.000000
 3020.647950    0.000000
 3021.344480    0.000000
 3022.039310    0.000000
 3022.736330    0.000000
 3023.431640    0.000000
 3024.128660    0.000000
 3024.824460    0.000000
 3025.522220    0.000000
 3026.218020    0.000000
 3026.914310    0.000000
 3027.612300    0.000000
 3028.308840    0.000000
 3029.007080    0.000000
 3029.703860    0.000000
 3030.402590    0.000000
 3031.099850    0.000000
 3031.797120    0.000000
 3032.496090    0.000000
 3033.193600    0.000000
 3033.893310    0.000000
 3034.591060    0.000000
 3035.290770    0.000000
 3035.989010    0.000000
 3036.687740    0.000000
 3037.387700    0.000000
 3038.086670    0.000000
 3038.787350    0.000000
 3039.486080    0.000000
 3040.187260    0.000000
 3040.886470    0.000000
 3041.586180    0.000000
 3042.287350    0.000000
 3042.987550    0.000000
 3043.689210    0.000000
 3044.389160    0.000000
 3045.091060    0.000000
 3045.791750    0.000000
 3046.492430    0.000000
 3047.194820    0.000000
 3047.896000    0.000000
 3048.598880    0.000000
 3049.300050    0.000000
