 2653.384280    0.000139
 2653.996340    0.000191
 2654.606690    0.000258
 2655.217290    0.000349
 2655.829830    0.000471
 2656.440670    0.000630
 2657.053220    0.000842
 2657.664550    0.001120
 2658.277340    0.001482
 2658.888920    0.001951
 2659.500730    0.002560
 2660.114010    0.003345
 2660.725830    0.004348
 2661.339360    0.005632
 2661.951660    0.007259
 2662.565430    0.009321
 2663.177980    0.011909
 2663.790530    0.015150
 2664.404790    0.019201
 2665.017820    0.024215
 2665.632320    0.030421
 2666.245610    0.038031
 2666.860350    0.047359
 2667.473880    0.058690
 2668.089110    0.072453
 2668.702880    0.089003
 2669.316890    0.108857
 2669.932370    0.132615
 2670.546630    0.160780
 2671.162350    0.194149
 2671.776860    0.233318
 2672.393070    0.279285
 2673.007810    0.332684
 2673.622560    0.394535
 2674.239260    0.466054
 2674.854490    0.547875
 2675.471190    0.641439
 2676.086670    0.747410
 2676.703860    0.867372
 2677.319580    1.001753
 2677.935550    1.151874
 2678.552980    1.319016
 2679.169190    1.503277
 2679.786870    1.706153
 2680.403560    1.927381
 2681.021480    2.168077
 2681.638430    2.427489
 2682.255370    2.705811
 2682.873780    3.003308
 2683.490970    3.317927
 2684.109860    3.650073
 2684.727290    3.996594
 2685.346440    4.357465
 2685.964110    4.728674
 2686.582030    5.108703
 2687.201660    5.495635
 2687.819820    5.884337
 2688.439450    6.273218
 2689.057860    6.656940
 2689.677980    7.033481
 2690.296880    7.397110
 2690.915770    7.744600
 2691.536380    8.072869
 2692.155270    8.376250
 2692.776370    8.652925
 2693.395750    8.897677
 2694.016850    9.108728
 2694.636720    9.282304
 2695.256590    9.416571
 2695.877930    9.509912
 2696.498050    9.560646
 2697.119870    9.568274
 2697.740480    9.532606
 2698.362550    9.453948
 2698.983400    9.333674
 2699.604250    9.173283
 2700.226810    8.974305
 2700.847900    8.740337
 2701.470700    8.473192
 2702.092040    8.177582
 2702.715330    7.855515
 2703.337160    7.512589
 2703.958980    7.152061
 2704.582520    6.776921
 2705.204830    6.392945
 2705.828370    6.002573
 2706.450930    5.610960
 2707.074950    5.220149
 2707.697750    4.835132
 2708.320800    4.457998
 2708.945310    4.090725
 2709.568360    3.737359
 2710.193360    3.397941
 2710.816650    3.076056
 2711.441890    2.771057
 2712.065670    2.485504
 2712.689450    2.219207
 2713.314940    1.971751
 2713.939210    1.744278
 2714.565190    1.535453
 2715.189450    1.345912
 2715.815670    1.173868
 2716.440430    1.019452
 2717.066890    0.880940
 2717.691890    0.758017
 2718.317140    0.649218
 2718.943850    0.553276
 2719.569340    0.469494
 2720.196530    0.396386
 2720.822270    0.333256
 2721.449710    0.278757
 2722.075680    0.232194
 2722.702150    0.192492
 2723.329830    0.158785
 2723.956300    0.130425
 2724.584470    0.106578
 2725.211430    0.086723
 2725.839600    0.070213
 2726.466800    0.056602
 2727.093990    0.045420
 2727.722900    0.036256
 2728.350340    0.028822
 2728.979490    0.022793
 2729.607420    0.017949
 2730.236820    0.014061
 2730.864750    0.010971
 2731.493160    0.008518
 2732.122800    0.006580
 2732.751460    0.005061
 2733.381590    0.003873
 2734.010500    0.002951
 2734.640870    0.002236
 2735.270020    0.001688
 2735.899410    0.001268
 2736.530270    0.000948
 2737.159670    0.000706
 2737.790770    0.000523
 2738.420650    0.000385
 2739.052250    0.000282
 2739.682370    0.000206
 2740.312500    0.000150
 2740.944340    0.000109
 2741.575200    0.000078
 2742.207280    0.000056
 2742.838130    0.000040
 2743.470460    0.000029
 2744.101560    0.000020
 2744.732910    0.000014
 2745.365970    0.000010
 2745.997310    0.000007
 2746.630860    0.000005
 2747.262700    0.000003
 2747.896000    0.000002
 2748.528080    0.000002
 2749.160640    0.000001
 2749.794430    0.000001
 2750.427000    0.000000
 2751.061280    0.000000
 2751.694090    0.000000
 2752.328610    0.000000
 2752.961910    0.000000
 2753.595210    0.000000
 2754.230220    0.000000
 2754.863770    0.000000
 2755.499020    0.000000
 2756.132810    0.000000
 2756.768550    0.000000
 2757.402590    0.000000
 2758.036870    0.000000
 2758.673100    0.000000
 2759.307620    0.000000
 2759.943850    0.000000
 2760.578860    0.000000
 2761.215330    0.000000
 2761.850590    0.000000
 2762.487550    0.000000
 2763.123050    0.000000
 2763.758790    0.000001
 2764.396000    0.000001
 2765.031980    0.000001
 2765.669430    0.000002
 2766.305910    0.000003
 2766.943600    0.000004
 2767.580320    0.000006
 2768.216800    0.000009
 2768.855220    0.000011
 2769.492190    0.000016
 2770.130860    0.000024
 2770.768070    0.000033
 2771.407230    0.000047
 2772.044680    0.000066
 2772.682130    0.000093
 2773.321780    0.000128
 2773.959720    0.000177
 2774.599370    0.000244
 2775.237550    0.000336
 2775.877690    0.000459
 2776.516360    0.000625
 2777.155030    0.000846
 2777.795170    0.001142
 2778.434330    0.001534
 2779.074950    0.002051
 2779.714360    0.002731
 2780.355470    0.003624
 2780.995120    0.004784
 2781.634770    0.006286
 2782.276120    0.008230
 2782.916260    0.010724
 2783.558110    0.013921
 2784.198490    0.017981
 2784.840330    0.023135
 2785.480960    0.029622
 2786.121830    0.037766
 2786.764400    0.047965
 2787.405270    0.060613
 2788.048100    0.076310
 2788.689450    0.095599
 2789.332520    0.119307
 2789.974370    0.148171
 2790.615970    0.183193
 2791.259770    0.225653
 2791.901610    0.276549
 2792.545410    0.337631
 2793.187990    0.410223
 2793.832030    0.496430
 2794.474850    0.597875
 2795.117680    0.716861
 2795.762210    0.856118
 2796.405520    1.017548
 2797.050290    1.204507
 2797.693600    1.418943
 2798.338870    1.664937
 2798.982420    1.944072
 2799.626460    2.260183
 2800.272220    2.617015
 2800.916260    3.015526
 2801.562260    3.460693
 2802.206790    3.952643
 2802.852780    4.495719
 2803.497560    5.089369
 2804.142580    5.735997
 2804.789310    6.437886
 2805.434330    7.191208
 2806.081300    7.999386
 2806.726810    8.856475
 2807.374020    9.764071
 2808.020020    10.714520
 2808.666020    11.704909
 2809.313480    12.732018
 2809.959960    13.785437
 2810.607910    14.861614
 2811.254390    15.947255
 2811.902830    17.038847
 2812.549560    18.120291
 2813.198240    19.187180
 2813.845210    20.222584
 2814.492680    21.218994
 2815.141600    22.166559
 2815.789310    23.050346
 2816.438720    23.863647
 2817.086430    24.592192
 2817.736080    25.230818
 2818.384520    25.768043
 2819.032710    26.197992
 2819.682620    26.515879
 2820.331300    26.715889
 2820.981930    26.796095
 2821.630620    26.754931
 2822.281490    26.592623
 2822.930660    26.312204
 2823.580080    25.917006
 2824.231200    25.410908
 2824.880860    24.802986
 2825.532230    24.098150
 2826.182370    23.308454
 2826.833980    22.440494
 2827.484380    21.508362
 2828.134770    20.521501
 2828.786870    19.488417
 2829.437740    18.425026
 2830.090090    17.338123
 2830.741210    16.242994
 2831.394040    15.145042
 2832.045410    14.059240
 2832.697020    12.991552
 2833.350100    11.948019
 2834.001950    10.939941
 2834.655520    9.968824
 2835.307620    9.044357
 2835.961180    8.166320
 2836.613770    7.340971
 2837.266360    6.568923
 2837.920410    5.849697
 2838.573490    5.186292
 2839.228030    4.575801
 2839.881100    4.019827
 2840.535890    3.514013
 2841.189450    3.058538
 2841.843020    2.649916
 2842.498540    2.284352
 2843.152340    1.960945
 2843.807860    1.674915
 2844.462160    1.424456
 2845.118160    1.205360
 2845.772710    1.015655
 2846.427250    0.851877
 2847.083740    0.710842
 2847.738770    0.590664
 2848.395260    0.488338
 2849.050540    0.402021
 2849.707760    0.329241
 2850.363280    0.268534
 2851.018800    0.218011
 2851.676270    0.176065
 2852.332280    0.141602
 2852.989990    0.113293
 2853.646480    0.090261
 2854.304440    0.071543
 2854.960940    0.056473
 2855.617920    0.044363
 2856.276370    0.034670
 2856.933350    0.026984
 2857.592290    0.020889
 2858.249760    0.016105
 2858.908940    0.012350
 2859.566650    0.009433
 2860.224370    0.007171
 2860.883790    0.005423
 2861.541750    0.004084
 2862.201900    0.003058
 2862.860350    0.002281
 2863.520510    0.001693
 2864.179200    0.001250
 2864.839840    0.000919
 2865.498780    0.000672
 2866.157960    0.000490
 2866.818850    0.000355
 2867.478520    0.000257
 2868.139650    0.000184
 2868.799320    0.000132
 2869.460940    0.000093
 2870.121090    0.000066
 2870.781490    0.000047
 2871.443360    0.000032
 2872.103760    0.000023
 2872.766360    0.000016
 2873.427000    0.000010
 2874.089600    0.000008
 2874.750730    0.000005
 2875.412110    0.000004
 2876.075440    0.000002
 2876.736820    0.000002
 2877.400390    0.000001
 2878.062260    0.000001
 2878.725830    0.000001
 2879.388180    0.000000
 2880.050540    0.000000
 2880.714600    0.000000
 2881.377440    0.000000
 2882.041750    0.000000
 2882.704830    0.000000
 2883.369380    0.000000
 2884.032960    0.000000
 2884.696530    0.000000
 2885.361330    0.000000
 2886.025390    0.000000
 2886.690920    0.000000
 2887.354980    0.000000
 2888.020510    0.000000
 2888.685060    0.000000
 2889.349610    0.000000
 2890.015870    0.000000
 2890.680910    0.000000
 2891.347410    0.000000
 2892.012700    0.000000
 2892.679200    0.000000
 2893.344970    0.000000
 2894.010500    0.000000
 2894.677730    0.000000
 2895.343510    0.000000
 2896.011470    0.000000
 2896.677490    0.000000
 2897.345460    0.000000
 2898.011960    0.000000
 2898.678960    0.000000
 2899.347170    0.000000
 2900.014160    0.000000
 2900.682860    0.000000
 2901.350100    0.000000
 2902.019530    0.000000
 2902.687010    0.000000
 2903.354740    0.000000
 2904.024410    0.000000
 2904.692380    0.000000
 2905.361820    0.000000
 2906.030520    0.000000
 2906.700680    0.000000
 2907.369140    0.000000
 2908.038090    0.000000
 2908.708500    0.000000
 2909.377930    0.000000
 2910.048830    0.000000
 2910.718260    0.000000
 2911.389650    0.000000
 2912.059330    0.000000
 2912.729250    0.000000
 2913.400630    0.000000
 2914.070800    0.000000
 2914.742920    0.000000
 2915.413570    0.000000
 2916.085690    0.000000
 2916.756590    0.000000
 2917.429200    0.000000
 2918.100340    0.000000
 2918.771730    0.000000
 2919.444580    0.000000
 2920.116210    0.000000
 2920.789550    0.000000
 2921.461670    0.000000
 2922.135500    0.000000
 2922.807370    0.000000
 2923.479740    0.000000
 2924.154050    0.000000
 2924.826660    0.000000
 2925.500980    0.000000
 2926.174070    0.000000
 2926.848880    0.000000
 2927.522220    0.000000
 2928.195800    0.000000
 2928.870850    0.000000
 2929.544920    0.000000
 2930.220460    0.000000
 2930.894530    0.000000
 2931.570310    0.000000
 2932.244630    0.000000
 2932.919190    0.000000
 2933.595700    0.000000
 2934.270260    0.000000
 2934.947270    0.000000
 2935.622310    0.000000
 2936.299070    0.000000
 2936.974850    0.000000
 2937.650390    0.000000
 2938.327880    0.000000
 2939.003660    0.000000
 2939.681400    0.000000
 2940.357670    0.000000
 2941.035640    0.000000
 2941.712160    0.000000
 2942.389160    0.000000
 2943.067630    0.000000
 2943.744630    0.000000
 2944.423580    0.000000
 2945.100830    0.000000
 2945.780030    0.000000
 2946.457760    0.000000
 2947.135500    0.000000
 2947.815190    0.000000
 2948.493410    0.000000
 2949.173100    0.000000
 2949.851560    0.000000
 2950.531980    0.000000
 2951.210450    0.000000
 2951.889650    0.000000
 2952.570070    0.000000
 2953.249270    0.000000
 2953.930660    0.000000
 2954.610110    0.000000
 2955.291500    0.000000
 2955.971190    0.000000
 2956.651120    0.000000
 2957.333010    0.000000
 2958.013180    0.000000
 2958.695560    0.000000
 2959.376220    0.000000
 2960.058350    0.000000
 2960.739500    0.000000
 2961.420410    0.000000
 2962.103520    0.000000
 2962.784910    0.000000
 2963.468020    0.000000
 2964.149900    0.000000
 2964.833500    0.000000
 2965.515380    0.000000
 2966.197750    0.000000
 2966.881590    0.000000
 2967.564210    0.000000
 2968.248540    0.000000
 2968.931150    0.000000
 2969.615720    0.000000
 2970.299070    0.000000
 2970.984130    0.000000
 2971.667480    0.000000
 2972.351070    0.000000
 2973.036620    0.000000
 2973.720700    0.000000
 2974.406250    0.000000
 2975.090580    0.000000
 2975.776610    0.000000
 2976.461180    0.000000
 2977.146000    0.000000
 2977.832280    0.000000
 2978.517580    0.000000
 2979.204350    0.000000
 2979.889650    0.000000
 2980.576660    0.000000
 2981.262210    0.000000
 2981.948240    0.000000
 2982.635990    0.000000
 2983.322020    0.000000
 2984.010010    0.000000
 2984.696530    0.000000
 2985.384770    0.000000
 2986.071530    0.000000
 2986.758540    0.000000
 2987.447270    0.000000
 2988.134770    0.000000
 2988.823490    0.000000
 2989.510990    0.000000
 2990.200440    0.000000
 2990.888180    0.000000
 2991.576170    0.000000
 2992.266360    0.000000
 2992.954830    0.000000
 2993.644780    0.000000
 2994.333500    0.000000
 2995.023930    0.000000
 2995.713130    0.000000
 2996.402100    0.000000
 2997.093020    0.000000
 2997.782710    0.000000
 2998.473880    0.000000
 2999.163570    0.000000
 2999.855470    0.000000
 3000.545410    0.000000
 3001.235600    0.000000
 3001.927730    0.000000
 3002.618410    0.000000
 3003.310550    0.000000
 3004.001710    0.000000
 3004.694340    0.000000
 3005.385740    0.000000
 3006.076900    0.000000
 3006.770020    0.000000
 3007.461670    0.000000
 3008.155270    0.000000
 3008.847410    0.000000
 3009.541260    0.000000
 3010.233400    0.000000
 3010.926270    0.000000
 3011.620360    0.000000
 3012.313230    0.000000
 3013.007810    0.000000
 3013.700930    0.000000
 3014.395750    0.000000
 3015.089360    0.000000
 3015.783200    0.000000
 3016.478270    0.000000
 3017.172610    0.000000
 3017.868160    0.000000
 3018.562260    0.000000
 3019.258540    0.000000
 3019.952880    0.000000
 3020.647950    0.000000
 3021.344480    0.000000
 3022.039310    0.000000
 3022.736330    0.000000
 3023.431640    0.000000
 3024.128660    0.000000
 3024.824460    0.000000
 3025.522220    0.000000
 3026.218020    0.000000
 3026.914310    0.000000
 3027.612300    0.000000
 3028.308840    0.000000
 3029.007080    0.000000
 3029.703860    0.000000
 3030.402590    0.000000
 3031.099850    0.000000
 3031.797120    0.000000
 3032.496090    0.000000
 3033.193600    0.000000
 3033.893310    0.000000
 3034.591060    0.000000
 3035.290770    0.000000
 3035.989010    0.000000
 3036.687740    0.000000
 3037.387700    0.000000
 3038.086670    0.000000
 3038.787350    0.000000
 3039.486080    0.000000
 3040.187260    0.000000
 3040.886470    0.000000
 3041.586180    0.000000
 3042.287350    0.000000
 3042.987550    0.000000
 3043.689210    0.000000
 3044.389160    0.000000
 3045.091060    0.000000
 3045.791750    0.000000
 3046.492430    0.000000
 3047.194820    0.000000
 3047.896000    0.000000
 3048.598880    0.000000
 3049.300050    0.000000
