 2653.384280    0.000013
 2653.996340    0.000018
 2654.606690    0.000024
 2655.217290    0.000032
 2655.829830    0.000044
 2656.440670    0.000058
 2657.053220    0.000077
 2657.664550    0.000102
 2658.277340    0.000135
 2658.888920    0.000177
 2659.500730    0.000232
 2660.114010    0.000301
 2660.725830    0.000390
 2661.339360    0.000504
 2661.951660    0.000647
 2662.565430    0.000827
 2663.177980    0.001053
 2663.790530    0.001334
 2664.404790    0.001684
 2665.017820    0.002116
 2665.632320    0.002648
 2666.245610    0.003298
 2666.860350    0.004091
 2667.473880    0.005052
 2668.089110    0.006213
 2668.702880    0.007606
 2669.316890    0.009269
 2669.932370    0.011251
 2670.546630    0.013594
 2671.162350    0.016358
 2671.776860    0.019593
 2672.393070    0.023376
 2673.007810    0.027758
 2673.622560    0.032817
 2674.239260    0.038650
 2674.854490    0.045304
 2675.471190    0.052896
 2676.086670    0.061474
 2676.703860    0.071165
 2677.319580    0.082003
 2677.935550    0.094095
 2678.552980    0.107546
 2679.169190    0.122369
 2679.786870    0.138691
 2680.403560    0.156504
 2681.021480    0.175914
 2681.638430    0.196882
 2682.255370    0.219454
 2682.873780    0.243690
 2683.490970    0.269472
 2684.109860    0.296892
 2684.727290    0.325766
 2685.346440    0.356181
 2685.964110    0.387908
 2686.582030    0.420946
 2687.201660    0.455285
 2687.819820    0.490651
 2688.439450    0.527111
 2689.057860    0.564413
 2689.677980    0.602646
 2690.296880    0.641557
 2690.915770    0.681169
 2691.536380    0.721568
 2692.155270    0.762539
 2692.776370    0.804386
 2693.395750    0.846938
 2694.016850    0.890572
 2694.636720    0.935277
 2695.256590    0.981391
 2695.877930    1.029344
 2696.498050    1.079307
 2697.119870    1.131960
 2697.740480    1.187564
 2698.362550    1.246923
 2698.983400    1.310403
 2699.604250    1.378781
 2700.226810    1.452975
 2700.847900    1.533350
 2701.470700    1.621082
 2702.092040    1.716496
 2702.715330    1.820888
 2703.337160    1.934436
 2703.958980    2.058074
 2704.582520    2.192826
 2705.204830    2.338641
 2705.828370    2.496569
 2706.450930    2.666422
 2707.074950    2.849117
 2707.697750    3.043963
 2708.320800    3.251316
 2708.945310    3.471383
 2709.568360    3.702698
 2710.193360    3.945907
 2710.816650    4.198759
 2711.441890    4.461703
 2712.065670    4.732069
 2712.689450    5.009027
 2713.314940    5.291730
 2713.939210    5.577049
 2714.565190    5.864355
 2715.189450    6.149975
 2715.815670    6.433358
 2716.440430    6.710644
 2717.066890    6.980873
 2717.691890    7.240281
 2718.317140    7.487238
 2718.943850    7.719839
 2719.569340    7.934834
 2720.196530    8.131067
 2720.822270    8.305555
 2721.449710    8.457365
 2722.075680    8.584126
 2722.702150    8.684940
 2723.329830    8.758720
 2723.956300    8.804367
 2724.584470    8.821527
 2725.211430    8.809859
 2725.839600    8.769388
 2726.466800    8.700613
 2727.093990    8.604150
 2727.722900    8.480576
 2728.350340    8.331700
 2728.979490    8.158222
 2729.607420    7.962592
 2730.236820    7.745835
 2730.864750    7.510991
 2731.493160    7.259534
 2732.122800    6.993372
 2732.751460    6.715752
 2733.381590    6.427948
 2734.010500    6.133539
 2734.640870    5.833592
 2735.270020    5.531640
 2735.899410    5.229149
 2736.530270    4.927585
 2737.159670    4.630258
 2737.790770    4.337424
 2738.420650    4.052032
 2739.052250    3.774162
 2739.682370    3.506424
 2740.312500    3.249172
 2740.944340    3.002575
 2741.575200    2.768330
 2742.207280    2.546081
 2742.838130    2.336958
 2743.470460    2.140195
 2744.101560    1.956600
 2744.732910    1.785552
 2745.365970    1.626431
 2745.997310    1.479713
 2746.630860    1.344040
 2747.262700    1.219730
 2747.896000    1.105573
 2748.528080    1.001443
 2749.160640    0.906407
 2749.794430    0.819747
 2750.427000    0.741155
 2751.061280    0.669646
 2751.694090    0.604973
 2752.328610    0.546232
 2752.961910    0.493150
 2753.595210    0.445093
 2754.230220    0.401474
 2754.863770    0.362070
 2755.499020    0.326285
 2756.132810    0.293933
 2756.768550    0.264513
 2757.402590    0.237902
 2758.036870    0.213743
 2758.673100    0.191749
 2759.307620    0.171837
 2759.943850    0.153714
 2760.578860    0.137300
 2761.215330    0.122379
 2761.850590    0.108884
 2762.487550    0.096634
 2763.123050    0.085585
 2763.758790    0.075607
 2764.396000    0.066599
 2765.031980    0.058516
 2765.669430    0.051250
 2766.305910    0.044761
 2766.943600    0.038961
 2767.580320    0.033813
 2768.216800    0.029248
 2768.855220    0.025204
 2769.492190    0.021651
 2770.130860    0.018526
 2770.768070    0.015800
 2771.407230    0.013419
 2772.044680    0.011360
 2772.682130    0.009582
 2773.321780    0.008045
 2773.959720    0.006732
 2774.599370    0.005609
 2775.237550    0.004657
 2775.877690    0.003848
 2776.516360    0.003169
 2777.155030    0.002600
 2777.795170    0.002122
 2778.434330    0.001726
 2779.074950    0.001398
 2779.714360    0.001127
 2780.355470    0.000905
 2780.995120    0.000724
 2781.634770    0.000577
 2782.276120    0.000457
 2782.916260    0.000361
 2783.558110    0.000283
 2784.198490    0.000222
 2784.840330    0.000173
 2785.480960    0.000134
 2786.121830    0.000104
 2786.764400    0.000080
 2787.405270    0.000061
 2788.048100    0.000047
 2788.689450    0.000035
 2789.332520    0.000027
 2789.974370    0.000020
 2790.615970    0.000015
 2791.259770    0.000011
 2791.901610    0.000009
 2792.545410    0.000006
 2793.187990    0.000005
 2793.832030    0.000003
 2794.474850    0.000003
 2795.117680    0.000002
 2795.762210    0.000001
 2796.405520    0.000001
 2797.050290    0.000001
 2797.693600    0.000000
 2798.338870    0.000000
 2798.982420    0.000000
 2799.626460    0.000000
 2800.272220    0.000000
 2800.916260    0.000000
 2801.562260    0.000000
 2802.206790    0.000000
 2802.852780    0.000000
 2803.497560    0.000000
 2804.142580    0.000000
 2804.789310    0.000000
 2805.434330    0.000000
 2806.081300    0.000000
 2806.726810    0.000000
 2807.374020    0.000000
 2808.020020    0.000000
 2808.666020    0.000000
 2809.313480    0.000000
 2809.959960    0.000000
 2810.607910    0.000000
 2811.254390    0.000000
 2811.902830    0.000000
 2812.549560    0.000000
 2813.198240    0.000000
 2813.845210    0.000000
 2814.492680    0.000000
 2815.141600    0.000000
 2815.789310    0.000000
 2816.438720    0.000000
 2817.086430    0.000000
 2817.736080    0.000000
 2818.384520    0.000000
 2819.032710    0.000000
 2819.682620    0.000000
 2820.331300    0.000000
 2820.981930    0.000000
 2821.630620    0.000000
 2822.281490    0.000000
 2822.930660    0.000000
 2823.580080    0.000000
 2824.231200    0.000000
 2824.880860    0.000000
 2825.532230    0.000000
 2826.182370    0.000000
 2826.833980    0.000000
 2827.484380    0.000000
 2828.134770    0.000000
 2828.786870    0.000000
 2829.437740    0.000000
 2830.090090    0.000000
 2830.741210    0.000000
 2831.394040    0.000000
 2832.045410    0.000000
 2832.697020    0.000000
 2833.350100    0.000000
 2834.001950    0.000000
 2834.655520    0.000000
 2835.307620    0.000000
 2835.961180    0.000000
 2836.613770    0.000000
 2837.266360    0.000000
 2837.920410    0.000000
 2838.573490    0.000000
 2839.228030    0.000000
 2839.881100    0.000000
 2840.535890    0.000000
 2841.189450    0.000000
 2841.843020    0.000000
 2842.498540    0.000000
 2843.152340    0.000000
 2843.807860    0.000000
 2844.462160    0.000000
 2845.118160    0.000000
 2845.772710    0.000000
 2846.427250    0.000000
 2847.083740    0.000000
 2847.738770    0.000000
 2848.395260    0.000000
 2849.050540    0.000000
 2849.707760    0.000000
 2850.363280    0.000000
 2851.018800    0.000000
 2851.676270    0.000000
 2852.332280    0.000000
 2852.989990    0.000000
 2853.646480    0.000000
 2854.304440    0.000000
 2854.960940    0.000000
 2855.617920    0.000000
 2856.276370    0.000000
 2856.933350    0.000000
 2857.592290    0.000000
 2858.249760    0.000000
 2858.908940    0.000000
 2859.566650    0.000000
 2860.224370    0.000000
 2860.883790    0.000000
 2861.541750    0.000000
 2862.201900    0.000000
 2862.860350    0.000000
 2863.520510    0.000000
 2864.179200    0.000000
 2864.839840    0.000000
 2865.498780    0.000000
 2866.157960    0.000000
 2866.818850    0.000000
 2867.478520    0.000000
 2868.139650    0.000000
 2868.799320    0.000000
 2869.460940    0.000000
 2870.121090    0.000000
 2870.781490    0.000000
 2871.443360    0.000000
 2872.103760    0.000000
 2872.766360    0.000000
 2873.427000    0.000000
 2874.089600    0.000000
 2874.750730    0.000000
 2875.412110    0.000000
 2876.075440    0.000000
 2876.736820    0.000000
 2877.400390    0.000000
 2878.062260    0.000000
 2878.725830    0.000000
 2879.388180    0.000000
 2880.050540    0.000000
 2880.714600    0.000000
 2881.377440    0.000000
 2882.041750    0.000000
 2882.704830    0.000000
 2883.369380    0.000000
 2884.032960    0.000000
 2884.696530    0.000000
 2885.361330    0.000000
 2886.025390    0.000000
 2886.690920    0.000000
 2887.354980    0.000000
 2888.020510    0.000000
 2888.685060    0.000000
 2889.349610    0.000000
 2890.015870    0.000000
 2890.680910    0.000000
 2891.347410    0.000000
 2892.012700    0.000000
 2892.679200    0.000000
 2893.344970    0.000000
 2894.010500    0.000000
 2894.677730    0.000000
 2895.343510    0.000000
 2896.011470    0.000000
 2896.677490    0.000000
 2897.345460    0.000000
 2898.011960    0.000000
 2898.678960    0.000000
 2899.347170    0.000000
 2900.014160    0.000000
 2900.682860    0.000000
 2901.350100    0.000000
 2902.019530    0.000000
 2902.687010    0.000000
 2903.354740    0.000000
 2904.024410    0.000000
 2904.692380    0.000000
 2905.361820    0.000000
 2906.030520    0.000000
 2906.700680    0.000000
 2907.369140    0.000000
 2908.038090    0.000000
 2908.708500    0.000000
 2909.377930    0.000000
 2910.048830    0.000000
 2910.718260    0.000000
 2911.389650    0.000000
 2912.059330    0.000000
 2912.729250    0.000000
 2913.400630    0.000000
 2914.070800    0.000000
 2914.742920    0.000000
 2915.413570    0.000000
 2916.085690    0.000000
 2916.756590    0.000000
 2917.429200    0.000000
 2918.100340    0.000000
 2918.771730    0.000000
 2919.444580    0.000000
 2920.116210    0.000000
 2920.789550    0.000000
 2921.461670    0.000000
 2922.135500    0.000000
 2922.807370    0.000000
 2923.479740    0.000000
 2924.154050    0.000000
 2924.826660    0.000000
 2925.500980    0.000000
 2926.174070    0.000000
 2926.848880    0.000000
 2927.522220    0.000000
 2928.195800    0.000000
 2928.870850    0.000000
 2929.544920    0.000000
 2930.220460    0.000000
 2930.894530    0.000000
 2931.570310    0.000000
 2932.244630    0.000000
 2932.919190    0.000000
 2933.595700    0.000000
 2934.270260    0.000000
 2934.947270    0.000000
 2935.622310    0.000000
 2936.299070    0.000000
 2936.974850    0.000000
 2937.650390    0.000000
 2938.327880    0.000000
 2939.003660    0.000000
 2939.681400    0.000000
 2940.357670    0.000000
 2941.035640    0.000000
 2941.712160    0.000000
 2942.389160    0.000000
 2943.067630    0.000000
 2943.744630    0.000000
 2944.423580    0.000000
 2945.100830    0.000000
 2945.780030    0.000000
 2946.457760    0.000000
 2947.135500    0.000000
 2947.815190    0.000000
 2948.493410    0.000000
 2949.173100    0.000000
 2949.851560    0.000000
 2950.531980    0.000000
 2951.210450    0.000000
 2951.889650    0.000000
 2952.570070    0.000000
 2953.249270    0.000000
 2953.930660    0.000000
 2954.610110    0.000000
 2955.291500    0.000000
 2955.971190    0.000000
 2956.651120    0.000000
 2957.333010    0.000000
 2958.013180    0.000000
 2958.695560    0.000000
 2959.376220    0.000000
 2960.058350    0.000000
 2960.739500    0.000000
 2961.420410    0.000000
 2962.103520    0.000000
 2962.784910    0.000000
 2963.468020    0.000000
 2964.149900    0.000000
 2964.833500    0.000000
 2965.515380    0.000000
 2966.197750    0.000000
 2966.881590    0.000000
 2967.564210    0.000000
 2968.248540    0.000000
 2968.931150    0.000000
 2969.615720    0.000000
 2970.299070    0.000000
 2970.984130    0.000000
 2971.667480    0.000000
 2972.351070    0.000000
 2973.036620    0.000000
 2973.720700    0.000000
 2974.406250    0.000000
 2975.090580    0.000000
 2975.776610    0.000000
 2976.461180    0.000000
 2977.146000    0.000000
 2977.832280    0.000000
 2978.517580    0.000000
 2979.204350    0.000000
 2979.889650    0.000000
 2980.576660    0.000000
 2981.262210    0.000000
 2981.948240    0.000000
 2982.635990    0.000000
 2983.322020    0.000000
 2984.010010    0.000000
 2984.696530    0.000000
 2985.384770    0.000000
 2986.071530    0.000000
 2986.758540    0.000000
 2987.447270    0.000000
 2988.134770    0.000000
 2988.823490    0.000000
 2989.510990    0.000000
 2990.200440    0.000000
 2990.888180    0.000000
 2991.576170    0.000000
 2992.266360    0.000000
 2992.954830    0.000000
 2993.644780    0.000000
 2994.333500    0.000000
 2995.023930    0.000000
 2995.713130    0.000000
 2996.402100    0.000000
 2997.093020    0.000000
 2997.782710    0.000000
 2998.473880    0.000000
 2999.163570    0.000000
 2999.855470    0.000000
 3000.545410    0.000000
 3001.235600    0.000000
 3001.927730    0.000000
 3002.618410    0.000000
 3003.310550    0.000000
 3004.001710    0.000000
 3004.694340    0.000000
 3005.385740    0.000000
 3006.076900    0.000000
 3006.770020    0.000000
 3007.461670    0.000000
 3008.155270    0.000000
 3008.847410    0.000000
 3009.541260    0.000000
 3010.233400    0.000000
 3010.926270    0.000000
 3011.620360    0.000000
 3012.313230    0.000000
 3013.007810    0.000000
 3013.700930    0.000000
 3014.395750    0.000000
 3015.089360    0.000000
 3015.783200    0.000000
 3016.478270    0.000000
 3017.172610    0.000000
 3017.868160    0.000000
 3018.562260    0.000000
 3019.258540    0.000000
 3019.952880    0.000000
 3020.647950    0.000000
 3021.344480    0.000000
 3022.039310    0.000000
 3022.736330    0.000000
 3023.431640    0.000000
 3024.128660    0.000000
 3024.824460    0.000000
 3025.522220    0.000000
 3026.218020    0.000000
 3026.914310    0.000000
 3027.612300    0.000000
 3028.308840    0.000000
 3029.007080    0.000000
 3029.703860    0.000000
 3030.402590    0.000000
 3031.099850    0.000000
 3031.797120    0.000000
 3032.496090    0.000000
 3033.193600    0.000000
 3033.893310    0.000000
 3034.591060    0.000000
 3035.290770    0.000000
 3035.989010    0.000000
 3036.687740    0.000000
 3037.387700    0.000000
 3038.086670    0.000000
 3038.787350    0.000000
 3039.486080    0.000000
 3040.187260    0.000000
 3040.886470    0.000000
 3041.586180    0.000000
 3042.287350    0.000000
 3042.987550    0.000000
 3043.689210    0.000000
 3044.389160    0.000000
 3045.091060    0.000000
 3045.791750    0.000000
 3046.492430    0.000000
 3047.194820    0.000000
 3047.896000    0.000000
 3048.598880    0.000000
 3049.300050    0.000000
