 2653.384280    0.000000
 2653.996340    0.000000
 2654.606690    0.000000
 2655.217290    0.000000
 2655.829830    0.000000
 2656.440670    0.000000
 2657.053220    0.000000
 2657.664550    0.000000
 2658.277340    0.000000
 2658.888920    0.000000
 2659.500730    0.000000
 2660.114010    0.000000
 2660.725830    0.000000
 2661.339360    0.000000
 2661.951660    0.000000
 2662.565430    0.000000
 2663.177980    0.000000
 2663.790530    0.000000
 2664.404790    0.000000
 2665.017820    0.000000
 2665.632320    0.000000
 2666.245610    0.000000
 2666.860350    0.000000
 2667.473880    0.000000
 2668.089110    0.000000
 2668.702880    0.000000
 2669.316890    0.000000
 2669.932370    0.000000
 2670.546630    0.000000
 2671.162350    0.000000
 2671.776860    0.000000
 2672.393070    0.000000
 2673.007810    0.000000
 2673.622560    0.000000
 2674.239260    0.000000
 2674.854490    0.000000
 2675.471190    0.000000
 2676.086670    0.000000
 2676.703860    0.000000
 2677.319580    0.000000
 2677.935550    0.000000
 2678.552980    0.000000
 2679.169190    0.000000
 2679.786870    0.000000
 2680.403560    0.000000
 2681.021480    0.000000
 2681.638430    0.000000
 2682.255370    0.000000
 2682.873780    0.000000
 2683.490970    0.000000
 2684.109860    0.000000
 2684.727290    0.000000
 2685.346440    0.000000
 2685.964110    0.000000
 2686.582030    0.000000
 2687.201660    0.000000
 2687.819820    0.000000
 2688.439450    0.000000
 2689.057860    0.000000
 2689.677980    0.000000
 2690.296880    0.000000
 2690.915770    0.000000
 2691.536380    0.000000
 2692.155270    0.000000
 2692.776370    0.000000
 2693.395750    0.000000
 2694.016850    0.000000
 2694.636720    0.000000
 2695.256590    0.000000
 2695.877930    0.000000
 2696.498050    0.000000
 2697.119870    0.000000
 2697.740480    0.000000
 2698.362550    0.000000
 2698.983400    0.000000
 2699.604250    0.000000
 2700.226810    0.000000
 2700.847900    0.000000
 2701.470700    0.000000
 2702.092040    0.000000
 2702.715330    0.000000
 2703.337160    0.000000
 2703.958980    0.000000
 2704.582520    0.000000
 2705.204830    0.000000
 2705.828370    0.000000
 2706.450930    0.000000
 2707.074950    0.000000
 2707.697750    0.000000
 2708.320800    0.000000
 2708.945310    0.000000
 2709.568360    0.000000
 2710.193360    0.000000
 2710.816650    0.000000
 2711.441890    0.000000
 2712.065670    0.000000
 2712.689450    0.000000
 2713.314940    0.000000
 2713.939210    0.000000
 2714.565190    0.000000
 2715.189450    0.000000
 2715.815670    0.000000
 2716.440430    0.000000
 2717.066890    0.000000
 2717.691890    0.000000
 2718.317140    0.000000
 2718.943850    0.000000
 2719.569340    0.000000
 2720.196530    0.000000
 2720.822270    0.000000
 2721.449710    0.000000
 2722.075680    0.000000
 2722.702150    0.000000
 2723.329830    0.000000
 2723.956300    0.000000
 2724.584470    0.000000
 2725.211430    0.000000
 2725.839600    0.000000
 2726.466800    0.000000
 2727.093990    0.000000
 2727.722900    0.000000
 2728.350340    0.000000
 2728.979490    0.000000
 2729.607420    0.000000
 2730.236820    0.000000
 2730.864750    0.000000
 2731.493160    0.000000
 2732.122800    0.000000
 2732.751460    0.000000
 2733.381590    0.000000
 2734.010500    0.000000
 2734.640870    0.000000
 2735.270020    0.000000
 2735.899410    0.000000
 2736.530270    0.000000
 2737.159670    0.000000
 2737.790770    0.000000
 2738.420650    0.000000
 2739.052250    0.000000
 2739.682370    0.000000
 2740.312500    0.000000
 2740.944340    0.000000
 2741.575200    0.000000
 2742.207280    0.000000
 2742.838130    0.000000
 2743.470460    0.000000
 2744.101560    0.000000
 2744.732910    0.000000
 2745.365970    0.000000
 2745.997310    0.000000
 2746.630860    0.000000
 2747.262700    0.000000
 2747.896000    0.000000
 2748.528080    0.000000
 2749.160640    0.000000
 2749.794430    0.000000
 2750.427000    0.000000
 2751.061280    0.000000
 2751.694090    0.000000
 2752.328610    0.000000
 2752.961910    0.000000
 2753.595210    0.000000
 2754.230220    0.000000
 2754.863770    0.000000
 2755.499020    0.000000
 2756.132810    0.000000
 2756.768550    0.000000
 2757.402590    0.000001
 2758.036870    0.000001
 2758.673100    0.000001
 2759.307620    0.000001
 2759.943850    0.000001
 2760.578860    0.000001
 2761.215330    0.000001
 2761.850590    0.000001
 2762.487550    0.000002
 2763.123050    0.000002
 2763.758790    0.000002
 2764.396000    0.000002
 2765.031980    0.000003
 2765.669430    0.000003
 2766.305910    0.000004
 2766.943600    0.000004
 2767.580320    0.000005
 2768.216800    0.000005
 2768.855220    0.000006
 2769.492190    0.000007
 2770.130860    0.000008
 2770.768070    0.000009
 2771.407230    0.000010
 2772.044680    0.000010
 2772.682130    0.000011
 2773.321780    0.000013
 2773.959720    0.000015
 2774.599370    0.000017
 2775.237550    0.000019
 2775.877690    0.000022
 2776.516360    0.000025
 2777.155030    0.000028
 2777.795170    0.000031
 2778.434330    0.000035
 2779.074950    0.000040
 2779.714360    0.000045
 2780.355470    0.000051
 2780.995120    0.000056
 2781.634770    0.000063
 2782.276120    0.000072
 2782.916260    0.000080
 2783.558110    0.000090
 2784.198490    0.000100
 2784.840330    0.000113
 2785.480960    0.000126
 2786.121830    0.000141
 2786.764400    0.000157
 2787.405270    0.000176
 2788.048100    0.000197
 2788.689450    0.000220
 2789.332520    0.000246
 2789.974370    0.000274
 2790.615970    0.000305
 2791.259770    0.000340
 2791.901610    0.000380
 2792.545410    0.000422
 2793.187990    0.000470
 2793.832030    0.000523
 2794.474850    0.000582
 2795.117680    0.000646
 2795.762210    0.000717
 2796.405520    0.000796
 2797.050290    0.000883
 2797.693600    0.000979
 2798.338870    0.001085
 2798.982420    0.001202
 2799.626460    0.001329
 2800.272220    0.001472
 2800.916260    0.001627
 2801.562260    0.001798
 2802.206790    0.001986
 2802.852780    0.002192
 2803.497560    0.002419
 2804.142580    0.002666
 2804.789310    0.002939
 2805.434330    0.003238
 2806.081300    0.003565
 2806.726810    0.003922
 2807.374020    0.004313
 2808.020020    0.004741
 2808.666020    0.005207
 2809.313480    0.005717
 2809.959960    0.006274
 2810.607910    0.006882
 2811.254390    0.007543
 2811.902830    0.008264
 2812.549560    0.009048
 2813.198240    0.009902
 2813.845210    0.010829
 2814.492680    0.011837
 2815.141600    0.012934
 2815.789310    0.014122
 2816.438720    0.015413
 2817.086430    0.016809
 2817.736080    0.018328
 2818.384520    0.019967
 2819.032710    0.021740
 2819.682620    0.023663
 2820.331300    0.025736
 2820.981930    0.027983
 2821.630620    0.030400
 2822.281490    0.033017
 2822.930660    0.035830
 2823.580080    0.038862
 2824.231200    0.042136
 2824.880860    0.045651
 2825.532230    0.049441
 2826.182370    0.053508
 2826.833980    0.057885
 2827.484380    0.062576
 2828.134770    0.067608
 2828.786870    0.073017
 2829.437740    0.078803
 2830.090090    0.085013
 2830.741210    0.091646
 2831.394040    0.098761
 2832.045410    0.106347
 2832.697020    0.114454
 2833.350100    0.123129
 2834.001950    0.132367
 2834.655520    0.142243
 2835.307620    0.152743
 2835.961180    0.163951
 2836.613770    0.175861
 2837.266360    0.188528
 2837.920410    0.202024
 2838.573490    0.216337
 2839.228030    0.231567
 2839.881100    0.247690
 2840.535890    0.264830
 2841.189450    0.282957
 2841.843020    0.302152
 2842.498540    0.322526
 2843.152340    0.344019
 2843.807860    0.366795
 2844.462160    0.390807
 2845.118160    0.416223
 2845.772710    0.442973
 2846.427250    0.471174
 2847.083740    0.500975
 2847.738770    0.532283
 2848.395260    0.565300
 2849.050540    0.599955
 2849.707760    0.636482
 2850.363280    0.674745
 2851.018800    0.714899
 2851.676270    0.757142
 2852.332280    0.801321
 2852.989990    0.847719
 2853.646480    0.896200
 2854.304440    0.947031
 2854.960940    1.000054
 2855.617920    1.055490
 2856.276370    1.113502
 2856.933350    1.173895
 2857.592290    1.237057
 2858.249760    1.302729
 2858.908940    1.371295
 2859.566650    1.442492
 2860.224370    1.516531
 2860.883790    1.593679
 2861.541750    1.673629
 2862.201900    1.756886
 2862.860350    1.843021
 2863.520510    1.932535
 2864.179200    2.025053
 2864.839840    2.121107
 2865.498780    2.220214
 2866.157960    2.322702
 2866.818850    2.428854
 2867.478520    2.538239
 2868.139650    2.651342
 2868.799320    2.767691
 2869.460940    2.887916
 2870.121090    3.011425
 2870.781490    3.138545
 2871.443360    3.269535
 2872.103760    3.403828
 2872.766360    3.542174
 2873.427000    3.683708
 2874.089600    3.829260
 2874.750730    3.978070
 2875.412110    4.130496
 2876.075440    4.286923
 2876.736820    4.446402
 2877.400390    4.609900
 2878.062260    4.776416
 2878.725830    4.946763
 2879.388180    5.120139
 2880.050540    5.296793
 2880.714600    5.477127
 2881.377440    5.660278
 2882.041750    5.846911
 2882.704830    6.036188
 2883.369380    6.228783
 2884.032960    6.423896
 2884.696530    6.621707
 2885.361330    6.822474
 2886.025390    7.025496
 2886.690920    7.231327
 2887.354980    7.438936
 2888.020510    7.649105
 2888.685060    7.860925
 2889.349610    8.074563
 2890.015870    8.290427
 2890.680910    8.507414
 2891.347410    8.726249
 2892.012700    8.945883
 2892.679200    9.166959
 2893.344970    9.388662
 2894.010500    9.610975
 2894.677730    9.834381
 2895.343510    10.057637
 2896.011470    10.281786
 2896.677490    10.505254
 2897.345460    10.729164
 2898.011960    10.952178
 2898.678960    11.174765
 2899.347170    11.396976
 2900.014160    11.617803
 2900.682860    11.838026
 2901.350100    12.056405
 2902.019530    12.273944
 2902.687010    12.489100
 2903.354740    12.702397
 2904.024410    12.914184
 2904.692380    13.123109
 2905.361820    13.329984
 2906.030520    13.533935
 2906.700680    13.735447
 2907.369140    13.933387
 2908.038090    14.128240
 2908.708500    14.320094
 2909.377930    14.508081
 2910.048830    14.692715
 2910.718260    14.873026
 2911.389650    15.049768
 2912.059330    15.221823
 2912.729250    15.389547
 2913.400630    15.553094
 2914.070800    15.711659
 2914.742920    15.865849
 2915.413570    16.014744
 2916.085690    16.158863
 2916.756590    16.297508
 2917.429200    16.431166
 2918.100340    16.559088
 2918.771730    16.681509
 2919.444580    16.798534
 2920.116210    16.909595
 2920.789550    17.015081
 2921.461670    17.114449
 2922.135500    17.208046
 2922.807370    17.295294
 2923.479740    17.376465
 2924.154050    17.451641
 2924.826660    17.520359
 2925.500980    17.582922
 2926.174070    17.639004
 2926.848880    17.688808
 2927.522220    17.732065
 2928.195800    17.768879
 2928.870850    17.799265
 2929.544920    17.823103
 2930.220460    17.840460
 2930.894530    17.851250
 2931.570310    17.855536
 2932.244630    17.853292
 2932.919190    17.844551
 2933.595700    17.829279
 2934.270260    17.807579
 2934.947270    17.779346
 2935.622310    17.744783
 2936.299070    17.703747
 2936.974850    17.656439
 2937.650390    17.602871
 2938.327880    17.542910
 2939.003660    17.476931
 2939.681400    17.404634
 2940.357670    17.326462
 2941.035640    17.242111
 2941.712160    17.152058
 2942.389160    17.056137
 2943.067630    16.954277
 2943.744630    16.847017
 2944.423580    16.733906
 2945.100830    16.615656
 2945.780030    16.491732
 2946.457760    16.362865
 2947.135500    16.228914
 2947.815190    16.089592
 2948.493410    15.945719
 2949.173100    15.796803
 2949.851560    15.643568
 2950.531980    15.485424
 2951.210450    15.323419
 2951.889650    15.157072
 2952.570070    14.986392
 2953.249270    14.812143
 2953.930660    14.633597
 2954.610110    14.451994
 2955.291500    14.266454
 2955.971190    14.078133
 2956.651120    13.886667
 2957.333010    13.691730
 2958.013180    13.494534
 2958.695560    13.294116
 2959.376220    13.091796
 2960.058350    12.886805
 2960.739500    12.680054
 2961.420410    12.471496
 2962.103520    12.260558
 2962.784910    12.048622
 2963.468020    11.834804
 2964.149900    11.620195
 2964.833500    11.404054
 2965.515380    11.187636
 2966.197750    10.970425
 2966.881590    10.752280
 2967.564210    10.534234
 2968.248540    10.315521
 2968.931150    10.097410
 2969.615720    9.878895
 2970.299070    9.661159
 2970.984130    9.443431
 2971.667480    9.226960
 2972.351070    9.011282
 2973.036620    8.796018
 2973.720700    8.582392
 2974.406250    8.369640
 2975.090580    8.158738
 2975.776610    7.948926
 2976.461180    7.741311
 2977.146000    7.535500
 2977.832280    7.331260
 2978.517580    7.129442
 2979.204350    6.929446
 2979.889650    6.732236
 2980.576660    6.537010
 2981.262210    6.344769
 2981.948240    6.155058
 2982.635990    5.967642
 2983.322020    5.783539
 2984.010010    5.601846
 2984.696530    5.423543
 2985.384770    5.247877
 2986.071530    5.075722
 2986.758540    4.906700
 2987.447270    4.740513
 2988.134770    4.577921
 2988.823490    4.418386
 2989.510990    4.262507
 2990.200440    4.109603
 2990.888180    3.960510
 2991.576170    3.814814
 2992.266360    3.672133
 2992.954830    3.533288
 2993.644780    3.397642
 2994.333500    3.265724
 2995.023930    3.136970
 2995.713130    3.011921
 2996.402100    2.890376
 2997.093020    2.771940
 2997.782710    2.657141
 2998.473880    2.545507
 2999.163570    2.437482
 2999.855470    2.332463
 3000.545410    2.231047
 3001.235600    2.132856
 3001.927730    2.037622
 3002.618410    1.945770
 3003.310550    1.856865
 3004.001710    1.771170
 3004.694340    1.688334
 3005.385740    1.608623
 3006.076900    1.531858
 3006.770020    1.457750
 3007.461670    1.386603
 3008.155270    1.318008
 3008.847410    1.252243
 3009.541260    1.188944
 3010.233400    1.128357
 3010.926270    1.070197
 3011.620360    1.014368
 3012.313230    0.961000
 3013.007810    0.909802
 3013.700930    0.860944
 3014.395750    0.814135
 3015.089360    0.769507
 3015.783200    0.726896
 3016.478270    0.686183
 3017.172610    0.647417
 3017.868160    0.610427
 3018.562260    0.575291
 3019.258540    0.541760
 3019.952880    0.509975
 3020.647950    0.479746
 3021.344480    0.450988
 3022.039310    0.423771
 3022.736330    0.397884
 3023.431640    0.373419
 3024.128660    0.350197
 3024.824460    0.328263
 3025.522220    0.307467
 3026.218020    0.287869
 3026.914310    0.269349
 3027.612300    0.251831
 3028.308840    0.235345
 3029.007080    0.219770
 3029.703860    0.205133
 3030.402590    0.191320
 3031.099850    0.178357
 3031.797120    0.166172
 3032.496090    0.154699
 3033.193600    0.143954
 3033.893310    0.133844
 3034.591060    0.124393
 3035.290770    0.115518
 3035.989010    0.107225
 3036.687740    0.099464
 3037.387700    0.092196
 3038.086670    0.085416
 3038.787350    0.079071
 3039.486080    0.073169
 3040.187260    0.067647
 3040.886470    0.062517
 3041.586180    0.057737
 3042.287350    0.053282
 3042.987550    0.049146
 3043.689210    0.045295
 3044.389160    0.041727
 3045.091060    0.038409
 3045.791750    0.035337
 3046.492430    0.032492
 3047.194820    0.029850
 3047.896000    0.027410
 3048.598880    0.025148
 3049.300050    0.023065
