 2653.384280    0.383234
 2653.996340    0.398813
 2654.606690    0.414883
 2655.217290    0.431505
 2655.829830    0.448745
 2656.440670    0.466513
 2657.053220    0.484922
 2657.664550    0.503901
 2658.277340    0.523546
 2658.888920    0.543789
 2659.500730    0.564689
 2660.114010    0.586307
 2660.725830    0.608554
 2661.339360    0.631562
 2661.951660    0.655236
 2662.565430    0.679697
 2663.177980    0.704852
 2663.790530    0.730766
 2664.404790    0.757529
 2665.017820    0.785029
 2665.632320    0.813404
 2666.245610    0.842546
 2666.860350    0.872596
 2667.473880    0.903441
 2668.089110    0.935244
 2668.702880    0.967855
 2669.316890    1.001380
 2669.932370    1.035903
 2670.546630    1.071287
 2671.162350    1.107705
 2671.776860    1.145011
 2672.393070    1.183399
 2673.007810    1.222687
 2673.622560    1.262976
 2674.239260    1.304414
 2674.854490    1.346785
 2675.471190    1.390305
 2676.086670    1.434796
 2676.703860    1.480484
 2677.319580    1.527146
 2677.935550    1.574921
 2678.552980    1.623917
 2679.169190    1.673932
 2679.786870    1.725196
 2680.403560    1.777516
 2681.021480    1.831089
 2681.638430    1.885733
 2682.255370    1.941538
 2682.873780    1.998648
 2683.490970    2.056823
 2684.109860    2.116345
 2684.727290    2.176915
 2685.346440    2.238851
 2685.964110    2.301836
 2686.582030    2.366045
 2687.201660    2.431638
 2687.819820    2.498280
 2688.439450    2.566287
 2689.057860    2.635365
 2689.677980    2.705838
 2690.296880    2.777375
 2690.915770    2.850108
 2691.536380    2.924239
 2692.155270    2.999352
 2692.776370    3.075917
 2693.395750    3.153446
 2694.016850    3.232358
 2694.636720    3.312270
 2695.256590    3.393327
 2695.877930    3.475711
 2696.498050    3.559053
 2697.119870    3.643734
 2697.740480    3.729339
 2698.362550    3.816223
 2698.983400    3.903992
 2699.604250    3.992796
 2700.226810    4.082863
 2700.847900    4.173712
 2701.470700    4.265784
 2702.092040    4.358586
 2702.715330    4.452603
 2703.337160    4.547294
 2703.958980    4.642848
 2704.582520    4.739503
 2705.204830    4.836774
 2705.828370    4.935010
 2706.450930    5.033831
 2707.074950    5.133591
 2707.697750    5.233824
 2708.320800    5.334725
 2708.945310    5.436458
 2709.568360    5.538504
 2710.193360    5.641382
 2710.816650    5.744446
 2711.441890    5.848260
 2712.065670    5.952209
 2712.689450    6.056493
 2713.314940    6.161350
 2713.939210    6.266240
 2714.565190    6.371607
 2715.189450    6.476824
 2715.815670    6.582458
 2716.440430    6.687880
 2717.066890    6.793571
 2717.691890    6.898943
 2718.317140    7.004227
 2718.943850    7.109573
 2719.569340    7.214473
 2720.196530    7.319360
 2720.822270    7.423646
 2721.449710    7.527800
 2722.075680    7.631236
 2722.702150    7.734216
 2723.329830    7.836801
 2723.956300    7.938529
 2724.584470    8.039816
 2725.211430    8.140125
 2725.839600    8.239786
 2726.466800    8.338387
 2727.093990    8.436024
 2727.722900    8.532896
 2728.350340    8.628452
 2728.979490    8.723109
 2729.607420    8.816370
 2730.236820    8.908566
 2730.864750    8.999210
 2731.493160    9.088525
 2732.122800    9.176548
 2732.751460    9.262914
 2733.381590    9.347891
 2734.010500    9.431063
 2734.640870    9.512724
 2735.270020    9.592467
 2735.899410    9.670428
 2736.530270    9.746692
 2737.159670    9.820850
 2737.790770    9.893225
 2738.420650    9.963422
 2739.052250    10.031715
 2739.682370    10.097710
 2740.312500    10.161520
 2740.944340    10.223258
 2741.575200    10.282617
 2742.207280    10.339752
 2742.838130    10.394403
 2743.470460    10.446756
 2744.101560    10.496552
 2744.732910    10.543873
 2745.365970    10.588778
 2745.997310    10.630991
 2746.630860    10.670737
 2747.262700    10.707741
 2747.896000    10.742154
 2748.528080    10.773808
 2749.160640    10.802765
 2749.794430    10.829025
 2750.427000    10.852468
 2751.061280    10.873178
 2751.694090    10.891035
 2752.328610    10.906109
 2752.961910    10.918320
 2753.595210    10.927685
 2754.230220    10.934212
 2754.863770    10.937862
 2755.499020    10.938646
 2756.132810    10.936561
 2756.768550    10.931588
 2757.402590    10.923762
 2758.036870    10.913075
 2758.673100    10.899487
 2759.307620    10.883089
 2759.943850    10.863803
 2760.578860    10.841730
 2761.215330    10.816792
 2761.850590    10.789112
 2762.487550    10.758581
 2763.123050    10.725370
 2763.758790    10.689427
 2764.396000    10.650700
 2765.031980    10.609376
 2765.669430    10.565315
 2766.305910    10.518718
 2766.943600    10.469453
 2767.580320    10.417729
 2768.216800    10.363535
 2768.855220    10.306711
 2769.492190    10.247606
 2770.130860    10.185967
 2770.768070    10.122148
 2771.407230    10.055848
 2772.044680    9.987497
 2772.682130    9.916976
 2773.321780    9.844076
 2773.959720    9.769300
 2774.599370    9.692300
 2775.237550    9.613514
 2775.877690    9.532576
 2776.516360    9.449974
 2777.155030    9.365585
 2777.795170    9.279271
 2778.434330    9.191419
 2779.074950    9.101757
 2779.714360    9.010721
 2780.355470    8.917957
 2780.995120    8.823988
 2781.634770    8.728668
 2782.276120    8.631803
 2782.916260    8.533900
 2783.558110    8.434575
 2784.198490    8.334386
 2784.840330    8.232941
 2785.480960    8.130730
 2786.121830    8.027587
 2786.764400    7.923342
 2787.405270    7.818614
 2788.048100    7.712870
 2788.689450    7.606738
 2789.332520    7.499757
 2789.974370    7.392482
 2790.615970    7.284812
 2791.259770    7.176403
 2791.901610    7.068017
 2792.545410    6.959055
 2793.187990    6.850117
 2793.832030    6.740811
 2794.474850    6.631651
 2795.117680    6.522491
 2795.762210    6.413101
 2796.405520    6.304033
 2797.050290    6.194890
 2797.693600    6.086225
 2798.338870    5.977513
 2798.982420    5.869427
 2799.626460    5.761649
 2800.272220    5.654026
 2800.916260    5.547180
 2801.562260    5.440551
 2802.206790    5.334750
 2802.852780    5.229343
 2803.497560    5.124814
 2804.142580    5.020965
 2804.789310    4.917607
 2805.434330    4.815325
 2806.081300    4.713578
 2806.726810    4.612942
 2807.374020    4.512958
 2808.020020    4.414114
 2808.666020    4.316255
 2809.313480    4.219191
 2809.959960    4.123321
 2810.607910    4.028311
 2811.254390    3.934618
 2811.902830    3.841774
 2812.549560    3.750327
 2813.198240    3.659781
 2813.845210    3.570671
 2814.492680    3.482709
 2815.141600    3.395786
 2815.789310    3.310278
 2816.438720    3.225816
 2817.086430    3.142858
 2817.736080    3.060946
 2818.384520    2.980496
 2819.032710    2.901391
 2819.682620    2.823404
 2820.331300    2.746896
 2820.981930    2.671500
 2821.630620    2.597673
 2822.281490    2.524949
 2822.930660    2.453765
 2823.580080    2.383903
 2824.231200    2.315212
 2824.880860    2.248027
 2825.532230    2.182017
 2826.182370    2.117477
 2826.833980    2.054138
 2827.484380    1.992253
 2828.134770    1.931699
 2828.786870    1.872313
 2829.437740    1.814355
 2830.090090    1.757578
 2830.741210    1.702208
 2831.394040    1.647983
 2832.045410    1.595159
 2832.697020    1.543581
 2833.350100    1.493144
 2834.001950    1.444044
 2834.655520    1.396047
 2835.307620    1.349371
 2835.961180    1.303793
 2836.613770    1.259469
 2837.266360    1.216313
 2837.920410    1.174216
 2838.573490    1.133320
 2839.228030    1.093456
 2839.881100    1.054785
 2840.535890    1.017100
 2841.189450    0.980556
 2841.843020    0.945061
 2842.498540    0.910495
 2843.152340    0.877034
 2843.807860    0.844484
 2844.462160    0.812972
 2845.118160    0.782339
 2845.772710    0.752714
 2846.427250    0.724009
 2847.083740    0.696122
 2847.738770    0.669182
 2848.395260    0.643046
 2849.050540    0.617805
 2849.707760    0.593316
 2850.363280    0.569698
 2851.018800    0.546868
 2851.676270    0.524741
 2852.332280    0.503415
 2852.989990    0.482767
 2853.646480    0.462873
 2854.304440    0.443632
 2854.960940    0.425112
 2855.617920    0.407238
 2856.276370    0.389968
 2856.933350    0.373362
 2857.592290    0.357316
 2858.249760    0.341897
 2858.908940    0.327014
 2859.566650    0.312721
 2860.224370    0.298969
 2860.883790    0.285708
 2861.541750    0.272986
 2862.201900    0.260718
 2862.860350    0.248960
 2863.520510    0.237638
 2864.179200    0.226789
 2864.839840    0.216345
 2865.498780    0.206348
 2866.157960    0.196755
 2866.818850    0.187532
 2867.478520    0.178707
 2868.139650    0.170231
 2868.799320    0.162128
 2869.460940    0.154346
 2870.121090    0.146911
 2870.781490    0.139792
 2871.443360    0.132966
 2872.103760    0.126452
 2872.766360    0.120203
 2873.427000    0.114247
 2874.089600    0.108540
 2874.750730    0.103100
 2875.412110    0.097903
 2876.075440    0.092928
 2876.736820    0.088195
 2877.400390    0.083664
 2878.062260    0.079354
 2878.725830    0.075234
 2879.388180    0.071316
 2880.050540    0.067582
 2880.714600    0.064017
 2881.377440    0.060629
 2882.041750    0.057397
 2882.704830    0.054327
 2883.369380    0.051400
 2884.032960    0.048622
 2884.696530    0.045980
 2885.361330    0.043467
 2886.025390    0.041080
 2886.690920    0.038809
 2887.354980    0.036657
 2888.020510    0.034612
 2888.685060    0.032673
 2889.349610    0.030834
 2890.015870    0.029086
 2890.680910    0.027432
 2891.347410    0.025863
 2892.012700    0.024378
 2892.679200    0.022969
 2893.344970    0.021638
 2894.010500    0.020378
 2894.677730    0.019183
 2895.343510    0.018055
 2896.011470    0.016986
 2896.677490    0.015978
 2897.345460    0.015022
 2898.011960    0.014123
 2898.678960    0.013272
 2899.347170    0.012467
 2900.014160    0.011710
 2900.682860    0.010994
 2901.350100    0.010320
 2902.019530    0.009683
 2902.687010    0.009084
 2903.354740    0.008519
 2904.024410    0.007985
 2904.692380    0.007484
 2905.361820    0.007012
 2906.030520    0.006569
 2906.700680    0.006150
 2907.369140    0.005757
 2908.038090    0.005388
 2908.708500    0.005040
 2909.377930    0.004714
 2910.048830    0.004408
 2910.718260    0.004120
 2911.389650    0.003849
 2912.059330    0.003596
 2912.729250    0.003359
 2913.400630    0.003135
 2914.070800    0.002926
 2914.742920    0.002729
 2915.413570    0.002546
 2916.085690    0.002375
 2916.756590    0.002213
 2917.429200    0.002063
 2918.100340    0.001922
 2918.771730    0.001790
 2919.444580    0.001666
 2920.116210    0.001551
 2920.789550    0.001443
 2921.461670    0.001342
 2922.135500    0.001248
 2922.807370    0.001161
 2923.479740    0.001079
 2924.154050    0.001002
 2924.826660    0.000931
 2925.500980    0.000864
 2926.174070    0.000802
 2926.848880    0.000744
 2927.522220    0.000690
 2928.195800    0.000640
 2928.870850    0.000593
 2929.544920    0.000550
 2930.220460    0.000510
 2930.894530    0.000472
 2931.570310    0.000437
 2932.244630    0.000404
 2932.919190    0.000375
 2933.595700    0.000346
 2934.270260    0.000320
 2934.947270    0.000297
 2935.622310    0.000274
 2936.299070    0.000253
 2936.974850    0.000234
 2937.650390    0.000216
 2938.327880    0.000199
 2939.003660    0.000184
 2939.681400    0.000170
 2940.357670    0.000156
 2941.035640    0.000144
 2941.712160    0.000134
 2942.389160    0.000123
 2943.067630    0.000113
 2943.744630    0.000104
 2944.423580    0.000095
 2945.100830    0.000088
 2945.780030    0.000081
 2946.457760    0.000074
 2947.135500    0.000069
 2947.815190    0.000063
 2948.493410    0.000058
 2949.173100    0.000053
 2949.851560    0.000049
 2950.531980    0.000045
 2951.210450    0.000041
 2951.889650    0.000038
 2952.570070    0.000034
 2953.249270    0.000031
 2953.930660    0.000030
 2954.610110    0.000027
 2955.291500    0.000025
 2955.971190    0.000023
 2956.651120    0.000021
 2957.333010    0.000019
 2958.013180    0.000017
 2958.695560    0.000015
 2959.376220    0.000014
 2960.058350    0.000013
 2960.739500    0.000012
 2961.420410    0.000011
 2962.103520    0.000010
 2962.784910    0.000010
 2963.468020    0.000009
 2964.149900    0.000008
 2964.833500    0.000007
 2965.515380    0.000007
 2966.197750    0.000006
 2966.881590    0.000006
 2967.564210    0.000005
 2968.248540    0.000005
 2968.931150    0.000004
 2969.615720    0.000004
 2970.299070    0.000003
 2970.984130    0.000003
 2971.667480    0.000003
 2972.351070    0.000003
 2973.036620    0.000002
 2973.720700    0.000002
 2974.406250    0.000002
 2975.090580    0.000002
 2975.776610    0.000002
 2976.461180    0.000001
 2977.146000    0.000001
 2977.832280    0.000001
 2978.517580    0.000001
 2979.204350    0.000001
 2979.889650    0.000001
 2980.576660    0.000001
 2981.262210    0.000001
 2981.948240    0.000001
 2982.635990    0.000001
 2983.322020    0.000001
 2984.010010    0.000000
 2984.696530    0.000000
 2985.384770    0.000000
 2986.071530    0.000000
 2986.758540    0.000000
 2987.447270    0.000000
 2988.134770    0.000000
 2988.823490    0.000000
 2989.510990    0.000000
 2990.200440    0.000000
 2990.888180    0.000000
 2991.576170    0.000000
 2992.266360    0.000000
 2992.954830    0.000000
 2993.644780    0.000000
 2994.333500    0.000000
 2995.023930    0.000000
 2995.713130    0.000000
 2996.402100    0.000000
 2997.093020    0.000000
 2997.782710    0.000000
 2998.473880    0.000000
 2999.163570    0.000000
 2999.855470    0.000000
 3000.545410    0.000000
 3001.235600    0.000000
 3001.927730    0.000000
 3002.618410    0.000000
 3003.310550    0.000000
 3004.001710    0.000000
 3004.694340    0.000000
 3005.385740    0.000000
 3006.076900    0.000000
 3006.770020    0.000000
 3007.461670    0.000000
 3008.155270    0.000000
 3008.847410    0.000000
 3009.541260    0.000000
 3010.233400    0.000000
 3010.926270    0.000000
 3011.620360    0.000000
 3012.313230    0.000000
 3013.007810    0.000000
 3013.700930    0.000000
 3014.395750    0.000000
 3015.089360    0.000000
 3015.783200    0.000000
 3016.478270    0.000000
 3017.172610    0.000000
 3017.868160    0.000000
 3018.562260    0.000000
 3019.258540    0.000000
 3019.952880    0.000000
 3020.647950    0.000000
 3021.344480    0.000000
 3022.039310    0.000000
 3022.736330    0.000000
 3023.431640    0.000000
 3024.128660    0.000000
 3024.824460    0.000000
 3025.522220    0.000000
 3026.218020    0.000000
 3026.914310    0.000000
 3027.612300    0.000000
 3028.308840    0.000000
 3029.007080    0.000000
 3029.703860    0.000000
 3030.402590    0.000000
 3031.099850    0.000000
 3031.797120    0.000000
 3032.496090    0.000000
 3033.193600    0.000000
 3033.893310    0.000000
 3034.591060    0.000000
 3035.290770    0.000000
 3035.989010    0.000000
 3036.687740    0.000000
 3037.387700    0.000000
 3038.086670    0.000000
 3038.787350    0.000000
 3039.486080    0.000000
 3040.187260    0.000000
 3040.886470    0.000000
 3041.586180    0.000000
 3042.287350    0.000000
 3042.987550    0.000000
 3043.689210    0.000000
 3044.389160    0.000000
 3045.091060    0.000000
 3045.791750    0.000000
 3046.492430    0.000000
 3047.194820    0.000000
 3047.896000    0.000000
 3048.598880    0.000000
 3049.300050    0.000000
