 2653.384280    0.000001
 2653.996340    0.000002
 2654.606690    0.000002
 2655.217290    0.000002
 2655.829830    0.000002
 2656.440670    0.000002
 2657.053220    0.000002
 2657.664550    0.000002
 2658.277340    0.000003
 2658.888920    0.000003
 2659.500730    0.000003
 2660.114010    0.000003
 2660.725830    0.000004
 2661.339360    0.000004
 2661.951660    0.000004
 2662.565430    0.000005
 2663.177980    0.000005
 2663.790530    0.000006
 2664.404790    0.000006
 2665.017820    0.000006
 2665.632320    0.000007
 2666.245610    0.000008
 2666.860350    0.000008
 2667.473880    0.000009
 2668.089110    0.000010
 2668.702880    0.000010
 2669.316890    0.000010
 2669.932370    0.000011
 2670.546630    0.000012
 2671.162350    0.000013
 2671.776860    0.000014
 2672.393070    0.000015
 2673.007810    0.000017
 2673.622560    0.000018
 2674.239260    0.000019
 2674.854490    0.000021
 2675.471190    0.000023
 2676.086670    0.000025
 2676.703860    0.000027
 2677.319580    0.000029
 2677.935550    0.000031
 2678.552980    0.000032
 2679.169190    0.000035
 2679.786870    0.000038
 2680.403560    0.000041
 2681.021480    0.000044
 2681.638430    0.000048
 2682.255370    0.000051
 2682.873780    0.000055
 2683.490970    0.000059
 2684.109860    0.000064
 2684.727290    0.000069
 2685.346440    0.000073
 2685.964110    0.000079
 2686.582030    0.000085
 2687.201660    0.000092
 2687.819820    0.000098
 2688.439450    0.000105
 2689.057860    0.000113
 2689.677980    0.000121
 2690.296880    0.000131
 2690.915770    0.000140
 2691.536380    0.000150
 2692.155270    0.000161
 2692.776370    0.000173
 2693.395750    0.000185
 2694.016850    0.000198
 2694.636720    0.000213
 2695.256590    0.000228
 2695.877930    0.000244
 2696.498050    0.000262
 2697.119870    0.000280
 2697.740480    0.000300
 2698.362550    0.000322
 2698.983400    0.000344
 2699.604250    0.000369
 2700.226810    0.000395
 2700.847900    0.000422
 2701.470700    0.000452
 2702.092040    0.000484
 2702.715330    0.000518
 2703.337160    0.000554
 2703.958980    0.000592
 2704.582520    0.000633
 2705.204830    0.000676
 2705.828370    0.000723
 2706.450930    0.000772
 2707.074950    0.000825
 2707.697750    0.000881
 2708.320800    0.000941
 2708.945310    0.001005
 2709.568360    0.001073
 2710.193360    0.001145
 2710.816650    0.001222
 2711.441890    0.001304
 2712.065670    0.001390
 2712.689450    0.001483
 2713.314940    0.001582
 2713.939210    0.001686
 2714.565190    0.001798
 2715.189450    0.001916
 2715.815670    0.002042
 2716.440430    0.002175
 2717.066890    0.002317
 2717.691890    0.002468
 2718.317140    0.002627
 2718.943850    0.002797
 2719.569340    0.002977
 2720.196530    0.003169
 2720.822270    0.003371
 2721.449710    0.003587
 2722.075680    0.003815
 2722.702150    0.004056
 2723.329830    0.004313
 2723.956300    0.004584
 2724.584470    0.004873
 2725.211430    0.005178
 2725.839600    0.005502
 2726.466800    0.005843
 2727.093990    0.006206
 2727.722900    0.006590
 2728.350340    0.006995
 2728.979490    0.007425
 2729.607420    0.007879
 2730.236820    0.008361
 2730.864750    0.008869
 2731.493160    0.009406
 2732.122800    0.009974
 2732.751460    0.010574
 2733.381590    0.011209
 2734.010500    0.011880
 2734.640870    0.012588
 2735.270020    0.013335
 2735.899410    0.014124
 2736.530270    0.014958
 2737.159670    0.015836
 2737.790770    0.016765
 2738.420650    0.017742
 2739.052250    0.018775
 2739.682370    0.019862
 2740.312500    0.021008
 2740.944340    0.022218
 2741.575200    0.023491
 2742.207280    0.024834
 2742.838130    0.026245
 2743.470460    0.027736
 2744.101560    0.029301
 2744.732910    0.030948
 2745.365970    0.032685
 2745.997310    0.034509
 2746.630860    0.036433
 2747.262700    0.038450
 2747.896000    0.040576
 2748.528080    0.042806
 2749.160640    0.045150
 2749.794430    0.047618
 2750.427000    0.050204
 2751.061280    0.052927
 2751.694090    0.055779
 2752.328610    0.058781
 2752.961910    0.061924
 2753.595210    0.065222
 2754.230220    0.068689
 2754.863770    0.072317
 2755.499020    0.076131
 2756.132810    0.080118
 2756.768550    0.084310
 2757.402590    0.088689
 2758.036870    0.093277
 2758.673100    0.098096
 2759.307620    0.103127
 2759.943850    0.108408
 2760.578860    0.113923
 2761.215330    0.119706
 2761.850590    0.125743
 2762.487550    0.132072
 2763.123050    0.138675
 2763.758790    0.145577
 2764.396000    0.152806
 2765.031980    0.160344
 2765.669430    0.168235
 2766.305910    0.176461
 2766.943600    0.185065
 2767.580320    0.194033
 2768.216800    0.203384
 2768.855220    0.213170
 2769.492190    0.223352
 2770.130860    0.233997
 2770.768070    0.245069
 2771.407230    0.256641
 2772.044680    0.268668
 2772.682130    0.281194
 2773.321780    0.294284
 2773.959720    0.307876
 2774.599370    0.322061
 2775.237550    0.336788
 2775.877690    0.352157
 2776.516360    0.368105
 2777.155030    0.384687
 2777.795170    0.401966
 2778.434330    0.419896
 2779.074950    0.438569
 2779.714360    0.457929
 2780.355470    0.478088
 2780.995120    0.498971
 2781.634770    0.520646
 2782.276120    0.543200
 2782.916260    0.566552
 2783.558110    0.590838
 2784.198490    0.615963
 2784.840330    0.642069
 2785.480960    0.669072
 2786.121830    0.697060
 2786.764400    0.726128
 2787.405270    0.756149
 2788.048100    0.787325
 2788.689450    0.819518
 2789.332520    0.852919
 2789.974370    0.887404
 2790.615970    0.923054
 2791.259770    0.960038
 2791.901610    0.998151
 2792.545410    1.037654
 2793.187990    1.078386
 2793.832030    1.120550
 2794.474850    1.164002
 2795.117680    1.208854
 2795.762210    1.255260
 2796.405520    1.303045
 2797.050290    1.352442
 2797.693600    1.403257
 2798.338870    1.455798
 2798.982420    1.509798
 2799.626460    1.565471
 2800.272220    1.622963
 2800.916260    1.682002
 2801.562260    1.742959
 2802.206790    1.805546
 2802.852780    1.870078
 2803.497560    1.936323
 2804.142580    2.004458
 2804.789310    2.074679
 2805.434330    2.146647
 2806.081300    2.220802
 2806.726810    2.296786
 2807.374020    2.375004
 2808.020020    2.455135
 2808.666020    2.537354
 2809.313480    2.621885
 2809.959960    2.708437
 2810.607910    2.797370
 2811.254390    2.888308
 2811.902830    2.981760
 2812.549560    3.077225
 2813.198240    3.175272
 2813.845210    3.275369
 2814.492680    3.377874
 2815.141600    3.482974
 2815.789310    3.590256
 2816.438720    3.700226
 2817.086430    3.812323
 2817.736080    3.927202
 2818.384520    4.044319
 2819.032710    4.163857
 2819.682620    4.286197
 2820.331300    4.410801
 2820.981930    4.538294
 2821.630620    4.667916
 2822.281490    4.800507
 2822.930660    4.935277
 2823.580080    5.072624
 2824.231200    5.212874
 2824.880860    5.355340
 2825.532230    5.500718
 2826.182370    5.648352
 2826.833980    5.798844
 2827.484380    5.951569
 2828.134770    6.106793
 2828.786870    6.264920
 2829.437740    6.425226
 2830.090090    6.588357
 2830.741210    6.753620
 2831.394040    6.921740
 2832.045410    7.091872
 2832.697020    7.264431
 2833.350100    7.439718
 2834.001950    7.616980
 2834.655520    7.796978
 2835.307620    7.978805
 2835.961180    8.163232
 2836.613770    8.349531
 2837.266360    8.537929
 2837.920410    8.728806
 2838.573490    8.921402
 2839.228030    9.116382
 2839.881100    9.312814
 2840.535890    9.511598
 2841.189450    9.711780
 2841.843020    9.913662
 2842.498540    10.117791
 2843.152340    10.322952
 2843.807860    10.530145
 2844.462160    10.738368
 2845.118160    10.948476
 2845.772710    11.159371
 2846.427250    11.371436
 2847.083740    11.585222
 2847.738770    11.799527
 2848.395260    12.015215
 2849.050540    12.231311
 2849.707760    12.448766
 2850.363280    12.666266
 2851.018800    12.884278
 2851.676270    13.103348
 2852.332280    13.322231
 2852.989990    13.541875
 2853.646480    13.761195
 2854.304440    13.980975
 2854.960940    14.200120
 2855.617920    14.419168
 2856.276370    14.638325
 2856.933350    14.856498
 2857.592290    15.074697
 2858.249760    15.291672
 2858.908940    15.508343
 2859.566650    15.723541
 2860.224370    15.937628
 2860.883790    16.151024
 2861.541750    16.362577
 2862.201900    16.573332
 2862.860350    16.781914
 2863.520510    16.989273
 2864.179200    17.194286
 2864.839840    17.397882
 2865.498780    17.598803
 2866.157960    17.797522
 2866.818850    17.994345
 2867.478520    18.188261
 2868.139650    18.379934
 2868.799320    18.568388
 2869.460940    18.754467
 2870.121090    18.937084
 2870.781490    19.116591
 2871.443360    19.293186
 2872.103760    19.465971
 2872.766360    19.635767
 2873.427000    19.801401
 2874.089600    19.963726
 2874.750730    20.121790
 2875.412110    20.275900
 2876.075440    20.426323
 2876.736820    20.572063
 2877.400390    20.713928
 2878.062260    20.850977
 2878.725830    20.983814
 2879.388180    21.111752
 2880.050540    21.234943
 2880.714600    21.353598
 2881.377440    21.467100
 2882.041750    21.575823
 2882.704830    21.679241
 2883.369380    21.777691
 2884.032960    21.870739
 2884.696530    21.958456
 2885.361330    22.040926
 2886.025390    22.117842
 2886.690920    22.189386
 2887.354980    22.255192
 2888.020510    22.315502
 2888.685060    22.370043
 2889.349610    22.418869
 2890.015870    22.462040
 2890.680910    22.499334
 2891.347410    22.530870
 2892.012700    22.556498
 2892.679200    22.576288
 2893.344970    22.590162
 2894.010500    22.598145
 2894.677730    22.600225
 2895.343510    22.596394
 2896.011470    22.586628
 2896.677490    22.570993
 2897.345460    22.549410
 2898.011960    22.522005
 2898.678960    22.488735
 2899.347170    22.449566
 2900.014160    22.404680
 2900.682860    22.353905
 2901.350100    22.297525
 2902.019530    22.235270
 2902.687010    22.167570
 2903.354740    22.094280
 2904.024410    22.015244
 2904.692380    21.930956
 2905.361820    21.841087
 2906.030520    21.745997
 2906.700680    21.645433
 2907.369140    21.539965
 2908.038090    21.429336
 2908.708500    21.313454
 2909.377930    21.192822
 2910.048830    21.067089
 2910.718260    20.936909
 2911.389650    20.801702
 2912.059330    20.662315
 2912.729250    20.518457
 2913.400630    20.369963
 2914.070800    20.217535
 2914.742920    20.060555
 2915.413570    19.899940
 2916.085690    19.735104
 2916.756590    19.566822
 2917.429200    19.394485
 2918.100340    19.219025
 2918.771730    19.040133
 2919.444580    18.857597
 2920.116210    18.672272
 2920.789550    18.483482
 2921.461670    18.292175
 2922.135500    18.097645
 2922.807370    17.901083
 2923.479740    17.701920
 2924.154050    17.499844
 2924.826660    17.296080
 2925.500980    17.089737
 2926.174070    16.881836
 2926.848880    16.671606
 2927.522220    16.460175
 2928.195800    16.247139
 2928.870850    16.032242
 2929.544920    15.816391
 2930.220460    15.598940
 2930.894530    15.380956
 2931.570310    15.161549
 2932.244630    14.941870
 2932.919190    14.721501
 2933.595700    14.500002
 2934.270260    14.278775
 2934.947270    14.056505
 2935.622310    13.834753
 2936.299070    13.612438
 2936.974850    13.390557
 2937.650390    13.168986
 2938.327880    12.947117
 2939.003660    12.726263
 2939.681400    12.505334
 2940.357670    12.285552
 2941.035640    12.065989
 2941.712160    11.847775
 2942.389160    11.630378
 2943.067630    11.413582
 2943.744630    11.198420
 2944.423580    10.983893
 2945.100830    10.771253
 2945.780030    10.559431
 2946.457760    10.349579
 2947.135500    10.141316
 2947.815190    9.934128
 2948.493410    9.729128
 2949.173100    9.525505
 2949.851560    9.324131
 2950.531980    9.124130
 2951.210450    8.926714
 2951.889650    8.731153
 2952.570070    8.537372
 2953.249270    8.346119
 2953.930660    8.156487
 2954.610110    7.969676
 2955.291500    7.784657
 2955.971190    7.602470
 2956.651120    7.422617
 2957.333010    7.244696
 2958.013180    7.069695
 2958.695560    6.896641
 2959.376220    6.726555
 2960.058350    6.558668
 2960.739500    6.393602
 2961.420410    6.231195
 2962.103520    6.070889
 2962.784910    5.913620
 2963.468020    5.758610
 2964.149900    5.606534
 2964.833500    5.456749
 2965.515380    5.310009
 2966.197750    5.165835
 2966.881590    5.024032
 2967.564210    4.885156
 2968.248540    4.748610
 2968.931150    4.615071
 2969.615720    4.483814
 2970.299070    4.355442
 2970.984130    4.229396
 2971.667480    4.106290
 2972.351070    3.985750
 2973.036620    3.867470
 2973.720700    3.752023
 2974.406250    3.638896
 2975.090580    3.528512
 2975.776610    3.420376
 2976.461180    3.314969
 2977.146000    3.211995
 2977.832280    3.111253
 2978.517580    3.013077
 2979.204350    2.917090
 2979.889650    2.823674
 2980.576660    2.732368
 2981.262210    2.643560
 2981.948240    2.556965
 2982.635990    2.472404
 2983.322020    2.390265
 2984.010010    2.310079
 2984.696530    2.232208
 2985.384770    2.156262
 2986.071530    2.082555
 2986.758540    2.010864
 2987.447270    1.941008
 2988.134770    1.873249
 2988.823490    1.807312
 2989.510990    1.743392
 2990.200440    1.681162
 2990.888180    1.620914
 2991.576170    1.562437
 2992.266360    1.505536
 2992.954830    1.450499
 2993.644780    1.397032
 2994.333500    1.345308
 2995.023930    1.295074
 2995.713130    1.246506
 2996.402100    1.199495
 2997.093020    1.153860
 2997.782710    1.109778
 2998.473880    1.067041
 2999.163570    1.025797
 2999.855470    0.985792
 3000.545410    0.947233
 3001.235600    0.909958
 3001.927730    0.873847
 3002.618410    0.839046
 3003.310550    0.805374
 3004.001710    0.772920
 3004.694340    0.741535
 3005.385740    0.711313
 3006.076900    0.682176
 3006.770020    0.654003
 3007.461670    0.626904
 3008.155270    0.600719
 3008.847410    0.575546
 3009.541260    0.551243
 3010.233400    0.527901
 3010.926270    0.505407
 3011.620360    0.483725
 3012.313230    0.462901
 3013.007810    0.442824
 3013.700930    0.423561
 3014.395750    0.404999
 3015.089360    0.387191
 3015.783200    0.370076
 3016.478270    0.353609
 3017.172610    0.337813
 3017.868160    0.322623
 3018.562260    0.308076
 3019.258540    0.294074
 3019.952880    0.280682
 3020.647950    0.267825
 3021.344480    0.255473
 3022.039310    0.243664
 3022.736330    0.232313
 3023.431640    0.221466
 3024.128660    0.211052
 3024.824460    0.201099
 3025.522220    0.191546
 3026.218020    0.182430
 3026.914310    0.173702
 3027.612300    0.165335
 3028.308840    0.157351
 3029.007080    0.149699
 3029.703860    0.142403
 3030.402590    0.135412
 3031.099850    0.128748
 3031.797120    0.122385
 3032.496090    0.116295
 3033.193600    0.110495
 3033.893310    0.104942
 3034.591060    0.099661
 3035.290770    0.094610
 3035.989010    0.089804
 3036.687740    0.085219
 3037.387700    0.080843
 3038.086670    0.076680
 3038.787350    0.072704
 3039.486080    0.068930
 3040.187260    0.065324
 3040.886470    0.061902
 3041.586180    0.058643
 3042.287350    0.055536
 3042.987550    0.052587
 3043.689210    0.049776
 3044.389160    0.047112
 3045.091060    0.044572
 3045.791750    0.042164
 3046.492430    0.039877
 3047.194820    0.037700
 3047.896000    0.035637
 3048.598880    0.033673
 3049.300050    0.031816
