 2653.384280    0.000000
 2653.996340    0.000000
 2654.606690    0.000000
 2655.217290    0.000000
 2655.829830    0.000000
 2656.440670    0.000000
 2657.053220    0.000000
 2657.664550    0.000000
 2658.277340    0.000000
 2658.888920    0.000000
 2659.500730    0.000000
 2660.114010    0.000000
 2660.725830    0.000000
 2661.339360    0.000000
 2661.951660    0.000000
 2662.565430    0.000000
 2663.177980    0.000000
 2663.790530    0.000000
 2664.404790    0.000000
 2665.017820    0.000000
 2665.632320    0.000000
 2666.245610    0.000000
 2666.860350    0.000000
 2667.473880    0.000000
 2668.089110    0.000000
 2668.702880    0.000000
 2669.316890    0.000000
 2669.932370    0.000000
 2670.546630    0.000000
 2671.162350    0.000000
 2671.776860    0.000000
 2672.393070    0.000000
 2673.007810    0.000000
 2673.622560    0.000000
 2674.239260    0.000000
 2674.854490    0.000000
 2675.471190    0.000000
 2676.086670    0.000000
 2676.703860    0.000000
 2677.319580    0.000000
 2677.935550    0.000000
 2678.552980    0.000000
 2679.169190    0.000000
 2679.786870    0.000000
 2680.403560    0.000000
 2681.021480    0.000000
 2681.638430    0.000000
 2682.255370    0.000000
 2682.873780    0.000000
 2683.490970    0.000000
 2684.109860    0.000000
 2684.727290    0.000000
 2685.346440    0.000000
 2685.964110    0.000000
 2686.582030    0.000000
 2687.201660    0.000000
 2687.819820    0.000000
 2688.439450    0.000000
 2689.057860    0.000000
 2689.677980    0.000000
 2690.296880    0.000000
 2690.915770    0.000000
 2691.536380    0.000000
 2692.155270    0.000000
 2692.776370    0.000000
 2693.395750    0.000000
 2694.016850    0.000000
 2694.636720    0.000000
 2695.256590    0.000000
 2695.877930    0.000000
 2696.498050    0.000000
 2697.119870    0.000000
 2697.740480    0.000000
 2698.362550    0.000000
 2698.983400    0.000000
 2699.604250    0.000000
 2700.226810    0.000000
 2700.847900    0.000000
 2701.470700    0.000000
 2702.092040    0.000000
 2702.715330    0.000000
 2703.337160    0.000000
 2703.958980    0.000000
 2704.582520    0.000000
 2705.204830    0.000000
 2705.828370    0.000000
 2706.450930    0.000000
 2707.074950    0.000000
 2707.697750    0.000000
 2708.320800    0.000000
 2708.945310    0.000000
 2709.568360    0.000000
 2710.193360    0.000000
 2710.816650    0.000000
 2711.441890    0.000000
 2712.065670    0.000000
 2712.689450    0.000000
 2713.314940    0.000000
 2713.939210    0.000000
 2714.565190    0.000000
 2715.189450    0.000000
 2715.815670    0.000000
 2716.440430    0.000000
 2717.066890    0.000000
 2717.691890    0.000000
 2718.317140    0.000000
 2718.943850    0.000000
 2719.569340    0.000000
 2720.196530    0.000000
 2720.822270    0.000000
 2721.449710    0.000000
 2722.075680    0.000000
 2722.702150    0.000000
 2723.329830    0.000000
 2723.956300    0.000000
 2724.584470    0.000000
 2725.211430    0.000000
 2725.839600    0.000000
 2726.466800    0.000000
 2727.093990    0.000000
 2727.722900    0.000000
 2728.350340    0.000000
 2728.979490    0.000000
 2729.607420    0.000000
 2730.236820    0.000000
 2730.864750    0.000000
 2731.493160    0.000000
 2732.122800    0.000000
 2732.751460    0.000000
 2733.381590    0.000000
 2734.010500    0.000000
 2734.640870    0.000000
 2735.270020    0.000000
 2735.899410    0.000000
 2736.530270    0.000000
 2737.159670    0.000000
 2737.790770    0.000000
 2738.420650    0.000000
 2739.052250    0.000000
 2739.682370    0.000000
 2740.312500    0.000000
 2740.944340    0.000000
 2741.575200    0.000000
 2742.207280    0.000000
 2742.838130    0.000000
 2743.470460    0.000000
 2744.101560    0.000000
 2744.732910    0.000000
 2745.365970    0.000000
 2745.997310    0.000000
 2746.630860    0.000000
 2747.262700    0.000000
 2747.896000    0.000000
 2748.528080    0.000000
 2749.160640    0.000000
 2749.794430    0.000000
 2750.427000    0.000000
 2751.061280    0.000000
 2751.694090    0.000000
 2752.328610    0.000000
 2752.961910    0.000000
 2753.595210    0.000000
 2754.230220    0.000000
 2754.863770    0.000000
 2755.499020    0.000000
 2756.132810    0.000000
 2756.768550    0.000000
 2757.402590    0.000000
 2758.036870    0.000000
 2758.673100    0.000000
 2759.307620    0.000000
 2759.943850    0.000000
 2760.578860    0.000000
 2761.215330    0.000000
 2761.850590    0.000000
 2762.487550    0.000000
 2763.123050    0.000000
 2763.758790    0.000000
 2764.396000    0.000000
 2765.031980    0.000000
 2765.669430    0.000000
 2766.305910    0.000000
 2766.943600    0.000000
 2767.580320    0.000000
 2768.216800    0.000000
 2768.855220    0.000000
 2769.492190    0.000000
 2770.130860    0.000000
 2770.768070    0.000000
 2771.407230    0.000000
 2772.044680    0.000000
 2772.682130    0.000000
 2773.321780    0.000000
 2773.959720    0.000000
 2774.599370    0.000000
 2775.237550    0.000000
 2775.877690    0.000000
 2776.516360    0.000000
 2777.155030    0.000000
 2777.795170    0.000000
 2778.434330    0.000000
 2779.074950    0.000000
 2779.714360    0.000000
 2780.355470    0.000000
 2780.995120    0.000000
 2781.634770    0.000000
 2782.276120    0.000000
 2782.916260    0.000000
 2783.558110    0.000000
 2784.198490    0.000000
 2784.840330    0.000000
 2785.480960    0.000000
 2786.121830    0.000000
 2786.764400    0.000000
 2787.405270    0.000000
 2788.048100    0.000000
 2788.689450    0.000000
 2789.332520    0.000000
 2789.974370    0.000000
 2790.615970    0.000000
 2791.259770    0.000000
 2791.901610    0.000000
 2792.545410    0.000000
 2793.187990    0.000000
 2793.832030    0.000000
 2794.474850    0.000000
 2795.117680    0.000000
 2795.762210    0.000000
 2796.405520    0.000000
 2797.050290    0.000000
 2797.693600    0.000000
 2798.338870    0.000000
 2798.982420    0.000000
 2799.626460    0.000000
 2800.272220    0.000000
 2800.916260    0.000000
 2801.562260    0.000000
 2802.206790    0.000000
 2802.852780    0.000000
 2803.497560    0.000000
 2804.142580    0.000000
 2804.789310    0.000000
 2805.434330    0.000000
 2806.081300    0.000000
 2806.726810    0.000000
 2807.374020    0.000000
 2808.020020    0.000000
 2808.666020    0.000000
 2809.313480    0.000000
 2809.959960    0.000000
 2810.607910    0.000000
 2811.254390    0.000000
 2811.902830    0.000000
 2812.549560    0.000000
 2813.198240    0.000000
 2813.845210    0.000000
 2814.492680    0.000000
 2815.141600    0.000000
 2815.789310    0.000000
 2816.438720    0.000000
 2817.086430    0.000000
 2817.736080    0.000000
 2818.384520    0.000000
 2819.032710    0.000000
 2819.682620    0.000000
 2820.331300    0.000000
 2820.981930    0.000000
 2821.630620    0.000000
 2822.281490    0.000000
 2822.930660    0.000000
 2823.580080    0.000000
 2824.231200    0.000000
 2824.880860    0.000000
 2825.532230    0.000000
 2826.182370    0.000000
 2826.833980    0.000001
 2827.484380    0.000001
 2828.134770    0.000001
 2828.786870    0.000001
 2829.437740    0.000001
 2830.090090    0.000001
 2830.741210    0.000001
 2831.394040    0.000002
 2832.045410    0.000002
 2832.697020    0.000002
 2833.350100    0.000003
 2834.001950    0.000003
 2834.655520    0.000004
 2835.307620    0.000004
 2835.961180    0.000005
 2836.613770    0.000006
 2837.266360    0.000007
 2837.920410    0.000008
 2838.573490    0.000010
 2839.228030    0.000010
 2839.881100    0.000012
 2840.535890    0.000014
 2841.189450    0.000017
 2841.843020    0.000019
 2842.498540    0.000023
 2843.152340    0.000026
 2843.807860    0.000031
 2844.462160    0.000035
 2845.118160    0.000040
 2845.772710    0.000047
 2846.427250    0.000054
 2847.083740    0.000062
 2847.738770    0.000072
 2848.395260    0.000082
 2849.050540    0.000094
 2849.707760    0.000109
 2850.363280    0.000125
 2851.018800    0.000143
 2851.676270    0.000164
 2852.332280    0.000188
 2852.989990    0.000215
 2853.646480    0.000245
 2854.304440    0.000279
 2854.960940    0.000319
 2855.617920    0.000362
 2856.276370    0.000413
 2856.933350    0.000469
 2857.592290    0.000532
 2858.249760    0.000604
 2858.908940    0.000685
 2859.566650    0.000775
 2860.224370    0.000876
 2860.883790    0.000991
 2861.541750    0.001119
 2862.201900    0.001262
 2862.860350    0.001422
 2863.520510    0.001600
 2864.179200    0.001801
 2864.839840    0.002023
 2865.498780    0.002271
 2866.157960    0.002546
 2866.818850    0.002853
 2867.478520    0.003194
 2868.139650    0.003572
 2868.799320    0.003990
 2869.460940    0.004455
 2870.121090    0.004967
 2870.781490    0.005533
 2871.443360    0.006159
 2872.103760    0.006847
 2872.766360    0.007607
 2873.427000    0.008442
 2874.089600    0.009361
 2874.750730    0.010368
 2875.412110    0.011473
 2876.075440    0.012687
 2876.736820    0.014011
 2877.400390    0.015464
 2878.062260    0.017046
 2878.725830    0.018777
 2879.388180    0.020659
 2880.050540    0.022709
 2880.714600    0.024944
 2881.377440    0.027368
 2882.041750    0.030004
 2882.704830    0.032856
 2883.369380    0.035952
 2884.032960    0.039296
 2884.696530    0.042912
 2885.361330    0.046822
 2886.025390    0.051033
 2886.690920    0.055582
 2887.354980    0.060466
 2888.020510    0.065729
 2888.685060    0.071374
 2889.349610    0.077430
 2890.015870    0.083938
 2890.680910    0.090892
 2891.347410    0.098348
 2892.012700    0.106298
 2892.679200    0.114801
 2893.344970    0.123857
 2894.010500    0.133500
 2894.677730    0.143787
 2895.343510    0.154698
 2896.011470    0.166323
 2896.677490    0.178618
 2897.345460    0.191688
 2898.011960    0.205493
 2898.678960    0.220104
 2899.347170    0.235570
 2900.014160    0.251863
 2900.682860    0.269089
 2901.350100    0.287195
 2902.019530    0.306313
 2902.687010    0.326353
 2903.354740    0.347408
 2904.024410    0.369568
 2904.692380    0.392738
 2905.361820    0.417059
 2906.030520    0.442480
 2906.700680    0.469112
 2907.369140    0.496859
 2908.038090    0.525830
 2908.708500    0.556102
 2909.377930    0.587588
 2910.048830    0.620431
 2910.718260    0.654508
 2911.389650    0.690017
 2912.059330    0.726788
 2912.729250    0.764943
 2913.400630    0.804577
 2914.070800    0.845552
 2914.742920    0.888082
 2915.413570    0.931972
 2916.085690    0.977428
 2916.756590    1.024288
 2917.429200    1.072775
 2918.100340    1.122676
 2918.771730    1.174130
 2919.444580    1.227254
 2920.116210    1.281850
 2920.789550    1.338175
 2921.461670    1.396002
 2922.135500    1.455601
 2922.807370    1.516666
 2923.479740    1.579431
 2924.154050    1.644058
 2924.826660    1.710220
 2925.500980    1.778273
 2926.174070    1.847944
 2926.848880    1.919563
 2927.522220    1.992818
 2928.195800    2.067916
 2928.870850    2.145028
 2929.544920    2.223907
 2930.220460    2.304870
 2930.894530    2.387599
 2931.570310    2.472518
 2932.244630    2.559265
 2932.919190    2.648090
 2933.595700    2.739266
 2934.270260    2.832307
 2934.947270    2.927858
 2935.622310    3.025344
 2936.299070    3.125331
 2936.974850    3.227468
 2937.650390    3.331898
 2938.327880    3.439009
 2939.003660    3.548261
 2939.681400    3.660286
 2940.357670    3.774553
 2941.035640    3.891634
 2941.712160    4.011007
 2942.389160    4.133038
 2943.067630    4.257932
 2943.744630    4.385167
 2944.423580    4.515394
 2945.100830    4.647918
 2945.780030    4.783448
 2946.457760    4.921296
 2947.135500    5.061728
 2947.815190    5.205132
 2948.493410    5.350748
 2949.173100    5.499154
 2949.851560    5.649705
 2950.531980    5.803036
 2951.210450    5.958180
 2951.889650    6.115649
 2952.570070    6.275454
 2953.249270    6.436896
 2953.930660    6.600656
 2954.610110    6.765582
 2955.291500    6.932458
 2955.971190    7.100204
 2956.651120    7.269109
 2957.333010    7.439386
 2958.013180    7.609903
 2958.695560    7.781400
 2959.376220    7.952645
 2960.058350    8.124172
 2960.739500    8.295090
 2961.420410    8.465298
 2962.103520    8.635099
 2962.784910    8.803215
 2963.468020    8.970165
 2964.149900    9.134907
 2964.833500    9.297807
 2965.515380    9.457709
 2966.197750    9.614789
 2966.881590    9.768908
 2967.564210    9.919103
 2968.248540    10.065662
 2968.931150    10.207498
 2969.615720    10.345014
 2970.299070    10.477217
 2970.984130    10.604324
 2971.667480    10.725361
 2972.351070    10.840364
 2973.036620    10.949267
 2973.720700    11.051214
 2974.406250    11.146339
 2975.090580    11.233985
 2975.776610    11.314249
 2976.461180    11.386504
 2977.146000    11.450716
 2977.832280    11.506756
 2978.517580    11.554217
 2979.204350    11.593086
 2979.889650    11.623047
 2980.576660    11.644101
 2981.262210    11.656042
 2981.948240    11.658840
 2982.635990    11.652401
 2983.322020    11.636723
 2984.010010    11.611711
 2984.696530    11.577496
 2985.384770    11.533959
 2986.071530    11.481365
 2986.758540    11.419703
 2987.447270    11.348917
 2988.134770    11.269442
 2988.823490    11.181162
 2989.510990    11.084579
 2990.200440    10.979441
 2990.888180    10.866536
 2991.576170    10.745819
 2992.266360    10.617177
 2992.954830    10.481617
 2993.644780    10.338823
 2994.333500    10.189667
 2995.023930    10.033842
 2995.713130    9.872349
 2996.402100    9.705333
 2997.093020    9.532609
 2997.782710    9.355337
 2998.473880    9.173206
 2999.163570    8.987375
 2999.855470    8.797244
 3000.545410    8.604342
 3001.235600    8.408462
 3001.927730    8.209496
 3002.618410    8.008817
 3003.310550    7.805961
 3004.001710    7.602027
 3004.694340    7.396669
 3005.385740    7.191055
 3006.076900    6.985257
 3006.770020    6.778974
 3007.461670    6.573566
 3008.155270    6.368351
 3008.847410    6.164661
 3009.541260    5.961873
 3010.233400    5.761278
 3010.926270    5.562447
 3011.620360    5.365513
 3012.313230    5.171422
 3013.007810    4.979591
 3013.700930    4.791121
 3014.395750    4.605354
 3015.089360    4.423269
 3015.783200    4.244647
 3016.478270    4.069407
 3017.172610    3.898186
 3017.868160    3.730637
 3018.562260    3.567515
 3019.258540    3.408063
 3019.952880    3.253317
 3020.647950    3.102734
 3021.344480    2.956230
 3022.039310    2.814512
 3022.736330    2.676814
 3023.431640    2.543928
 3024.128660    2.415205
 3024.824460    2.291180
 3025.522220    2.171277
 3026.218020    2.056137
 3026.914310    1.945304
 3027.612300    1.838555
 3028.308840    1.736323
 3029.007080    1.638080
 3029.703860    1.544202
 3030.402590    1.454156
 3031.099850    1.368302
 3031.797120    1.286362
 3032.496090    1.208052
 3033.193600    1.133633
 3033.893310    1.062618
 3034.591060    0.995328
 3035.290770    0.931277
 3035.989010    0.870675
 3036.687740    0.813233
 3037.387700    0.758793
 3038.086670    0.707414
 3038.787350    0.658791
 3039.486080    0.613065
 3040.187260    0.569839
 3040.886470    0.529278
 3041.586180    0.491119
 3042.287350    0.455215
 3042.987550    0.421585
 3043.689210    0.390009
 3044.389160    0.360526
 3045.091060    0.332885
 3045.791750    0.307114
 3046.492430    0.283070
 3047.194820    0.260607
 3047.896000    0.239732
 3048.598880    0.220273
 3049.300050    0.202241
