 2653.384280    0.000000
 2653.996340    0.000000
 2654.606690    0.000000
 2655.217290    0.000000
 2655.829830    0.000000
 2656.440670    0.000000
 2657.053220    0.000000
 2657.664550    0.000000
 2658.277340    0.000000
 2658.888920    0.000000
 2659.500730    0.000000
 2660.114010    0.000000
 2660.725830    0.000000
 2661.339360    0.000000
 2661.951660    0.000000
 2662.565430    0.000000
 2663.177980    0.000000
 2663.790530    0.000000
 2664.404790    0.000000
 2665.017820    0.000000
 2665.632320    0.000000
 2666.245610    0.000000
 2666.860350    0.000000
 2667.473880    0.000000
 2668.089110    0.000000
 2668.702880    0.000000
 2669.316890    0.000000
 2669.932370    0.000000
 2670.546630    0.000000
 2671.162350    0.000000
 2671.776860    0.000000
 2672.393070    0.000000
 2673.007810    0.000000
 2673.622560    0.000000
 2674.239260    0.000000
 2674.854490    0.000000
 2675.471190    0.000000
 2676.086670    0.000000
 2676.703860    0.000000
 2677.319580    0.000000
 2677.935550    0.000000
 2678.552980    0.000000
 2679.169190    0.000000
 2679.786870    0.000000
 2680.403560    0.000000
 2681.021480    0.000000
 2681.638430    0.000000
 2682.255370    0.000000
 2682.873780    0.000000
 2683.490970    0.000000
 2684.109860    0.000000
 2684.727290    0.000000
 2685.346440    0.000000
 2685.964110    0.000000
 2686.582030    0.000000
 2687.201660    0.000000
 2687.819820    0.000000
 2688.439450    0.000000
 2689.057860    0.000000
 2689.677980    0.000000
 2690.296880    0.000000
 2690.915770    0.000000
 2691.536380    0.000000
 2692.155270    0.000000
 2692.776370    0.000000
 2693.395750    0.000000
 2694.016850    0.000000
 2694.636720    0.000000
 2695.256590    0.000000
 2695.877930    0.000000
 2696.498050    0.000000
 2697.119870    0.000000
 2697.740480    0.000000
 2698.362550    0.000000
 2698.983400    0.000000
 2699.604250    0.000000
 2700.226810    0.000000
 2700.847900    0.000000
 2701.470700    0.000000
 2702.092040    0.000000
 2702.715330    0.000000
 2703.337160    0.000000
 2703.958980    0.000000
 2704.582520    0.000000
 2705.204830    0.000000
 2705.828370    0.000000
 2706.450930    0.000000
 2707.074950    0.000000
 2707.697750    0.000000
 2708.320800    0.000000
 2708.945310    0.000000
 2709.568360    0.000000
 2710.193360    0.000000
 2710.816650    0.000000
 2711.441890    0.000000
 2712.065670    0.000000
 2712.689450    0.000000
 2713.314940    0.000000
 2713.939210    0.000000
 2714.565190    0.000000
 2715.189450    0.000000
 2715.815670    0.000000
 2716.440430    0.000000
 2717.066890    0.000000
 2717.691890    0.000000
 2718.317140    0.000000
 2718.943850    0.000000
 2719.569340    0.000000
 2720.196530    0.000000
 2720.822270    0.000000
 2721.449710    0.000000
 2722.075680    0.000000
 2722.702150    0.000000
 2723.329830    0.000000
 2723.956300    0.000000
 2724.584470    0.000000
 2725.211430    0.000000
 2725.839600    0.000000
 2726.466800    0.000000
 2727.093990    0.000000
 2727.722900    0.000001
 2728.350340    0.000001
 2728.979490    0.000001
 2729.607420    0.000001
 2730.236820    0.000001
 2730.864750    0.000001
 2731.493160    0.000001
 2732.122800    0.000002
 2732.751460    0.000002
 2733.381590    0.000002
 2734.010500    0.000003
 2734.640870    0.000003
 2735.270020    0.000004
 2735.899410    0.000004
 2736.530270    0.000005
 2737.159670    0.000005
 2737.790770    0.000006
 2738.420650    0.000007
 2739.052250    0.000008
 2739.682370    0.000010
 2740.312500    0.000010
 2740.944340    0.000012
 2741.575200    0.000013
 2742.207280    0.000016
 2742.838130    0.000018
 2743.470460    0.000021
 2744.101560    0.000024
 2744.732910    0.000027
 2745.365970    0.000031
 2745.997310    0.000035
 2746.630860    0.000040
 2747.262700    0.000046
 2747.896000    0.000051
 2748.528080    0.000059
 2749.160640    0.000067
 2749.794430    0.000076
 2750.427000    0.000086
 2751.061280    0.000097
 2751.694090    0.000110
 2752.328610    0.000124
 2752.961910    0.000140
 2753.595210    0.000158
 2754.230220    0.000177
 2754.863770    0.000200
 2755.499020    0.000225
 2756.132810    0.000253
 2756.768550    0.000283
 2757.402590    0.000318
 2758.036870    0.000356
 2758.673100    0.000399
 2759.307620    0.000445
 2759.943850    0.000498
 2760.578860    0.000555
 2761.215330    0.000619
 2761.850590    0.000690
 2762.487550    0.000768
 2763.123050    0.000854
 2763.758790    0.000948
 2764.396000    0.001053
 2765.031980    0.001167
 2765.669430    0.001294
 2766.305910    0.001432
 2766.943600    0.001585
 2767.580320    0.001752
 2768.216800    0.001934
 2768.855220    0.002134
 2769.492190    0.002353
 2770.130860    0.002591
 2770.768070    0.002851
 2771.407230    0.003137
 2772.044680    0.003447
 2772.682130    0.003783
 2773.321780    0.004151
 2773.959720    0.004550
 2774.599370    0.004984
 2775.237550    0.005455
 2775.877690    0.005966
 2776.516360    0.006520
 2777.155030    0.007120
 2777.795170    0.007771
 2778.434330    0.008472
 2779.074950    0.009234
 2779.714360    0.010055
 2780.355470    0.010943
 2780.995120    0.011901
 2781.634770    0.012934
 2782.276120    0.014050
 2782.916260    0.015249
 2783.558110    0.016545
 2784.198490    0.017938
 2784.840330    0.019440
 2785.480960    0.021051
 2786.121830    0.022786
 2786.764400    0.024655
 2787.405270    0.026659
 2788.048100    0.028819
 2788.689450    0.031133
 2789.332520    0.033625
 2789.974370    0.036295
 2790.615970    0.039160
 2791.259770    0.042245
 2791.901610    0.045546
 2792.545410    0.049098
 2793.187990    0.052903
 2793.832030    0.056993
 2794.474850    0.061374
 2795.117680    0.066072
 2795.762210    0.071126
 2796.405520    0.076536
 2797.050290    0.082352
 2797.693600    0.088576
 2798.338870    0.095273
 2798.982420    0.102438
 2799.626460    0.110127
 2800.272220    0.118398
 2800.916260    0.127245
 2801.562260    0.136765
 2802.206790    0.146951
 2802.852780    0.157902
 2803.497560    0.169624
 2804.142580    0.182199
 2804.789310    0.195722
 2805.434330    0.210182
 2806.081300    0.225733
 2806.726810    0.242367
 2807.374020    0.260242
 2808.020020    0.279362
 2808.666020    0.299847
 2809.313480    0.321840
 2809.959960    0.345357
 2810.607910    0.370592
 2811.254390    0.397540
 2811.902830    0.426459
 2812.549560    0.457309
 2813.198240    0.490390
 2813.845210    0.525650
 2814.492680    0.563339
 2815.141600    0.603672
 2815.789310    0.646631
 2816.438720    0.692573
 2817.086430    0.741417
 2817.736080    0.793612
 2818.384520    0.849082
 2819.032710    0.908078
 2819.682620    0.970978
 2820.331300    1.037692
 2820.981930    1.108749
 2821.630620    1.183925
 2822.281490    1.263905
 2822.930660    1.348423
 2823.580080    1.437928
 2824.231200    1.532859
 2824.880860    1.632970
 2825.532230    1.738969
 2826.182370    1.850603
 2826.833980    1.968554
 2827.484380    2.092551
 2828.134770    2.223022
 2828.786870    2.360545
 2829.437740    2.504713
 2830.090090    2.656323
 2830.741210    2.814947
 2831.394040    2.981492
 2832.045410    3.155323
 2832.697020    3.337040
 2833.350100    3.527165
 2834.001950    3.725059
 2834.655520    3.931742
 2835.307620    4.146322
 2835.961180    4.369853
 2836.613770    4.601577
 2837.266360    4.841872
 2837.920410    5.091331
 2838.573490    5.349038
 2839.228030    5.615943
 2839.881100    5.890803
 2840.535890    6.174885
 2841.189450    6.466822
 2841.843020    6.767001
 2842.498540    7.076195
 2843.152340    7.392482
 2843.807860    7.717287
 2844.462160    8.048905
 2845.118160    8.388535
 2845.772710    8.734206
 2846.427250    9.086304
 2847.083740    9.445510
 2847.738770    9.809526
 2848.395260    10.179512
 2849.050540    10.553454
 2849.707760    10.932635
 2850.363280    11.314375
 2851.018800    11.699058
 2851.676270    12.087208
 2852.332280    12.476152
 2852.989990    12.867085
 2853.646480    13.257553
 2854.304440    13.648412
 2854.960940    14.037158
 2855.617920    14.424180
 2856.276370    14.809241
 2856.933350    15.189818
 2857.592290    15.567063
 2858.249760    15.938178
 2858.908940    16.304115
 2859.566650    16.662268
 2860.224370    17.012615
 2860.883790    17.355202
 2861.541750    17.687546
 2862.201900    18.010660
 2862.860350    18.321817
 2863.520510    18.621840
 2864.179200    18.908520
 2864.839840    19.182583
 2865.498780    19.441790
 2866.157960    19.686275
 2866.818850    19.915865
 2867.478520    20.128920
 2868.139650    20.325718
 2868.799320    20.504866
 2869.460940    20.666786
 2870.121090    20.810192
 2870.781490    20.935120
 2871.443360    21.041397
 2872.103760    21.128271
 2872.766360    21.195972
 2873.427000    21.243896
 2874.089600    21.272219
 2874.750730    21.280722
 2875.412110    21.269486
 2876.075440    21.238449
 2876.736820    21.187914
 2877.400390    21.117737
 2878.062260    21.028547
 2878.725830    20.920172
 2879.388180    20.793417
 2880.050540    20.648497
 2880.714600    20.485418
 2881.377440    20.305378
 2882.041750    20.108177
 2882.704830    19.895195
 2883.369380    19.666183
 2884.032960    19.422632
 2884.696530    19.164915
 2885.361330    18.893250
 2886.025390    18.609173
 2886.690920    18.312508
 2887.354980    18.005365
 2888.020510    17.687206
 2888.685060    17.360022
 2889.349610    17.024193
 2890.015870    16.679674
 2890.680910    16.328821
 2891.347410    15.971066
 2892.012700    15.608693
 2892.679200    15.241212
 2893.344970    14.870525
 2894.010500    14.497177
 2894.677730    14.120866
 2895.343510    13.744154
 2896.011470    13.365727
 2896.677490    12.988666
 2897.345460    12.611465
 2898.011960    12.236736
 2898.678960    11.864017
 2899.347170    11.493528
 2900.014160    11.127199
 2900.682860    10.763976
 2901.350100    10.406095
 2902.019530    10.052076
 2902.687010    9.704561
 2903.354740    9.362784
 2904.024410    9.026270
 2904.692380    8.697191
 2905.361820    8.374278
 2906.030520    8.058860
 2906.700680    7.750140
 2907.369140    7.449764
 2908.038090    7.156885
 2908.708500    6.871235
 2909.377930    6.593960
 2910.048830    6.324123
 2910.718260    6.062942
 2911.389650    5.809104
 2912.059330    5.563988
 2912.729250    5.326816
 2913.400630    5.097126
 2914.070800    4.875769
 2914.742920    4.661611
 2915.413570    4.455637
 2916.085690    4.256820
 2916.756590    4.065817
 2917.429200    3.881648
 2918.100340    3.705025
 2918.771730    3.535303
 2919.444580    3.372021
 2920.116210    3.215648
 2920.789550    3.065317
 2921.461670    2.921494
 2922.135500    2.783360
 2922.807370    2.651464
 2923.479740    2.525109
 2924.154050    2.403849
 2924.826660    2.288150
 2925.500980    2.177226
 2926.174070    2.071372
 2926.848880    1.969940
 2927.522220    1.873226
 2928.195800    1.780790
 2928.870850    1.692303
 2929.544920    1.607916
 2930.220460    1.527163
 2930.894530    1.450229
 2931.570310    1.376599
 2932.244630    1.306472
 2932.919190    1.239513
 2933.595700    1.175432
 2934.270260    1.114466
 2934.947270    1.056089
 2935.622310    1.000565
 2936.299070    0.947471
 2936.974850    0.896912
 2937.650390    0.848719
 2938.327880    0.802644
 2939.003660    0.758839
 2939.681400    0.716975
 2940.357670    0.677178
 2941.035640    0.639179
 2941.712160    0.603075
 2942.389160    0.568682
 2943.067630    0.535884
 2943.744630    0.504753
 2944.423580    0.475068
 2945.100830    0.446926
 2945.780030    0.420113
 2946.457760    0.394707
 2947.135500    0.370594
 2947.815190    0.347654
 2948.493410    0.325953
 2949.173100    0.305347
 2949.851560    0.285871
 2950.531980    0.267387
 2951.210450    0.249958
 2951.889650    0.233468
 2952.570070    0.217868
 2953.249270    0.203175
 2953.930660    0.189275
 2954.610110    0.176216
 2955.291500    0.163888
 2955.971190    0.152322
 2956.651120    0.141446
 2957.333010    0.131205
 2958.013180    0.121620
 2958.695560    0.112609
 2959.376220    0.104191
 2960.058350    0.096298
 2960.739500    0.088931
 2961.420410    0.082055
 2962.103520    0.075620
 2962.784910    0.069637
 2963.468020    0.064054
 2964.149900    0.058870
 2964.833500    0.054043
 2965.515380    0.049574
 2966.197750    0.045426
 2966.881590    0.041577
 2967.564210    0.038023
 2968.248540    0.034730
 2968.931150    0.031697
 2969.615720    0.028893
 2970.299070    0.026315
 2970.984130    0.023936
 2971.667480    0.021755
 2972.351070    0.019752
 2973.036620    0.017911
 2973.720700    0.016227
 2974.406250    0.014684
 2975.090580    0.013275
 2975.776610    0.011987
 2976.461180    0.010814
 2977.146000    0.009746
 2977.832280    0.008771
 2978.517580    0.007887
 2979.204350    0.007083
 2979.889650    0.006356
 2980.576660    0.005695
 2981.262210    0.005099
 2981.948240    0.004560
 2982.635990    0.004073
 2983.322020    0.003635
 2984.010010    0.003240
 2984.696530    0.002885
 2985.384770    0.002565
 2986.071530    0.002279
 2986.758540    0.002023
 2987.447270    0.001793
 2988.134770    0.001587
 2988.823490    0.001404
 2989.510990    0.001240
 2990.200440    0.001094
 2990.888180    0.000964
 2991.576170    0.000850
 2992.266360    0.000747
 2992.954830    0.000656
 2993.644780    0.000576
 2994.333500    0.000504
 2995.023930    0.000442
 2995.713130    0.000386
 2996.402100    0.000338
 2997.093020    0.000295
 2997.782710    0.000257
 2998.473880    0.000223
 2999.163570    0.000195
 2999.855470    0.000169
 3000.545410    0.000146
 3001.235600    0.000127
 3001.927730    0.000110
 3002.618410    0.000095
 3003.310550    0.000082
 3004.001710    0.000071
 3004.694340    0.000061
 3005.385740    0.000052
 3006.076900    0.000045
 3006.770020    0.000039
 3007.461670    0.000033
 3008.155270    0.000029
 3008.847410    0.000025
 3009.541260    0.000021
 3010.233400    0.000018
 3010.926270    0.000015
 3011.620360    0.000013
 3012.313230    0.000010
 3013.007810    0.000010
 3013.700930    0.000008
 3014.395750    0.000007
 3015.089360    0.000006
 3015.783200    0.000005
 3016.478270    0.000004
 3017.172610    0.000004
 3017.868160    0.000003
 3018.562260    0.000003
 3019.258540    0.000002
 3019.952880    0.000002
 3020.647950    0.000002
 3021.344480    0.000001
 3022.039310    0.000001
 3022.736330    0.000001
 3023.431640    0.000001
 3024.128660    0.000001
 3024.824460    0.000001
 3025.522220    0.000000
 3026.218020    0.000000
 3026.914310    0.000000
 3027.612300    0.000000
 3028.308840    0.000000
 3029.007080    0.000000
 3029.703860    0.000000
 3030.402590    0.000000
 3031.099850    0.000000
 3031.797120    0.000000
 3032.496090    0.000000
 3033.193600    0.000000
 3033.893310    0.000000
 3034.591060    0.000000
 3035.290770    0.000000
 3035.989010    0.000000
 3036.687740    0.000000
 3037.387700    0.000000
 3038.086670    0.000000
 3038.787350    0.000000
 3039.486080    0.000000
 3040.187260    0.000000
 3040.886470    0.000000
 3041.586180    0.000000
 3042.287350    0.000000
 3042.987550    0.000000
 3043.689210    0.000000
 3044.389160    0.000000
 3045.091060    0.000000
 3045.791750    0.000000
 3046.492430    0.000000
 3047.194820    0.000000
 3047.896000    0.000000
 3048.598880    0.000000
 3049.300050    0.000000
