 2653.384280    0.000488
 2653.996340    0.000573
 2654.606690    0.000671
 2655.217290    0.000786
 2655.829830    0.000918
 2656.440670    0.001072
 2657.053220    0.001250
 2657.664550    0.001456
 2658.277340    0.001694
 2658.888920    0.001967
 2659.500730    0.002282
 2660.114010    0.002645
 2660.725830    0.003059
 2661.339360    0.003536
 2661.951660    0.004082
 2662.565430    0.004705
 2663.177980    0.005417
 2663.790530    0.006227
 2664.404790    0.007153
 2665.017820    0.008202
 2665.632320    0.009396
 2666.245610    0.010746
 2666.860350    0.012279
 2667.473880    0.014008
 2668.089110    0.015965
 2668.702880    0.018165
 2669.316890    0.020643
 2669.932370    0.023436
 2670.546630    0.026564
 2671.162350    0.030078
 2671.776860    0.034004
 2672.393070    0.038405
 2673.007810    0.043306
 2673.622560    0.048769
 2674.239260    0.054868
 2674.854490    0.061629
 2675.471190    0.069153
 2676.086670    0.077474
 2676.703860    0.086707
 2677.319580    0.096888
 2677.935550    0.108124
 2678.552980    0.120534
 2679.169190    0.134162
 2679.786870    0.149170
 2680.403560    0.165607
 2681.021480    0.183650
 2681.638430    0.203354
 2682.255370    0.224873
 2682.873780    0.248395
 2683.490970    0.273959
 2684.109860    0.301831
 2684.727290    0.332021
 2685.346440    0.364837
 2685.964110    0.400272
 2686.582030    0.438580
 2687.201660    0.480031
 2687.819820    0.524585
 2688.439450    0.572627
 2689.057860    0.624125
 2689.677980    0.679502
 2690.296880    0.738680
 2690.915770    0.801935
 2691.536380    0.869636
 2692.155270    0.941576
 2692.776370    1.018385
 2693.395750    1.099742
 2694.016850    1.186253
 2694.636720    1.277658
 2695.256590    1.374260
 2695.877930    1.476427
 2696.498050    1.583835
 2697.119870    1.697090
 2697.740480    1.815750
 2698.362550    1.940392
 2698.983400    2.070524
 2699.604250    2.206408
 2700.226810    2.348441
 2700.847900    2.495877
 2701.470700    2.649423
 2702.092040    2.808223
 2702.715330    2.973050
 2703.337160    3.142873
 2703.958980    3.317907
 2704.582520    3.498459
 2705.204830    3.683457
 2705.828370    3.873366
 2706.450930    4.067225
 2707.074950    4.265473
 2707.697750    4.466899
 2708.320800    4.671578
 2708.945310    4.879499
 2709.568360    5.089234
 2710.193360    5.301449
 2710.816650    5.514390
 2711.441890    5.728769
 2712.065670    5.942850
 2712.689450    6.156549
 2713.314940    6.369843
 2713.939210    6.581106
 2714.565190    6.790684
 2715.189450    6.996784
 2715.815670    7.199949
 2716.440430    7.398402
 2717.066890    7.592478
 2717.691890    7.780528
 2718.317140    7.962422
 2718.943850    8.137838
 2719.569340    8.305388
 2720.196530    8.465221
 2720.822270    8.615930
 2721.449710    8.757698
 2722.075680    8.889256
 2722.702150    9.010529
 2723.329830    9.121135
 2723.956300    9.220206
 2724.584470    9.307795
 2725.211430    9.383125
 2725.839600    9.446183
 2726.466800    9.496487
 2727.093990    9.533935
 2727.722900    9.558422
 2728.350340    9.569719
 2728.979490    9.567826
 2729.607420    9.552745
 2730.236820    9.524467
 2730.864750    9.483240
 2731.493160    9.429135
 2732.122800    9.362261
 2732.751460    9.283116
 2733.381590    9.191704
 2734.010500    9.088776
 2734.640870    8.974301
 2735.270020    8.849218
 2735.899410    8.713756
 2736.530270    8.568141
 2737.159670    8.413613
 2737.790770    8.249984
 2738.420650    8.078617
 2739.052250    7.899350
 2739.682370    7.713733
 2740.312500    7.522027
 2740.944340    7.324367
 2741.575200    7.122271
 2742.207280    6.915716
 2742.838130    6.706186
 2743.470460    6.493466
 2744.101560    6.279125
 2744.732910    6.063327
 2745.365970    5.846203
 2745.997310    5.629548
 2746.630860    5.412621
 2747.262700    5.197335
 2747.896000    4.983157
 2748.528080    4.771516
 2749.160640    4.562325
 2749.794430    4.355813
 2750.427000    4.153198
 2751.061280    3.953940
 2751.694090    3.759397
 2752.328610    3.568917
 2752.961910    3.383674
 2753.595210    3.203551
 2754.230220    3.028302
 2754.863770    2.858992
 2755.499020    2.694929
 2756.132810    2.537057
 2756.768550    2.384623
 2757.402590    2.238567
 2758.036870    2.098454
 2758.673100    1.963943
 2759.307620    1.835792
 2759.943850    1.713268
 2760.578860    1.596880
 2761.215330    1.486054
 2761.850590    1.381161
 2762.487550    1.281604
 2763.123050    1.187750
 2763.758790    1.099185
 2764.396000    1.015605
 2765.031980    0.937200
 2765.669430    0.863465
 2766.305910    0.794512
 2766.943600    0.729918
 2767.580320    0.669721
 2768.216800    0.613648
 2768.855220    0.561335
 2769.492190    0.512871
 2770.130860    0.467829
 2770.768070    0.426248
 2771.407230    0.387724
 2772.044680    0.352300
 2772.682130    0.319693
 2773.321780    0.289635
 2773.959720    0.262148
 2774.599370    0.236926
 2775.237550    0.213943
 2775.877690    0.192935
 2776.516360    0.173876
 2777.155030    0.156587
 2777.795170    0.140910
 2778.434330    0.126793
 2779.074950    0.114075
 2779.714360    0.102709
 2780.355470    0.092552
 2780.995120    0.083572
 2781.634770    0.075666
 2782.276120    0.068749
 2782.916260    0.062793
 2783.558110    0.057715
 2784.198490    0.053498
 2784.840330    0.050082
 2785.480960    0.047452
 2786.121830    0.045576
 2786.764400    0.044439
 2787.405270    0.044040
 2788.048100    0.044377
 2788.689450    0.045458
 2789.332520    0.047306
 2789.974370    0.049938
 2790.615970    0.053391
 2791.259770    0.057723
 2791.901610    0.062960
 2792.545410    0.069196
 2793.187990    0.076472
 2793.832030    0.084905
 2794.474850    0.094550
 2795.117680    0.105527
 2795.762210    0.117986
 2796.405520    0.132000
 2797.050290    0.147770
 2797.693600    0.165377
 2798.338870    0.185084
 2798.982420    0.206964
 2799.626460    0.231278
 2800.272220    0.258298
 2800.916260    0.288107
 2801.562260    0.321119
 2802.206790    0.357423
 2802.852780    0.397458
 2803.497560    0.441355
 2804.142580    0.489511
 2804.789310    0.542382
 2805.434330    0.600034
 2806.081300    0.663156
 2806.726810    0.731798
 2807.374020    0.806695
 2808.020020    0.887924
 2808.666020    0.976044
 2809.313480    1.071712
 2809.959960    1.175032
 2810.607910    1.286861
 2811.254390    1.407167
 2811.902830    1.537079
 2812.549560    1.676352
 2813.198240    1.826273
 2813.845210    1.986494
 2814.492680    2.158019
 2815.141600    2.341646
 2815.789310    2.537103
 2816.438720    2.745759
 2817.086430    2.966973
 2817.736080    3.202445
 2818.384520    3.451465
 2819.032710    3.714751
 2819.682620    3.993511
 2820.331300    4.286833
 2820.981930    4.596468
 2821.630620    4.920807
 2822.281490    5.262131
 2822.930660    5.618560
 2823.580080    5.991201
 2824.231200    6.380997
 2824.880860    6.786021
 2825.532230    7.208156
 2826.182370    7.645342
 2826.833980    8.099134
 2827.484380    8.567339
 2828.134770    9.050365
 2828.786870    9.549035
 2829.437740    10.060530
 2830.090090    10.586277
 2830.741210    11.123343
 2831.394040    11.673286
 2832.045410    12.232478
 2832.697020    12.801305
 2833.350100    13.379725
 2834.001950    13.964132
 2834.655520    14.555845
 2835.307620    15.150596
 2835.961180    15.749578
 2836.613770    16.349012
 2837.266360    16.948181
 2837.920410    17.546753
 2838.573490    18.140762
 2839.228030    18.730650
 2839.881100    19.311968
 2840.535890    19.885691
 2841.189450    20.447388
 2841.843020    20.996269
 2842.498540    21.532049
 2843.152340    22.049871
 2843.807860    22.550606
 2844.462160    23.030189
 2845.118160    23.488983
 2845.772710    23.923050
 2846.427250    24.331806
 2847.083740    24.714787
 2847.738770    25.068489
 2848.395260    25.393105
 2849.050540    25.686005
 2849.707760    25.947386
 2850.363280    26.174726
 2851.018800    26.367826
 2851.676270    26.526319
 2852.332280    26.648699
 2852.989990    26.735027
 2853.646480    26.784527
 2854.304440    26.797175
 2854.960940    26.772862
 2855.617920    26.711699
 2856.276370    26.613684
 2856.933350    26.479656
 2857.592290    26.309433
 2858.249760    26.104557
 2858.908940    25.864857
 2859.566650    25.592442
 2860.224370    25.287916
 2860.883790    24.951584
 2861.541750    24.586386
 2862.201900    24.191683
 2862.860350    23.771315
 2863.520510    23.324726
 2864.179200    22.855743
 2864.839840    22.363676
 2865.498780    21.853054
 2866.157960    21.324286
 2866.818850    20.778004
 2867.478520    20.218527
 2868.139650    19.645496
 2868.799320    19.063364
 2869.460940    18.471018
 2870.121090    17.873392
 2870.781490    17.270809
 2871.443360    16.663956
 2872.103760    16.057280
 2872.766360    15.449128
 2873.427000    14.844952
 2874.089600    14.242756
 2874.750730    13.647141
 2875.412110    13.057968
 2876.075440    12.475075
 2876.736820    11.903131
 2877.400390    11.339697
 2878.062260    10.789148
 2878.725830    10.249598
 2879.388180    9.724294
 2880.050540    9.212986
 2880.714600    8.715074
 2881.377440    8.233334
 2882.041750    7.766301
 2882.704830    7.316247
 2883.369380    6.881658
 2884.032960    6.464358
 2884.696530    6.063825
 2885.361330    5.679419
 2886.025390    5.312271
 2886.690920    4.961106
 2887.354980    4.627320
 2888.020510    4.309232
 2888.685060    4.007764
 2889.349610    3.722130
 2890.015870    3.451304
 2890.680910    3.196101
 2891.347410    2.955075
 2892.012700    2.728753
 2892.679200    2.515825
 2893.344970    2.316434
 2894.010500    2.129892
 2894.677730    1.955171
 2895.343510    1.792577
 2896.011470    1.640696
 2896.677490    1.499942
 2897.345460    1.368952
 2898.011960    1.247876
 2898.678960    1.135818
 2899.347170    1.032170
 2900.014160    0.936812
 2900.682860    0.848840
 2901.350100    0.768200
 2902.019530    0.694000
 2902.687010    0.626259
 2903.354740    0.564304
 2904.024410    0.507597
 2904.692380    0.456060
 2905.361820    0.409074
 2906.030520    0.366448
 2906.700680    0.327715
 2907.369140    0.292740
 2908.038090    0.261103
 2908.708500    0.232492
 2909.377930    0.206756
 2910.048830    0.183558
 2910.718260    0.162770
 2911.389650    0.144079
 2912.059330    0.127392
 2912.729250    0.112470
 2913.400630    0.099126
 2914.070800    0.087260
 2914.742920    0.076676
 2915.413570    0.067297
 2916.085690    0.058964
 2916.756590    0.051600
 2917.429200    0.045076
 2918.100340    0.039331
 2918.771730    0.034268
 2919.444580    0.029804
 2920.116210    0.025891
 2920.789550    0.022451
 2921.461670    0.019445
 2922.135500    0.016811
 2922.807370    0.014520
 2923.479740    0.012521
 2924.154050    0.010777
 2924.826660    0.009265
 2925.500980    0.007952
 2926.174070    0.006816
 2926.848880    0.005832
 2927.522220    0.004984
 2928.195800    0.004253
 2928.870850    0.003623
 2929.544920    0.003083
 2930.220460    0.002618
 2930.894530    0.002221
 2931.570310    0.001881
 2932.244630    0.001591
 2932.919190    0.001344
 2933.595700    0.001132
 2934.270260    0.000954
 2934.947270    0.000801
 2935.622310    0.000672
 2936.299070    0.000564
 2936.974850    0.000472
 2937.650390    0.000394
 2938.327880    0.000329
 2939.003660    0.000274
 2939.681400    0.000228
 2940.357670    0.000190
 2941.035640    0.000157
 2941.712160    0.000130
 2942.389160    0.000108
 2943.067630    0.000089
 2943.744630    0.000073
 2944.423580    0.000060
 2945.100830    0.000050
 2945.780030    0.000041
 2946.457760    0.000033
 2947.135500    0.000028
 2947.815190    0.000022
 2948.493410    0.000018
 2949.173100    0.000014
 2949.851560    0.000012
 2950.531980    0.000010
 2951.210450    0.000008
 2951.889650    0.000007
 2952.570070    0.000005
 2953.249270    0.000004
 2953.930660    0.000004
 2954.610110    0.000003
 2955.291500    0.000002
 2955.971190    0.000002
 2956.651120    0.000001
 2957.333010    0.000001
 2958.013180    0.000001
 2958.695560    0.000001
 2959.376220    0.000001
 2960.058350    0.000000
 2960.739500    0.000000
 2961.420410    0.000000
 2962.103520    0.000000
 2962.784910    0.000000
 2963.468020    0.000000
 2964.149900    0.000000
 2964.833500    0.000000
 2965.515380    0.000000
 2966.197750    0.000000
 2966.881590    0.000000
 2967.564210    0.000000
 2968.248540    0.000000
 2968.931150    0.000000
 2969.615720    0.000000
 2970.299070    0.000000
 2970.984130    0.000000
 2971.667480    0.000000
 2972.351070    0.000000
 2973.036620    0.000000
 2973.720700    0.000000
 2974.406250    0.000000
 2975.090580    0.000000
 2975.776610    0.000000
 2976.461180    0.000000
 2977.146000    0.000000
 2977.832280    0.000000
 2978.517580    0.000000
 2979.204350    0.000000
 2979.889650    0.000000
 2980.576660    0.000000
 2981.262210    0.000000
 2981.948240    0.000000
 2982.635990    0.000000
 2983.322020    0.000000
 2984.010010    0.000000
 2984.696530    0.000000
 2985.384770    0.000000
 2986.071530    0.000000
 2986.758540    0.000000
 2987.447270    0.000000
 2988.134770    0.000000
 2988.823490    0.000000
 2989.510990    0.000000
 2990.200440    0.000000
 2990.888180    0.000000
 2991.576170    0.000000
 2992.266360    0.000000
 2992.954830    0.000000
 2993.644780    0.000000
 2994.333500    0.000000
 2995.023930    0.000000
 2995.713130    0.000000
 2996.402100    0.000000
 2997.093020    0.000000
 2997.782710    0.000000
 2998.473880    0.000000
 2999.163570    0.000000
 2999.855470    0.000000
 3000.545410    0.000000
 3001.235600    0.000000
 3001.927730    0.000000
 3002.618410    0.000000
 3003.310550    0.000000
 3004.001710    0.000000
 3004.694340    0.000000
 3005.385740    0.000000
 3006.076900    0.000000
 3006.770020    0.000000
 3007.461670    0.000000
 3008.155270    0.000000
 3008.847410    0.000000
 3009.541260    0.000000
 3010.233400    0.000000
 3010.926270    0.000000
 3011.620360    0.000000
 3012.313230    0.000000
 3013.007810    0.000000
 3013.700930    0.000000
 3014.395750    0.000000
 3015.089360    0.000000
 3015.783200    0.000000
 3016.478270    0.000000
 3017.172610    0.000000
 3017.868160    0.000000
 3018.562260    0.000000
 3019.258540    0.000000
 3019.952880    0.000000
 3020.647950    0.000000
 3021.344480    0.000000
 3022.039310    0.000000
 3022.736330    0.000000
 3023.431640    0.000000
 3024.128660    0.000000
 3024.824460    0.000000
 3025.522220    0.000000
 3026.218020    0.000000
 3026.914310    0.000000
 3027.612300    0.000000
 3028.308840    0.000000
 3029.007080    0.000000
 3029.703860    0.000000
 3030.402590    0.000000
 3031.099850    0.000000
 3031.797120    0.000000
 3032.496090    0.000000
 3033.193600    0.000000
 3033.893310    0.000000
 3034.591060    0.000000
 3035.290770    0.000000
 3035.989010    0.000000
 3036.687740    0.000000
 3037.387700    0.000000
 3038.086670    0.000000
 3038.787350    0.000000
 3039.486080    0.000000
 3040.187260    0.000000
 3040.886470    0.000000
 3041.586180    0.000000
 3042.287350    0.000000
 3042.987550    0.000000
 3043.689210    0.000000
 3044.389160    0.000000
 3045.091060    0.000000
 3045.791750    0.000000
 3046.492430    0.000000
 3047.194820    0.000000
 3047.896000    0.000000
 3048.598880    0.000000
 3049.300050    0.000000
