 2653.384280    0.000146
 2653.996340    0.000163
 2654.606690    0.000183
 2655.217290    0.000204
 2655.829830    0.000229
 2656.440670    0.000255
 2657.053220    0.000284
 2657.664550    0.000317
 2658.277340    0.000352
 2658.888920    0.000391
 2659.500730    0.000433
 2660.114010    0.000480
 2660.725830    0.000531
 2661.339360    0.000587
 2661.951660    0.000648
 2662.565430    0.000713
 2663.177980    0.000786
 2663.790530    0.000864
 2664.404790    0.000949
 2665.017820    0.001040
 2665.632320    0.001141
 2666.245610    0.001248
 2666.860350    0.001365
 2667.473880    0.001490
 2668.089110    0.001625
 2668.702880    0.001770
 2669.316890    0.001926
 2669.932370    0.002094
 2670.546630    0.002275
 2671.162350    0.002467
 2671.776860    0.002674
 2672.393070    0.002895
 2673.007810    0.003131
 2673.622560    0.003383
 2674.239260    0.003653
 2674.854490    0.003939
 2675.471190    0.004246
 2676.086670    0.004571
 2676.703860    0.004919
 2677.319580    0.005288
 2677.935550    0.005682
 2678.552980    0.006102
 2679.169190    0.006548
 2679.786870    0.007024
 2680.403560    0.007530
 2681.021480    0.008071
 2681.638430    0.008646
 2682.255370    0.009259
 2682.873780    0.009916
 2683.490970    0.010616
 2684.109860    0.011367
 2684.727290    0.012170
 2685.346440    0.013033
 2685.964110    0.013957
 2686.582030    0.014952
 2687.201660    0.016026
 2687.819820    0.017180
 2688.439450    0.018432
 2689.057860    0.019782
 2689.677980    0.021250
 2690.296880    0.022840
 2690.915770    0.024570
 2691.536380    0.026457
 2692.155270    0.028510
 2692.776370    0.030760
 2693.395750    0.033213
 2694.016850    0.035905
 2694.636720    0.038850
 2695.256590    0.042081
 2695.877930    0.045636
 2696.498050    0.049535
 2697.119870    0.053834
 2697.740480    0.058555
 2698.362550    0.063762
 2698.983400    0.069484
 2699.604250    0.075784
 2700.226810    0.082740
 2700.847900    0.090382
 2701.470700    0.098820
 2702.092040    0.108087
 2702.715330    0.118317
 2703.337160    0.129545
 2703.958980    0.141891
 2704.582520    0.155497
 2705.204830    0.170413
 2705.828370    0.186819
 2706.450930    0.204786
 2707.074950    0.224528
 2707.697750    0.246109
 2708.320800    0.269733
 2708.945310    0.295625
 2709.568360    0.323842
 2710.193360    0.354734
 2710.816650    0.388324
 2711.441890    0.425024
 2712.065670    0.464863
 2712.689450    0.508161
 2713.314940    0.555299
 2713.939210    0.606321
 2714.565190    0.661748
 2715.189450    0.721560
 2715.815670    0.786406
 2716.440430    0.856245
 2717.066890    0.931756
 2717.691890    1.012884
 2718.317140    1.100172
 2718.943850    1.194161
 2719.569340    1.294806
 2720.196530    1.402945
 2720.822270    1.518400
 2721.449710    1.642132
 2722.075680    1.773888
 2722.702150    1.914431
 2723.329830    2.064332
 2723.956300    2.223375
 2724.584470    2.392676
 2725.211430    2.571812
 2725.839600    2.761824
 2726.466800    2.962383
 2727.093990    3.174091
 2727.722900    3.397871
 2728.350340    3.632872
 2728.979490    3.880543
 2729.607420    4.139970
 2730.236820    4.412462
 2730.864750    4.696913
 2731.493160    4.994299
 2732.122800    5.305104
 2732.751460    5.628290
 2733.381590    5.965120
 2734.010500    6.314112
 2734.640870    6.676655
 2735.270020    7.051050
 2735.899410    7.437920
 2736.530270    7.837786
 2737.159670    8.248449
 2737.790770    8.671583
 2738.420650    9.104766
 2739.052250    9.549488
 2739.682370    10.002918
 2740.312500    10.465406
 2740.944340    10.937507
 2741.575200    11.416420
 2742.207280    11.902948
 2742.838130    12.394274
 2743.470460    12.891492
 2744.101560    13.391437
 2744.732910    13.894143
 2745.365970    14.399614
 2745.997310    14.903901
 2746.630860    15.408852
 2747.262700    15.910038
 2747.896000    16.408632
 2748.528080    16.901136
 2749.160640    17.387493
 2749.794430    17.866814
 2750.427000    18.335817
 2751.061280    18.795223
 2751.694090    19.241289
 2752.328610    19.674816
 2752.961910    20.092371
 2753.595210    20.493423
 2754.230220    20.877632
 2754.863770    21.241753
 2755.499020    21.586327
 2756.132810    21.908407
 2756.768550    22.208561
 2757.402590    22.483961
 2758.036870    22.734535
 2758.673100    22.959906
 2759.307620    23.157921
 2759.943850    23.328903
 2760.578860    23.471390
 2761.215330    23.585417
 2761.850590    23.670055
 2762.487550    23.725325
 2763.123050    23.750711
 2763.758790    23.746269
 2764.396000    23.711868
 2765.031980    23.647759
 2765.669430    23.553883
 2766.305910    23.430908
 2766.943600    23.278851
 2767.580320    23.098774
 2768.216800    22.891216
 2768.855220    22.656116
 2769.492190    22.395554
 2770.130860    22.109169
 2770.768070    21.799408
 2771.407230    21.465689
 2772.044680    21.111095
 2772.682130    20.736012
 2773.321780    20.340343
 2773.959720    19.927841
 2774.599370    19.497698
 2775.237550    19.053469
 2775.877690    18.594219
 2776.516360    18.123867
 2777.155030    17.642860
 2777.795170    17.151554
 2778.434330    16.653299
 2779.074950    16.147665
 2779.714360    15.638226
 2780.355470    15.124075
 2780.995120    14.609158
 2781.634770    14.093664
 2782.276120    13.577535
 2782.916260    13.064396
 2783.558110    12.553122
 2784.198490    12.047401
 2784.840330    11.546022
 2785.480960    11.052119
 2786.121830    10.565510
 2786.764400    10.086016
 2787.405270    9.617012
 2788.048100    9.156584
 2788.689450    8.707867
 2789.332520    8.269263
 2789.974370    7.843318
 2790.615970    7.429809
 2791.259770    7.027614
 2791.901610    6.639661
 2792.545410    6.263849
 2793.187990    5.902251
 2793.832030    5.553496
 2794.474850    5.219124
 2795.117680    4.898477
 2795.762210    4.590724
 2796.405520    4.297195
 2797.050290    4.016543
 2797.693600    3.749872
 2798.338870    3.495565
 2798.982420    3.254828
 2799.626460    3.026521
 2800.272220    2.809969
 2800.916260    2.605984
 2801.562260    2.413058
 2802.206790    2.231851
 2802.852780    2.061152
 2803.497560    1.901275
 2804.142580    1.751425
 2804.789310    1.610889
 2805.434330    1.479992
 2806.081300    1.357572
 2806.726810    1.243865
 2807.374020    1.137897
 2808.020020    1.039745
 2808.666020    0.948793
 2809.313480    0.864459
 2809.959960    0.786679
 2810.607910    0.714785
 2811.254390    0.648731
 2811.902830    0.587819
 2812.549560    0.532049
 2813.198240    0.480778
 2813.845210    0.433979
 2814.492680    0.391179
 2815.141600    0.352041
 2815.789310    0.316454
 2816.438720    0.284000
 2817.086430    0.254602
 2817.736080    0.227863
 2818.384520    0.203699
 2819.032710    0.181858
 2819.682620    0.162090
 2820.331300    0.144306
 2820.981930    0.128253
 2821.630620    0.113871
 2822.281490    0.100923
 2822.930660    0.089354
 2823.580080    0.079000
 2824.231200    0.069726
 2824.880860    0.061475
 2825.532230    0.054108
 2826.182370    0.047570
 2826.833980    0.041752
 2827.484380    0.036605
 2828.134770    0.032047
 2828.786870    0.028009
 2829.437740    0.024452
 2830.090090    0.021312
 2830.741210    0.018553
 2831.394040    0.016123
 2832.045410    0.013997
 2832.697020    0.012134
 2833.350100    0.010500
 2834.001950    0.009076
 2834.655520    0.007832
 2835.307620    0.006751
 2835.961180    0.005809
 2836.613770    0.004992
 2837.266360    0.004285
 2837.920410    0.003672
 2838.573490    0.003142
 2839.228030    0.002685
 2839.881100    0.002291
 2840.535890    0.001951
 2841.189450    0.001660
 2841.843020    0.001410
 2842.498540    0.001197
 2843.152340    0.001014
 2843.807860    0.000857
 2844.462160    0.000725
 2845.118160    0.000610
 2845.772710    0.000515
 2846.427250    0.000433
 2847.083740    0.000363
 2847.738770    0.000305
 2848.395260    0.000256
 2849.050540    0.000214
 2849.707760    0.000178
 2850.363280    0.000149
 2851.018800    0.000124
 2851.676270    0.000103
 2852.332280    0.000085
 2852.989990    0.000071
 2853.646480    0.000058
 2854.304440    0.000049
 2854.960940    0.000040
 2855.617920    0.000032
 2856.276370    0.000027
 2856.933350    0.000022
 2857.592290    0.000018
 2858.249760    0.000015
 2858.908940    0.000012
 2859.566650    0.000010
 2860.224370    0.000009
 2860.883790    0.000007
 2861.541750    0.000006
 2862.201900    0.000005
 2862.860350    0.000004
 2863.520510    0.000003
 2864.179200    0.000002
 2864.839840    0.000002
 2865.498780    0.000002
 2866.157960    0.000001
 2866.818850    0.000001
 2867.478520    0.000001
 2868.139650    0.000001
 2868.799320    0.000001
 2869.460940    0.000000
 2870.121090    0.000000
 2870.781490    0.000000
 2871.443360    0.000000
 2872.103760    0.000000
 2872.766360    0.000000
 2873.427000    0.000000
 2874.089600    0.000000
 2874.750730    0.000000
 2875.412110    0.000000
 2876.075440    0.000000
 2876.736820    0.000000
 2877.400390    0.000000
 2878.062260    0.000000
 2878.725830    0.000000
 2879.388180    0.000000
 2880.050540    0.000000
 2880.714600    0.000000
 2881.377440    0.000000
 2882.041750    0.000000
 2882.704830    0.000000
 2883.369380    0.000000
 2884.032960    0.000000
 2884.696530    0.000000
 2885.361330    0.000000
 2886.025390    0.000000
 2886.690920    0.000000
 2887.354980    0.000000
 2888.020510    0.000000
 2888.685060    0.000000
 2889.349610    0.000000
 2890.015870    0.000000
 2890.680910    0.000000
 2891.347410    0.000000
 2892.012700    0.000000
 2892.679200    0.000000
 2893.344970    0.000000
 2894.010500    0.000000
 2894.677730    0.000000
 2895.343510    0.000000
 2896.011470    0.000000
 2896.677490    0.000000
 2897.345460    0.000000
 2898.011960    0.000000
 2898.678960    0.000000
 2899.347170    0.000000
 2900.014160    0.000000
 2900.682860    0.000000
 2901.350100    0.000000
 2902.019530    0.000000
 2902.687010    0.000000
 2903.354740    0.000000
 2904.024410    0.000000
 2904.692380    0.000000
 2905.361820    0.000000
 2906.030520    0.000000
 2906.700680    0.000000
 2907.369140    0.000000
 2908.038090    0.000000
 2908.708500    0.000000
 2909.377930    0.000000
 2910.048830    0.000000
 2910.718260    0.000000
 2911.389650    0.000000
 2912.059330    0.000000
 2912.729250    0.000000
 2913.400630    0.000000
 2914.070800    0.000000
 2914.742920    0.000000
 2915.413570    0.000000
 2916.085690    0.000000
 2916.756590    0.000000
 2917.429200    0.000000
 2918.100340    0.000000
 2918.771730    0.000000
 2919.444580    0.000000
 2920.116210    0.000000
 2920.789550    0.000000
 2921.461670    0.000000
 2922.135500    0.000000
 2922.807370    0.000000
 2923.479740    0.000000
 2924.154050    0.000000
 2924.826660    0.000000
 2925.500980    0.000000
 2926.174070    0.000000
 2926.848880    0.000000
 2927.522220    0.000000
 2928.195800    0.000000
 2928.870850    0.000000
 2929.544920    0.000000
 2930.220460    0.000000
 2930.894530    0.000000
 2931.570310    0.000000
 2932.244630    0.000000
 2932.919190    0.000000
 2933.595700    0.000000
 2934.270260    0.000000
 2934.947270    0.000000
 2935.622310    0.000000
 2936.299070    0.000000
 2936.974850    0.000000
 2937.650390    0.000000
 2938.327880    0.000000
 2939.003660    0.000000
 2939.681400    0.000000
 2940.357670    0.000000
 2941.035640    0.000000
 2941.712160    0.000000
 2942.389160    0.000000
 2943.067630    0.000000
 2943.744630    0.000000
 2944.423580    0.000000
 2945.100830    0.000000
 2945.780030    0.000000
 2946.457760    0.000000
 2947.135500    0.000000
 2947.815190    0.000000
 2948.493410    0.000000
 2949.173100    0.000000
 2949.851560    0.000000
 2950.531980    0.000000
 2951.210450    0.000000
 2951.889650    0.000000
 2952.570070    0.000000
 2953.249270    0.000000
 2953.930660    0.000000
 2954.610110    0.000000
 2955.291500    0.000000
 2955.971190    0.000000
 2956.651120    0.000000
 2957.333010    0.000000
 2958.013180    0.000000
 2958.695560    0.000000
 2959.376220    0.000000
 2960.058350    0.000000
 2960.739500    0.000000
 2961.420410    0.000000
 2962.103520    0.000000
 2962.784910    0.000000
 2963.468020    0.000000
 2964.149900    0.000000
 2964.833500    0.000000
 2965.515380    0.000000
 2966.197750    0.000000
 2966.881590    0.000000
 2967.564210    0.000000
 2968.248540    0.000000
 2968.931150    0.000000
 2969.615720    0.000000
 2970.299070    0.000000
 2970.984130    0.000000
 2971.667480    0.000000
 2972.351070    0.000000
 2973.036620    0.000000
 2973.720700    0.000000
 2974.406250    0.000000
 2975.090580    0.000000
 2975.776610    0.000000
 2976.461180    0.000000
 2977.146000    0.000000
 2977.832280    0.000000
 2978.517580    0.000000
 2979.204350    0.000000
 2979.889650    0.000000
 2980.576660    0.000000
 2981.262210    0.000000
 2981.948240    0.000000
 2982.635990    0.000000
 2983.322020    0.000000
 2984.010010    0.000000
 2984.696530    0.000000
 2985.384770    0.000000
 2986.071530    0.000000
 2986.758540    0.000000
 2987.447270    0.000000
 2988.134770    0.000000
 2988.823490    0.000000
 2989.510990    0.000000
 2990.200440    0.000000
 2990.888180    0.000000
 2991.576170    0.000000
 2992.266360    0.000000
 2992.954830    0.000000
 2993.644780    0.000000
 2994.333500    0.000000
 2995.023930    0.000000
 2995.713130    0.000000
 2996.402100    0.000000
 2997.093020    0.000000
 2997.782710    0.000000
 2998.473880    0.000000
 2999.163570    0.000000
 2999.855470    0.000000
 3000.545410    0.000000
 3001.235600    0.000000
 3001.927730    0.000000
 3002.618410    0.000000
 3003.310550    0.000000
 3004.001710    0.000000
 3004.694340    0.000000
 3005.385740    0.000000
 3006.076900    0.000000
 3006.770020    0.000000
 3007.461670    0.000000
 3008.155270    0.000000
 3008.847410    0.000000
 3009.541260    0.000000
 3010.233400    0.000000
 3010.926270    0.000000
 3011.620360    0.000000
 3012.313230    0.000000
 3013.007810    0.000000
 3013.700930    0.000000
 3014.395750    0.000000
 3015.089360    0.000000
 3015.783200    0.000000
 3016.478270    0.000000
 3017.172610    0.000000
 3017.868160    0.000000
 3018.562260    0.000000
 3019.258540    0.000000
 3019.952880    0.000000
 3020.647950    0.000000
 3021.344480    0.000000
 3022.039310    0.000000
 3022.736330    0.000000
 3023.431640    0.000000
 3024.128660    0.000000
 3024.824460    0.000000
 3025.522220    0.000000
 3026.218020    0.000000
 3026.914310    0.000000
 3027.612300    0.000000
 3028.308840    0.000000
 3029.007080    0.000000
 3029.703860    0.000000
 3030.402590    0.000000
 3031.099850    0.000000
 3031.797120    0.000000
 3032.496090    0.000000
 3033.193600    0.000000
 3033.893310    0.000000
 3034.591060    0.000000
 3035.290770    0.000000
 3035.989010    0.000000
 3036.687740    0.000000
 3037.387700    0.000000
 3038.086670    0.000000
 3038.787350    0.000000
 3039.486080    0.000000
 3040.187260    0.000000
 3040.886470    0.000000
 3041.586180    0.000000
 3042.287350    0.000000
 3042.987550    0.000000
 3043.689210    0.000000
 3044.389160    0.000000
 3045.091060    0.000000
 3045.791750    0.000000
 3046.492430    0.000000
 3047.194820    0.000000
 3047.896000    0.000000
 3048.598880    0.000000
 3049.300050    0.000000
