 2653.384280    0.000000
 2653.996340    0.000000
 2654.606690    0.000000
 2655.217290    0.000000
 2655.829830    0.000000
 2656.440670    0.000000
 2657.053220    0.000000
 2657.664550    0.000000
 2658.277340    0.000000
 2658.888920    0.000000
 2659.500730    0.000000
 2660.114010    0.000000
 2660.725830    0.000000
 2661.339360    0.000000
 2661.951660    0.000000
 2662.565430    0.000000
 2663.177980    0.000000
 2663.790530    0.000000
 2664.404790    0.000000
 2665.017820    0.000000
 2665.632320    0.000000
 2666.245610    0.000000
 2666.860350    0.000000
 2667.473880    0.000000
 2668.089110    0.000000
 2668.702880    0.000000
 2669.316890    0.000000
 2669.932370    0.000000
 2670.546630    0.000000
 2671.162350    0.000000
 2671.776860    0.000000
 2672.393070    0.000000
 2673.007810    0.000000
 2673.622560    0.000000
 2674.239260    0.000000
 2674.854490    0.000000
 2675.471190    0.000000
 2676.086670    0.000000
 2676.703860    0.000000
 2677.319580    0.000000
 2677.935550    0.000000
 2678.552980    0.000000
 2679.169190    0.000000
 2679.786870    0.000000
 2680.403560    0.000000
 2681.021480    0.000000
 2681.638430    0.000000
 2682.255370    0.000000
 2682.873780    0.000000
 2683.490970    0.000000
 2684.109860    0.000000
 2684.727290    0.000000
 2685.346440    0.000000
 2685.964110    0.000000
 2686.582030    0.000000
 2687.201660    0.000000
 2687.819820    0.000000
 2688.439450    0.000000
 2689.057860    0.000000
 2689.677980    0.000000
 2690.296880    0.000000
 2690.915770    0.000000
 2691.536380    0.000000
 2692.155270    0.000000
 2692.776370    0.000000
 2693.395750    0.000000
 2694.016850    0.000000
 2694.636720    0.000000
 2695.256590    0.000000
 2695.877930    0.000000
 2696.498050    0.000000
 2697.119870    0.000000
 2697.740480    0.000000
 2698.362550    0.000000
 2698.983400    0.000000
 2699.604250    0.000000
 2700.226810    0.000000
 2700.847900    0.000000
 2701.470700    0.000000
 2702.092040    0.000000
 2702.715330    0.000000
 2703.337160    0.000000
 2703.958980    0.000000
 2704.582520    0.000000
 2705.204830    0.000000
 2705.828370    0.000000
 2706.450930    0.000000
 2707.074950    0.000000
 2707.697750    0.000001
 2708.320800    0.000001
 2708.945310    0.000001
 2709.568360    0.000001
 2710.193360    0.000001
 2710.816650    0.000001
 2711.441890    0.000001
 2712.065670    0.000001
 2712.689450    0.000001
 2713.314940    0.000002
 2713.939210    0.000002
 2714.565190    0.000002
 2715.189450    0.000002
 2715.815670    0.000003
 2716.440430    0.000003
 2717.066890    0.000003
 2717.691890    0.000004
 2718.317140    0.000004
 2718.943850    0.000005
 2719.569340    0.000005
 2720.196530    0.000006
 2720.822270    0.000007
 2721.449710    0.000007
 2722.075680    0.000008
 2722.702150    0.000009
 2723.329830    0.000010
 2723.956300    0.000011
 2724.584470    0.000012
 2725.211430    0.000014
 2725.839600    0.000015
 2726.466800    0.000017
 2727.093990    0.000019
 2727.722900    0.000022
 2728.350340    0.000024
 2728.979490    0.000027
 2729.607420    0.000030
 2730.236820    0.000033
 2730.864750    0.000037
 2731.493160    0.000041
 2732.122800    0.000046
 2732.751460    0.000051
 2733.381590    0.000056
 2734.010500    0.000063
 2734.640870    0.000070
 2735.270020    0.000077
 2735.899410    0.000086
 2736.530270    0.000094
 2737.159670    0.000105
 2737.790770    0.000115
 2738.420650    0.000128
 2739.052250    0.000141
 2739.682370    0.000156
 2740.312500    0.000172
 2740.944340    0.000190
 2741.575200    0.000209
 2742.207280    0.000231
 2742.838130    0.000254
 2743.470460    0.000279
 2744.101560    0.000307
 2744.732910    0.000338
 2745.365970    0.000371
 2745.997310    0.000408
 2746.630860    0.000448
 2747.262700    0.000491
 2747.896000    0.000539
 2748.528080    0.000591
 2749.160640    0.000648
 2749.794430    0.000710
 2750.427000    0.000776
 2751.061280    0.000850
 2751.694090    0.000929
 2752.328610    0.001016
 2752.961910    0.001109
 2753.595210    0.001211
 2754.230220    0.001323
 2754.863770    0.001443
 2755.499020    0.001575
 2756.132810    0.001717
 2756.768550    0.001870
 2757.402590    0.002037
 2758.036870    0.002218
 2758.673100    0.002415
 2759.307620    0.002626
 2759.943850    0.002856
 2760.578860    0.003105
 2761.215330    0.003374
 2761.850590    0.003665
 2762.487550    0.003980
 2763.123050    0.004319
 2763.758790    0.004685
 2764.396000    0.005082
 2765.031980    0.005509
 2765.669430    0.005971
 2766.305910    0.006469
 2766.943600    0.007006
 2767.580320    0.007585
 2768.216800    0.008207
 2768.855220    0.008881
 2769.492190    0.009604
 2770.130860    0.010384
 2770.768070    0.011222
 2771.407230    0.012127
 2772.044680    0.013097
 2772.682130    0.014140
 2773.321780    0.015266
 2773.959720    0.016473
 2774.599370    0.017774
 2775.237550    0.019167
 2775.877690    0.020668
 2776.516360    0.022277
 2777.155030    0.024003
 2777.795170    0.025860
 2778.434330    0.027849
 2779.074950    0.029987
 2779.714360    0.032276
 2780.355470    0.034737
 2780.995120    0.037368
 2781.634770    0.040187
 2782.276120    0.043216
 2782.916260    0.046453
 2783.558110    0.049928
 2784.198490    0.053640
 2784.840330    0.057621
 2785.480960    0.061872
 2786.121830    0.066422
 2786.764400    0.071299
 2787.405270    0.076499
 2788.048100    0.082073
 2788.689450    0.088015
 2789.332520    0.094378
 2789.974370    0.101161
 2790.615970    0.108397
 2791.259770    0.116146
 2791.901610    0.124387
 2792.545410    0.133204
 2793.187990    0.142585
 2793.832030    0.152606
 2794.474850    0.163262
 2795.117680    0.174611
 2795.762210    0.186727
 2796.405520    0.199597
 2797.050290    0.213321
 2797.693600    0.227883
 2798.338870    0.243412
 2798.982420    0.259871
 2799.626460    0.277368
 2800.272220    0.295995
 2800.916260    0.315715
 2801.562260    0.336701
 2802.206790    0.358909
 2802.852780    0.382503
 2803.497560    0.407456
 2804.142580    0.433894
 2804.789310    0.461957
 2805.434330    0.491574
 2806.081300    0.522994
 2806.726810    0.556136
 2807.374020    0.591248
 2808.020020    0.628262
 2808.666020    0.667331
 2809.313480    0.708646
 2809.959960    0.752148
 2810.607910    0.798103
 2811.254390    0.846404
 2811.902830    0.897411
 2812.549560    0.950944
 2813.198240    1.007416
 2813.845210    1.066617
 2814.492680    1.128853
 2815.141600    1.194344
 2815.789310    1.262934
 2816.438720    1.335056
 2817.086430    1.410446
 2817.736080    1.489651
 2818.384520    1.572409
 2819.032710    1.658950
 2819.682620    1.749667
 2820.331300    1.844277
 2820.981930    1.943368
 2821.630620    2.046461
 2822.281490    2.154336
 2822.930660    2.266467
 2823.580080    2.383286
 2824.231200    2.505193
 2824.880860    2.631700
 2825.532230    2.763535
 2826.182370    2.900211
 2826.833980    3.042395
 2827.484380    3.189592
 2828.134770    3.342153
 2828.786870    3.500583
 2829.437740    3.664250
 2830.090090    3.833902
 2830.741210    4.008907
 2831.394040    4.190110
 2832.045410    4.376680
 2832.697020    4.569130
 2833.350100    4.767869
 2834.001950    4.972101
 2834.655520    5.182757
 2835.307620    5.398818
 2835.961180    5.621237
 2836.613770    5.849164
 2837.266360    6.082890
 2837.920410    6.322905
 2838.573490    6.568259
 2839.228030    6.819795
 2839.881100    7.076297
 2840.535890    7.338907
 2841.189450    7.606335
 2841.843020    7.878933
 2842.498540    8.157385
 2843.152340    8.439975
 2843.807860    8.727998
 2844.462160    9.019975
 2845.118160    9.317006
 2845.772710    9.617428
 2846.427250    9.921658
 2847.083740    10.230357
 2847.738770    10.541655
 2848.395260    10.856646
 2849.050540    11.173744
 2849.707760    11.494167
 2850.363280    11.815801
 2851.018800    12.139125
 2851.676270    12.464752
 2852.332280    12.790620
 2852.989990    13.117914
 2853.646480    13.444785
 2854.304440    13.772159
 2854.960940    14.098161
 2855.617920    14.423333
 2856.276370    14.747725
 2856.933350    15.069442
 2857.592290    15.389712
 2858.249760    15.706414
 2858.908940    16.020615
 2859.566650    16.330336
 2860.224370    16.635818
 2860.883790    16.937368
 2861.541750    17.233076
 2862.201900    17.524107
 2862.860350    17.808275
 2863.520510    18.086590
 2864.179200    18.357267
 2864.839840    18.621252
 2865.498780    18.876635
 2866.157960    19.123779
 2866.818850    19.362772
 2867.478520    19.592140
 2868.139650    19.812416
 2868.799320    20.022240
 2869.460940    20.222323
 2870.121090    20.411272
 2870.781490    20.589275
 2871.443360    20.756300
 2872.103760    20.911312
 2872.766360    21.054882
 2873.427000    21.185844
 2874.089600    21.304745
 2874.750730    21.410747
 2875.412110    21.503973
 2876.075440    21.584442
 2876.736820    21.651541
 2877.400390    21.705570
 2878.062260    21.746109
 2878.725830    21.773310
 2879.388180    21.786999
 2880.050540    21.787230
 2880.714600    21.773966
 2881.377440    21.747301
 2882.041750    21.707180
 2882.704830    21.653852
 2883.369380    21.587223
 2884.032960    21.507656
 2884.696530    21.415239
 2885.361330    21.309957
 2886.025390    21.192318
 2886.690920    21.062157
 2887.354980    20.920301
 2888.020510    20.766415
 2888.685060    20.601347
 2889.349610    20.425198
 2890.015870    20.237816
 2890.680910    20.040367
 2891.347410    19.832422
 2892.012700    19.615198
 2892.679200    19.388302
 2893.344970    19.152803
 2894.010500    18.908966
 2894.677730    18.656488
 2895.343510    18.397003
 2896.011470    18.129528
 2896.677490    17.856174
 2897.345460    17.575800
 2898.011960    17.290300
 2898.678960    16.999313
 2899.347170    16.702974
 2900.014160    16.402824
 2900.682860    16.098017
 2901.350100    15.790451
 2902.019530    15.478903
 2902.687010    15.165750
 2903.354740    14.850422
 2904.024410    14.532542
 2904.692380    14.214287
 2905.361820    13.894565
 2906.030520    13.574839
 2906.700680    13.254465
 2907.369140    12.935355
 2908.038090    12.616837
 2908.708500    12.298815
 2909.377930    11.982807
 2910.048830    11.668005
 2910.718260    11.356109
 2911.389650    11.045840
 2912.059330    10.739191
 2912.729250    10.435539
 2913.400630    10.134608
 2914.070800    9.837857
 2914.742920    9.544118
 2915.413570    9.255111
 2916.085690    8.969774
 2916.756590    8.689441
 2917.429200    8.413062
 2918.100340    8.142100
 2918.771730    7.875997
 2919.444580    7.614409
 2920.116210    7.358499
 2920.789550    7.107249
 2921.461670    6.861846
 2922.135500    6.621293
 2922.807370    6.386951
 2923.479740    6.157996
 2924.154050    5.933989
 2924.826660    5.716169
 2925.500980    5.503438
 2926.174070    5.296724
 2926.848880    5.095122
 2927.522220    4.899559
 2928.195800    4.709492
 2928.870850    4.524558
 2929.544920    4.345384
 2930.220460    4.171270
 2930.894530    4.002910
 2931.570310    3.839443
 2932.244630    3.681564
 2932.919190    3.528780
 2933.595700    3.380643
 2934.270260    3.237917
 2934.947270    3.099585
 2935.622310    2.966451
 2936.299070    2.837691
 2936.974850    2.713720
 2937.650390    2.594285
 2938.327880    2.478909
 2939.003660    2.368109
 2939.681400    2.261175
 2940.357670    2.158543
 2941.035640    2.059620
 2941.712160    1.964762
 2942.389160    1.873575
 2943.067630    1.785833
 2943.744630    1.701806
 2944.423580    1.620963
 2945.100830    1.543635
 2945.780030    1.469297
 2946.457760    1.398224
 2947.135500    1.330146
 2947.815190    1.264778
 2948.493410    1.202353
 2949.173100    1.142500
 2949.851560    1.085362
 2950.531980    1.030582
 2951.210450    0.978382
 2951.889650    0.928459
 2952.570070    0.880698
 2953.249270    0.835186
 2953.930660    0.791615
 2954.610110    0.750170
 2955.291500    0.710533
 2955.971190    0.672844
 2956.651120    0.636913
 2957.333010    0.602587
 2958.013180    0.569981
 2958.695560    0.538842
 2959.376220    0.509286
 2960.058350    0.481110
 2960.739500    0.454355
 2961.420410    0.428931
 2962.103520    0.404696
 2962.784910    0.381732
 2963.468020    0.359875
 2964.149900    0.339166
 2964.833500    0.319469
 2965.515380    0.300836
 2966.197750    0.283156
 2966.881590    0.266367
 2967.564210    0.250492
 2968.248540    0.235423
 2968.931150    0.221195
 2969.615720    0.207697
 2970.299070    0.194956
 2970.984130    0.182881
 2971.667480    0.171502
 2972.351070    0.160751
 2973.036620    0.150574
 2973.720700    0.140992
 2974.406250    0.131937
 2975.090580    0.123416
 2975.776610    0.115369
 2976.461180    0.107806
 2977.146000    0.100686
 2977.832280    0.093973
 2978.517580    0.087670
 2979.204350    0.081735
 2979.889650    0.076172
 2980.576660    0.070936
 2981.262210    0.066035
 2981.948240    0.061436
 2982.635990    0.057115
 2983.322020    0.053077
 2984.010010    0.049287
 2984.696530    0.045749
 2985.384770    0.042432
 2986.071530    0.039339
 2986.758540    0.036449
 2987.447270    0.033746
 2988.134770    0.031229
 2988.823490    0.028878
 2989.510990    0.026692
 2990.200440    0.024652
 2990.888180    0.022757
 2991.576170    0.020995
 2992.266360    0.019352
 2992.954830    0.017831
 2993.644780    0.016416
 2994.333500    0.015105
 2995.023930    0.013888
 2995.713130    0.012763
 2996.402100    0.011722
 2997.093020    0.010756
 2997.782710    0.009865
 2998.473880    0.009041
 2999.163570    0.008281
 2999.855470    0.007578
 3000.545410    0.006932
 3001.235600    0.006337
 3001.927730    0.005787
 3002.618410    0.005283
 3003.310550    0.004818
 3004.001710    0.004393
 3004.694340    0.004001
 3005.385740    0.003642
 3006.076900    0.003313
 3006.770020    0.003012
 3007.461670    0.002735
 3008.155270    0.002482
 3008.847410    0.002253
 3009.541260    0.002041
 3010.233400    0.001849
 3010.926270    0.001674
 3011.620360    0.001513
 3012.313230    0.001369
 3013.007810    0.001236
 3013.700930    0.001116
 3014.395750    0.001006
 3015.089360    0.000907
 3015.783200    0.000816
 3016.478270    0.000735
 3017.172610    0.000661
 3017.868160    0.000594
 3018.562260    0.000533
 3019.258540    0.000479
 3019.952880    0.000429
 3020.647950    0.000384
 3021.344480    0.000344
 3022.039310    0.000308
 3022.736330    0.000276
 3023.431640    0.000246
 3024.128660    0.000219
 3024.824460    0.000196
 3025.522220    0.000175
 3026.218020    0.000155
 3026.914310    0.000138
 3027.612300    0.000123
 3028.308840    0.000110
 3029.007080    0.000097
 3029.703860    0.000086
 3030.402590    0.000076
 3031.099850    0.000068
 3031.797120    0.000060
 3032.496090    0.000053
 3033.193600    0.000047
 3033.893310    0.000041
 3034.591060    0.000036
 3035.290770    0.000032
 3035.989010    0.000029
 3036.687740    0.000025
 3037.387700    0.000022
 3038.086670    0.000019
 3038.787350    0.000017
 3039.486080    0.000015
 3040.187260    0.000013
 3040.886470    0.000011
 3041.586180    0.000010
 3042.287350    0.000009
 3042.987550    0.000008
 3043.689210    0.000007
 3044.389160    0.000006
 3045.091060    0.000005
 3045.791750    0.000005
 3046.492430    0.000004
 3047.194820    0.000004
 3047.896000    0.000003
 3048.598880    0.000003
 3049.300050    0.000002
