 2653.384280    0.001209
 2653.996340    0.001349
 2654.606690    0.001503
 2655.217290    0.001673
 2655.829830    0.001861
 2656.440670    0.002068
 2657.053220    0.002297
 2657.664550    0.002549
 2658.277340    0.002828
 2658.888920    0.003133
 2659.500730    0.003469
 2660.114010    0.003839
 2660.725830    0.004245
 2661.339360    0.004690
 2661.951660    0.005178
 2662.565430    0.005713
 2663.177980    0.006298
 2663.790530    0.006938
 2664.404790    0.007639
 2665.017820    0.008403
 2665.632320    0.009238
 2666.245610    0.010147
 2666.860350    0.011140
 2667.473880    0.012218
 2668.089110    0.013394
 2668.702880    0.014670
 2669.316890    0.016057
 2669.932370    0.017566
 2670.546630    0.019198
 2671.162350    0.020973
 2671.776860    0.022891
 2672.393070    0.024973
 2673.007810    0.027219
 2673.622560    0.029646
 2674.239260    0.032275
 2674.854490    0.035107
 2675.471190    0.038168
 2676.086670    0.041461
 2676.703860    0.045016
 2677.319580    0.048834
 2677.935550    0.052941
 2678.552980    0.057366
 2679.169190    0.062110
 2679.786870    0.067213
 2680.403560    0.072679
 2681.021480    0.078547
 2681.638430    0.084825
 2682.255370    0.091544
 2682.873780    0.098748
 2683.490970    0.106435
 2684.109860    0.114670
 2684.727290    0.123441
 2685.346440    0.132825
 2685.964110    0.142808
 2686.582030    0.153448
 2687.201660    0.164810
 2687.819820    0.176873
 2688.439450    0.189734
 2689.057860    0.203374
 2689.677980    0.217904
 2690.296880    0.233296
 2690.915770    0.249625
 2691.536380    0.266984
 2692.155270    0.285326
 2692.776370    0.304815
 2693.395750    0.325382
 2694.016850    0.347193
 2694.636720    0.370197
 2695.256590    0.394493
 2695.877930    0.420199
 2696.498050    0.447262
 2697.119870    0.475870
 2697.740480    0.505951
 2698.362550    0.537698
 2698.983400    0.571036
 2699.604250    0.606091
 2700.226810    0.643030
 2700.847900    0.681731
 2701.470700    0.722462
 2702.092040    0.765080
 2702.715330    0.809890
 2703.337160    0.856717
 2703.958980    0.905732
 2704.582520    0.957146
 2705.204830    1.010787
 2705.828370    1.066934
 2706.450930    1.125455
 2707.074950    1.186650
 2707.697750    1.250322
 2708.320800    1.316676
 2708.945310    1.385916
 2709.568360    1.457775
 2710.193360    1.532709
 2710.816650    1.610334
 2711.441890    1.691162
 2712.065670    1.774802
 2712.689450    1.861484
 2713.314940    1.951500
 2713.939210    2.044467
 2714.565190    2.140859
 2715.189450    2.240175
 2715.815670    2.343023
 2716.440430    2.448859
 2717.066890    2.558232
 2717.691890    2.670594
 2718.317140    2.786237
 2718.943850    2.905388
 2719.569340    3.027520
 2720.196530    3.153180
 2720.822270    3.281697
 2721.449710    3.413681
 2722.075680    3.548410
 2722.702150    3.686235
 2723.329830    3.827254
 2723.956300    3.970837
 2724.584470    4.117560
 2725.211430    4.266641
 2725.839600    4.418545
 2726.466800    4.572614
 2727.093990    4.728945
 2727.722900    4.887826
 2728.350340    5.048297
 2728.979490    5.211001
 2729.607420    5.375000
 2730.236820    5.540805
 2730.864750    5.707442
 2731.493160    5.875212
 2732.122800    6.044093
 2732.751460    6.213263
 2733.381590    6.383136
 2734.010500    6.552736
 2734.640870    6.722529
 2735.270020    6.891524
 2735.899410    7.059839
 2736.530270    7.227516
 2737.159670    7.393488
 2737.790770    7.558299
 2738.420650    7.720883
 2739.052250    7.881693
 2739.682370    8.039618
 2740.312500    8.194724
 2740.944340    8.347117
 2741.575200    8.495836
 2742.207280    8.641091
 2742.838130    8.782021
 2743.470460    8.918920
 2744.101560    9.050907
 2744.732910    9.178018
 2745.365970    9.300231
 2745.997310    9.416616
 2746.630860    9.527618
 2747.262700    9.632286
 2747.896000    9.730905
 2748.528080    9.822814
 2749.160640    9.908053
 2749.794430    9.986482
 2750.427000    10.057607
 2751.061280    10.121566
 2751.694090    10.177869
 2752.328610    10.226655
 2752.961910    10.267556
 2753.595210    10.300562
 2754.230220    10.325637
 2754.863770    10.342579
 2755.499020    10.351413
 2756.132810    10.352057
 2756.768550    10.344488
 2757.402590    10.328756
 2758.036870    10.304861
 2758.673100    10.272743
 2759.307620    10.232650
 2759.943850    10.184451
 2760.578860    10.128465
 2761.215330    10.064572
 2761.850590    9.993184
 2762.487550    9.914121
 2763.123050    9.827953
 2763.758790    9.734665
 2764.396000    9.634260
 2765.031980    9.527383
 2765.669430    9.413821
 2766.305910    9.294260
 2766.943600    9.168548
 2767.580320    9.037395
 2768.216800    8.900952
 2768.855220    8.759032
 2769.492190    8.612692
 2770.130860    8.461516
 2770.768070    8.306574
 2771.407230    8.147354
 2772.044680    7.985097
 2772.682130    7.819711
 2773.321780    7.650944
 2773.959720    7.480157
 2774.599370    7.306769
 2775.237550    7.131967
 2775.877690    6.955142
 2776.516360    6.777560
 2777.155030    6.599135
 2777.795170    6.419768
 2778.434330    6.240449
 2779.074950    6.060789
 2779.714360    5.881834
 2780.355470    5.703043
 2780.995120    5.525574
 2781.634770    5.349276
 2782.276120    5.173933
 2782.916260    5.000584
 2783.558110    4.828664
 2784.198490    4.659240
 2784.840330    4.491736
 2785.480960    4.327044
 2786.121830    4.164954
 2786.764400    4.005273
 2787.405270    3.848999
 2788.048100    3.695374
 2788.689450    3.545345
 2789.332520    3.398280
 2789.974370    3.254951
 2790.615970    3.115211
 2791.259770    2.978617
 2791.901610    2.846111
 2792.545410    2.716939
 2793.187990    2.591777
 2793.832030    2.470132
 2794.474850    2.352529
 2795.117680    2.238739
 2795.762210    2.128471
 2796.405520    2.022217
 2797.050290    1.919514
 2797.693600    1.820798
 2798.338870    1.725511
 2798.982420    1.634151
 2799.626460    1.546345
 2800.272220    1.461885
 2800.916260    1.381160
 2801.562260    1.303640
 2802.206790    1.229669
 2802.852780    1.158833
 2803.497560    1.091348
 2804.142580    1.026970
 2804.789310    0.965482
 2805.434330    0.907120
 2806.081300    0.851464
 2806.726810    0.798721
 2807.374020    0.748540
 2808.020020    0.701058
 2808.666020    0.656085
 2809.313480    0.613435
 2809.959960    0.573177
 2810.607910    0.535070
 2811.254390    0.499195
 2811.902830    0.465275
 2812.549560    0.433411
 2813.198240    0.403337
 2813.845210    0.375140
 2814.492680    0.348633
 2815.141600    0.323702
 2815.789310    0.300371
 2816.438720    0.278460
 2817.086430    0.258005
 2817.736080    0.238820
 2818.384520    0.220931
 2819.032710    0.204237
 2819.682620    0.188625
 2820.331300    0.174106
 2820.981930    0.160546
 2821.630620    0.147971
 2822.281490    0.136243
 2822.930660    0.125381
 2823.580080    0.115296
 2824.231200    0.105923
 2824.880860    0.097260
 2825.532230    0.089220
 2826.182370    0.081800
 2826.833980    0.074927
 2827.484380    0.068594
 2828.134770    0.062751
 2828.786870    0.057351
 2829.437740    0.052387
 2830.090090    0.047810
 2830.741210    0.043608
 2831.394040    0.039737
 2832.045410    0.036192
 2832.697020    0.032938
 2833.350100    0.029949
 2834.001950    0.027217
 2834.655520    0.024711
 2835.307620    0.022424
 2835.961180    0.020329
 2836.613770    0.018420
 2837.266360    0.016679
 2837.920410    0.015088
 2838.573490    0.013641
 2839.228030    0.012321
 2839.881100    0.011125
 2840.535890    0.010034
 2841.189450    0.009045
 2841.843020    0.008148
 2842.498540    0.007333
 2843.152340    0.006596
 2843.807860    0.005927
 2844.462160    0.005323
 2845.118160    0.004777
 2845.772710    0.004284
 2846.427250    0.003839
 2847.083740    0.003437
 2847.738770    0.003076
 2848.395260    0.002749
 2849.050540    0.002457
 2849.707760    0.002192
 2850.363280    0.001956
 2851.018800    0.001744
 2851.676270    0.001554
 2852.332280    0.001383
 2852.989990    0.001229
 2853.646480    0.001093
 2854.304440    0.000970
 2854.960940    0.000861
 2855.617920    0.000764
 2856.276370    0.000676
 2856.933350    0.000599
 2857.592290    0.000529
 2858.249760    0.000468
 2858.908940    0.000414
 2859.566650    0.000365
 2860.224370    0.000321
 2860.883790    0.000283
 2861.541750    0.000250
 2862.201900    0.000219
 2862.860350    0.000193
 2863.520510    0.000170
 2864.179200    0.000149
 2864.839840    0.000131
 2865.498780    0.000114
 2866.157960    0.000100
 2866.818850    0.000088
 2867.478520    0.000076
 2868.139650    0.000067
 2868.799320    0.000058
 2869.460940    0.000051
 2870.121090    0.000044
 2870.781490    0.000038
 2871.443360    0.000033
 2872.103760    0.000030
 2872.766360    0.000026
 2873.427000    0.000022
 2874.089600    0.000019
 2874.750730    0.000016
 2875.412110    0.000014
 2876.075440    0.000012
 2876.736820    0.000010
 2877.400390    0.000010
 2878.062260    0.000008
 2878.725830    0.000007
 2879.388180    0.000006
 2880.050540    0.000005
 2880.714600    0.000005
 2881.377440    0.000004
 2882.041750    0.000003
 2882.704830    0.000003
 2883.369380    0.000002
 2884.032960    0.000002
 2884.696530    0.000002
 2885.361330    0.000002
 2886.025390    0.000001
 2886.690920    0.000001
 2887.354980    0.000001
 2888.020510    0.000001
 2888.685060    0.000001
 2889.349610    0.000001
 2890.015870    0.000000
 2890.680910    0.000000
 2891.347410    0.000000
 2892.012700    0.000000
 2892.679200    0.000000
 2893.344970    0.000000
 2894.010500    0.000000
 2894.677730    0.000000
 2895.343510    0.000000
 2896.011470    0.000000
 2896.677490    0.000000
 2897.345460    0.000000
 2898.011960    0.000000
 2898.678960    0.000000
 2899.347170    0.000000
 2900.014160    0.000000
 2900.682860    0.000000
 2901.350100    0.000000
 2902.019530    0.000000
 2902.687010    0.000000
 2903.354740    0.000000
 2904.024410    0.000000
 2904.692380    0.000000
 2905.361820    0.000000
 2906.030520    0.000000
 2906.700680    0.000000
 2907.369140    0.000000
 2908.038090    0.000000
 2908.708500    0.000000
 2909.377930    0.000000
 2910.048830    0.000000
 2910.718260    0.000000
 2911.389650    0.000000
 2912.059330    0.000000
 2912.729250    0.000000
 2913.400630    0.000000
 2914.070800    0.000000
 2914.742920    0.000000
 2915.413570    0.000000
 2916.085690    0.000000
 2916.756590    0.000000
 2917.429200    0.000000
 2918.100340    0.000000
 2918.771730    0.000000
 2919.444580    0.000000
 2920.116210    0.000000
 2920.789550    0.000000
 2921.461670    0.000000
 2922.135500    0.000000
 2922.807370    0.000000
 2923.479740    0.000000
 2924.154050    0.000000
 2924.826660    0.000000
 2925.500980    0.000000
 2926.174070    0.000000
 2926.848880    0.000000
 2927.522220    0.000000
 2928.195800    0.000000
 2928.870850    0.000000
 2929.544920    0.000000
 2930.220460    0.000000
 2930.894530    0.000000
 2931.570310    0.000000
 2932.244630    0.000000
 2932.919190    0.000000
 2933.595700    0.000000
 2934.270260    0.000000
 2934.947270    0.000000
 2935.622310    0.000000
 2936.299070    0.000000
 2936.974850    0.000000
 2937.650390    0.000000
 2938.327880    0.000000
 2939.003660    0.000000
 2939.681400    0.000000
 2940.357670    0.000000
 2941.035640    0.000000
 2941.712160    0.000000
 2942.389160    0.000000
 2943.067630    0.000000
 2943.744630    0.000000
 2944.423580    0.000000
 2945.100830    0.000000
 2945.780030    0.000000
 2946.457760    0.000000
 2947.135500    0.000000
 2947.815190    0.000000
 2948.493410    0.000000
 2949.173100    0.000000
 2949.851560    0.000000
 2950.531980    0.000000
 2951.210450    0.000000
 2951.889650    0.000000
 2952.570070    0.000000
 2953.249270    0.000000
 2953.930660    0.000000
 2954.610110    0.000000
 2955.291500    0.000000
 2955.971190    0.000000
 2956.651120    0.000000
 2957.333010    0.000000
 2958.013180    0.000000
 2958.695560    0.000000
 2959.376220    0.000000
 2960.058350    0.000000
 2960.739500    0.000000
 2961.420410    0.000000
 2962.103520    0.000000
 2962.784910    0.000000
 2963.468020    0.000000
 2964.149900    0.000000
 2964.833500    0.000000
 2965.515380    0.000000
 2966.197750    0.000000
 2966.881590    0.000000
 2967.564210    0.000000
 2968.248540    0.000000
 2968.931150    0.000000
 2969.615720    0.000000
 2970.299070    0.000000
 2970.984130    0.000000
 2971.667480    0.000000
 2972.351070    0.000000
 2973.036620    0.000000
 2973.720700    0.000000
 2974.406250    0.000000
 2975.090580    0.000000
 2975.776610    0.000000
 2976.461180    0.000000
 2977.146000    0.000000
 2977.832280    0.000000
 2978.517580    0.000000
 2979.204350    0.000000
 2979.889650    0.000000
 2980.576660    0.000000
 2981.262210    0.000000
 2981.948240    0.000000
 2982.635990    0.000000
 2983.322020    0.000000
 2984.010010    0.000000
 2984.696530    0.000000
 2985.384770    0.000000
 2986.071530    0.000000
 2986.758540    0.000000
 2987.447270    0.000000
 2988.134770    0.000000
 2988.823490    0.000000
 2989.510990    0.000000
 2990.200440    0.000000
 2990.888180    0.000000
 2991.576170    0.000000
 2992.266360    0.000000
 2992.954830    0.000000
 2993.644780    0.000000
 2994.333500    0.000000
 2995.023930    0.000000
 2995.713130    0.000000
 2996.402100    0.000000
 2997.093020    0.000000
 2997.782710    0.000000
 2998.473880    0.000000
 2999.163570    0.000000
 2999.855470    0.000000
 3000.545410    0.000000
 3001.235600    0.000000
 3001.927730    0.000000
 3002.618410    0.000000
 3003.310550    0.000000
 3004.001710    0.000000
 3004.694340    0.000000
 3005.385740    0.000000
 3006.076900    0.000000
 3006.770020    0.000000
 3007.461670    0.000000
 3008.155270    0.000000
 3008.847410    0.000000
 3009.541260    0.000000
 3010.233400    0.000000
 3010.926270    0.000000
 3011.620360    0.000000
 3012.313230    0.000000
 3013.007810    0.000000
 3013.700930    0.000000
 3014.395750    0.000000
 3015.089360    0.000000
 3015.783200    0.000000
 3016.478270    0.000000
 3017.172610    0.000000
 3017.868160    0.000000
 3018.562260    0.000000
 3019.258540    0.000000
 3019.952880    0.000000
 3020.647950    0.000000
 3021.344480    0.000000
 3022.039310    0.000000
 3022.736330    0.000000
 3023.431640    0.000000
 3024.128660    0.000000
 3024.824460    0.000000
 3025.522220    0.000000
 3026.218020    0.000000
 3026.914310    0.000000
 3027.612300    0.000000
 3028.308840    0.000000
 3029.007080    0.000000
 3029.703860    0.000000
 3030.402590    0.000000
 3031.099850    0.000000
 3031.797120    0.000000
 3032.496090    0.000000
 3033.193600    0.000000
 3033.893310    0.000000
 3034.591060    0.000000
 3035.290770    0.000000
 3035.989010    0.000000
 3036.687740    0.000000
 3037.387700    0.000000
 3038.086670    0.000000
 3038.787350    0.000000
 3039.486080    0.000000
 3040.187260    0.000000
 3040.886470    0.000000
 3041.586180    0.000000
 3042.287350    0.000000
 3042.987550    0.000000
 3043.689210    0.000000
 3044.389160    0.000000
 3045.091060    0.000000
 3045.791750    0.000000
 3046.492430    0.000000
 3047.194820    0.000000
 3047.896000    0.000000
 3048.598880    0.000000
 3049.300050    0.000000
