 2653.384280    1.392684
 2653.996340    1.456375
 2654.606690    1.522270
 2655.217290    1.590631
 2655.829830    1.661726
 2656.440670    1.735190
 2657.053220    1.811499
 2657.664550    1.890349
 2658.277340    1.972153
 2658.888920    2.056614
 2659.500730    2.143988
 2660.114010    2.234521
 2660.725830    2.327841
 2661.339360    2.424493
 2661.951660    2.524077
 2662.565430    2.627089
 2663.177980    2.733135
 2663.790530    2.842473
 2664.404790    2.955474
 2665.017820    3.071656
 2665.632320    3.191580
 2666.245610    3.314774
 2666.860350    3.441824
 2667.473880    3.572223
 2668.089110    3.706640
 2668.702880    3.844425
 2669.316890    3.985987
 2669.932370    4.131659
 2670.546630    4.280838
 2671.162350    4.434209
 2671.776860    4.591131
 2672.393070    4.752379
 2673.007810    4.917145
 2673.622560    5.085823
 2674.239260    5.258979
 2674.854490    5.435666
 2675.471190    5.616729
 2676.086670    5.801383
 2676.703860    5.990504
 2677.319580    6.183115
 2677.935550    6.379725
 2678.552980    6.580719
 2679.169190    6.785204
 2679.786870    6.994045
 2680.403560    7.206385
 2681.021480    7.422945
 2681.638430    7.642912
 2682.255370    7.866576
 2682.873780    8.094423
 2683.490970    8.325409
 2684.109860    8.560562
 2684.727290    8.798608
 2685.346440    9.040694
 2685.964110    9.285494
 2686.582030    9.533586
 2687.201660    9.785475
 2687.819820    10.039771
 2688.439450    10.297567
 2689.057860    10.557634
 2689.677980    10.821083
 2690.296880    11.086548
 2690.915770    11.354408
 2691.536380    11.625274
 2692.155270    11.897510
 2692.776370    12.172680
 2693.395750    12.448900
 2694.016850    12.727533
 2694.636720    13.007095
 2695.256590    13.287957
 2695.877930    13.570608
 2696.498050    13.853642
 2697.119870    14.138205
 2697.740480    14.422762
 2698.362550    14.708345
 2698.983400    14.993515
 2699.604250    15.278625
 2700.226810    15.564244
 2700.847900    15.848701
 2701.470700    16.133224
 2702.092040    16.416145
 2702.715330    16.698786
 2703.337160    16.979366
 2703.958980    17.258318
 2704.582520    17.536169
 2705.204830    17.811375
 2705.828370    18.084770
 2706.450930    18.355158
 2707.074950    18.623350
 2707.697750    18.887951
 2708.320800    19.149349
 2708.945310    19.407797
 2709.568360    19.661846
 2710.193360    19.912643
 2710.816650    20.158478
 2711.441890    20.400555
 2712.065670    20.637308
 2712.689450    20.869080
 2713.314940    21.096252
 2713.939210    21.317532
 2714.565190    21.533720
 2715.189450    21.743423
 2715.815670    21.947651
 2716.440430    22.145067
 2717.066890    22.336470
 2717.691890    22.520681
 2718.317140    22.698032
 2718.943850    22.868652
 2719.569340    23.031624
 2720.196530    23.187525
 2720.822270    23.335396
 2721.449710    23.475822
 2722.075680    23.607933
 2722.702150    23.732016
 2723.329830    23.848045
 2723.956300    23.955441
 2724.584470    24.054581
 2725.211430    24.144875
 2725.839600    24.226578
 2726.466800    24.299305
 2727.093990    24.363113
 2727.722900    24.418060
 2728.350340    24.463808
 2728.979490    24.500526
 2729.607420    24.527994
 2730.236820    24.546291
 2730.864750    24.555309
 2731.493160    24.555088
 2732.122800    24.545593
 2732.751460    24.526855
 2733.381590    24.498817
 2734.010500    24.461628
 2734.640870    24.415154
 2735.270020    24.359646
 2735.899410    24.295061
 2736.530270    24.221306
 2737.159670    24.138805
 2737.790770    24.047234
 2738.420650    23.947107
 2739.052250    23.838059
 2739.682370    23.720757
 2740.312500    23.595087
 2740.944340    23.460812
 2741.575200    23.318642
 2742.207280    23.168228
 2742.838130    23.010317
 2743.470460    22.844410
 2744.101560    22.671381
 2744.732910    22.491036
 2745.365970    22.303120
 2745.997310    22.108847
 2746.630860    21.907211
 2747.262700    21.699669
 2747.896000    21.485394
 2748.528080    21.265518
 2749.160640    21.039688
 2749.794430    20.807850
 2750.427000    20.571133
 2751.061280    20.328676
 2751.694090    20.081938
 2752.328610    19.829920
 2752.961910    19.574034
 2753.595210    19.314049
 2754.230220    19.049500
 2754.863770    18.781956
 2755.499020    18.510338
 2756.132810    18.236256
 2756.768550    17.958473
 2757.402590    17.678858
 2758.036870    17.396801
 2758.673100    17.111786
 2759.307620    16.825705
 2759.943850    16.537266
 2760.578860    16.248043
 2761.215330    15.957058
 2761.850590    15.665779
 2762.487550    15.373100
 2763.123050    15.080716
 2763.758790    14.788073
 2764.396000    14.494832
 2765.031980    14.202456
 2765.669430    13.909927
 2766.305910    13.618580
 2766.943600    13.327618
 2767.580320    13.038246
 2768.216800    12.750325
 2768.855220    12.463060
 2769.492190    12.178174
 2770.130860    11.894430
 2770.768070    11.613410
 2771.407230    11.333780
 2772.044680    11.057302
 2772.682130    10.783379
 2773.321780    10.511227
 2773.959720    10.242653
 2774.599370    9.976349
 2775.237550    9.713770
 2775.877690    9.453630
 2776.516360    9.197437
 2777.155030    8.944699
 2777.795170    8.694946
 2778.434330    8.449228
 2779.074950    8.206697
 2779.714360    7.968453
 2780.355470    7.733479
 2780.995120    7.503009
 2781.634770    7.276558
 2782.276120    7.053595
 2782.916260    6.835186
 2783.558110    6.620378
 2784.198490    6.410272
 2784.840330    6.203934
 2785.480960    6.002253
 2786.121830    5.804776
 2786.764400    5.611081
 2787.405270    5.422206
 2788.048100    5.237075
 2788.689450    5.056673
 2789.332520    4.880102
 2789.974370    4.708158
 2790.615970    4.540545
 2791.259770    4.376623
 2791.901610    4.217424
 2792.545410    4.061951
 2793.187990    3.910941
 2793.832030    3.763728
 2794.474850    3.620886
 2795.117680    3.482090
 2795.762210    3.346937
 2796.405520    3.215997
 2797.050290    3.088671
 2797.693600    2.965484
 2798.338870    2.845725
 2798.982420    2.730017
 2799.626460    2.617894
 2800.272220    2.509095
 2800.916260    2.404134
 2801.562260    2.302346
 2802.206790    2.204207
 2802.852780    2.109201
 2803.497560    2.017655
 2804.142580    1.929282
 2804.789310    1.843822
 2805.434330    1.761659
 2806.081300    1.682251
 2806.726810    1.605948
 2807.374020    1.532305
 2808.020020    1.461584
 2808.666020    1.393570
 2809.313480    1.328046
 2809.959960    1.265187
 2810.607910    1.204688
 2811.254390    1.146750
 2811.902830    1.090998
 2812.549560    1.037676
 2813.198240    0.986414
 2813.845210    0.937433
 2814.492680    0.890493
 2815.141600    0.845466
 2815.789310    0.802470
 2816.438720    0.761250
 2817.086430    0.721956
 2817.736080    0.684305
 2818.384520    0.648422
 2819.032710    0.614186
 2819.682620    0.581439
 2820.331300    0.550273
 2820.981930    0.520481
 2821.630620    0.492186
 2822.281490    0.465151
 2822.930660    0.439490
 2823.580080    0.415068
 2824.231200    0.391785
 2824.880860    0.369706
 2825.532230    0.348678
 2826.182370    0.328748
 2826.833980    0.309790
 2827.484380    0.291840
 2828.134770    0.274818
 2828.786870    0.258643
 2829.437740    0.243349
 2830.090090    0.228835
 2830.741210    0.215124
 2831.394040    0.202119
 2832.045410    0.189850
 2832.697020    0.178248
 2833.350100    0.167264
 2834.001950    0.156912
 2834.655520    0.147115
 2835.307620    0.137894
 2835.961180    0.129179
 2836.613770    0.120977
 2837.266360    0.113250
 2837.920410    0.105957
 2838.573490    0.099104
 2839.228030    0.092641
 2839.881100    0.086578
 2840.535890    0.080864
 2841.189450    0.075506
 2841.843020    0.070474
 2842.498540    0.065737
 2843.152340    0.061304
 2843.807860    0.057137
 2844.462160    0.053237
 2845.118160    0.049574
 2845.772710    0.046151
 2846.427250    0.042948
 2847.083740    0.039942
 2847.738770    0.037136
 2848.395260    0.034508
 2849.050540    0.032057
 2849.707760    0.029761
 2850.363280    0.027624
 2851.018800    0.025630
 2851.676270    0.023765
 2852.332280    0.022029
 2852.989990    0.020408
 2853.646480    0.018901
 2854.304440    0.017495
 2854.960940    0.016191
 2855.617920    0.014976
 2856.276370    0.013844
 2856.933350    0.012794
 2857.592290    0.011817
 2858.249760    0.010911
 2858.908940    0.010069
 2859.566650    0.009290
 2860.224370    0.008567
 2860.883790    0.007895
 2861.541750    0.007275
 2862.201900    0.006699
 2862.860350    0.006166
 2863.520510    0.005673
 2864.179200    0.005219
 2864.839840    0.004796
 2865.498780    0.004408
 2866.157960    0.004049
 2866.818850    0.003717
 2867.478520    0.003411
 2868.139650    0.003129
 2868.799320    0.002870
 2869.460940    0.002629
 2870.121090    0.002409
 2870.781490    0.002206
 2871.443360    0.002019
 2872.103760    0.001847
 2872.766360    0.001689
 2873.427000    0.001544
 2874.089600    0.001410
 2874.750730    0.001288
 2875.412110    0.001176
 2876.075440    0.001073
 2876.736820    0.000978
 2877.400390    0.000893
 2878.062260    0.000813
 2878.725830    0.000741
 2879.388180    0.000674
 2880.050540    0.000614
 2880.714600    0.000558
 2881.377440    0.000507
 2882.041750    0.000462
 2882.704830    0.000419
 2883.369380    0.000381
 2884.032960    0.000345
 2884.696530    0.000314
 2885.361330    0.000284
 2886.025390    0.000257
 2886.690920    0.000234
 2887.354980    0.000212
 2888.020510    0.000192
 2888.685060    0.000173
 2889.349610    0.000156
 2890.015870    0.000141
 2890.680910    0.000128
 2891.347410    0.000115
 2892.012700    0.000104
 2892.679200    0.000094
 2893.344970    0.000085
 2894.010500    0.000076
 2894.677730    0.000069
 2895.343510    0.000062
 2896.011470    0.000056
 2896.677490    0.000051
 2897.345460    0.000045
 2898.011960    0.000041
 2898.678960    0.000036
 2899.347170    0.000032
 2900.014160    0.000030
 2900.682860    0.000027
 2901.350100    0.000024
 2902.019530    0.000021
 2902.687010    0.000019
 2903.354740    0.000017
 2904.024410    0.000015
 2904.692380    0.000013
 2905.361820    0.000012
 2906.030520    0.000010
 2906.700680    0.000010
 2907.369140    0.000009
 2908.038090    0.000008
 2908.708500    0.000007
 2909.377930    0.000007
 2910.048830    0.000006
 2910.718260    0.000005
 2911.389650    0.000005
 2912.059330    0.000004
 2912.729250    0.000004
 2913.400630    0.000003
 2914.070800    0.000003
 2914.742920    0.000003
 2915.413570    0.000002
 2916.085690    0.000002
 2916.756590    0.000002
 2917.429200    0.000002
 2918.100340    0.000001
 2918.771730    0.000001
 2919.444580    0.000001
 2920.116210    0.000001
 2920.789550    0.000001
 2921.461670    0.000001
 2922.135500    0.000001
 2922.807370    0.000001
 2923.479740    0.000001
 2924.154050    0.000000
 2924.826660    0.000000
 2925.500980    0.000000
 2926.174070    0.000000
 2926.848880    0.000000
 2927.522220    0.000000
 2928.195800    0.000000
 2928.870850    0.000000
 2929.544920    0.000000
 2930.220460    0.000000
 2930.894530    0.000000
 2931.570310    0.000000
 2932.244630    0.000000
 2932.919190    0.000000
 2933.595700    0.000000
 2934.270260    0.000000
 2934.947270    0.000000
 2935.622310    0.000000
 2936.299070    0.000000
 2936.974850    0.000000
 2937.650390    0.000000
 2938.327880    0.000000
 2939.003660    0.000000
 2939.681400    0.000000
 2940.357670    0.000000
 2941.035640    0.000000
 2941.712160    0.000000
 2942.389160    0.000000
 2943.067630    0.000000
 2943.744630    0.000000
 2944.423580    0.000000
 2945.100830    0.000000
 2945.780030    0.000000
 2946.457760    0.000000
 2947.135500    0.000000
 2947.815190    0.000000
 2948.493410    0.000000
 2949.173100    0.000000
 2949.851560    0.000000
 2950.531980    0.000000
 2951.210450    0.000000
 2951.889650    0.000000
 2952.570070    0.000000
 2953.249270    0.000000
 2953.930660    0.000000
 2954.610110    0.000000
 2955.291500    0.000000
 2955.971190    0.000000
 2956.651120    0.000000
 2957.333010    0.000000
 2958.013180    0.000000
 2958.695560    0.000000
 2959.376220    0.000000
 2960.058350    0.000000
 2960.739500    0.000000
 2961.420410    0.000000
 2962.103520    0.000000
 2962.784910    0.000000
 2963.468020    0.000000
 2964.149900    0.000000
 2964.833500    0.000000
 2965.515380    0.000000
 2966.197750    0.000000
 2966.881590    0.000000
 2967.564210    0.000000
 2968.248540    0.000000
 2968.931150    0.000000
 2969.615720    0.000000
 2970.299070    0.000000
 2970.984130    0.000000
 2971.667480    0.000000
 2972.351070    0.000000
 2973.036620    0.000000
 2973.720700    0.000000
 2974.406250    0.000000
 2975.090580    0.000000
 2975.776610    0.000000
 2976.461180    0.000000
 2977.146000    0.000000
 2977.832280    0.000000
 2978.517580    0.000000
 2979.204350    0.000000
 2979.889650    0.000000
 2980.576660    0.000000
 2981.262210    0.000000
 2981.948240    0.000000
 2982.635990    0.000000
 2983.322020    0.000000
 2984.010010    0.000000
 2984.696530    0.000000
 2985.384770    0.000000
 2986.071530    0.000000
 2986.758540    0.000000
 2987.447270    0.000000
 2988.134770    0.000000
 2988.823490    0.000000
 2989.510990    0.000000
 2990.200440    0.000000
 2990.888180    0.000000
 2991.576170    0.000000
 2992.266360    0.000000
 2992.954830    0.000000
 2993.644780    0.000000
 2994.333500    0.000000
 2995.023930    0.000000
 2995.713130    0.000000
 2996.402100    0.000000
 2997.093020    0.000000
 2997.782710    0.000000
 2998.473880    0.000000
 2999.163570    0.000000
 2999.855470    0.000000
 3000.545410    0.000000
 3001.235600    0.000000
 3001.927730    0.000000
 3002.618410    0.000000
 3003.310550    0.000000
 3004.001710    0.000000
 3004.694340    0.000000
 3005.385740    0.000000
 3006.076900    0.000000
 3006.770020    0.000000
 3007.461670    0.000000
 3008.155270    0.000000
 3008.847410    0.000000
 3009.541260    0.000000
 3010.233400    0.000000
 3010.926270    0.000000
 3011.620360    0.000000
 3012.313230    0.000000
 3013.007810    0.000000
 3013.700930    0.000000
 3014.395750    0.000000
 3015.089360    0.000000
 3015.783200    0.000000
 3016.478270    0.000000
 3017.172610    0.000000
 3017.868160    0.000000
 3018.562260    0.000000
 3019.258540    0.000000
 3019.952880    0.000000
 3020.647950    0.000000
 3021.344480    0.000000
 3022.039310    0.000000
 3022.736330    0.000000
 3023.431640    0.000000
 3024.128660    0.000000
 3024.824460    0.000000
 3025.522220    0.000000
 3026.218020    0.000000
 3026.914310    0.000000
 3027.612300    0.000000
 3028.308840    0.000000
 3029.007080    0.000000
 3029.703860    0.000000
 3030.402590    0.000000
 3031.099850    0.000000
 3031.797120    0.000000
 3032.496090    0.000000
 3033.193600    0.000000
 3033.893310    0.000000
 3034.591060    0.000000
 3035.290770    0.000000
 3035.989010    0.000000
 3036.687740    0.000000
 3037.387700    0.000000
 3038.086670    0.000000
 3038.787350    0.000000
 3039.486080    0.000000
 3040.187260    0.000000
 3040.886470    0.000000
 3041.586180    0.000000
 3042.287350    0.000000
 3042.987550    0.000000
 3043.689210    0.000000
 3044.389160    0.000000
 3045.091060    0.000000
 3045.791750    0.000000
 3046.492430    0.000000
 3047.194820    0.000000
 3047.896000    0.000000
 3048.598880    0.000000
 3049.300050    0.000000
