 2653.384280    0.000000
 2653.996340    0.000000
 2654.606690    0.000000
 2655.217290    0.000000
 2655.829830    0.000000
 2656.440670    0.000000
 2657.053220    0.000000
 2657.664550    0.000000
 2658.277340    0.000000
 2658.888920    0.000000
 2659.500730    0.000000
 2660.114010    0.000000
 2660.725830    0.000000
 2661.339360    0.000000
 2661.951660    0.000000
 2662.565430    0.000000
 2663.177980    0.000000
 2663.790530    0.000000
 2664.404790    0.000000
 2665.017820    0.000000
 2665.632320    0.000000
 2666.245610    0.000000
 2666.860350    0.000000
 2667.473880    0.000000
 2668.089110    0.000000
 2668.702880    0.000000
 2669.316890    0.000000
 2669.932370    0.000000
 2670.546630    0.000000
 2671.162350    0.000000
 2671.776860    0.000000
 2672.393070    0.000000
 2673.007810    0.000000
 2673.622560    0.000000
 2674.239260    0.000000
 2674.854490    0.000000
 2675.471190    0.000000
 2676.086670    0.000000
 2676.703860    0.000000
 2677.319580    0.000000
 2677.935550    0.000000
 2678.552980    0.000000
 2679.169190    0.000000
 2679.786870    0.000000
 2680.403560    0.000000
 2681.021480    0.000000
 2681.638430    0.000000
 2682.255370    0.000000
 2682.873780    0.000000
 2683.490970    0.000000
 2684.109860    0.000000
 2684.727290    0.000000
 2685.346440    0.000000
 2685.964110    0.000000
 2686.582030    0.000000
 2687.201660    0.000000
 2687.819820    0.000000
 2688.439450    0.000000
 2689.057860    0.000000
 2689.677980    0.000000
 2690.296880    0.000000
 2690.915770    0.000000
 2691.536380    0.000000
 2692.155270    0.000000
 2692.776370    0.000000
 2693.395750    0.000000
 2694.016850    0.000000
 2694.636720    0.000000
 2695.256590    0.000000
 2695.877930    0.000000
 2696.498050    0.000000
 2697.119870    0.000000
 2697.740480    0.000000
 2698.362550    0.000000
 2698.983400    0.000000
 2699.604250    0.000000
 2700.226810    0.000000
 2700.847900    0.000000
 2701.470700    0.000000
 2702.092040    0.000000
 2702.715330    0.000000
 2703.337160    0.000000
 2703.958980    0.000000
 2704.582520    0.000000
 2705.204830    0.000000
 2705.828370    0.000000
 2706.450930    0.000000
 2707.074950    0.000000
 2707.697750    0.000000
 2708.320800    0.000000
 2708.945310    0.000000
 2709.568360    0.000000
 2710.193360    0.000000
 2710.816650    0.000000
 2711.441890    0.000000
 2712.065670    0.000000
 2712.689450    0.000000
 2713.314940    0.000000
 2713.939210    0.000000
 2714.565190    0.000000
 2715.189450    0.000000
 2715.815670    0.000000
 2716.440430    0.000000
 2717.066890    0.000000
 2717.691890    0.000000
 2718.317140    0.000000
 2718.943850    0.000000
 2719.569340    0.000000
 2720.196530    0.000000
 2720.822270    0.000000
 2721.449710    0.000000
 2722.075680    0.000000
 2722.702150    0.000000
 2723.329830    0.000000
 2723.956300    0.000000
 2724.584470    0.000000
 2725.211430    0.000000
 2725.839600    0.000000
 2726.466800    0.000000
 2727.093990    0.000000
 2727.722900    0.000000
 2728.350340    0.000000
 2728.979490    0.000000
 2729.607420    0.000000
 2730.236820    0.000000
 2730.864750    0.000000
 2731.493160    0.000000
 2732.122800    0.000000
 2732.751460    0.000000
 2733.381590    0.000000
 2734.010500    0.000000
 2734.640870    0.000000
 2735.270020    0.000000
 2735.899410    0.000000
 2736.530270    0.000000
 2737.159670    0.000000
 2737.790770    0.000000
 2738.420650    0.000000
 2739.052250    0.000000
 2739.682370    0.000000
 2740.312500    0.000000
 2740.944340    0.000000
 2741.575200    0.000000
 2742.207280    0.000000
 2742.838130    0.000000
 2743.470460    0.000000
 2744.101560    0.000000
 2744.732910    0.000000
 2745.365970    0.000000
 2745.997310    0.000000
 2746.630860    0.000000
 2747.262700    0.000000
 2747.896000    0.000000
 2748.528080    0.000000
 2749.160640    0.000000
 2749.794430    0.000000
 2750.427000    0.000000
 2751.061280    0.000000
 2751.694090    0.000000
 2752.328610    0.000000
 2752.961910    0.000000
 2753.595210    0.000000
 2754.230220    0.000000
 2754.863770    0.000000
 2755.499020    0.000000
 2756.132810    0.000000
 2756.768550    0.000000
 2757.402590    0.000000
 2758.036870    0.000000
 2758.673100    0.000000
 2759.307620    0.000000
 2759.943850    0.000000
 2760.578860    0.000000
 2761.215330    0.000000
 2761.850590    0.000000
 2762.487550    0.000000
 2763.123050    0.000000
 2763.758790    0.000000
 2764.396000    0.000000
 2765.031980    0.000000
 2765.669430    0.000000
 2766.305910    0.000000
 2766.943600    0.000000
 2767.580320    0.000000
 2768.216800    0.000000
 2768.855220    0.000000
 2769.492190    0.000000
 2770.130860    0.000000
 2770.768070    0.000000
 2771.407230    0.000000
 2772.044680    0.000000
 2772.682130    0.000000
 2773.321780    0.000000
 2773.959720    0.000000
 2774.599370    0.000000
 2775.237550    0.000000
 2775.877690    0.000000
 2776.516360    0.000000
 2777.155030    0.000000
 2777.795170    0.000000
 2778.434330    0.000000
 2779.074950    0.000000
 2779.714360    0.000000
 2780.355470    0.000000
 2780.995120    0.000000
 2781.634770    0.000000
 2782.276120    0.000000
 2782.916260    0.000000
 2783.558110    0.000000
 2784.198490    0.000000
 2784.840330    0.000000
 2785.480960    0.000000
 2786.121830    0.000000
 2786.764400    0.000000
 2787.405270    0.000000
 2788.048100    0.000000
 2788.689450    0.000000
 2789.332520    0.000000
 2789.974370    0.000000
 2790.615970    0.000000
 2791.259770    0.000000
 2791.901610    0.000000
 2792.545410    0.000000
 2793.187990    0.000000
 2793.832030    0.000000
 2794.474850    0.000000
 2795.117680    0.000000
 2795.762210    0.000000
 2796.405520    0.000000
 2797.050290    0.000000
 2797.693600    0.000000
 2798.338870    0.000000
 2798.982420    0.000000
 2799.626460    0.000000
 2800.272220    0.000000
 2800.916260    0.000000
 2801.562260    0.000000
 2802.206790    0.000000
 2802.852780    0.000000
 2803.497560    0.000000
 2804.142580    0.000000
 2804.789310    0.000000
 2805.434330    0.000000
 2806.081300    0.000000
 2806.726810    0.000000
 2807.374020    0.000000
 2808.020020    0.000000
 2808.666020    0.000000
 2809.313480    0.000000
 2809.959960    0.000000
 2810.607910    0.000000
 2811.254390    0.000000
 2811.902830    0.000000
 2812.549560    0.000000
 2813.198240    0.000001
 2813.845210    0.000001
 2814.492680    0.000001
 2815.141600    0.000001
 2815.789310    0.000001
 2816.438720    0.000001
 2817.086430    0.000001
 2817.736080    0.000001
 2818.384520    0.000002
 2819.032710    0.000002
 2819.682620    0.000002
 2820.331300    0.000003
 2820.981930    0.000003
 2821.630620    0.000004
 2822.281490    0.000004
 2822.930660    0.000005
 2823.580080    0.000005
 2824.231200    0.000006
 2824.880860    0.000007
 2825.532230    0.000008
 2826.182370    0.000009
 2826.833980    0.000010
 2827.484380    0.000011
 2828.134770    0.000013
 2828.786870    0.000015
 2829.437740    0.000017
 2830.090090    0.000020
 2830.741210    0.000023
 2831.394040    0.000026
 2832.045410    0.000030
 2832.697020    0.000034
 2833.350100    0.000039
 2834.001950    0.000044
 2834.655520    0.000050
 2835.307620    0.000056
 2835.961180    0.000065
 2836.613770    0.000073
 2837.266360    0.000083
 2837.920410    0.000093
 2838.573490    0.000106
 2839.228030    0.000120
 2839.881100    0.000135
 2840.535890    0.000153
 2841.189450    0.000173
 2841.843020    0.000195
 2842.498540    0.000218
 2843.152340    0.000246
 2843.807860    0.000278
 2844.462160    0.000311
 2845.118160    0.000350
 2845.772710    0.000392
 2846.427250    0.000440
 2847.083740    0.000493
 2847.738770    0.000552
 2848.395260    0.000618
 2849.050540    0.000690
 2849.707760    0.000772
 2850.363280    0.000861
 2851.018800    0.000960
 2851.676270    0.001071
 2852.332280    0.001193
 2852.989990    0.001328
 2853.646480    0.001477
 2854.304440    0.001641
 2854.960940    0.001822
 2855.617920    0.002023
 2856.276370    0.002243
 2856.933350    0.002485
 2857.592290    0.002752
 2858.249760    0.003044
 2858.908940    0.003366
 2859.566650    0.003718
 2860.224370    0.004105
 2860.883790    0.004528
 2861.541750    0.004991
 2862.201900    0.005498
 2862.860350    0.006051
 2863.520510    0.006656
 2864.179200    0.007314
 2864.839840    0.008033
 2865.498780    0.008814
 2866.157960    0.009664
 2866.818850    0.010591
 2867.478520    0.011595
 2868.139650    0.012687
 2868.799320    0.013869
 2869.460940    0.015154
 2870.121090    0.016541
 2870.781490    0.018043
 2871.443360    0.019670
 2872.103760    0.021423
 2872.766360    0.023321
 2873.427000    0.025362
 2874.089600    0.027568
 2874.750730    0.029937
 2875.412110    0.032487
 2876.075440    0.035235
 2876.736820    0.038178
 2877.400390    0.041348
 2878.062260    0.044737
 2878.725830    0.048378
 2879.388180    0.052269
 2880.050540    0.056431
 2880.714600    0.060891
 2881.377440    0.065646
 2882.041750    0.070731
 2882.704830    0.076144
 2883.369380    0.081924
 2884.032960    0.088070
 2884.696530    0.094606
 2885.361330    0.101567
 2886.025390    0.108953
 2886.690920    0.116809
 2887.354980    0.125122
 2888.020510    0.133950
 2888.685060    0.143285
 2889.349610    0.153160
 2890.015870    0.163628
 2890.680910    0.174665
 2891.347410    0.186343
 2892.012700    0.198639
 2892.679200    0.211622
 2893.344970    0.225283
 2894.010500    0.239653
 2894.677730    0.254805
 2895.343510    0.270693
 2896.011470    0.287434
 2896.677490    0.304949
 2897.345460    0.323370
 2898.011960    0.342631
 2898.678960    0.362814
 2899.347170    0.383972
 2900.014160    0.406057
 2900.682860    0.429194
 2901.350100    0.453301
 2902.019530    0.478541
 2902.687010    0.504787
 2903.354740    0.532148
 2904.024410    0.560729
 2904.692380    0.590401
 2905.361820    0.621331
 2906.030520    0.653450
 2906.700680    0.686892
 2907.369140    0.721523
 2908.038090    0.757484
 2908.708500    0.794859
 2909.377930    0.833540
 2910.048830    0.873696
 2910.718260    0.915179
 2911.389650    0.958230
 2912.059330    1.002639
 2912.729250    1.048558
 2913.400630    1.096102
 2914.070800    1.145108
 2914.742920    1.195836
 2915.413570    1.248056
 2916.085690    1.302021
 2916.756590    1.357542
 2917.429200    1.414889
 2918.100340    1.473817
 2918.771730    1.534497
 2919.444580    1.597072
 2920.116210    1.661317
 2920.789550    1.727540
 2921.461670    1.795481
 2922.135500    1.865461
 2922.807370    1.937126
 2923.479740    2.010755
 2924.154050    2.086541
 2924.826660    2.164102
 2925.500980    2.243854
 2926.174070    2.325479
 2926.848880    2.409355
 2927.522220    2.495115
 2928.195800    2.582994
 2928.870850    2.673182
 2929.544920    2.765375
 2930.220460    2.859931
 2930.894530    2.956460
 2931.570310    3.055436
 2932.244630    3.156414
 2932.919190    3.259659
 2933.595700    3.365457
 2934.270260    3.473210
 2934.947270    3.583632
 2935.622310    3.696019
 2936.299070    3.810981
 2936.974850    3.928070
 2937.650390    4.047404
 2938.327880    4.169378
 2939.003660    4.293323
 2939.681400    4.419899
 2940.357670    4.548457
 2941.035640    4.679577
 2941.712160    4.812621
 2942.389160    4.947937
 2943.067630    5.085691
 2943.744630    5.225245
 2944.423580    5.367257
 2945.100830    5.510904
 2945.780030    5.656904
 2946.457760    5.804451
 2947.135500    5.953783
 2947.815190    6.105251
 2948.493410    6.258003
 2949.173100    6.412598
 2949.851560    6.568316
 2950.531980    6.725772
 2951.210450    6.883934
 2951.889650    7.043293
 2952.570070    7.203824
 2953.249270    7.364800
 2953.930660    7.526872
 2954.610110    7.688886
 2955.291500    7.851596
 2955.971190    8.013942
 2956.651120    8.176200
 2957.333010    8.338575
 2958.013180    8.499990
 2958.695560    8.661154
 2959.376220    8.820922
 2960.058350    8.979812
 2960.739500    9.137022
 2961.420410    9.292486
 2962.103520    9.446511
 2962.784910    9.597967
 2963.468020    9.747362
 2964.149900    9.893800
 2964.833500    10.037651
 2965.515380    10.177939
 2966.197750    10.314868
 2966.881590    10.448364
 2967.564210    10.577642
 2968.248540    10.702999
 2968.931150    10.823559
 2969.615720    10.939717
 2970.299070    11.050686
 2970.984130    11.156696
 2971.667480    11.256989
 2972.351070    11.351645
 2973.036620    11.440655
 2973.720700    11.523363
 2974.406250    11.599926
 2975.090580    11.669851
 2975.776610    11.733256
 2976.461180    11.789679
 2977.146000    11.839127
 2977.832280    11.881525
 2978.517580    11.916588
 2979.204350    11.944323
 2979.889650    11.964518
 2980.576660    11.977180
 2981.262210    11.982183
 2981.948240    11.979508
 2982.635990    11.969085
 2983.322020    11.950947
 2984.010010    11.924995
 2984.696530    11.891370
 2985.384770    11.849944
 2986.071530    11.800957
 2986.758540    11.744377
 2987.447270    11.680135
 2988.134770    11.608596
 2988.823490    11.529625
 2989.510990    11.443633
 2990.200440    11.350362
 2990.888180    11.250463
 2991.576170    11.143852
 2992.266360    11.030382
 2992.954830    10.910890
 2993.644780    10.785044
 2994.333500    10.653558
 2995.023930    10.516104
 2995.713130    10.373508
 2996.402100    10.225840
 2997.093020    10.072876
 2997.782710    9.915585
 2998.473880    9.753629
 2999.163570    9.587979
 2999.855470    9.418042
 3000.545410    9.245128
 3001.235600    9.068993
 3001.927730    8.889486
 3002.618410    8.707790
 3003.310550    8.523434
 3004.001710    8.337364
 3004.694340    8.149220
 3005.385740    7.960028
 3006.076900    7.769812
 3006.770020    7.578254
 3007.461670    7.386581
 3008.155270    7.194127
 3008.847410    7.002107
 3009.541260    6.809910
 3010.233400    6.618740
 3010.926270    6.428171
 3011.620360    6.238316
 3012.313230    6.050073
 3013.007810    5.862874
 3013.700930    5.677789
 3014.395750    5.494175
 3015.089360    5.313004
 3015.783200    5.134070
 3016.478270    4.957304
 3017.172610    4.783365
 3017.868160    4.611919
 3018.562260    4.443768
 3019.258540    4.278155
 3019.952880    4.116190
 3020.647950    3.957344
 3021.344480    3.801561
 3022.039310    3.649635
 3022.736330    3.500791
 3023.431640    3.355930
 3024.128660    3.214396
 3024.824460    3.076830
 3025.522220    2.942647
 3026.218020    2.812623
 3026.914310    2.686306
 3027.612300    2.563500
 3028.308840    2.444765
 3029.007080    2.329553
 3029.703860    2.218373
 3030.402590    2.110662
 3031.099850    2.006917
 3031.797120    1.906875
 3032.496090    1.810259
 3033.193600    1.717462
 3033.893310    1.627949
 3034.591060    1.542194
 3035.290770    1.459656
 3035.989010    1.380672
 3036.687740    1.304945
 3037.387700    1.232334
 3038.086670    1.162992
 3038.787350    1.096578
 3039.486080    1.033357
 3040.187260    0.972850
 3040.886470    0.915356
 3041.586180    0.860579
 3042.287350    0.808369
 3042.987550    0.758821
 3043.689210    0.711680
 3044.389160    0.667069
 3045.091060    0.624670
 3045.791750    0.584590
 3046.492430    0.546668
 3047.194820    0.510734
 3047.896000    0.476856
 3048.598880    0.444811
 3049.300050    0.414674
