 2653.384280    0.000000
 2653.996340    0.000000
 2654.606690    0.000000
 2655.217290    0.000000
 2655.829830    0.000000
 2656.440670    0.000000
 2657.053220    0.000000
 2657.664550    0.000000
 2658.277340    0.000000
 2658.888920    0.000000
 2659.500730    0.000000
 2660.114010    0.000000
 2660.725830    0.000000
 2661.339360    0.000000
 2661.951660    0.000000
 2662.565430    0.000000
 2663.177980    0.000000
 2663.790530    0.000000
 2664.404790    0.000000
 2665.017820    0.000000
 2665.632320    0.000000
 2666.245610    0.000000
 2666.860350    0.000000
 2667.473880    0.000000
 2668.089110    0.000000
 2668.702880    0.000000
 2669.316890    0.000000
 2669.932370    0.000000
 2670.546630    0.000000
 2671.162350    0.000000
 2671.776860    0.000000
 2672.393070    0.000000
 2673.007810    0.000000
 2673.622560    0.000000
 2674.239260    0.000000
 2674.854490    0.000000
 2675.471190    0.000000
 2676.086670    0.000000
 2676.703860    0.000000
 2677.319580    0.000000
 2677.935550    0.000000
 2678.552980    0.000000
 2679.169190    0.000000
 2679.786870    0.000000
 2680.403560    0.000000
 2681.021480    0.000000
 2681.638430    0.000000
 2682.255370    0.000000
 2682.873780    0.000000
 2683.490970    0.000000
 2684.109860    0.000000
 2684.727290    0.000000
 2685.346440    0.000000
 2685.964110    0.000000
 2686.582030    0.000000
 2687.201660    0.000000
 2687.819820    0.000000
 2688.439450    0.000000
 2689.057860    0.000000
 2689.677980    0.000000
 2690.296880    0.000000
 2690.915770    0.000000
 2691.536380    0.000000
 2692.155270    0.000000
 2692.776370    0.000000
 2693.395750    0.000000
 2694.016850    0.000000
 2694.636720    0.000000
 2695.256590    0.000000
 2695.877930    0.000000
 2696.498050    0.000000
 2697.119870    0.000000
 2697.740480    0.000000
 2698.362550    0.000000
 2698.983400    0.000000
 2699.604250    0.000000
 2700.226810    0.000000
 2700.847900    0.000000
 2701.470700    0.000000
 2702.092040    0.000000
 2702.715330    0.000000
 2703.337160    0.000000
 2703.958980    0.000000
 2704.582520    0.000000
 2705.204830    0.000000
 2705.828370    0.000000
 2706.450930    0.000000
 2707.074950    0.000000
 2707.697750    0.000000
 2708.320800    0.000000
 2708.945310    0.000000
 2709.568360    0.000000
 2710.193360    0.000000
 2710.816650    0.000000
 2711.441890    0.000000
 2712.065670    0.000000
 2712.689450    0.000000
 2713.314940    0.000000
 2713.939210    0.000000
 2714.565190    0.000000
 2715.189450    0.000000
 2715.815670    0.000000
 2716.440430    0.000000
 2717.066890    0.000000
 2717.691890    0.000000
 2718.317140    0.000000
 2718.943850    0.000000
 2719.569340    0.000000
 2720.196530    0.000000
 2720.822270    0.000000
 2721.449710    0.000000
 2722.075680    0.000000
 2722.702150    0.000000
 2723.329830    0.000000
 2723.956300    0.000000
 2724.584470    0.000000
 2725.211430    0.000000
 2725.839600    0.000000
 2726.466800    0.000000
 2727.093990    0.000000
 2727.722900    0.000000
 2728.350340    0.000000
 2728.979490    0.000000
 2729.607420    0.000000
 2730.236820    0.000000
 2730.864750    0.000000
 2731.493160    0.000000
 2732.122800    0.000000
 2732.751460    0.000000
 2733.381590    0.000000
 2734.010500    0.000000
 2734.640870    0.000000
 2735.270020    0.000000
 2735.899410    0.000000
 2736.530270    0.000000
 2737.159670    0.000000
 2737.790770    0.000000
 2738.420650    0.000000
 2739.052250    0.000000
 2739.682370    0.000000
 2740.312500    0.000000
 2740.944340    0.000000
 2741.575200    0.000000
 2742.207280    0.000000
 2742.838130    0.000000
 2743.470460    0.000000
 2744.101560    0.000000
 2744.732910    0.000000
 2745.365970    0.000000
 2745.997310    0.000000
 2746.630860    0.000000
 2747.262700    0.000000
 2747.896000    0.000000
 2748.528080    0.000000
 2749.160640    0.000000
 2749.794430    0.000000
 2750.427000    0.000000
 2751.061280    0.000000
 2751.694090    0.000000
 2752.328610    0.000000
 2752.961910    0.000000
 2753.595210    0.000000
 2754.230220    0.000000
 2754.863770    0.000000
 2755.499020    0.000000
 2756.132810    0.000000
 2756.768550    0.000000
 2757.402590    0.000000
 2758.036870    0.000000
 2758.673100    0.000000
 2759.307620    0.000000
 2759.943850    0.000000
 2760.578860    0.000000
 2761.215330    0.000000
 2761.850590    0.000000
 2762.487550    0.000000
 2763.123050    0.000000
 2763.758790    0.000000
 2764.396000    0.000000
 2765.031980    0.000000
 2765.669430    0.000000
 2766.305910    0.000000
 2766.943600    0.000000
 2767.580320    0.000000
 2768.216800    0.000000
 2768.855220    0.000000
 2769.492190    0.000000
 2770.130860    0.000000
 2770.768070    0.000000
 2771.407230    0.000000
 2772.044680    0.000000
 2772.682130    0.000000
 2773.321780    0.000000
 2773.959720    0.000000
 2774.599370    0.000000
 2775.237550    0.000000
 2775.877690    0.000000
 2776.516360    0.000000
 2777.155030    0.000000
 2777.795170    0.000000
 2778.434330    0.000000
 2779.074950    0.000000
 2779.714360    0.000000
 2780.355470    0.000000
 2780.995120    0.000000
 2781.634770    0.000000
 2782.276120    0.000000
 2782.916260    0.000000
 2783.558110    0.000000
 2784.198490    0.000000
 2784.840330    0.000000
 2785.480960    0.000000
 2786.121830    0.000001
 2786.764400    0.000001
 2787.405270    0.000001
 2788.048100    0.000001
 2788.689450    0.000001
 2789.332520    0.000001
 2789.974370    0.000001
 2790.615970    0.000001
 2791.259770    0.000001
 2791.901610    0.000002
 2792.545410    0.000002
 2793.187990    0.000002
 2793.832030    0.000002
 2794.474850    0.000003
 2795.117680    0.000003
 2795.762210    0.000003
 2796.405520    0.000004
 2797.050290    0.000004
 2797.693600    0.000005
 2798.338870    0.000005
 2798.982420    0.000006
 2799.626460    0.000007
 2800.272220    0.000008
 2800.916260    0.000008
 2801.562260    0.000010
 2802.206790    0.000010
 2802.852780    0.000011
 2803.497560    0.000012
 2804.142580    0.000014
 2804.789310    0.000016
 2805.434330    0.000017
 2806.081300    0.000020
 2806.726810    0.000022
 2807.374020    0.000025
 2808.020020    0.000028
 2808.666020    0.000031
 2809.313480    0.000033
 2809.959960    0.000037
 2810.607910    0.000042
 2811.254390    0.000046
 2811.902830    0.000051
 2812.549560    0.000057
 2813.198240    0.000063
 2813.845210    0.000071
 2814.492680    0.000077
 2815.141600    0.000086
 2815.789310    0.000095
 2816.438720    0.000106
 2817.086430    0.000116
 2817.736080    0.000129
 2818.384520    0.000142
 2819.032710    0.000157
 2819.682620    0.000174
 2820.331300    0.000192
 2820.981930    0.000212
 2821.630620    0.000233
 2822.281490    0.000257
 2822.930660    0.000283
 2823.580080    0.000311
 2824.231200    0.000342
 2824.880860    0.000377
 2825.532230    0.000414
 2826.182370    0.000455
 2826.833980    0.000500
 2827.484380    0.000548
 2828.134770    0.000602
 2828.786870    0.000659
 2829.437740    0.000723
 2830.090090    0.000792
 2830.741210    0.000867
 2831.394040    0.000949
 2832.045410    0.001038
 2832.697020    0.001134
 2833.350100    0.001240
 2834.001950    0.001353
 2834.655520    0.001478
 2835.307620    0.001613
 2835.961180    0.001759
 2836.613770    0.001917
 2837.266360    0.002089
 2837.920410    0.002275
 2838.573490    0.002476
 2839.228030    0.002693
 2839.881100    0.002929
 2840.535890    0.003183
 2841.189450    0.003458
 2841.843020    0.003755
 2842.498540    0.004075
 2843.152340    0.004420
 2843.807860    0.004793
 2844.462160    0.005194
 2845.118160    0.005627
 2845.772710    0.006092
 2846.427250    0.006592
 2847.083740    0.007131
 2847.738770    0.007709
 2848.395260    0.008330
 2849.050540    0.008997
 2849.707760    0.009713
 2850.363280    0.010480
 2851.018800    0.011302
 2851.676270    0.012185
 2852.332280    0.013128
 2852.989990    0.014139
 2853.646480    0.015220
 2854.304440    0.016376
 2854.960940    0.017611
 2855.617920    0.018929
 2856.276370    0.020338
 2856.933350    0.021839
 2857.592290    0.023444
 2858.249760    0.025151
 2858.908940    0.026974
 2859.566650    0.028910
 2860.224370    0.030970
 2860.883790    0.033166
 2861.541750    0.035496
 2862.201900    0.037979
 2862.860350    0.040609
 2863.520510    0.043408
 2864.179200    0.046371
 2864.839840    0.049521
 2865.498780    0.052852
 2866.157960    0.056381
 2866.818850    0.060127
 2867.478520    0.064083
 2868.139650    0.068277
 2868.799320    0.072701
 2869.460940    0.077390
 2870.121090    0.082330
 2870.781490    0.087546
 2871.443360    0.093062
 2872.103760    0.098867
 2872.766360    0.105005
 2873.427000    0.111453
 2874.089600    0.118262
 2874.750730    0.125414
 2875.412110    0.132939
 2876.075440    0.140877
 2876.736820    0.149193
 2877.400390    0.157959
 2878.062260    0.167140
 2878.725830    0.176800
 2879.388180    0.186914
 2880.050540    0.197519
 2880.714600    0.208662
 2881.377440    0.220313
 2882.041750    0.232539
 2882.704830    0.245312
 2883.369380    0.258702
 2884.032960    0.272683
 2884.696530    0.287294
 2885.361330    0.302587
 2886.025390    0.318538
 2886.690920    0.335222
 2887.354980    0.352591
 2888.020510    0.370743
 2888.685060    0.389636
 2889.349610    0.409319
 2890.015870    0.429872
 2890.680910    0.451226
 2891.347410    0.473496
 2892.012700    0.496617
 2892.679200    0.520699
 2893.344970    0.545696
 2894.010500    0.571653
 2894.677730    0.598674
 2895.343510    0.626657
 2896.011470    0.655787
 2896.677490    0.685905
 2897.345460    0.717219
 2898.011960    0.749597
 2898.678960    0.783155
 2899.347170    0.817966
 2900.014160    0.853926
 2900.682860    0.891224
 2901.350100    0.929711
 2902.019530    0.969628
 2902.687010    1.010756
 2903.354740    1.053251
 2904.024410    1.097258
 2904.692380    1.142562
 2905.361820    1.189406
 2906.030520    1.237666
 2906.700680    1.287529
 2907.369140    1.338785
 2908.038090    1.391623
 2908.708500    1.446155
 2909.377930    1.502208
 2910.048830    1.560014
 2910.718260    1.619345
 2911.389650    1.680530
 2912.059330    1.743259
 2912.729250    1.807734
 2913.400630    1.874101
 2914.070800    1.942116
 2914.742920    2.012125
 2915.413570    2.083796
 2916.085690    2.157459
 2916.756590    2.232841
 2917.429200    2.310288
 2918.100340    2.389454
 2918.771730    2.470550
 2919.444580    2.553742
 2920.116210    2.638715
 2920.789550    2.725851
 2921.461670    2.814782
 2922.135500    2.905907
 2922.807370    2.998736
 2923.479740    3.093604
 2924.154050    3.190732
 2924.826660    3.289594
 2925.500980    3.390691
 2926.174070    3.493585
 2926.848880    3.598718
 2927.522220    3.705590
 2928.195800    3.814459
 2928.870850    3.925515
 2929.544920    4.038344
 2930.220460    4.153340
 2930.894530    4.269983
 2931.570310    4.388802
 2932.244630    4.509211
 2932.919190    4.631483
 2933.595700    4.755903
 2934.270260    4.881720
 2934.947270    5.009713
 2935.622310    5.139012
 2936.299070    5.270274
 2936.974850    5.402928
 2937.650390    5.537064
 2938.327880    5.673065
 2939.003660    5.810139
 2939.681400    5.948963
 2940.357670    6.088771
 2941.035640    6.230149
 2941.712160    6.372360
 2942.389160    6.515732
 2943.067630    6.660392
 2943.744630    6.805630
 2944.423580    6.952086
 2945.100830    7.098877
 2945.780030    7.246697
 2946.457760    7.394699
 2947.135500    7.543096
 2947.815190    7.692204
 2948.493410    7.841160
 2949.173100    7.990489
 2949.851560    8.139480
 2950.531980    8.288703
 2951.210450    8.437174
 2951.889650    8.585350
 2952.570070    8.733200
 2953.249270    8.880056
 2953.930660    9.026516
 2954.610110    9.171542
 2955.291500    9.315825
 2955.971190    9.458441
 2956.651120    9.599654
 2957.333010    9.739663
 2958.013180    9.877562
 2958.695560    10.013986
 2959.376220    10.147999
 2960.058350    10.280071
 2960.739500    10.409574
 2961.420410    10.536495
 2962.103520    10.661125
 2962.784910    10.782595
 2963.468020    10.901359
 2964.149900    11.016752
 2964.833500    11.129116
 2965.515380    11.237740
 2966.197750    11.342836
 2966.881590    11.444397
 2967.564210    11.541879
 2968.248540    11.635558
 2968.931150    11.724833
 2969.615720    11.810047
 2970.299070    11.890675
 2970.984130    11.966933
 2971.667480    12.038326
 2972.351070    12.104959
 2973.036620    12.166872
 2973.720700    12.223648
 2974.406250    12.275434
 2975.090580    12.321941
 2975.776610    12.363276
 2976.461180    12.399173
 2977.146000    12.429667
 2977.832280    12.454729
 2978.517580    12.474216
 2979.204350    12.488141
 2979.889650    12.496410
 2980.576660    12.499027
 2981.262210    12.495955
 2981.948240    12.487185
 2982.635990    12.472668
 2983.322020    12.452478
 2984.010010    12.426516
 2984.696530    12.394924
 2985.384770    12.357583
 2986.071530    12.314696
 2986.758540    12.266219
 2987.447270    12.212074
 2988.134770    12.152550
 2988.823490    12.087500
 2989.510990    12.017237
 2990.200440    11.941508
 2990.888180    11.860808
 2991.576170    11.775023
 2992.266360    11.683988
 2992.954830    11.588328
 2993.644780    11.487724
 2994.333500    11.382695
 2995.023930    11.272919
 2995.713130    11.158998
 2996.402100    11.040928
 2997.093020    10.918467
 2997.782710    10.792324
 2998.473880    10.662168
 2999.163570    10.528710
 2999.855470    10.391409
 3000.545410    10.251252
 3001.235600    10.107981
 3001.927730    9.961402
 3002.618410    9.812416
 3003.310550    9.660570
 3004.001710    9.506581
 3004.694340    9.350086
 3005.385740    9.191875
 3006.076900    9.031915
 3006.770020    8.869875
 3007.461670    8.706738
 3008.155270    8.541879
 3008.847410    8.376293
 3009.541260    8.209402
 3010.233400    8.042206
 3010.926270    7.874295
 3011.620360    7.705724
 3012.313230    7.537257
 3013.007810    7.368351
 3013.700930    7.199944
 3014.395750    7.031428
 3015.089360    6.863672
 3015.783200    6.696474
 3016.478270    6.529752
 3017.172610    6.364120
 3017.868160    6.199256
 3018.562260    6.035930
 3019.258540    5.873414
 3019.952880    5.712803
 3020.647950    5.553592
 3021.344480    5.395736
 3022.039310    5.240063
 3022.736330    5.085802
 3023.431640    4.933920
 3024.128660    4.783761
 3024.824460    4.636045
 3025.522220    4.490186
 3026.218020    4.347072
 3026.914310    4.206262
 3027.612300    4.067587
 3028.308840    3.931736
 3029.007080    3.798142
 3029.703860    3.667462
 3030.402590    3.539099
 3031.099850    3.413718
 3031.797120    3.291080
 3032.496090    3.170918
 3033.193600    3.053798
 3033.893310    2.939128
 3034.591060    2.827599
 3035.290770    2.718592
 3035.989010    2.612645
 3036.687740    2.509451
 3037.387700    2.408907
 3038.086670    2.311319
 3038.787350    2.216300
 3039.486080    2.124329
 3040.187260    2.034806
 3040.886470    1.948271
 3041.586180    1.864385
 3042.287350    1.783010
 3042.987550    1.704400
 3043.689210    1.628244
 3044.389160    1.554851
 3045.091060    1.483791
 3045.791750    1.415350
 3046.492430    1.349357
 3047.194820    1.285612
 3047.896000    1.224336
 3048.598880    1.165224
 3049.300050    1.108515
