 2653.384280    0.000000
 2653.996340    0.000000
 2654.606690    0.000000
 2655.217290    0.000000
 2655.829830    0.000000
 2656.440670    0.000000
 2657.053220    0.000000
 2657.664550    0.000000
 2658.277340    0.000000
 2658.888920    0.000000
 2659.500730    0.000000
 2660.114010    0.000000
 2660.725830    0.000000
 2661.339360    0.000000
 2661.951660    0.000000
 2662.565430    0.000000
 2663.177980    0.000000
 2663.790530    0.000000
 2664.404790    0.000000
 2665.017820    0.000000
 2665.632320    0.000000
 2666.245610    0.000000
 2666.860350    0.000000
 2667.473880    0.000000
 2668.089110    0.000000
 2668.702880    0.000000
 2669.316890    0.000000
 2669.932370    0.000000
 2670.546630    0.000000
 2671.162350    0.000000
 2671.776860    0.000000
 2672.393070    0.000000
 2673.007810    0.000000
 2673.622560    0.000000
 2674.239260    0.000000
 2674.854490    0.000000
 2675.471190    0.000000
 2676.086670    0.000000
 2676.703860    0.000000
 2677.319580    0.000000
 2677.935550    0.000000
 2678.552980    0.000000
 2679.169190    0.000000
 2679.786870    0.000000
 2680.403560    0.000000
 2681.021480    0.000000
 2681.638430    0.000000
 2682.255370    0.000000
 2682.873780    0.000000
 2683.490970    0.000000
 2684.109860    0.000000
 2684.727290    0.000000
 2685.346440    0.000000
 2685.964110    0.000000
 2686.582030    0.000000
 2687.201660    0.000000
 2687.819820    0.000000
 2688.439450    0.000000
 2689.057860    0.000000
 2689.677980    0.000000
 2690.296880    0.000000
 2690.915770    0.000000
 2691.536380    0.000000
 2692.155270    0.000000
 2692.776370    0.000000
 2693.395750    0.000000
 2694.016850    0.000000
 2694.636720    0.000000
 2695.256590    0.000000
 2695.877930    0.000000
 2696.498050    0.000000
 2697.119870    0.000000
 2697.740480    0.000000
 2698.362550    0.000000
 2698.983400    0.000000
 2699.604250    0.000000
 2700.226810    0.000000
 2700.847900    0.000000
 2701.470700    0.000000
 2702.092040    0.000000
 2702.715330    0.000000
 2703.337160    0.000000
 2703.958980    0.000000
 2704.582520    0.000000
 2705.204830    0.000000
 2705.828370    0.000000
 2706.450930    0.000000
 2707.074950    0.000000
 2707.697750    0.000000
 2708.320800    0.000000
 2708.945310    0.000000
 2709.568360    0.000000
 2710.193360    0.000000
 2710.816650    0.000000
 2711.441890    0.000000
 2712.065670    0.000000
 2712.689450    0.000000
 2713.314940    0.000000
 2713.939210    0.000000
 2714.565190    0.000000
 2715.189450    0.000000
 2715.815670    0.000000
 2716.440430    0.000000
 2717.066890    0.000000
 2717.691890    0.000000
 2718.317140    0.000000
 2718.943850    0.000000
 2719.569340    0.000000
 2720.196530    0.000000
 2720.822270    0.000000
 2721.449710    0.000000
 2722.075680    0.000000
 2722.702150    0.000000
 2723.329830    0.000000
 2723.956300    0.000000
 2724.584470    0.000000
 2725.211430    0.000000
 2725.839600    0.000000
 2726.466800    0.000000
 2727.093990    0.000000
 2727.722900    0.000000
 2728.350340    0.000000
 2728.979490    0.000000
 2729.607420    0.000000
 2730.236820    0.000000
 2730.864750    0.000000
 2731.493160    0.000000
 2732.122800    0.000000
 2732.751460    0.000000
 2733.381590    0.000000
 2734.010500    0.000000
 2734.640870    0.000000
 2735.270020    0.000000
 2735.899410    0.000000
 2736.530270    0.000000
 2737.159670    0.000000
 2737.790770    0.000000
 2738.420650    0.000000
 2739.052250    0.000000
 2739.682370    0.000000
 2740.312500    0.000000
 2740.944340    0.000000
 2741.575200    0.000000
 2742.207280    0.000000
 2742.838130    0.000000
 2743.470460    0.000000
 2744.101560    0.000000
 2744.732910    0.000000
 2745.365970    0.000000
 2745.997310    0.000000
 2746.630860    0.000000
 2747.262700    0.000000
 2747.896000    0.000000
 2748.528080    0.000000
 2749.160640    0.000000
 2749.794430    0.000000
 2750.427000    0.000000
 2751.061280    0.000000
 2751.694090    0.000000
 2752.328610    0.000000
 2752.961910    0.000000
 2753.595210    0.000000
 2754.230220    0.000000
 2754.863770    0.000000
 2755.499020    0.000000
 2756.132810    0.000000
 2756.768550    0.000000
 2757.402590    0.000000
 2758.036870    0.000000
 2758.673100    0.000000
 2759.307620    0.000000
 2759.943850    0.000000
 2760.578860    0.000000
 2761.215330    0.000000
 2761.850590    0.000000
 2762.487550    0.000000
 2763.123050    0.000000
 2763.758790    0.000000
 2764.396000    0.000000
 2765.031980    0.000000
 2765.669430    0.000000
 2766.305910    0.000000
 2766.943600    0.000000
 2767.580320    0.000000
 2768.216800    0.000000
 2768.855220    0.000000
 2769.492190    0.000000
 2770.130860    0.000000
 2770.768070    0.000000
 2771.407230    0.000000
 2772.044680    0.000000
 2772.682130    0.000000
 2773.321780    0.000000
 2773.959720    0.000000
 2774.599370    0.000000
 2775.237550    0.000000
 2775.877690    0.000000
 2776.516360    0.000000
 2777.155030    0.000000
 2777.795170    0.000000
 2778.434330    0.000000
 2779.074950    0.000001
 2779.714360    0.000001
 2780.355470    0.000001
 2780.995120    0.000001
 2781.634770    0.000001
 2782.276120    0.000002
 2782.916260    0.000002
 2783.558110    0.000003
 2784.198490    0.000004
 2784.840330    0.000005
 2785.480960    0.000006
 2786.121830    0.000007
 2786.764400    0.000009
 2787.405270    0.000010
 2788.048100    0.000012
 2788.689450    0.000015
 2789.332520    0.000019
 2789.974370    0.000023
 2790.615970    0.000028
 2791.259770    0.000033
 2791.901610    0.000041
 2792.545410    0.000050
 2793.187990    0.000060
 2793.832030    0.000072
 2794.474850    0.000087
 2795.117680    0.000105
 2795.762210    0.000125
 2796.405520    0.000150
 2797.050290    0.000178
 2797.693600    0.000213
 2798.338870    0.000252
 2798.982420    0.000298
 2799.626460    0.000353
 2800.272220    0.000417
 2800.916260    0.000490
 2801.562260    0.000576
 2802.206790    0.000675
 2802.852780    0.000790
 2803.497560    0.000922
 2804.142580    0.001073
 2804.789310    0.001247
 2805.434330    0.001446
 2806.081300    0.001673
 2806.726810    0.001930
 2807.374020    0.002223
 2808.020020    0.002554
 2808.666020    0.002929
 2809.313480    0.003351
 2809.959960    0.003825
 2810.607910    0.004358
 2811.254390    0.004952
 2811.902830    0.005618
 2812.549560    0.006357
 2813.198240    0.007179
 2813.845210    0.008088
 2814.492680    0.009092
 2815.141600    0.010202
 2815.789310    0.011419
 2816.438720    0.012757
 2817.086430    0.014217
 2817.736080    0.015815
 2818.384520    0.017550
 2819.032710    0.019434
 2819.682620    0.021479
 2820.331300    0.023684
 2820.981930    0.026067
 2821.630620    0.028622
 2822.281490    0.031371
 2822.930660    0.034306
 2823.580080    0.037439
 2824.231200    0.040785
 2824.880860    0.044332
 2825.532230    0.048104
 2826.182370    0.052088
 2826.833980    0.056304
 2827.484380    0.060740
 2828.134770    0.065405
 2828.786870    0.070319
 2829.437740    0.075462
 2830.090090    0.080861
 2830.741210    0.086498
 2831.394040    0.092405
 2832.045410    0.098561
 2832.697020    0.104989
 2833.350100    0.111714
 2834.001950    0.118723
 2834.655520    0.126063
 2835.307620    0.133720
 2835.961180    0.141756
 2836.613770    0.150169
 2837.266360    0.159009
 2837.920410    0.168342
 2838.573490    0.178185
 2839.228030    0.188634
 2839.881100    0.199716
 2840.535890    0.211564
 2841.189450    0.224219
 2841.843020    0.237811
 2842.498540    0.252502
 2843.152340    0.268349
 2843.807860    0.285583
 2844.462160    0.304300
 2845.118160    0.324773
 2845.772710    0.347109
 2846.427250    0.371579
 2847.083740    0.398515
 2847.738770    0.428048
 2848.395260    0.460603
 2849.050540    0.496365
 2849.707760    0.535851
 2850.363280    0.579206
 2851.018800    0.626915
 2851.676270    0.679549
 2852.332280    0.737272
 2852.989990    0.800827
 2853.646480    0.870411
 2854.304440    0.946815
 2854.960940    1.030215
 2855.617920    1.121379
 2856.276370    1.221028
 2856.933350    1.329284
 2857.592290    1.447294
 2858.249760    1.575041
 2858.908940    1.713732
 2859.566650    1.863292
 2860.224370    2.024595
 2860.883790    2.198679
 2861.541750    2.385269
 2862.201900    2.585965
 2862.860350    2.800104
 2863.520510    3.029282
 2864.179200    3.272844
 2864.839840    3.532471
 2865.498780    3.807075
 2866.157960    4.097703
 2866.818850    4.405294
 2867.478520    4.728646
 2868.139650    5.069150
 2868.799320    5.425275
 2869.460940    5.798765
 2870.121090    6.187486
 2870.781490    6.592074
 2871.443360    7.012893
 2872.103760    7.447520
 2872.766360    7.897698
 2873.427000    8.359807
 2874.089600    8.835627
 2874.750730    9.321645
 2875.412110    9.817879
 2876.075440    10.324316
 2876.736820    10.836502
 2877.400390    11.356057
 2878.062260    11.878210
 2878.725830    12.403816
 2879.388180    12.928621
 2880.050540    13.451554
 2880.714600    13.971830
 2881.377440    14.484947
 2882.041750    14.990724
 2882.704830    15.484800
 2883.369380    15.966839
 2884.032960    16.432714
 2884.696530    16.880812
 2885.361330    17.309599
 2886.025390    17.715534
 2886.690920    18.097723
 2887.354980    18.452379
 2888.020510    18.779064
 2888.685060    19.074680
 2889.349610    19.338001
 2890.015870    19.568010
 2890.680910    19.762278
 2891.347410    19.920374
 2892.012700    20.040659
 2892.679200    20.122808
 2893.344970    20.166012
 2894.010500    20.170080
 2894.677730    20.134846
 2895.343510    20.060633
 2896.011470    19.947403
 2896.677490    19.796505
 2897.345460    19.607960
 2898.011960    19.383818
 2898.678960    19.124853
 2899.347170    18.832193
 2900.014160    18.508652
 2900.682860    18.154692
 2901.350100    17.774044
 2902.019530    17.366789
 2902.687010    16.937754
 2903.354740    16.488028
 2904.024410    16.018845
 2904.692380    15.535296
 2905.361820    15.037654
 2906.030520    14.530094
 2906.700680    14.013482
 2907.369140    13.492775
 2908.038090    12.968713
 2908.708500    12.442892
 2909.377930    11.919497
 2910.048830    11.398785
 2910.718260    10.885069
 2911.389650    10.377632
 2912.059330    9.880996
 2912.729250    9.395271
 2913.400630    8.921048
 2914.070800    8.461497
 2914.742920    8.015560
 2915.413570    7.586450
 2916.085690    7.173051
 2916.756590    6.777619
 2917.429200    6.398886
 2918.100340    6.038924
 2918.771730    5.696905
 2919.444580    5.372270
 2920.116210    5.066193
 2920.789550    4.777107
 2921.461670    4.505929
 2922.135500    4.251040
 2922.807370    4.013275
 2923.479740    3.791104
 2924.154050    3.583450
 2924.826660    3.390724
 2925.500980    3.211177
 2926.174070    3.044808
 2926.848880    2.890093
 2927.522220    2.746942
 2928.195800    2.614138
 2928.870850    2.490664
 2929.544920    2.376178
 2930.220460    2.269495
 2930.894530    2.170329
 2931.570310    2.077499
 2932.244630    1.990767
 2932.919190    1.909262
 2933.595700    1.832205
 2934.270260    1.759495
 2934.947270    1.690157
 2935.622310    1.624192
 2936.299070    1.560831
 2936.974850    1.499969
 2937.650390    1.441216
 2938.327880    1.384115
 2939.003660    1.328747
 2939.681400    1.274618
 2940.357670    1.221847
 2941.035640    1.170064
 2941.712160    1.119422
 2942.389160    1.069709
 2943.067630    1.020817
 2943.744630    0.972939
 2944.423580    0.925835
 2945.100830    0.879775
 2945.780030    0.834539
 2946.457760    0.790392
 2947.135500    0.747280
 2947.815190    0.705132
 2948.493410    0.664211
 2949.173100    0.624394
 2949.851560    0.585889
 2950.531980    0.548564
 2951.210450    0.512677
 2951.889650    0.478121
 2952.570070    0.444907
 2953.249270    0.413182
 2953.930660    0.382807
 2954.610110    0.353978
 2955.291500    0.326534
 2955.971190    0.300618
 2956.651120    0.276141
 2957.333010    0.253030
 2958.013180    0.231385
 2958.695560    0.211055
 2959.376220    0.192120
 2960.058350    0.174450
 2960.739500    0.158067
 2961.420410    0.142900
 2962.103520    0.128850
 2962.784910    0.115944
 2963.468020    0.104061
 2964.149900    0.093199
 2964.833500    0.083254
 2965.515380    0.074218
 2966.197750    0.066003
 2966.881590    0.058545
 2967.564210    0.051821
 2968.248540    0.045747
 2968.931150    0.040302
 2969.615720    0.035410
 2970.299070    0.031045
 2970.984130    0.027145
 2971.667480    0.023688
 2972.351070    0.020621
 2973.036620    0.017901
 2973.720700    0.015509
 2974.406250    0.013400
 2975.090580    0.011554
 2975.776610    0.009934
 2976.461180    0.008524
 2977.146000    0.007297
 2977.832280    0.006228
 2978.517580    0.005306
 2979.204350    0.004508
 2979.889650    0.003821
 2980.576660    0.003231
 2981.262210    0.002726
 2981.948240    0.002295
 2982.635990    0.001925
 2983.322020    0.001613
 2984.010010    0.001347
 2984.696530    0.001122
 2985.384770    0.000933
 2986.071530    0.000774
 2986.758540    0.000640
 2987.447270    0.000528
 2988.134770    0.000435
 2988.823490    0.000358
 2989.510990    0.000293
 2990.200440    0.000239
 2990.888180    0.000195
 2991.576170    0.000158
 2992.266360    0.000129
 2992.954830    0.000104
 2993.644780    0.000084
 2994.333500    0.000068
 2995.023930    0.000054
 2995.713130    0.000044
 2996.402100    0.000035
 2997.093020    0.000028
 2997.782710    0.000022
 2998.473880    0.000017
 2999.163570    0.000014
 2999.855470    0.000010
 3000.545410    0.000009
 3001.235600    0.000007
 3001.927730    0.000006
 3002.618410    0.000004
 3003.310550    0.000003
 3004.001710    0.000003
 3004.694340    0.000002
 3005.385740    0.000002
 3006.076900    0.000001
 3006.770020    0.000001
 3007.461670    0.000001
 3008.155270    0.000001
 3008.847410    0.000000
 3009.541260    0.000000
 3010.233400    0.000000
 3010.926270    0.000000
 3011.620360    0.000000
 3012.313230    0.000000
 3013.007810    0.000000
 3013.700930    0.000000
 3014.395750    0.000000
 3015.089360    0.000000
 3015.783200    0.000000
 3016.478270    0.000000
 3017.172610    0.000000
 3017.868160    0.000000
 3018.562260    0.000000
 3019.258540    0.000000
 3019.952880    0.000000
 3020.647950    0.000000
 3021.344480    0.000000
 3022.039310    0.000000
 3022.736330    0.000000
 3023.431640    0.000000
 3024.128660    0.000000
 3024.824460    0.000000
 3025.522220    0.000000
 3026.218020    0.000000
 3026.914310    0.000000
 3027.612300    0.000000
 3028.308840    0.000000
 3029.007080    0.000000
 3029.703860    0.000000
 3030.402590    0.000000
 3031.099850    0.000000
 3031.797120    0.000000
 3032.496090    0.000000
 3033.193600    0.000000
 3033.893310    0.000000
 3034.591060    0.000000
 3035.290770    0.000000
 3035.989010    0.000000
 3036.687740    0.000000
 3037.387700    0.000000
 3038.086670    0.000000
 3038.787350    0.000000
 3039.486080    0.000000
 3040.187260    0.000000
 3040.886470    0.000000
 3041.586180    0.000000
 3042.287350    0.000000
 3042.987550    0.000000
 3043.689210    0.000000
 3044.389160    0.000000
 3045.091060    0.000000
 3045.791750    0.000000
 3046.492430    0.000000
 3047.194820    0.000000
 3047.896000    0.000000
 3048.598880    0.000000
 3049.300050    0.000000
