 2653.384280    0.064865
 2653.996340    0.069170
 2654.606690    0.073725
 2655.217290    0.078559
 2655.829830    0.083700
 2656.440670    0.089135
 2657.053220    0.094912
 2657.664550    0.101017
 2658.277340    0.107498
 2658.888920    0.114346
 2659.500730    0.121593
 2660.114010    0.129278
 2660.725830    0.137385
 2661.339360    0.145979
 2661.951660    0.155042
 2662.565430    0.164638
 2663.177980    0.174750
 2663.790530    0.185423
 2664.404790    0.196716
 2665.017820    0.208605
 2665.632320    0.221169
 2666.245610    0.234385
 2666.860350    0.248343
 2667.473880    0.263015
 2668.089110    0.278504
 2668.702880    0.294766
 2669.316890    0.311880
 2669.932370    0.329921
 2670.546630    0.348846
 2671.162350    0.368782
 2671.776860    0.389681
 2672.393070    0.411685
 2673.007810    0.434725
 2673.622560    0.458898
 2674.239260    0.484328
 2674.854490    0.510926
 2675.471190    0.538866
 2676.086670    0.568075
 2676.703860    0.598745
 2677.319580    0.630771
 2677.935550    0.664290
 2678.552980    0.699430
 2679.169190    0.736094
 2679.786870    0.774497
 2680.403560    0.814549
 2681.021480    0.856453
 2681.638430    0.900120
 2682.255370    0.945675
 2682.873780    0.993296
 2683.490970    1.042837
 2684.109860    1.094604
 2684.727290    1.148393
 2685.346440    1.204550
 2685.964110    1.262852
 2686.582030    1.323521
 2687.201660    1.386778
 2687.819820    1.452370
 2688.439450    1.520675
 2689.057860    1.591466
 2689.677980    1.665151
 2690.296880    1.741453
 2690.915770    1.820583
 2691.536380    1.902840
 2692.155270    1.987839
 2692.776370    2.076188
 2693.395750    2.167402
 2694.016850    2.262052
 2694.636720    2.359762
 2695.256590    2.460778
 2695.877930    2.565418
 2696.498050    2.673291
 2697.119870    2.784976
 2697.740480    2.900009
 2698.362550    3.018950
 2698.983400    3.141345
 2699.604250    3.267477
 2700.226810    3.397763
 2700.847900    3.531590
 2701.470700    3.669694
 2702.092040    3.811418
 2702.715330    3.957589
 2703.337160    4.107450
 2703.958980    4.261375
 2704.582520    4.419839
 2705.204830    4.582129
 2705.828370    4.748908
 2706.450930    4.919612
 2707.074950    5.094934
 2707.697750    5.274134
 2708.320800    5.457632
 2708.945310    5.645809
 2709.568360    5.837780
 2710.193360    6.034599
 2710.816650    6.235103
 2711.441890    6.440455
 2712.065670    6.649515
 2712.689450    6.862731
 2713.314940    7.080671
 2713.939210    7.302278
 2714.565190    7.528551
 2715.189450    7.758203
 2715.815670    7.992520
 2716.440430    8.230167
 2717.066890    8.472281
 2717.691890    8.717555
 2718.317140    8.966566
 2718.943850    9.219723
 2719.569340    9.475841
 2720.196530    9.736019
 2720.822270    9.998827
 2721.449710    10.265480
 2722.075680    10.534504
 2722.702150    10.806595
 2723.329830    11.081942
 2723.956300    11.359324
 2724.584470    11.639886
 2725.211430    11.922158
 2725.839600    12.207071
 2726.466800    12.493452
 2727.093990    12.781561
 2727.722900    13.071999
 2728.350340    13.363106
 2728.979490    13.656150
 2729.607420    13.949564
 2730.236820    14.244387
 2730.864750    14.539027
 2731.493160    14.834176
 2732.122800    15.129946
 2732.751460    15.425073
 2733.381590    15.720462
 2734.010500    16.014610
 2734.640870    16.308521
 2735.270020    16.600695
 2735.899410    16.891558
 2736.530270    17.181410
 2737.159670    17.468647
 2737.790770    17.754448
 2738.420650    18.037222
 2739.052250    18.318016
 2739.682370    18.595144
 2740.312500    18.868999
 2740.944340    19.140038
 2741.575200    19.406834
 2742.207280    19.670048
 2742.838130    19.928394
 2743.470460    20.182707
 2744.101560    20.431635
 2744.732910    20.675512
 2745.365970    20.914621
 2745.997310    21.147411
 2746.630860    21.375073
 2747.262700    21.595938
 2747.896000    21.810885
 2748.528080    22.018757
 2749.160640    22.219902
 2749.794430    22.414291
 2750.427000    22.600962
 2751.061280    22.780556
 2751.694090    22.951965
 2752.328610    23.115847
 2752.961910    23.271244
 2753.595210    23.418301
 2754.230220    23.557209
 2754.863770    23.687103
 2755.499020    23.808481
 2756.132810    23.920580
 2756.768550    24.023861
 2757.402590    24.117607
 2758.036870    24.202019
 2758.673100    24.277178
 2759.307620    24.342552
 2759.943850    24.398418
 2760.578860    24.444437
 2761.215330    24.480740
 2761.850590    24.507128
 2762.487550    24.523672
 2763.123050    24.530270
 2763.758790    24.526957
 2764.396000    24.513687
 2765.031980    24.490532
 2765.669430    24.457413
 2766.305910    24.414482
 2766.943600    24.361641
 2767.580320    24.299129
 2768.216800    24.226975
 2768.855220    24.144981
 2769.492190    24.053671
 2770.130860    23.952698
 2770.768070    23.842672
 2771.407230    23.723133
 2772.044680    23.594898
 2772.682130    23.457813
 2773.321780    23.311521
 2773.959720    23.157082
 2774.599370    22.993847
 2775.237550    22.822813
 2775.877690    22.643257
 2776.516360    22.456337
 2777.155030    22.261864
 2777.795170    22.059589
 2778.434330    21.850513
 2779.074950    21.634064
 2779.714360    21.411385
 2780.355470    21.181704
 2780.995120    20.946407
 2781.634770    20.705238
 2782.276120    20.457796
 2782.916260    20.205467
 2783.558110    19.947369
 2784.198490    19.685047
 2784.840330    19.417582
 2785.480960    19.146366
 2786.121830    18.871075
 2786.764400    18.591339
 2787.405270    18.308933
 2788.048100    18.022526
 2788.689450    17.733915
 2789.332520    17.441959
 2789.974370    17.148262
 2790.615970    16.852661
 2791.259770    16.554310
 2791.901610    16.255398
 2792.545410    15.954379
 2793.187990    15.653006
 2793.832030    15.350283
 2794.474850    15.047731
 2795.117680    14.745037
 2795.762210    14.441645
 2796.405520    14.139179
 2797.050290    13.836621
 2797.693600    13.535582
 2798.338870    13.234690
 2798.982420    12.935881
 2799.626460    12.638342
 2800.272220    12.341734
 2800.916260    12.047827
 2801.562260    11.755147
 2802.206790    11.465435
 2802.852780    11.177559
 2803.497560    10.892888
 2804.142580    10.610937
 2804.789310    10.331238
 2805.434330    10.055422
 2806.081300    9.782066
 2806.726810    9.512756
 2807.374020    9.246299
 2808.020020    8.984021
 2808.666020    8.725533
 2809.313480    8.470363
 2809.959960    8.219575
 2810.607910    7.972316
 2811.254390    7.729784
 2811.902830    7.490777
 2812.549560    7.256712
 2813.198240    7.026325
 2813.845210    6.800973
 2814.492680    6.579920
 2815.141600    6.362892
 2815.789310    6.150817
 2816.438720    5.942770
 2817.086430    5.739860
 2817.736080    5.540955
 2818.384520    5.347039
 2819.032710    5.157804
 2819.682620    4.972690
 2820.331300    4.792522
 2820.981930    4.616412
 2821.630620    4.445394
 2822.281490    4.278347
 2822.930660    4.116249
 2823.580080    3.958560
 2824.231200    3.804904
 2824.880860    3.655989
 2825.532230    3.511039
 2826.182370    3.370661
 2826.833980    3.234221
 2827.484380    3.102226
 2828.134770    2.974357
 2828.786870    2.850226
 2829.437740    2.730332
 2830.090090    2.614114
 2830.741210    2.501980
 2831.394040    2.393359
 2832.045410    2.288705
 2832.697020    2.187659
 2833.350100    2.089968
 2834.001950    1.995957
 2834.655520    1.905129
 2835.307620    1.817849
 2835.961180    1.733641
 2836.613770    1.652744
 2837.266360    1.574948
 2837.920410    1.500009
 2838.573490    1.428127
 2839.228030    1.358956
 2839.881100    1.292726
 2840.535890    1.229033
 2841.189450    1.168088
 2841.843020    1.109688
 2842.498540    1.053594
 2843.152340    1.000039
 2843.807860    0.948669
 2844.462160    0.899639
 2845.118160    0.852657
 2845.772710    0.807877
 2846.427250    0.765120
 2847.083740    0.724195
 2847.738770    0.685247
 2848.395260    0.648034
 2849.050540    0.612641
 2849.707760    0.578834
 2850.363280    0.546736
 2851.018800    0.516195
 2851.676270    0.487066
 2852.332280    0.459441
 2852.989990    0.433129
 2853.646480    0.408192
 2854.304440    0.384473
 2854.960940    0.362023
 2855.617920    0.340721
 2856.276370    0.320490
 2856.933350    0.301371
 2857.592290    0.283216
 2858.249760    0.266076
 2858.908940    0.249825
 2859.566650    0.234496
 2860.224370    0.220013
 2860.883790    0.206300
 2861.541750    0.193384
 2862.201900    0.181160
 2862.860350    0.169662
 2863.520510    0.158798
 2864.179200    0.148587
 2864.839840    0.138944
 2865.498780    0.129892
 2866.157960    0.121374
 2866.818850    0.113345
 2867.478520    0.105815
 2868.139650    0.098725
 2868.799320    0.092086
 2869.460940    0.085836
 2870.121090    0.079989
 2870.781490    0.074506
 2871.443360    0.069356
 2872.103760    0.064545
 2872.766360    0.060026
 2873.427000    0.055812
 2874.089600    0.051859
 2874.750730    0.048172
 2875.412110    0.044727
 2876.075440    0.041501
 2876.736820    0.038499
 2877.400390    0.035689
 2878.062260    0.033077
 2878.725830    0.030636
 2879.388180    0.028367
 2880.050540    0.026254
 2880.714600    0.024282
 2881.377440    0.022453
 2882.041750    0.020748
 2882.704830    0.019168
 2883.369380    0.017696
 2884.032960    0.016333
 2884.696530    0.015067
 2885.361330    0.013891
 2886.025390    0.012803
 2886.690920    0.011792
 2887.354980    0.010859
 2888.020510    0.009993
 2888.685060    0.009193
 2889.349610    0.008453
 2890.015870    0.007768
 2890.680910    0.007136
 2891.347410    0.006552
 2892.012700    0.006014
 2892.679200    0.005516
 2893.344970    0.005058
 2894.010500    0.004636
 2894.677730    0.004247
 2895.343510    0.003888
 2896.011470    0.003558
 2896.677490    0.003255
 2897.345460    0.002976
 2898.011960    0.002720
 2898.678960    0.002485
 2899.347170    0.002269
 2900.014160    0.002070
 2900.682860    0.001888
 2901.350100    0.001722
 2902.019530    0.001569
 2902.687010    0.001430
 2903.354740    0.001302
 2904.024410    0.001184
 2904.692380    0.001078
 2905.361820    0.000979
 2906.030520    0.000890
 2906.700680    0.000809
 2907.369140    0.000734
 2908.038090    0.000667
 2908.708500    0.000605
 2909.377930    0.000547
 2910.048830    0.000496
 2910.718260    0.000449
 2911.389650    0.000407
 2912.059330    0.000368
 2912.729250    0.000333
 2913.400630    0.000301
 2914.070800    0.000272
 2914.742920    0.000246
 2915.413570    0.000222
 2916.085690    0.000200
 2916.756590    0.000180
 2917.429200    0.000163
 2918.100340    0.000147
 2918.771730    0.000132
 2919.444580    0.000119
 2920.116210    0.000107
 2920.789550    0.000096
 2921.461670    0.000087
 2922.135500    0.000077
 2922.807370    0.000070
 2923.479740    0.000063
 2924.154050    0.000056
 2924.826660    0.000051
 2925.500980    0.000045
 2926.174070    0.000040
 2926.848880    0.000036
 2927.522220    0.000032
 2928.195800    0.000029
 2928.870850    0.000026
 2929.544920    0.000023
 2930.220460    0.000021
 2930.894530    0.000018
 2931.570310    0.000016
 2932.244630    0.000014
 2932.919190    0.000013
 2933.595700    0.000011
 2934.270260    0.000010
 2934.947270    0.000010
 2935.622310    0.000009
 2936.299070    0.000008
 2936.974850    0.000007
 2937.650390    0.000006
 2938.327880    0.000005
 2939.003660    0.000005
 2939.681400    0.000004
 2940.357670    0.000004
 2941.035640    0.000003
 2941.712160    0.000003
 2942.389160    0.000003
 2943.067630    0.000002
 2943.744630    0.000002
 2944.423580    0.000002
 2945.100830    0.000002
 2945.780030    0.000001
 2946.457760    0.000001
 2947.135500    0.000001
 2947.815190    0.000001
 2948.493410    0.000001
 2949.173100    0.000001
 2949.851560    0.000001
 2950.531980    0.000001
 2951.210450    0.000001
 2951.889650    0.000000
 2952.570070    0.000000
 2953.249270    0.000000
 2953.930660    0.000000
 2954.610110    0.000000
 2955.291500    0.000000
 2955.971190    0.000000
 2956.651120    0.000000
 2957.333010    0.000000
 2958.013180    0.000000
 2958.695560    0.000000
 2959.376220    0.000000
 2960.058350    0.000000
 2960.739500    0.000000
 2961.420410    0.000000
 2962.103520    0.000000
 2962.784910    0.000000
 2963.468020    0.000000
 2964.149900    0.000000
 2964.833500    0.000000
 2965.515380    0.000000
 2966.197750    0.000000
 2966.881590    0.000000
 2967.564210    0.000000
 2968.248540    0.000000
 2968.931150    0.000000
 2969.615720    0.000000
 2970.299070    0.000000
 2970.984130    0.000000
 2971.667480    0.000000
 2972.351070    0.000000
 2973.036620    0.000000
 2973.720700    0.000000
 2974.406250    0.000000
 2975.090580    0.000000
 2975.776610    0.000000
 2976.461180    0.000000
 2977.146000    0.000000
 2977.832280    0.000000
 2978.517580    0.000000
 2979.204350    0.000000
 2979.889650    0.000000
 2980.576660    0.000000
 2981.262210    0.000000
 2981.948240    0.000000
 2982.635990    0.000000
 2983.322020    0.000000
 2984.010010    0.000000
 2984.696530    0.000000
 2985.384770    0.000000
 2986.071530    0.000000
 2986.758540    0.000000
 2987.447270    0.000000
 2988.134770    0.000000
 2988.823490    0.000000
 2989.510990    0.000000
 2990.200440    0.000000
 2990.888180    0.000000
 2991.576170    0.000000
 2992.266360    0.000000
 2992.954830    0.000000
 2993.644780    0.000000
 2994.333500    0.000000
 2995.023930    0.000000
 2995.713130    0.000000
 2996.402100    0.000000
 2997.093020    0.000000
 2997.782710    0.000000
 2998.473880    0.000000
 2999.163570    0.000000
 2999.855470    0.000000
 3000.545410    0.000000
 3001.235600    0.000000
 3001.927730    0.000000
 3002.618410    0.000000
 3003.310550    0.000000
 3004.001710    0.000000
 3004.694340    0.000000
 3005.385740    0.000000
 3006.076900    0.000000
 3006.770020    0.000000
 3007.461670    0.000000
 3008.155270    0.000000
 3008.847410    0.000000
 3009.541260    0.000000
 3010.233400    0.000000
 3010.926270    0.000000
 3011.620360    0.000000
 3012.313230    0.000000
 3013.007810    0.000000
 3013.700930    0.000000
 3014.395750    0.000000
 3015.089360    0.000000
 3015.783200    0.000000
 3016.478270    0.000000
 3017.172610    0.000000
 3017.868160    0.000000
 3018.562260    0.000000
 3019.258540    0.000000
 3019.952880    0.000000
 3020.647950    0.000000
 3021.344480    0.000000
 3022.039310    0.000000
 3022.736330    0.000000
 3023.431640    0.000000
 3024.128660    0.000000
 3024.824460    0.000000
 3025.522220    0.000000
 3026.218020    0.000000
 3026.914310    0.000000
 3027.612300    0.000000
 3028.308840    0.000000
 3029.007080    0.000000
 3029.703860    0.000000
 3030.402590    0.000000
 3031.099850    0.000000
 3031.797120    0.000000
 3032.496090    0.000000
 3033.193600    0.000000
 3033.893310    0.000000
 3034.591060    0.000000
 3035.290770    0.000000
 3035.989010    0.000000
 3036.687740    0.000000
 3037.387700    0.000000
 3038.086670    0.000000
 3038.787350    0.000000
 3039.486080    0.000000
 3040.187260    0.000000
 3040.886470    0.000000
 3041.586180    0.000000
 3042.287350    0.000000
 3042.987550    0.000000
 3043.689210    0.000000
 3044.389160    0.000000
 3045.091060    0.000000
 3045.791750    0.000000
 3046.492430    0.000000
 3047.194820    0.000000
 3047.896000    0.000000
 3048.598880    0.000000
 3049.300050    0.000000
