 2653.384280    0.000000
 2653.996340    0.000000
 2654.606690    0.000000
 2655.217290    0.000000
 2655.829830    0.000000
 2656.440670    0.000000
 2657.053220    0.000000
 2657.664550    0.000000
 2658.277340    0.000000
 2658.888920    0.000000
 2659.500730    0.000000
 2660.114010    0.000000
 2660.725830    0.000000
 2661.339360    0.000000
 2661.951660    0.000000
 2662.565430    0.000000
 2663.177980    0.000000
 2663.790530    0.000000
 2664.404790    0.000000
 2665.017820    0.000000
 2665.632320    0.000000
 2666.245610    0.000000
 2666.860350    0.000000
 2667.473880    0.000000
 2668.089110    0.000000
 2668.702880    0.000000
 2669.316890    0.000000
 2669.932370    0.000000
 2670.546630    0.000000
 2671.162350    0.000000
 2671.776860    0.000000
 2672.393070    0.000000
 2673.007810    0.000000
 2673.622560    0.000000
 2674.239260    0.000000
 2674.854490    0.000000
 2675.471190    0.000000
 2676.086670    0.000000
 2676.703860    0.000000
 2677.319580    0.000000
 2677.935550    0.000000
 2678.552980    0.000000
 2679.169190    0.000000
 2679.786870    0.000000
 2680.403560    0.000000
 2681.021480    0.000000
 2681.638430    0.000000
 2682.255370    0.000000
 2682.873780    0.000000
 2683.490970    0.000000
 2684.109860    0.000000
 2684.727290    0.000000
 2685.346440    0.000000
 2685.964110    0.000000
 2686.582030    0.000000
 2687.201660    0.000000
 2687.819820    0.000000
 2688.439450    0.000000
 2689.057860    0.000000
 2689.677980    0.000000
 2690.296880    0.000000
 2690.915770    0.000000
 2691.536380    0.000000
 2692.155270    0.000000
 2692.776370    0.000000
 2693.395750    0.000000
 2694.016850    0.000000
 2694.636720    0.000000
 2695.256590    0.000000
 2695.877930    0.000000
 2696.498050    0.000000
 2697.119870    0.000000
 2697.740480    0.000000
 2698.362550    0.000000
 2698.983400    0.000000
 2699.604250    0.000000
 2700.226810    0.000000
 2700.847900    0.000000
 2701.470700    0.000000
 2702.092040    0.000000
 2702.715330    0.000000
 2703.337160    0.000000
 2703.958980    0.000000
 2704.582520    0.000000
 2705.204830    0.000000
 2705.828370    0.000000
 2706.450930    0.000000
 2707.074950    0.000000
 2707.697750    0.000000
 2708.320800    0.000000
 2708.945310    0.000000
 2709.568360    0.000000
 2710.193360    0.000000
 2710.816650    0.000000
 2711.441890    0.000000
 2712.065670    0.000000
 2712.689450    0.000000
 2713.314940    0.000000
 2713.939210    0.000000
 2714.565190    0.000000
 2715.189450    0.000000
 2715.815670    0.000000
 2716.440430    0.000000
 2717.066890    0.000000
 2717.691890    0.000000
 2718.317140    0.000000
 2718.943850    0.000000
 2719.569340    0.000000
 2720.196530    0.000000
 2720.822270    0.000000
 2721.449710    0.000000
 2722.075680    0.000000
 2722.702150    0.000000
 2723.329830    0.000000
 2723.956300    0.000000
 2724.584470    0.000000
 2725.211430    0.000000
 2725.839600    0.000000
 2726.466800    0.000000
 2727.093990    0.000000
 2727.722900    0.000000
 2728.350340    0.000000
 2728.979490    0.000000
 2729.607420    0.000000
 2730.236820    0.000000
 2730.864750    0.000000
 2731.493160    0.000000
 2732.122800    0.000000
 2732.751460    0.000000
 2733.381590    0.000000
 2734.010500    0.000000
 2734.640870    0.000000
 2735.270020    0.000000
 2735.899410    0.000000
 2736.530270    0.000000
 2737.159670    0.000000
 2737.790770    0.000000
 2738.420650    0.000000
 2739.052250    0.000000
 2739.682370    0.000000
 2740.312500    0.000000
 2740.944340    0.000000
 2741.575200    0.000000
 2742.207280    0.000000
 2742.838130    0.000000
 2743.470460    0.000000
 2744.101560    0.000000
 2744.732910    0.000000
 2745.365970    0.000000
 2745.997310    0.000000
 2746.630860    0.000000
 2747.262700    0.000000
 2747.896000    0.000000
 2748.528080    0.000000
 2749.160640    0.000000
 2749.794430    0.000000
 2750.427000    0.000000
 2751.061280    0.000000
 2751.694090    0.000000
 2752.328610    0.000000
 2752.961910    0.000000
 2753.595210    0.000000
 2754.230220    0.000000
 2754.863770    0.000000
 2755.499020    0.000000
 2756.132810    0.000000
 2756.768550    0.000000
 2757.402590    0.000000
 2758.036870    0.000000
 2758.673100    0.000000
 2759.307620    0.000000
 2759.943850    0.000000
 2760.578860    0.000000
 2761.215330    0.000000
 2761.850590    0.000000
 2762.487550    0.000000
 2763.123050    0.000000
 2763.758790    0.000000
 2764.396000    0.000000
 2765.031980    0.000000
 2765.669430    0.000000
 2766.305910    0.000000
 2766.943600    0.000000
 2767.580320    0.000000
 2768.216800    0.000000
 2768.855220    0.000000
 2769.492190    0.000000
 2770.130860    0.000000
 2770.768070    0.000000
 2771.407230    0.000000
 2772.044680    0.000000
 2772.682130    0.000000
 2773.321780    0.000000
 2773.959720    0.000000
 2774.599370    0.000000
 2775.237550    0.000000
 2775.877690    0.000000
 2776.516360    0.000000
 2777.155030    0.000000
 2777.795170    0.000000
 2778.434330    0.000000
 2779.074950    0.000000
 2779.714360    0.000000
 2780.355470    0.000000
 2780.995120    0.000000
 2781.634770    0.000000
 2782.276120    0.000000
 2782.916260    0.000000
 2783.558110    0.000000
 2784.198490    0.000000
 2784.840330    0.000000
 2785.480960    0.000000
 2786.121830    0.000000
 2786.764400    0.000000
 2787.405270    0.000000
 2788.048100    0.000000
 2788.689450    0.000000
 2789.332520    0.000000
 2789.974370    0.000000
 2790.615970    0.000000
 2791.259770    0.000000
 2791.901610    0.000000
 2792.545410    0.000000
 2793.187990    0.000000
 2793.832030    0.000000
 2794.474850    0.000000
 2795.117680    0.000000
 2795.762210    0.000000
 2796.405520    0.000000
 2797.050290    0.000000
 2797.693600    0.000000
 2798.338870    0.000000
 2798.982420    0.000000
 2799.626460    0.000000
 2800.272220    0.000000
 2800.916260    0.000000
 2801.562260    0.000000
 2802.206790    0.000000
 2802.852780    0.000000
 2803.497560    0.000000
 2804.142580    0.000000
 2804.789310    0.000000
 2805.434330    0.000000
 2806.081300    0.000000
 2806.726810    0.000000
 2807.374020    0.000000
 2808.020020    0.000000
 2808.666020    0.000000
 2809.313480    0.000001
 2809.959960    0.000001
 2810.607910    0.000001
 2811.254390    0.000001
 2811.902830    0.000001
 2812.549560    0.000001
 2813.198240    0.000001
 2813.845210    0.000002
 2814.492680    0.000002
 2815.141600    0.000002
 2815.789310    0.000003
 2816.438720    0.000003
 2817.086430    0.000004
 2817.736080    0.000004
 2818.384520    0.000005
 2819.032710    0.000006
 2819.682620    0.000007
 2820.331300    0.000008
 2820.981930    0.000009
 2821.630620    0.000010
 2822.281490    0.000011
 2822.930660    0.000013
 2823.580080    0.000016
 2824.231200    0.000018
 2824.880860    0.000022
 2825.532230    0.000025
 2826.182370    0.000029
 2826.833980    0.000033
 2827.484380    0.000038
 2828.134770    0.000045
 2828.786870    0.000051
 2829.437740    0.000059
 2830.090090    0.000069
 2830.741210    0.000079
 2831.394040    0.000091
 2832.045410    0.000105
 2832.697020    0.000120
 2833.350100    0.000138
 2834.001950    0.000158
 2834.655520    0.000181
 2835.307620    0.000208
 2835.961180    0.000238
 2836.613770    0.000273
 2837.266360    0.000312
 2837.920410    0.000356
 2838.573490    0.000406
 2839.228030    0.000463
 2839.881100    0.000528
 2840.535890    0.000602
 2841.189450    0.000685
 2841.843020    0.000778
 2842.498540    0.000884
 2843.152340    0.001003
 2843.807860    0.001139
 2844.462160    0.001290
 2845.118160    0.001461
 2845.772710    0.001654
 2846.427250    0.001869
 2847.083740    0.002112
 2847.738770    0.002384
 2848.395260    0.002689
 2849.050540    0.003030
 2849.707760    0.003413
 2850.363280    0.003839
 2851.018800    0.004316
 2851.676270    0.004849
 2852.332280    0.005443
 2852.989990    0.006104
 2853.646480    0.006840
 2854.304440    0.007660
 2854.960940    0.008568
 2855.617920    0.009577
 2856.276370    0.010697
 2856.933350    0.011936
 2857.592290    0.013312
 2858.249760    0.014830
 2858.908940    0.016511
 2859.566650    0.018362
 2860.224370    0.020403
 2860.883790    0.022658
 2861.541750    0.025135
 2862.201900    0.027868
 2862.860350    0.030863
 2863.520510    0.034160
 2864.179200    0.037766
 2864.839840    0.041731
 2865.498780    0.046059
 2866.157960    0.050794
 2866.818850    0.055980
 2867.478520    0.061631
 2868.139650    0.067808
 2868.799320    0.074522
 2869.460940    0.081853
 2870.121090    0.089808
 2870.781490    0.098452
 2871.443360    0.107855
 2872.103760    0.118029
 2872.766360    0.129086
 2873.427000    0.141019
 2874.089600    0.153957
 2874.750730    0.167904
 2875.412110    0.182957
 2876.075440    0.199233
 2876.736820    0.216712
 2877.400390    0.235580
 2878.062260    0.255811
 2878.725830    0.277590
 2879.388180    0.300911
 2880.050540    0.325903
 2880.714600    0.352730
 2881.377440    0.381371
 2882.041750    0.412041
 2882.704830    0.444719
 2883.369380    0.479643
 2884.032960    0.516793
 2884.696530    0.556326
 2885.361330    0.598433
 2886.025390    0.643102
 2886.690920    0.690600
 2887.354980    0.740833
 2888.020510    0.794136
 2888.685060    0.850431
 2889.349610    0.909912
 2890.015870    0.972857
 2890.680910    1.039108
 2891.347410    1.109047
 2892.012700    1.182504
 2892.679200    1.259860
 2893.344970    1.340997
 2894.010500    1.426068
 2894.677730    1.515438
 2895.343510    1.608777
 2896.011470    1.706696
 2896.677490    1.808673
 2897.345460    1.915386
 2898.011960    2.026365
 2898.678960    2.141993
 2899.347170    2.262467
 2900.014160    2.387400
 2900.682860    2.517385
 2901.350100    2.651839
 2902.019530    2.791529
 2902.687010    2.935603
 2903.354740    3.084516
 2904.024410    3.238663
 2904.692380    3.397182
 2905.361820    3.560786
 2906.030520    3.728904
 2906.700680    3.902033
 2907.369140    4.079281
 2908.038090    4.261134
 2908.708500    4.447778
 2909.377930    4.638428
 2910.048830    4.833663
 2910.718260    5.032493
 2911.389650    5.235785
 2912.059330    5.442276
 2912.729250    5.652378
 2913.400630    5.866304
 2914.070800    6.083002
 2914.742920    6.303294
 2915.413570    6.525846
 2916.085690    6.751397
 2916.756590    6.978810
 2917.429200    7.208831
 2918.100340    7.440121
 2918.771730    7.673004
 2919.444580    7.907635
 2920.116210    8.142805
 2920.789550    8.379261
 2921.461670    8.615691
 2922.135500    8.852839
 2922.807370    9.089125
 2923.479740    9.325122
 2924.154050    9.561049
 2924.826660    9.795337
 2925.500980    10.028891
 2926.174070    10.260404
 2926.848880    10.490607
 2927.522220    10.718139
 2928.195800    10.943309
 2928.870850    11.166256
 2929.544920    11.385909
 2930.220460    11.602813
 2930.894530    11.815784
 2931.570310    12.025591
 2932.244630    12.231021
 2932.919190    12.432393
 2933.595700    12.629994
 2934.270260    12.822491
 2934.947270    13.010952
 2935.622310    13.193975
 2936.299070    13.372399
 2936.974850    13.545360
 2937.650390    13.712919
 2938.327880    13.875478
 2939.003660    14.032042
 2939.681400    14.183349
 2940.357670    14.328539
 2941.035640    14.468204
 2941.712160    14.601619
 2942.389160    14.729110
 2943.067630    14.850787
 2943.744630    14.966075
 2944.423580    15.075511
 2945.100830    15.178466
 2945.780030    15.275474
 2946.457760    15.366015
 2947.135500    15.450302
 2947.815190    15.528534
 2948.493410    15.600311
 2949.173100    15.665941
 2949.851560    15.725167
 2950.531980    15.778263
 2951.210450    15.824928
 2951.889650    15.865383
 2952.570070    15.899637
 2953.249270    15.927586
 2953.930660    15.949367
 2954.610110    15.964861
 2955.291500    15.974175
 2955.971190    15.977270
 2956.651120    15.974193
 2957.333010    15.964923
 2958.013180    15.949525
 2958.695560    15.927920
 2959.376220    15.900240
 2960.058350    15.866383
 2960.739500    15.826479
 2961.420410    15.780522
 2962.103520    15.728346
 2962.784910    15.670263
 2963.468020    15.606007
 2964.149900    15.535872
 2964.833500    15.459584
 2965.515380    15.377555
 2966.197750    15.289577
 2966.881590    15.195535
 2967.564210    15.095842
 2968.248540    14.990118
 2968.931150    14.878941
 2969.615720    14.761775
 2970.299070    14.639222
 2970.984130    14.510822
 2971.667480    14.377302
 2972.351070    14.238380
 2973.036620    14.093781
 2973.720700    13.944322
 2974.406250    13.789475
 2975.090580    13.629964
 2975.776610    13.465225
 2976.461180    13.296156
 2977.146000    13.122488
 2977.832280    12.944052
 2978.517580    12.761632
 2979.204350    12.574746
 2979.889650    12.384366
 2980.576660    12.189793
 2981.262210    11.992113
 2981.948240    11.790969
 2982.635990    11.586193
 2983.322020    11.379015
 2984.010010    11.168541
 2984.696530    10.956039
 2985.384770    10.740753
 2986.071530    10.523904
 2986.758540    10.305195
 2987.447270    10.084389
 2988.134770    9.862663
 2988.823490    9.639476
 2989.510990    9.415861
 2990.200440    9.191029
 2990.888180    8.966419
 2991.576170    8.741636
 2992.266360    8.516286
 2992.954830    8.291883
 2993.644780    8.067629
 2994.333500    7.844633
 2995.023930    7.622177
 2995.713130    7.401433
 2996.402100    7.182300
 2997.093020    6.964303
 2997.782710    6.748651
 2998.473880    6.534712
 2999.163570    6.323581
 2999.855470    6.114331
 3000.545410    5.908396
 3001.235600    5.705278
 3001.927730    5.504652
 3002.618410    5.307663
 3003.310550    5.113617
 3004.001710    4.923335
 3004.694340    4.736273
 3005.385740    4.553271
 3006.076900    4.374163
 3006.770020    4.198485
 3007.461670    4.027194
 3008.155270    3.859519
 3008.847410    3.696354
 3009.541260    3.537006
 3010.233400    3.382306
 3010.926270    3.231731
 3011.620360    3.085219
 3012.313230    2.943300
 3013.007810    2.805386
 3013.700930    2.672106
 3014.395750    2.542840
 3015.089360    2.418122
 3015.783200    2.297650
 3016.478270    2.181236
 3017.172610    2.069170
 3017.868160    1.961092
 3018.562260    1.857364
 3019.258540    1.757383
 3019.952880    1.661686
 3020.647950    1.569818
 3021.344480    1.481626
 3022.039310    1.397430
 3022.736330    1.316678
 3023.431640    1.239738
 3024.128660    1.166143
 3024.824460    1.096112
 3025.522220    1.029237
 3026.218020    0.965794
 3026.914310    0.905451
 3027.612300    0.848019
 3028.308840    0.793658
 3029.007080    0.742023
 3029.703860    0.693247
 3030.402590    0.646993
 3031.099850    0.603387
 3031.797120    0.562231
 3032.496090    0.523334
 3033.193600    0.486773
 3033.893310    0.452266
 3034.591060    0.419920
 3035.290770    0.389461
 3035.989010    0.360948
 3036.687740    0.334207
 3037.387700    0.309129
 3038.086670    0.285707
 3038.787350    0.263773
 3039.486080    0.243358
 3040.187260    0.224256
 3040.886470    0.206513
 3041.586180    0.189992
 3042.287350    0.174602
 3042.987550    0.160332
 3043.689210    0.147066
 3044.389160    0.134803
 3045.091060    0.123419
 3045.791750    0.112909
 3046.492430    0.103200
 3047.194820    0.094217
 3047.896000    0.085950
 3048.598880    0.078318
 3049.300050    0.071313
