 2653.384280    0.000000
 2653.996340    0.000000
 2654.606690    0.000000
 2655.217290    0.000000
 2655.829830    0.000000
 2656.440670    0.000000
 2657.053220    0.000000
 2657.664550    0.000000
 2658.277340    0.000000
 2658.888920    0.000000
 2659.500730    0.000000
 2660.114010    0.000000
 2660.725830    0.000000
 2661.339360    0.000000
 2661.951660    0.000000
 2662.565430    0.000000
 2663.177980    0.000000
 2663.790530    0.000000
 2664.404790    0.000000
 2665.017820    0.000000
 2665.632320    0.000000
 2666.245610    0.000000
 2666.860350    0.000000
 2667.473880    0.000000
 2668.089110    0.000000
 2668.702880    0.000000
 2669.316890    0.000000
 2669.932370    0.000000
 2670.546630    0.000000
 2671.162350    0.000000
 2671.776860    0.000000
 2672.393070    0.000000
 2673.007810    0.000000
 2673.622560    0.000000
 2674.239260    0.000000
 2674.854490    0.000000
 2675.471190    0.000000
 2676.086670    0.000000
 2676.703860    0.000000
 2677.319580    0.000000
 2677.935550    0.000000
 2678.552980    0.000000
 2679.169190    0.000000
 2679.786870    0.000000
 2680.403560    0.000000
 2681.021480    0.000000
 2681.638430    0.000000
 2682.255370    0.000000
 2682.873780    0.000000
 2683.490970    0.000000
 2684.109860    0.000000
 2684.727290    0.000000
 2685.346440    0.000000
 2685.964110    0.000000
 2686.582030    0.000000
 2687.201660    0.000000
 2687.819820    0.000000
 2688.439450    0.000000
 2689.057860    0.000000
 2689.677980    0.000000
 2690.296880    0.000000
 2690.915770    0.000000
 2691.536380    0.000000
 2692.155270    0.000000
 2692.776370    0.000000
 2693.395750    0.000000
 2694.016850    0.000000
 2694.636720    0.000000
 2695.256590    0.000000
 2695.877930    0.000000
 2696.498050    0.000000
 2697.119870    0.000000
 2697.740480    0.000000
 2698.362550    0.000000
 2698.983400    0.000000
 2699.604250    0.000000
 2700.226810    0.000000
 2700.847900    0.000000
 2701.470700    0.000000
 2702.092040    0.000000
 2702.715330    0.000000
 2703.337160    0.000000
 2703.958980    0.000000
 2704.582520    0.000000
 2705.204830    0.000000
 2705.828370    0.000000
 2706.450930    0.000000
 2707.074950    0.000000
 2707.697750    0.000000
 2708.320800    0.000000
 2708.945310    0.000000
 2709.568360    0.000000
 2710.193360    0.000000
 2710.816650    0.000000
 2711.441890    0.000000
 2712.065670    0.000000
 2712.689450    0.000000
 2713.314940    0.000000
 2713.939210    0.000000
 2714.565190    0.000000
 2715.189450    0.000000
 2715.815670    0.000000
 2716.440430    0.000000
 2717.066890    0.000000
 2717.691890    0.000000
 2718.317140    0.000000
 2718.943850    0.000000
 2719.569340    0.000000
 2720.196530    0.000000
 2720.822270    0.000000
 2721.449710    0.000000
 2722.075680    0.000000
 2722.702150    0.000000
 2723.329830    0.000000
 2723.956300    0.000000
 2724.584470    0.000000
 2725.211430    0.000000
 2725.839600    0.000000
 2726.466800    0.000000
 2727.093990    0.000000
 2727.722900    0.000000
 2728.350340    0.000000
 2728.979490    0.000000
 2729.607420    0.000000
 2730.236820    0.000000
 2730.864750    0.000000
 2731.493160    0.000000
 2732.122800    0.000000
 2732.751460    0.000000
 2733.381590    0.000000
 2734.010500    0.000000
 2734.640870    0.000000
 2735.270020    0.000000
 2735.899410    0.000000
 2736.530270    0.000000
 2737.159670    0.000000
 2737.790770    0.000000
 2738.420650    0.000000
 2739.052250    0.000000
 2739.682370    0.000000
 2740.312500    0.000000
 2740.944340    0.000000
 2741.575200    0.000000
 2742.207280    0.000000
 2742.838130    0.000000
 2743.470460    0.000000
 2744.101560    0.000000
 2744.732910    0.000000
 2745.365970    0.000000
 2745.997310    0.000000
 2746.630860    0.000000
 2747.262700    0.000000
 2747.896000    0.000000
 2748.528080    0.000000
 2749.160640    0.000000
 2749.794430    0.000000
 2750.427000    0.000000
 2751.061280    0.000000
 2751.694090    0.000000
 2752.328610    0.000000
 2752.961910    0.000000
 2753.595210    0.000000
 2754.230220    0.000000
 2754.863770    0.000000
 2755.499020    0.000000
 2756.132810    0.000000
 2756.768550    0.000000
 2757.402590    0.000000
 2758.036870    0.000000
 2758.673100    0.000000
 2759.307620    0.000000
 2759.943850    0.000000
 2760.578860    0.000000
 2761.215330    0.000000
 2761.850590    0.000000
 2762.487550    0.000000
 2763.123050    0.000000
 2763.758790    0.000000
 2764.396000    0.000000
 2765.031980    0.000000
 2765.669430    0.000000
 2766.305910    0.000000
 2766.943600    0.000000
 2767.580320    0.000000
 2768.216800    0.000000
 2768.855220    0.000000
 2769.492190    0.000000
 2770.130860    0.000000
 2770.768070    0.000000
 2771.407230    0.000000
 2772.044680    0.000000
 2772.682130    0.000000
 2773.321780    0.000000
 2773.959720    0.000000
 2774.599370    0.000000
 2775.237550    0.000000
 2775.877690    0.000000
 2776.516360    0.000000
 2777.155030    0.000000
 2777.795170    0.000000
 2778.434330    0.000000
 2779.074950    0.000000
 2779.714360    0.000000
 2780.355470    0.000000
 2780.995120    0.000000
 2781.634770    0.000000
 2782.276120    0.000000
 2782.916260    0.000000
 2783.558110    0.000000
 2784.198490    0.000000
 2784.840330    0.000000
 2785.480960    0.000000
 2786.121830    0.000000
 2786.764400    0.000000
 2787.405270    0.000000
 2788.048100    0.000000
 2788.689450    0.000000
 2789.332520    0.000000
 2789.974370    0.000000
 2790.615970    0.000000
 2791.259770    0.000000
 2791.901610    0.000000
 2792.545410    0.000000
 2793.187990    0.000000
 2793.832030    0.000000
 2794.474850    0.000000
 2795.117680    0.000000
 2795.762210    0.000000
 2796.405520    0.000000
 2797.050290    0.000000
 2797.693600    0.000000
 2798.338870    0.000000
 2798.982420    0.000000
 2799.626460    0.000000
 2800.272220    0.000000
 2800.916260    0.000000
 2801.562260    0.000000
 2802.206790    0.000000
 2802.852780    0.000000
 2803.497560    0.000000
 2804.142580    0.000000
 2804.789310    0.000000
 2805.434330    0.000000
 2806.081300    0.000000
 2806.726810    0.000000
 2807.374020    0.000000
 2808.020020    0.000000
 2808.666020    0.000000
 2809.313480    0.000000
 2809.959960    0.000000
 2810.607910    0.000000
 2811.254390    0.000000
 2811.902830    0.000000
 2812.549560    0.000000
 2813.198240    0.000000
 2813.845210    0.000000
 2814.492680    0.000000
 2815.141600    0.000000
 2815.789310    0.000000
 2816.438720    0.000000
 2817.086430    0.000000
 2817.736080    0.000000
 2818.384520    0.000000
 2819.032710    0.000000
 2819.682620    0.000000
 2820.331300    0.000000
 2820.981930    0.000000
 2821.630620    0.000000
 2822.281490    0.000000
 2822.930660    0.000000
 2823.580080    0.000000
 2824.231200    0.000000
 2824.880860    0.000000
 2825.532230    0.000000
 2826.182370    0.000000
 2826.833980    0.000000
 2827.484380    0.000000
 2828.134770    0.000000
 2828.786870    0.000000
 2829.437740    0.000000
 2830.090090    0.000000
 2830.741210    0.000000
 2831.394040    0.000000
 2832.045410    0.000000
 2832.697020    0.000000
 2833.350100    0.000000
 2834.001950    0.000000
 2834.655520    0.000000
 2835.307620    0.000000
 2835.961180    0.000000
 2836.613770    0.000000
 2837.266360    0.000001
 2837.920410    0.000001
 2838.573490    0.000001
 2839.228030    0.000001
 2839.881100    0.000001
 2840.535890    0.000001
 2841.189450    0.000001
 2841.843020    0.000002
 2842.498540    0.000002
 2843.152340    0.000002
 2843.807860    0.000003
 2844.462160    0.000003
 2845.118160    0.000004
 2845.772710    0.000004
 2846.427250    0.000005
 2847.083740    0.000006
 2847.738770    0.000007
 2848.395260    0.000008
 2849.050540    0.000009
 2849.707760    0.000010
 2850.363280    0.000011
 2851.018800    0.000013
 2851.676270    0.000016
 2852.332280    0.000018
 2852.989990    0.000021
 2853.646480    0.000025
 2854.304440    0.000029
 2854.960940    0.000032
 2855.617920    0.000037
 2856.276370    0.000043
 2856.933350    0.000050
 2857.592290    0.000056
 2858.249760    0.000065
 2858.908940    0.000074
 2859.566650    0.000085
 2860.224370    0.000097
 2860.883790    0.000112
 2861.541750    0.000127
 2862.201900    0.000145
 2862.860350    0.000165
 2863.520510    0.000189
 2864.179200    0.000215
 2864.839840    0.000244
 2865.498780    0.000277
 2866.157960    0.000314
 2866.818850    0.000357
 2867.478520    0.000403
 2868.139650    0.000457
 2868.799320    0.000517
 2869.460940    0.000584
 2870.121090    0.000659
 2870.781490    0.000743
 2871.443360    0.000837
 2872.103760    0.000942
 2872.766360    0.001060
 2873.427000    0.001191
 2874.089600    0.001338
 2874.750730    0.001501
 2875.412110    0.001682
 2876.075440    0.001884
 2876.736820    0.002108
 2877.400390    0.002357
 2878.062260    0.002632
 2878.725830    0.002937
 2879.388180    0.003274
 2880.050540    0.003647
 2880.714600    0.004060
 2881.377440    0.004514
 2882.041750    0.005015
 2882.704830    0.005567
 2883.369380    0.006174
 2884.032960    0.006841
 2884.696530    0.007572
 2885.361330    0.008376
 2886.025390    0.009255
 2886.690920    0.010221
 2887.354980    0.011273
 2888.020510    0.012426
 2888.685060    0.013683
 2889.349610    0.015053
 2890.015870    0.016549
 2890.680910    0.018175
 2891.347410    0.019946
 2892.012700    0.021866
 2892.679200    0.023953
 2893.344970    0.026215
 2894.010500    0.028662
 2894.677730    0.031316
 2895.343510    0.034180
 2896.011470    0.037282
 2896.677490    0.040620
 2897.345460    0.044228
 2898.011960    0.048104
 2898.678960    0.052278
 2899.347170    0.056771
 2900.014160    0.061587
 2900.682860    0.066766
 2901.350100    0.072305
 2902.019530    0.078253
 2902.687010    0.084598
 2903.354740    0.091379
 2904.024410    0.098640
 2904.692380    0.106365
 2905.361820    0.114614
 2906.030520    0.123384
 2906.700680    0.132734
 2907.369140    0.142642
 2908.038090    0.153167
 2908.708500    0.164353
 2909.377930    0.176188
 2910.048830    0.188744
 2910.718260    0.201992
 2911.389650    0.216032
 2912.059330    0.230816
 2912.729250    0.246411
 2913.400630    0.262880
 2914.070800    0.280187
 2914.742920    0.298442
 2915.413570    0.317585
 2916.085690    0.337728
 2916.756590    0.358819
 2917.429200    0.380981
 2918.100340    0.404140
 2918.771730    0.428377
 2919.444580    0.453772
 2920.116210    0.480248
 2920.789550    0.507954
 2921.461670    0.536793
 2922.135500    0.566919
 2922.807370    0.598197
 2923.479740    0.630758
 2924.154050    0.664707
 2924.826660    0.699884
 2925.500980    0.736491
 2926.174070    0.774394
 2926.848880    0.813782
 2927.522220    0.854493
 2928.195800    0.896648
 2928.870850    0.940351
 2929.544920    0.985465
 2930.220460    1.032177
 2930.894530    1.080303
 2931.570310    1.130093
 2932.244630    1.181331
 2932.919190    1.234164
 2933.595700    1.288754
 2934.270260    1.344805
 2934.947270    1.402703
 2935.622310    1.462096
 2936.299070    1.523326
 2936.974850    1.586172
 2937.650390    1.650722
 2938.327880    1.717211
 2939.003660    1.785306
 2939.681400    1.855400
 2940.357670    1.927167
 2941.035640    2.000967
 2941.712160    2.076485
 2942.389160    2.153958
 2943.067630    2.233537
 2943.744630    2.314904
 2944.423580    2.398504
 2945.100830    2.483916
 2945.780030    2.571634
 2946.457760    2.661250
 2947.135500    2.752983
 2947.815190    2.847137
 2948.493410    2.943275
 2949.173100    3.041843
 2949.851560    3.142486
 2950.531980    3.245707
 2951.210450    3.350945
 2951.889650    3.458638
 2952.570070    3.568903
 2953.249270    3.681367
 2953.930660    3.796625
 2954.610110    3.913996
 2955.291500    4.034172
 2955.971190    4.156520
 2956.651120    4.281393
 2957.333010    4.409121
 2958.013180    4.539018
 2958.695560    4.671824
 2959.376220    4.806770
 2960.058350    4.944460
 2960.739500    5.084380
 2961.420410    5.226634
 2962.103520    5.371701
 2962.784910    5.518697
 2963.468020    5.668300
 2964.149900    5.819795
 2964.833500    5.973753
 2965.515380    6.129311
 2966.197750    6.286859
 2966.881590    6.446513
 2967.564210    6.607520
 2968.248540    6.770431
 2968.931150    6.934280
 2969.615720    7.099783
 2970.299070    7.265998
 2970.984130    7.433447
 2971.667480    7.601098
 2972.351070    7.769209
 2973.036620    7.937982
 2973.720700    8.106338
 2974.406250    8.274752
 2975.090580    8.442305
 2975.776610    8.609445
 2976.461180    8.775124
 2977.146000    8.939472
 2977.832280    9.102483
 2978.517580    9.263275
 2979.204350    9.422112
 2979.889650    9.578006
 2980.576660    9.731359
 2981.262210    9.881145
 2981.948240    10.027475
 2982.635990    10.170274
 2983.322020    10.308505
 2984.010010    10.442589
 2984.696530    10.571538
 2985.384770    10.695632
 2986.071530    10.813990
 2986.758540    10.926620
 2987.447270    11.033448
 2988.134770    11.133731
 2988.823490    11.227551
 2989.510990    11.314317
 2990.200440    11.394171
 2990.888180    11.466453
 2991.576170    11.531176
 2992.266360    11.588280
 2992.954830    11.637251
 2993.644780    11.678152
 2994.333500    11.710676
 2995.023930    11.734823
 2995.713130    11.750376
 2996.402100    11.757299
 2997.093020    11.755519
 2997.782710    11.744988
 2998.473880    11.725639
 2999.163570    11.697560
 2999.855470    11.660608
 3000.545410    11.615051
 3001.235600    11.560843
 3001.927730    11.497902
 3002.618410    11.426641
 3003.310550    11.346895
 3004.001710    11.259089
 3004.694340    11.163078
 3005.385740    11.059429
 3006.076900    10.948232
 3006.770020    10.829334
 3007.461670    10.703565
 3008.155270    10.570558
 3008.847410    10.431240
 3009.541260    10.285264
 3010.233400    10.133652
 3010.926270    9.976199
 3011.620360    9.813098
 3012.313230    9.645256
 3013.007810    9.472304
 3013.700930    9.295380
 3014.395750    9.114025
 3015.089360    8.929361
 3015.783200    8.741365
 3016.478270    8.550126
 3017.172610    8.356541
 3017.868160    8.160425
 3018.562260    7.962896
 3019.258540    7.763265
 3019.952880    7.563072
 3020.647950    7.361894
 3021.344480    7.159851
 3022.039310    6.958199
 3022.736330    6.756125
 3023.431640    6.555077
 3024.128660    6.354370
 3024.824460    6.155143
 3025.522220    5.956771
 3026.218020    5.760633
 3026.914310    5.566293
 3027.612300    5.373664
 3028.308840    5.183854
 3029.007080    4.996217
 3029.703860    4.811810
 3030.402590    4.629922
 3031.099850    4.451622
 3031.797120    4.276685
 3032.496090    4.104842
 3033.193600    3.937008
 3033.893310    3.772428
 3034.591060    3.612183
 3035.290770    3.455470
 3035.989010    3.303136
 3036.687740    3.154811
 3037.387700    3.010408
 3038.086670    2.870423
 3038.787350    2.734352
 3039.486080    2.602922
 3040.187260    2.475317
 3040.886470    2.352337
 3041.586180    2.233523
 3042.287350    2.118706
 3042.987550    2.008255
 3043.689210    1.901750
 3044.389160    1.799620
 3045.091060    1.701277
 3045.791750    1.607110
 3046.492430    1.516874
 3047.194820    1.430290
 3047.896000    1.347643
 3048.598880    1.268506
 3049.300050    1.193176
