 2653.384280    0.000000
 2653.996340    0.000000
 2654.606690    0.000000
 2655.217290    0.000000
 2655.829830    0.000000
 2656.440670    0.000000
 2657.053220    0.000000
 2657.664550    0.000000
 2658.277340    0.000000
 2658.888920    0.000000
 2659.500730    0.000000
 2660.114010    0.000000
 2660.725830    0.000000
 2661.339360    0.000000
 2661.951660    0.000000
 2662.565430    0.000000
 2663.177980    0.000000
 2663.790530    0.000000
 2664.404790    0.000000
 2665.017820    0.000000
 2665.632320    0.000000
 2666.245610    0.000000
 2666.860350    0.000000
 2667.473880    0.000000
 2668.089110    0.000000
 2668.702880    0.000000
 2669.316890    0.000000
 2669.932370    0.000000
 2670.546630    0.000000
 2671.162350    0.000000
 2671.776860    0.000000
 2672.393070    0.000000
 2673.007810    0.000000
 2673.622560    0.000000
 2674.239260    0.000000
 2674.854490    0.000000
 2675.471190    0.000000
 2676.086670    0.000000
 2676.703860    0.000000
 2677.319580    0.000000
 2677.935550    0.000000
 2678.552980    0.000000
 2679.169190    0.000000
 2679.786870    0.000000
 2680.403560    0.000000
 2681.021480    0.000000
 2681.638430    0.000000
 2682.255370    0.000000
 2682.873780    0.000000
 2683.490970    0.000000
 2684.109860    0.000000
 2684.727290    0.000000
 2685.346440    0.000000
 2685.964110    0.000000
 2686.582030    0.000000
 2687.201660    0.000000
 2687.819820    0.000000
 2688.439450    0.000000
 2689.057860    0.000000
 2689.677980    0.000000
 2690.296880    0.000000
 2690.915770    0.000000
 2691.536380    0.000000
 2692.155270    0.000000
 2692.776370    0.000000
 2693.395750    0.000000
 2694.016850    0.000000
 2694.636720    0.000000
 2695.256590    0.000000
 2695.877930    0.000000
 2696.498050    0.000000
 2697.119870    0.000000
 2697.740480    0.000000
 2698.362550    0.000000
 2698.983400    0.000000
 2699.604250    0.000000
 2700.226810    0.000000
 2700.847900    0.000000
 2701.470700    0.000000
 2702.092040    0.000000
 2702.715330    0.000000
 2703.337160    0.000000
 2703.958980    0.000000
 2704.582520    0.000000
 2705.204830    0.000000
 2705.828370    0.000000
 2706.450930    0.000000
 2707.074950    0.000000
 2707.697750    0.000000
 2708.320800    0.000000
 2708.945310    0.000000
 2709.568360    0.000000
 2710.193360    0.000000
 2710.816650    0.000000
 2711.441890    0.000000
 2712.065670    0.000000
 2712.689450    0.000000
 2713.314940    0.000000
 2713.939210    0.000000
 2714.565190    0.000000
 2715.189450    0.000000
 2715.815670    0.000000
 2716.440430    0.000000
 2717.066890    0.000000
 2717.691890    0.000000
 2718.317140    0.000000
 2718.943850    0.000000
 2719.569340    0.000000
 2720.196530    0.000000
 2720.822270    0.000000
 2721.449710    0.000000
 2722.075680    0.000000
 2722.702150    0.000000
 2723.329830    0.000000
 2723.956300    0.000000
 2724.584470    0.000000
 2725.211430    0.000000
 2725.839600    0.000000
 2726.466800    0.000000
 2727.093990    0.000000
 2727.722900    0.000000
 2728.350340    0.000000
 2728.979490    0.000000
 2729.607420    0.000000
 2730.236820    0.000000
 2730.864750    0.000000
 2731.493160    0.000000
 2732.122800    0.000000
 2732.751460    0.000000
 2733.381590    0.000000
 2734.010500    0.000000
 2734.640870    0.000000
 2735.270020    0.000000
 2735.899410    0.000000
 2736.530270    0.000000
 2737.159670    0.000000
 2737.790770    0.000000
 2738.420650    0.000000
 2739.052250    0.000000
 2739.682370    0.000000
 2740.312500    0.000000
 2740.944340    0.000000
 2741.575200    0.000000
 2742.207280    0.000000
 2742.838130    0.000000
 2743.470460    0.000000
 2744.101560    0.000000
 2744.732910    0.000000
 2745.365970    0.000000
 2745.997310    0.000000
 2746.630860    0.000000
 2747.262700    0.000000
 2747.896000    0.000000
 2748.528080    0.000000
 2749.160640    0.000000
 2749.794430    0.000000
 2750.427000    0.000000
 2751.061280    0.000000
 2751.694090    0.000000
 2752.328610    0.000000
 2752.961910    0.000000
 2753.595210    0.000000
 2754.230220    0.000000
 2754.863770    0.000000
 2755.499020    0.000000
 2756.132810    0.000000
 2756.768550    0.000000
 2757.402590    0.000000
 2758.036870    0.000000
 2758.673100    0.000000
 2759.307620    0.000000
 2759.943850    0.000000
 2760.578860    0.000000
 2761.215330    0.000000
 2761.850590    0.000000
 2762.487550    0.000000
 2763.123050    0.000000
 2763.758790    0.000000
 2764.396000    0.000000
 2765.031980    0.000000
 2765.669430    0.000000
 2766.305910    0.000000
 2766.943600    0.000001
 2767.580320    0.000001
 2768.216800    0.000001
 2768.855220    0.000001
 2769.492190    0.000001
 2770.130860    0.000001
 2770.768070    0.000001
 2771.407230    0.000001
 2772.044680    0.000002
 2772.682130    0.000002
 2773.321780    0.000002
 2773.959720    0.000002
 2774.599370    0.000003
 2775.237550    0.000003
 2775.877690    0.000004
 2776.516360    0.000004
 2777.155030    0.000005
 2777.795170    0.000006
 2778.434330    0.000006
 2779.074950    0.000007
 2779.714360    0.000008
 2780.355470    0.000009
 2780.995120    0.000010
 2781.634770    0.000011
 2782.276120    0.000013
 2782.916260    0.000014
 2783.558110    0.000017
 2784.198490    0.000019
 2784.840330    0.000022
 2785.480960    0.000024
 2786.121830    0.000028
 2786.764400    0.000031
 2787.405270    0.000035
 2788.048100    0.000040
 2788.689450    0.000045
 2789.332520    0.000051
 2789.974370    0.000057
 2790.615970    0.000065
 2791.259770    0.000072
 2791.901610    0.000082
 2792.545410    0.000093
 2793.187990    0.000104
 2793.832030    0.000117
 2794.474850    0.000132
 2795.117680    0.000148
 2795.762210    0.000166
 2796.405520    0.000186
 2797.050290    0.000208
 2797.693600    0.000234
 2798.338870    0.000261
 2798.982420    0.000293
 2799.626460    0.000328
 2800.272220    0.000366
 2800.916260    0.000409
 2801.562260    0.000458
 2802.206790    0.000510
 2802.852780    0.000569
 2803.497560    0.000635
 2804.142580    0.000708
 2804.789310    0.000789
 2805.434330    0.000877
 2806.081300    0.000977
 2806.726810    0.001085
 2807.374020    0.001206
 2808.020020    0.001340
 2808.666020    0.001487
 2809.313480    0.001650
 2809.959960    0.001829
 2810.607910    0.002028
 2811.254390    0.002245
 2811.902830    0.002485
 2812.549560    0.002748
 2813.198240    0.003038
 2813.845210    0.003357
 2814.492680    0.003706
 2815.141600    0.004091
 2815.789310    0.004512
 2816.438720    0.004973
 2817.086430    0.005479
 2817.736080    0.006033
 2818.384520    0.006639
 2819.032710    0.007299
 2819.682620    0.008023
 2820.331300    0.008812
 2820.981930    0.009676
 2821.630620    0.010614
 2822.281490    0.011641
 2822.930660    0.012755
 2823.580080    0.013968
 2824.231200    0.015292
 2824.880860    0.016726
 2825.532230    0.018290
 2826.182370    0.019982
 2826.833980    0.021823
 2827.484380    0.023814
 2828.134770    0.025972
 2828.786870    0.028315
 2829.437740    0.030845
 2830.090090    0.033587
 2830.741210    0.036543
 2831.394040    0.039745
 2832.045410    0.043193
 2832.697020    0.046913
 2833.350100    0.050931
 2834.001950    0.055251
 2834.655520    0.059913
 2835.307620    0.064918
 2835.961180    0.070309
 2836.613770    0.076092
 2837.266360    0.082300
 2837.920410    0.088977
 2838.573490    0.096124
 2839.228030    0.103800
 2839.881100    0.112000
 2840.535890    0.120798
 2841.189450    0.130188
 2841.843020    0.140223
 2842.498540    0.150970
 2843.152340    0.162411
 2843.807860    0.174644
 2844.462160    0.187658
 2845.118160    0.201555
 2845.772710    0.216314
 2846.427250    0.232011
 2847.083740    0.248746
 2847.738770    0.266481
 2848.395260    0.285351
 2849.050540    0.305329
 2849.707760    0.326571
 2850.363280    0.349015
 2851.018800    0.372772
 2851.676270    0.397981
 2852.332280    0.424570
 2852.989990    0.452735
 2853.646480    0.482413
 2854.304440    0.513795
 2854.960940    0.546806
 2855.617920    0.581609
 2856.276370    0.618332
 2856.933350    0.656883
 2857.592290    0.697535
 2858.249760    0.740150
 2858.908940    0.785009
 2859.566650    0.831971
 2860.224370    0.881206
 2860.883790    0.932923
 2861.541750    0.986949
 2862.201900    1.043665
 2862.860350    1.102808
 2863.520510    1.164761
 2864.179200    1.229300
 2864.839840    1.296834
 2865.498780    1.367061
 2866.157960    1.440250
 2866.818850    1.516644
 2867.478520    1.595976
 2868.139650    1.678634
 2868.799320    1.764314
 2869.460940    1.853525
 2870.121090    1.945868
 2870.781490    2.041626
 2871.443360    2.141042
 2872.103760    2.243725
 2872.766360    2.350295
 2873.427000    2.460128
 2874.089600    2.573911
 2874.750730    2.691092
 2875.412110    2.811996
 2876.075440    2.936975
 2876.736820    3.065313
 2877.400390    3.197830
 2878.062260    3.333760
 2878.725830    3.473808
 2879.388180    3.617354
 2880.050540    3.764647
 2880.714600    3.916066
 2881.377440    4.070923
 2882.041750    4.229824
 2882.704830    4.392089
 2883.369380    4.558342
 2884.032960    4.727926
 2884.696530    4.901029
 2885.361330    5.077917
 2886.025390    5.258008
 2886.690920    5.441826
 2887.354980    5.628482
 2888.020510    5.818707
 2888.685060    6.011716
 2889.349610    6.207681
 2890.015870    6.407003
 2890.680910    6.608701
 2891.347410    6.813463
 2892.012700    7.020336
 2892.679200    7.229948
 2893.344970    7.441540
 2894.010500    7.655121
 2894.677730    7.871168
 2895.343510    8.088496
 2896.011470    8.308141
 2896.677490    8.528568
 2897.345460    8.750901
 2898.011960    8.973824
 2898.678960    9.197803
 2899.347170    9.422904
 2900.014160    9.648119
 2900.682860    9.874243
 2901.350100    10.100009
 2902.019530    10.326456
 2902.687010    10.551986
 2903.354740    10.777140
 2904.024410    11.002291
 2904.692380    11.225999
 2905.361820    11.449132
 2906.030520    11.670748
 2906.700680    11.891373
 2907.369140    12.109756
 2908.038090    12.326420
 2908.708500    12.541473
 2909.377930    12.753934
 2910.048830    12.964375
 2910.718260    13.171681
 2911.389650    13.376718
 2912.059330    13.578179
 2912.729250    13.776472
 2913.400630    13.971766
 2914.070800    14.163102
 2914.742920    14.351203
 2915.413570    14.534940
 2916.085690    14.714948
 2916.756590    14.890348
 2917.429200    15.061741
 2918.100340    15.228169
 2918.771730    15.389919
 2919.444580    15.547132
 2920.116210    15.699038
 2920.789550    15.846167
 2921.461670    15.987750
 2922.135500    16.124279
 2922.807370    16.254904
 2923.479740    16.380013
 2924.154050    16.499746
 2924.826660    16.613356
 2925.500980    16.721333
 2926.174070    16.823112
 2926.848880    16.919065
 2927.522220    17.008659
 2928.195800    17.092075
 2928.870850    17.169384
 2929.544920    17.240246
 2930.220460    17.304861
 2930.894530    17.362911
 2931.570310    17.414629
 2932.244630    17.459738
 2932.919190    17.498350
 2933.595700    17.530504
 2934.270260    17.556011
 2934.947270    17.575014
 2935.622310    17.587387
 2936.299070    17.593203
 2936.974850    17.592432
 2937.650390    17.585108
 2938.327880    17.571201
 2939.003660    17.550808
 2939.681400    17.523846
 2940.357670    17.490471
 2941.035640    17.450569
 2941.712160    17.404366
 2942.389160    17.351789
 2943.067630    17.292797
 2943.744630    17.227697
 2944.423580    17.156223
 2945.100830    17.078823
 2945.780030    16.995148
 2946.457760    16.905699
 2947.135500    16.810377
 2947.815190    16.708973
 2948.493410    16.602087
 2949.173100    16.489353
 2949.851560    16.371317
 2950.531980    16.247524
 2951.210450    16.118799
 2951.889650    15.984760
 2952.570070    15.845411
 2953.249270    15.701377
 2953.930660    15.552053
 2954.610110    15.398478
 2955.291500    15.239908
 2955.971190    15.077336
 2956.651120    14.910454
 2957.333010    14.738970
 2958.013180    14.563959
 2958.695560    14.384564
 2959.376220    14.201976
 2960.058350    14.015503
 2960.739500    13.825977
 2961.420410    13.633373
 2962.103520    13.437159
 2962.784910    13.238626
 2963.468020    13.036959
 2964.149900    12.833197
 2964.833500    12.626641
 2965.515380    12.418508
 2966.197750    12.208318
 2966.881590    11.995943
 2967.564210    11.782400
 2968.248540    11.566963
 2968.931150    11.350890
 2969.615720    11.133205
 2970.299070    10.915105
 2970.984130    10.695837
 2971.667480    10.476680
 2972.351070    10.257191
 2973.036620    10.037001
 2973.720700    9.817387
 2974.406250    9.597585
 2975.090580    9.378632
 2975.776610    9.159764
 2976.461180    8.942160
 2977.146000    8.725445
 2977.832280    8.509395
 2978.517580    8.294939
 2979.204350    8.081471
 2979.889650    7.870050
 2980.576660    7.659846
 2981.262210    7.451972
 2981.948240    7.245966
 2982.635990    7.041605
 2983.322020    6.840029
 2984.010010    6.640286
 2984.696530    6.443488
 2985.384770    6.248833
 2986.071530    6.057327
 2986.758540    5.868581
 2987.447270    5.682300
 2988.134770    5.499365
 2988.823490    5.319206
 2989.510990    5.142536
 2990.200440    4.968614
 2990.888180    4.798425
 2991.576170    4.631533
 2992.266360    4.467531
 2992.954830    4.307395
 2993.644780    4.150422
 2994.333500    3.997257
 2995.023930    3.847279
 2995.713130    3.701147
 2996.402100    3.558658
 2997.093020    3.419380
 2997.782710    3.283962
 2998.473880    3.151877
 2999.163570    3.023680
 2999.855470    2.898682
 3000.545410    2.777619
 3001.235600    2.660073
 3001.927730    2.545743
 3002.618410    2.435169
 3003.310550    2.327847
 3004.001710    2.224123
 3004.694340    2.123593
 3005.385740    2.026605
 3006.076900    1.932962
 3006.770020    1.842330
 3007.461670    1.755105
 3008.155270    1.670803
 3008.847410    1.589787
 3009.541260    1.511622
 3010.233400    1.436635
 3010.926270    1.364490
 3011.620360    1.295080
 3012.313230    1.228586
 3013.007810    1.164660
 3013.700930    1.103525
 3014.395750    1.044834
 3015.089360    0.988766
 3015.783200    0.935125
 3016.478270    0.883775
 3017.172610    0.834788
 3017.868160    0.787959
 3018.562260    0.743396
 3019.258540    0.700795
 3019.952880    0.660341
 3020.647950    0.621803
 3021.344480    0.585080
 3022.039310    0.550270
 3022.736330    0.517111
 3023.431640    0.485723
 3024.128660    0.455887
 3024.824460    0.427666
 3025.522220    0.400869
 3026.218020    0.375586
 3026.914310    0.351661
 3027.612300    0.329000
 3028.308840    0.307650
 3029.007080    0.287456
 3029.703860    0.268456
 3030.402590    0.250506
 3031.099850    0.233642
 3031.797120    0.217775
 3032.496090    0.202822
 3033.193600    0.188803
 3033.893310    0.175600
 3034.591060    0.163250
 3035.290770    0.151640
 3035.989010    0.140787
 3036.687740    0.130620
 3037.387700    0.121094
 3038.086670    0.112201
 3038.787350    0.103874
 3039.486080    0.096124
 3040.187260    0.088870
 3040.886470    0.082129
 3041.586180    0.075845
 3042.287350    0.069983
 3042.987550    0.064541
 3043.689210    0.059472
 3044.389160    0.054777
 3045.091060    0.050407
 3045.791750    0.046363
 3046.492430    0.042614
 3047.194820    0.039135
 3047.896000    0.035921
 3048.598880    0.032943
 3049.300050    0.030197
