 2653.384280    0.063045
 2653.996340    0.068115
 2654.606690    0.073557
 2655.217290    0.079415
 2655.829830    0.085736
 2656.440670    0.092514
 2657.053220    0.099817
 2657.664550    0.107648
 2658.277340    0.116076
 2658.888920    0.125103
 2659.500730    0.134789
 2660.114010    0.145200
 2660.725830    0.156331
 2661.339360    0.168287
 2661.951660    0.181062
 2662.565430    0.194765
 2663.177980    0.209392
 2663.790530    0.225025
 2664.404790    0.241775
 2665.017820    0.259624
 2665.632320    0.278720
 2666.245610    0.299047
 2666.860350    0.320768
 2667.473880    0.343864
 2668.089110    0.368526
 2668.702880    0.394710
 2669.316890    0.422566
 2669.932370    0.452248
 2670.546630    0.483715
 2671.162350    0.517203
 2671.776860    0.552665
 2672.393070    0.590372
 2673.007810    0.630236
 2673.622560    0.672451
 2674.239260    0.717274
 2674.854490    0.764571
 2675.471190    0.814687
 2676.086670    0.867521
 2676.703860    0.923454
 2677.319580    0.982323
 2677.935550    1.044410
 2678.552980    1.109981
 2679.169190    1.178885
 2679.786870    1.251557
 2680.403560    1.327853
 2681.021480    1.408182
 2681.638430    1.492400
 2682.255370    1.580770
 2682.873780    1.673656
 2683.490970    1.770798
 2684.109860    1.872804
 2684.727290    1.979294
 2685.346440    2.090956
 2685.964110    2.207359
 2686.582030    2.328949
 2687.201660    2.456170
 2687.819820    2.588509
 2688.439450    2.726719
 2689.057860    2.870332
 2689.677980    3.020157
 2690.296880    3.175609
 2690.915770    3.337088
 2691.536380    3.505172
 2692.155270    3.679036
 2692.776370    3.859877
 2693.395750    4.046650
 2694.016850    4.240463
 2694.636720    4.440481
 2695.256590    4.647133
 2695.877930    4.860985
 2696.498050    5.081151
 2697.119870    5.308709
 2697.740480    5.542610
 2698.362550    5.783875
 2698.983400    6.031454
 2699.604250    6.285793
 2700.226810    6.547581
 2700.847900    6.815435
 2701.470700    7.090662
 2702.092040    7.371781
 2702.715330    7.660244
 2703.337160    7.954365
 2703.958980    8.254679
 2704.582520    8.561888
 2705.204830    8.874389
 2705.828370    9.193222
 2706.450930    9.517066
 2707.074950    9.846975
 2707.697750    10.181292
 2708.320800    10.520533
 2708.945310    10.865108
 2709.568360    11.213108
 2710.193360    11.566130
 2710.816650    11.921779
 2711.441890    12.281799
 2712.065670    12.643861
 2712.689450    13.008423
 2713.314940    13.376093
 2713.939210    13.744740
 2714.565190    14.115664
 2715.189450    14.486394
 2715.815670    14.858647
 2716.440430    15.229920
 2717.066890    15.601614
 2717.691890    15.971351
 2718.317140    16.339640
 2718.943850    16.706680
 2719.569340    17.070372
 2720.196530    17.431885
 2720.822270    17.788855
 2721.449710    18.142546
 2722.075680    18.490627
 2722.702150    18.833645
 2723.329830    19.171440
 2723.956300    19.502151
 2724.584470    19.826771
 2725.211430    20.143244
 2725.839600    20.452263
 2726.466800    20.752222
 2727.093990    21.043089
 2727.722900    21.325109
 2728.350340    21.596359
 2728.979490    21.857719
 2729.607420    22.107492
 2730.236820    22.346281
 2730.864750    22.572542
 2731.493160    22.786587
 2732.122800    22.988216
 2732.751460    23.176342
 2733.381590    23.351324
 2734.010500    23.512070
 2734.640870    23.658958
 2735.270020    23.791069
 2735.899410    23.908489
 2736.530270    24.011158
 2737.159670    24.098396
 2737.790770    24.170467
 2738.420650    24.226872
 2739.052250    24.267744
 2739.682370    24.292789
 2740.312500    24.302069
 2740.944340    24.295519
 2741.575200    24.273155
 2742.207280    24.234928
 2742.838130    24.181065
 2743.470460    24.111424
 2744.101560    24.026424
 2744.732910    23.926075
 2745.365970    23.810261
 2745.997310    23.679829
 2746.630860    23.534210
 2747.262700    23.374559
 2747.896000    23.200392
 2748.528080    23.012766
 2749.160640    22.811554
 2749.794430    22.596848
 2750.427000    22.369881
 2751.061280    22.130005
 2751.694090    21.878861
 2752.328610    21.615642
 2752.961910    21.342033
 2753.595210    21.058029
 2754.230220    20.763334
 2754.863770    20.459936
 2755.499020    20.146847
 2756.132810    19.826168
 2756.768550    19.496714
 2757.402590    19.160936
 2758.036870    18.818386
 2758.673100    18.468681
 2759.307620    18.114395
 2759.943850    17.754192
 2760.578860    17.390295
 2761.215330    17.021730
 2761.850590    16.650614
 2762.487550    16.275791
 2763.123050    15.899675
 2763.758790    15.521811
 2764.396000    15.141993
 2765.031980    14.762350
 2765.669430    14.381790
 2766.305910    14.002274
 2766.943600    13.622974
 2767.580320    13.245676
 2768.216800    12.870392
 2768.855220    12.496277
 2769.492190    12.125761
 2770.130860    11.757404
 2770.768070    11.393429
 2771.407230    11.032257
 2772.044680    10.676311
 2772.682130    10.324947
 2773.321780    9.977293
 2773.959720    9.635767
 2774.599370    9.298814
 2775.237550    8.968358
 2775.877690    8.642870
 2776.516360    8.324306
 2777.155030    8.012104
 2777.795170    7.705745
 2778.434330    7.406558
 2779.074950    7.113542
 2779.714360    6.828042
 2780.355470    6.548859
 2780.995120    6.277457
 2781.634770    6.013250
 2782.276120    5.755610
 2782.916260    5.505748
 2783.558110    5.262544
 2784.198490    5.027202
 2784.840330    4.798628
 2785.480960    4.577755
 2786.121830    4.364018
 2786.764400    4.156906
 2787.405270    3.957454
 2788.048100    3.764448
 2788.689450    3.578832
 2789.332520    3.399598
 2789.974370    3.227462
 2790.615970    3.062023
 2791.259770    2.902562
 2791.901610    2.749981
 2792.545410    2.603216
 2793.187990    2.462861
 2793.832030    2.328189
 2794.474850    2.199615
 2795.117680    2.076725
 2795.762210    1.959062
 2796.405520    1.847006
 2797.050290    1.739935
 2797.693600    1.638173
 2798.338870    1.541023
 2798.982420    1.448877
 2799.626460    1.361247
 2800.272220    1.277826
 2800.916260    1.198896
 2801.562260    1.123851
 2802.206790    1.052935
 2802.852780    0.985669
 2803.497560    0.922182
 2804.142580    0.862169
 2804.789310    0.805364
 2805.434330    0.751918
 2806.081300    0.701389
 2806.726810    0.653908
 2807.374020    0.609107
 2808.020020    0.567060
 2808.666020    0.527552
 2809.313480    0.490376
 2809.959960    0.455556
 2810.607910    0.422844
 2811.254390    0.392276
 2811.902830    0.363583
 2812.549560    0.336823
 2813.198240    0.311743
 2813.845210    0.288389
 2814.492680    0.266585
 2815.141600    0.246215
 2815.789310    0.227276
 2816.438720    0.209604
 2817.086430    0.193213
 2817.736080    0.177937
 2818.384520    0.163778
 2819.032710    0.150647
 2819.682620    0.138441
 2820.331300    0.127155
 2820.981930    0.116678
 2821.630620    0.107018
 2822.281490    0.098060
 2822.930660    0.089808
 2823.580080    0.082192
 2824.231200    0.075151
 2824.880860    0.068679
 2825.532230    0.062706
 2826.182370    0.057221
 2826.833980    0.052169
 2827.484380    0.047538
 2828.134770    0.043287
 2828.786870    0.039380
 2829.437740    0.035806
 2830.090090    0.032526
 2830.741210    0.029531
 2831.394040    0.026787
 2832.045410    0.024285
 2832.697020    0.022001
 2833.350100    0.019914
 2834.001950    0.018015
 2834.655520    0.016281
 2835.307620    0.014708
 2835.961180    0.013273
 2836.613770    0.011972
 2837.266360    0.010791
 2837.920410    0.009717
 2838.573490    0.008745
 2839.228030    0.007863
 2839.881100    0.007067
 2840.535890    0.006345
 2841.189450    0.005693
 2841.843020    0.005106
 2842.498540    0.004574
 2843.152340    0.004095
 2843.807860    0.003663
 2844.462160    0.003276
 2845.118160    0.002926
 2845.772710    0.002612
 2846.427250    0.002330
 2847.083740    0.002076
 2847.738770    0.001850
 2848.395260    0.001646
 2849.050540    0.001464
 2849.707760    0.001301
 2850.363280    0.001156
 2851.018800    0.001025
 2851.676270    0.000909
 2852.332280    0.000806
 2852.989990    0.000713
 2853.646480    0.000631
 2854.304440    0.000558
 2854.960940    0.000493
 2855.617920    0.000435
 2856.276370    0.000383
 2856.933350    0.000339
 2857.592290    0.000298
 2858.249760    0.000262
 2858.908940    0.000231
 2859.566650    0.000202
 2860.224370    0.000178
 2860.883790    0.000156
 2861.541750    0.000137
 2862.201900    0.000120
 2862.860350    0.000105
 2863.520510    0.000092
 2864.179200    0.000080
 2864.839840    0.000071
 2865.498780    0.000061
 2866.157960    0.000053
 2866.818850    0.000047
 2867.478520    0.000040
 2868.139650    0.000035
 2868.799320    0.000031
 2869.460940    0.000027
 2870.121090    0.000023
 2870.781490    0.000020
 2871.443360    0.000017
 2872.103760    0.000015
 2872.766360    0.000013
 2873.427000    0.000011
 2874.089600    0.000010
 2874.750730    0.000009
 2875.412110    0.000008
 2876.075440    0.000007
 2876.736820    0.000006
 2877.400390    0.000005
 2878.062260    0.000004
 2878.725830    0.000004
 2879.388180    0.000003
 2880.050540    0.000003
 2880.714600    0.000002
 2881.377440    0.000002
 2882.041750    0.000002
 2882.704830    0.000001
 2883.369380    0.000001
 2884.032960    0.000001
 2884.696530    0.000001
 2885.361330    0.000001
 2886.025390    0.000001
 2886.690920    0.000001
 2887.354980    0.000000
 2888.020510    0.000000
 2888.685060    0.000000
 2889.349610    0.000000
 2890.015870    0.000000
 2890.680910    0.000000
 2891.347410    0.000000
 2892.012700    0.000000
 2892.679200    0.000000
 2893.344970    0.000000
 2894.010500    0.000000
 2894.677730    0.000000
 2895.343510    0.000000
 2896.011470    0.000000
 2896.677490    0.000000
 2897.345460    0.000000
 2898.011960    0.000000
 2898.678960    0.000000
 2899.347170    0.000000
 2900.014160    0.000000
 2900.682860    0.000000
 2901.350100    0.000000
 2902.019530    0.000000
 2902.687010    0.000000
 2903.354740    0.000000
 2904.024410    0.000000
 2904.692380    0.000000
 2905.361820    0.000000
 2906.030520    0.000000
 2906.700680    0.000000
 2907.369140    0.000000
 2908.038090    0.000000
 2908.708500    0.000000
 2909.377930    0.000000
 2910.048830    0.000000
 2910.718260    0.000000
 2911.389650    0.000000
 2912.059330    0.000000
 2912.729250    0.000000
 2913.400630    0.000000
 2914.070800    0.000000
 2914.742920    0.000000
 2915.413570    0.000000
 2916.085690    0.000000
 2916.756590    0.000000
 2917.429200    0.000000
 2918.100340    0.000000
 2918.771730    0.000000
 2919.444580    0.000000
 2920.116210    0.000000
 2920.789550    0.000000
 2921.461670    0.000000
 2922.135500    0.000000
 2922.807370    0.000000
 2923.479740    0.000000
 2924.154050    0.000000
 2924.826660    0.000000
 2925.500980    0.000000
 2926.174070    0.000000
 2926.848880    0.000000
 2927.522220    0.000000
 2928.195800    0.000000
 2928.870850    0.000000
 2929.544920    0.000000
 2930.220460    0.000000
 2930.894530    0.000000
 2931.570310    0.000000
 2932.244630    0.000000
 2932.919190    0.000000
 2933.595700    0.000000
 2934.270260    0.000000
 2934.947270    0.000000
 2935.622310    0.000000
 2936.299070    0.000000
 2936.974850    0.000000
 2937.650390    0.000000
 2938.327880    0.000000
 2939.003660    0.000000
 2939.681400    0.000000
 2940.357670    0.000000
 2941.035640    0.000000
 2941.712160    0.000000
 2942.389160    0.000000
 2943.067630    0.000000
 2943.744630    0.000000
 2944.423580    0.000000
 2945.100830    0.000000
 2945.780030    0.000000
 2946.457760    0.000000
 2947.135500    0.000000
 2947.815190    0.000000
 2948.493410    0.000000
 2949.173100    0.000000
 2949.851560    0.000000
 2950.531980    0.000000
 2951.210450    0.000000
 2951.889650    0.000000
 2952.570070    0.000000
 2953.249270    0.000000
 2953.930660    0.000000
 2954.610110    0.000000
 2955.291500    0.000000
 2955.971190    0.000000
 2956.651120    0.000000
 2957.333010    0.000000
 2958.013180    0.000000
 2958.695560    0.000000
 2959.376220    0.000000
 2960.058350    0.000000
 2960.739500    0.000000
 2961.420410    0.000000
 2962.103520    0.000000
 2962.784910    0.000000
 2963.468020    0.000000
 2964.149900    0.000000
 2964.833500    0.000000
 2965.515380    0.000000
 2966.197750    0.000000
 2966.881590    0.000000
 2967.564210    0.000000
 2968.248540    0.000000
 2968.931150    0.000000
 2969.615720    0.000000
 2970.299070    0.000000
 2970.984130    0.000000
 2971.667480    0.000000
 2972.351070    0.000000
 2973.036620    0.000000
 2973.720700    0.000000
 2974.406250    0.000000
 2975.090580    0.000000
 2975.776610    0.000000
 2976.461180    0.000000
 2977.146000    0.000000
 2977.832280    0.000000
 2978.517580    0.000000
 2979.204350    0.000000
 2979.889650    0.000000
 2980.576660    0.000000
 2981.262210    0.000000
 2981.948240    0.000000
 2982.635990    0.000000
 2983.322020    0.000000
 2984.010010    0.000000
 2984.696530    0.000000
 2985.384770    0.000000
 2986.071530    0.000000
 2986.758540    0.000000
 2987.447270    0.000000
 2988.134770    0.000000
 2988.823490    0.000000
 2989.510990    0.000000
 2990.200440    0.000000
 2990.888180    0.000000
 2991.576170    0.000000
 2992.266360    0.000000
 2992.954830    0.000000
 2993.644780    0.000000
 2994.333500    0.000000
 2995.023930    0.000000
 2995.713130    0.000000
 2996.402100    0.000000
 2997.093020    0.000000
 2997.782710    0.000000
 2998.473880    0.000000
 2999.163570    0.000000
 2999.855470    0.000000
 3000.545410    0.000000
 3001.235600    0.000000
 3001.927730    0.000000
 3002.618410    0.000000
 3003.310550    0.000000
 3004.001710    0.000000
 3004.694340    0.000000
 3005.385740    0.000000
 3006.076900    0.000000
 3006.770020    0.000000
 3007.461670    0.000000
 3008.155270    0.000000
 3008.847410    0.000000
 3009.541260    0.000000
 3010.233400    0.000000
 3010.926270    0.000000
 3011.620360    0.000000
 3012.313230    0.000000
 3013.007810    0.000000
 3013.700930    0.000000
 3014.395750    0.000000
 3015.089360    0.000000
 3015.783200    0.000000
 3016.478270    0.000000
 3017.172610    0.000000
 3017.868160    0.000000
 3018.562260    0.000000
 3019.258540    0.000000
 3019.952880    0.000000
 3020.647950    0.000000
 3021.344480    0.000000
 3022.039310    0.000000
 3022.736330    0.000000
 3023.431640    0.000000
 3024.128660    0.000000
 3024.824460    0.000000
 3025.522220    0.000000
 3026.218020    0.000000
 3026.914310    0.000000
 3027.612300    0.000000
 3028.308840    0.000000
 3029.007080    0.000000
 3029.703860    0.000000
 3030.402590    0.000000
 3031.099850    0.000000
 3031.797120    0.000000
 3032.496090    0.000000
 3033.193600    0.000000
 3033.893310    0.000000
 3034.591060    0.000000
 3035.290770    0.000000
 3035.989010    0.000000
 3036.687740    0.000000
 3037.387700    0.000000
 3038.086670    0.000000
 3038.787350    0.000000
 3039.486080    0.000000
 3040.187260    0.000000
 3040.886470    0.000000
 3041.586180    0.000000
 3042.287350    0.000000
 3042.987550    0.000000
 3043.689210    0.000000
 3044.389160    0.000000
 3045.091060    0.000000
 3045.791750    0.000000
 3046.492430    0.000000
 3047.194820    0.000000
 3047.896000    0.000000
 3048.598880    0.000000
 3049.300050    0.000000
