 2653.384280    0.000025
 2653.996340    0.000027
 2654.606690    0.000030
 2655.217290    0.000031
 2655.829830    0.000033
 2656.440670    0.000036
 2657.053220    0.000039
 2657.664550    0.000042
 2658.277340    0.000045
 2658.888920    0.000049
 2659.500730    0.000051
 2660.114010    0.000055
 2660.725830    0.000060
 2661.339360    0.000064
 2661.951660    0.000069
 2662.565430    0.000074
 2663.177980    0.000079
 2663.790530    0.000085
 2664.404790    0.000092
 2665.017820    0.000098
 2665.632320    0.000105
 2666.245610    0.000113
 2666.860350    0.000121
 2667.473880    0.000130
 2668.089110    0.000138
 2668.702880    0.000149
 2669.316890    0.000159
 2669.932370    0.000171
 2670.546630    0.000182
 2671.162350    0.000196
 2671.776860    0.000209
 2672.393070    0.000224
 2673.007810    0.000239
 2673.622560    0.000257
 2674.239260    0.000275
 2674.854490    0.000294
 2675.471190    0.000314
 2676.086670    0.000336
 2676.703860    0.000359
 2677.319580    0.000383
 2677.935550    0.000410
 2678.552980    0.000438
 2679.169190    0.000468
 2679.786870    0.000500
 2680.403560    0.000534
 2681.021480    0.000570
 2681.638430    0.000608
 2682.255370    0.000649
 2682.873780    0.000693
 2683.490970    0.000740
 2684.109860    0.000789
 2684.727290    0.000842
 2685.346440    0.000897
 2685.964110    0.000957
 2686.582030    0.001020
 2687.201660    0.001088
 2687.819820    0.001160
 2688.439450    0.001235
 2689.057860    0.001316
 2689.677980    0.001402
 2690.296880    0.001493
 2690.915770    0.001590
 2691.536380    0.001693
 2692.155270    0.001801
 2692.776370    0.001918
 2693.395750    0.002040
 2694.016850    0.002171
 2694.636720    0.002309
 2695.256590    0.002455
 2695.877930    0.002611
 2696.498050    0.002775
 2697.119870    0.002951
 2697.740480    0.003135
 2698.362550    0.003331
 2698.983400    0.003539
 2699.604250    0.003758
 2700.226810    0.003992
 2700.847900    0.004238
 2701.470700    0.004500
 2702.092040    0.004776
 2702.715330    0.005069
 2703.337160    0.005378
 2703.958980    0.005705
 2704.582520    0.006051
 2705.204830    0.006416
 2705.828370    0.006804
 2706.450930    0.007212
 2707.074950    0.007644
 2707.697750    0.008100
 2708.320800    0.008581
 2708.945310    0.009090
 2709.568360    0.009626
 2710.193360    0.010195
 2710.816650    0.010793
 2711.441890    0.011425
 2712.065670    0.012090
 2712.689450    0.012792
 2713.314940    0.013534
 2713.939210    0.014314
 2714.565190    0.015139
 2715.189450    0.016006
 2715.815670    0.016921
 2716.440430    0.017883
 2717.066890    0.018899
 2717.691890    0.019966
 2718.317140    0.021091
 2718.943850    0.022275
 2719.569340    0.023520
 2720.196530    0.024833
 2720.822270    0.026211
 2721.449710    0.027662
 2722.075680    0.029186
 2722.702150    0.030788
 2723.329830    0.032475
 2723.956300    0.034244
 2724.584470    0.036107
 2725.211430    0.038059
 2725.839600    0.040113
 2726.466800    0.042267
 2727.093990    0.044526
 2727.722900    0.046904
 2728.350340    0.049392
 2728.979490    0.052009
 2729.607420    0.054747
 2730.236820    0.057624
 2730.864750    0.060634
 2731.493160    0.063789
 2732.122800    0.067101
 2732.751460    0.070566
 2733.381590    0.074203
 2734.010500    0.078002
 2734.640870    0.081989
 2735.270020    0.086154
 2735.899410    0.090512
 2736.530270    0.095083
 2737.159670    0.099852
 2737.790770    0.104852
 2738.420650    0.110068
 2739.052250    0.115535
 2739.682370    0.121235
 2740.312500    0.127189
 2740.944340    0.133424
 2741.575200    0.139924
 2742.207280    0.146724
 2742.838130    0.153808
 2743.470460    0.161217
 2744.101560    0.168931
 2744.732910    0.176980
 2745.365970    0.185396
 2745.997310    0.194147
 2746.630860    0.203300
 2747.262700    0.212812
 2747.896000    0.222745
 2748.528080    0.233070
 2749.160640    0.243832
 2749.794430    0.255055
 2750.427000    0.266716
 2751.061280    0.278883
 2751.694090    0.291512
 2752.328610    0.304684
 2752.961910    0.318353
 2753.595210    0.332564
 2754.230220    0.347375
 2754.863770    0.362730
 2755.499020    0.378724
 2756.132810    0.395299
 2756.768550    0.412562
 2757.402590    0.430437
 2758.036870    0.448994
 2758.673100    0.468309
 2759.307620    0.488293
 2759.943850    0.509074
 2760.578860    0.530581
 2761.215330    0.552926
 2761.850590    0.576040
 2762.487550    0.600053
 2763.123050    0.624869
 2763.758790    0.650578
 2764.396000    0.677258
 2765.031980    0.704821
 2765.669430    0.733408
 2766.305910    0.762939
 2766.943600    0.793542
 2767.580320    0.825138
 2768.216800    0.857788
 2768.855220    0.891636
 2769.492190    0.926529
 2770.130860    0.962670
 2770.768070    0.999909
 2771.407230    1.038476
 2772.044680    1.078177
 2772.682130    1.119145
 2773.321780    1.161557
 2773.959720    1.205183
 2774.599370    1.250288
 2775.237550    1.296678
 2775.877690    1.344633
 2776.516360    1.393930
 2777.155030    1.444708
 2777.795170    1.497116
 2778.434330    1.550987
 2779.074950    1.606562
 2779.714360    1.663635
 2780.355470    1.722504
 2780.995120    1.782905
 2781.634770    1.845002
 2782.276120    1.909000
 2782.916260    1.974636
 2783.558110    2.042243
 2784.198490    2.111518
 2784.840330    2.182806
 2785.480960    2.255838
 2786.121830    2.330808
 2786.764400    2.407922
 2787.405270    2.486797
 2788.048100    2.567915
 2788.689450    2.650871
 2789.332520    2.736104
 2789.974370    2.823253
 2790.615970    2.912468
 2791.259770    3.004124
 2791.901610    3.097652
 2792.545410    3.193646
 2793.187990    3.291658
 2793.832030    3.392119
 2794.474850    3.494632
 2795.117680    3.599404
 2795.762210    3.706739
 2796.405520    3.816171
 2797.050290    3.928171
 2797.693600    4.042247
 2798.338870    4.159019
 2798.982420    4.277838
 2799.626460    4.399114
 2800.272220    4.523097
 2800.916260    4.649140
 2801.562260    4.777965
 2802.206790    4.908897
 2802.852780    5.042537
 2803.497560    5.178330
 2804.142580    5.316580
 2804.789310    5.457606
 2805.434330    5.600663
 2806.081300    5.746555
 2806.726810    5.894508
 2807.374020    6.045240
 2808.020020    6.198061
 2808.666020    6.353237
 2809.313480    6.511112
 2809.959960    6.671079
 2810.607910    6.833719
 2811.254390    6.998276
 2811.902830    7.165600
 2812.549560    7.334718
 2813.198240    7.506559
 2813.845210    7.680124
 2814.492680    7.855962
 2815.141600    8.034312
 2815.789310    8.214396
 2816.438720    8.396993
 2817.086430    8.581095
 2817.736080    8.767699
 2818.384520    8.955850
 2819.032710    9.145770
 2819.682620    9.337987
 2820.331300    9.531580
 2820.981930    9.727438
 2821.630620    9.924328
 2822.281490    10.123444
 2822.930660    10.323528
 2823.580080    10.525108
 2824.231200    10.728576
 2824.880860    10.932864
 2825.532230    11.138899
 2826.182370    11.345675
 2826.833980    11.553966
 2827.484380    11.762834
 2828.134770    11.972579
 2828.786870    12.183671
 2829.437740    12.395073
 2830.090090    12.607569
 2830.741210    12.820184
 2831.394040    13.033783
 2832.045410    13.247231
 2832.697020    13.460985
 2833.350100    13.675348
 2834.001950    13.889335
 2834.655520    14.103797
 2835.307620    14.317594
 2835.961180    14.531572
 2836.613770    14.744825
 2837.266360    14.957562
 2837.920410    15.170146
 2838.573490    15.381666
 2839.228030    15.592804
 2839.881100    15.802492
 2840.535890    16.011637
 2841.189450    16.219179
 2841.843020    16.425398
 2842.498540    16.630781
 2843.152340    16.834066
 2843.807860    17.036192
 2844.462160    17.236130
 2845.118160    17.434660
 2845.772710    17.630697
 2846.427250    17.824568
 2847.083740    18.016720
 2847.738770    18.206036
 2848.395260    18.393238
 2849.050540    18.577444
 2849.707760    18.759424
 2850.363280    18.938047
 2851.018800    19.113670
 2851.676270    19.286694
 2852.332280    19.456097
 2852.989990    19.622591
 2853.646480    19.785315
 2854.304440    19.944826
 2854.960940    20.100307
 2855.617920    20.252123
 2856.276370    20.400379
 2856.933350    20.544313
 2857.592290    20.684578
 2858.249760    20.820335
 2858.908940    20.952148
 2859.566650    21.079289
 2860.224370    21.201967
 2860.883790    21.320391
 2861.541750    21.433916
 2862.201900    21.543076
 2862.860350    21.647152
 2863.520510    21.746599
 2864.179200    21.840877
 2864.839840    21.930395
 2865.498780    22.014591
 2866.157960    22.093679
 2866.818850    22.167744
 2867.478520    22.236408
 2868.139650    22.299896
 2868.799320    22.357878
 2869.460940    22.410608
 2870.121090    22.457777
 2870.781490    22.499477
 2871.443360    22.535747
 2872.103760    22.566395
 2872.766360    22.591558
 2873.427000    22.611067
 2874.089600    22.625017
 2874.750730    22.633322
 2875.412110    22.636019
 2876.075440    22.633080
 2876.736820    22.624535
 2877.400390    22.610331
 2878.062260    22.590559
 2878.725830    22.565134
 2879.388180    22.534183
 2880.050540    22.497684
 2880.714600    22.455561
 2881.377440    22.408022
 2882.041750    22.354912
 2882.704830    22.296476
 2883.369380    22.232532
 2884.032960    22.163349
 2884.696530    22.088892
 2885.361330    22.009073
 2886.025390    21.924177
 2886.690920    21.833979
 2887.354980    21.738945
 2888.020510    21.638731
 2888.685060    21.533770
 2889.349610    21.423996
 2890.015870    21.309196
 2890.680910    21.189949
 2891.347410    21.065863
 2892.012700    20.937527
 2892.679200    20.804560
 2893.344970    20.667442
 2894.010500    20.526192
 2894.677730    20.380472
 2895.343510    20.231083
 2896.011470    20.077297
 2896.677490    19.920183
 2897.345460    19.758930
 2898.011960    19.594467
 2898.678960    19.426437
 2899.347170    19.254755
 2900.014160    19.080173
 2900.682860    18.902031
 2901.350100    18.721296
 2902.019530    18.537096
 2902.687010    18.350687
 2903.354740    18.161596
 2904.024410    17.969444
 2904.692380    17.775406
 2905.361820    17.578690
 2906.030520    17.380056
 2906.700680    17.178980
 2907.369140    16.976536
 2908.038090    16.772192
 2908.708500    16.565763
 2909.377930    16.358131
 2910.048830    16.148655
 2910.718260    15.938374
 2911.389650    15.726339
 2912.059330    15.513825
 2912.729250    15.300342
 2913.400630    15.085611
 2914.070800    14.870618
 2914.742920    14.654452
 2915.413570    14.438337
 2916.085690    14.221440
 2916.756590    14.004743
 2917.429200    13.787409
 2918.100340    13.570578
 2918.771730    13.353804
 2919.444580    13.136798
 2920.116210    12.920534
 2920.789550    12.704174
 2921.461670    12.488755
 2922.135500    12.273441
 2922.807370    12.059499
 2923.479740    11.846240
 2924.154050    11.633297
 2924.826660    11.421916
 2925.500980    11.211111
 2926.174070    11.001883
 2926.848880    10.793404
 2927.522220    10.586735
 2928.195800    10.381424
 2928.870850    10.177180
 2929.544920    9.974813
 2930.220460    9.773661
 2930.894530    9.574665
 2931.570310    9.376949
 2932.244630    9.181505
 2932.919190    8.987891
 2933.595700    8.795681
 2934.270260    8.606039
 2934.947270    8.417777
 2935.622310    8.232173
 2936.299070    8.048260
 2936.974850    7.866812
 2937.650390    7.687668
 2938.327880    7.510292
 2939.003660    7.335673
 2939.681400    7.162904
 2940.357670    6.992884
 2941.035640    6.824842
 2941.712160    6.659594
 2942.389160    6.496675
 2943.067630    6.335883
 2943.744630    6.177928
 2944.423580    6.022028
 2945.100830    5.869043
 2945.780030    5.718150
 2946.457760    5.570123
 2947.135500    5.424639
 2947.815190    5.281292
 2948.493410    5.140811
 2949.173100    5.002584
 2949.851560    4.867159
 2950.531980    4.733901
 2951.210450    4.603572
 2951.889650    4.475637
 2952.570070    4.350010
 2953.249270    4.227128
 2953.930660    4.106365
 2954.610110    3.988446
 2955.291500    3.872675
 2955.971190    3.759661
 2956.651120    3.649051
 2957.333010    3.540559
 2958.013180    3.434749
 2958.695560    3.330993
 2959.376220    3.229866
 2960.058350    3.130869
 2960.739500    3.034335
 2961.420410    2.940126
 2962.103520    2.847889
 2962.784910    2.758124
 2963.468020    2.670354
 2964.149900    2.584927
 2964.833500    2.501448
 2965.515380    2.420304
 2966.197750    2.341197
 2966.881590    2.263990
 2967.564210    2.188957
 2968.248540    2.115743
 2968.931150    2.044682
 2969.615720    1.975360
 2970.299070    1.908068
 2970.984130    1.842484
 2971.667480    1.778904
 2972.351070    1.717103
 2973.036620    1.656902
 2973.720700    1.598570
 2974.406250    1.541821
 2975.090580    1.486843
 2975.776610    1.433369
 2976.461180    1.381613
 2977.146000    1.331406
 2977.832280    1.282631
 2978.517580    1.235428
 2979.204350    1.189598
 2979.889650    1.145301
 2980.576660    1.102300
 2981.262210    1.060761
 2981.948240    1.020530
 2982.635990    0.981508
 2983.322020    0.943858
 2984.010010    0.907348
 2984.696530    0.872127
 2985.384770    0.838001
 2986.071530    0.805099
 2986.758540    0.773306
 2987.447270    0.742527
 2988.134770    0.712866
 2988.823490    0.684186
 2989.510990    0.656562
 2990.200440    0.629839
 2990.888180    0.604132
 2991.576170    0.579336
 2992.266360    0.555360
 2992.954830    0.532313
 2993.644780    0.510064
 2994.333500    0.488673
 2995.023930    0.468025
 2995.713130    0.448185
 2996.402100    0.429098
 2997.093020    0.410682
 2997.782710    0.393000
 2998.473880    0.375960
 2999.163570    0.359614
 2999.855470    0.343854
 3000.545410    0.328753
 3001.235600    0.314241
 3001.927730    0.300266
 3002.618410    0.286877
 3003.310550    0.273997
 3004.001710    0.261655
 3004.694340    0.249789
 3005.385740    0.238429
 3006.076900    0.227539
 3006.770020    0.217070
 3007.461670    0.207057
 3008.155270    0.197437
 3008.847410    0.188241
 3009.541260    0.179413
 3010.233400    0.170981
 3010.926270    0.162902
 3011.620360    0.155157
 3012.313230    0.147760
 3013.007810    0.140668
 3013.700930    0.133902
 3014.395750    0.127416
 3015.089360    0.121229
 3015.783200    0.115314
 3016.478270    0.109655
 3017.172610    0.104257
 3017.868160    0.099092
 3018.562260    0.094173
 3019.258540    0.089465
 3019.952880    0.084985
 3020.647950    0.080708
 3021.344480    0.076620
 3022.039310    0.072732
 3022.736330    0.069016
 3023.431640    0.065482
 3024.128660    0.062108
 3024.824460    0.058901
 3025.522220    0.055839
 3026.218020    0.052931
 3026.914310    0.050162
 3027.612300    0.047521
 3028.308840    0.045014
 3029.007080    0.042624
 3029.703860    0.040358
 3030.402590    0.038197
 3031.099850    0.036147
 3031.797120    0.034201
 3032.496090    0.032347
 3033.193600    0.030590
 3033.893310    0.028917
 3034.591060    0.027334
 3035.290770    0.025828
 3035.989010    0.024403
 3036.687740    0.023049
 3037.387700    0.021764
 3038.086670    0.020547
 3038.787350    0.019391
 3039.486080    0.018299
 3040.187260    0.017262
 3040.886470    0.016281
 3041.586180    0.015353
 3042.287350    0.014472
 3042.987550    0.013640
 3043.689210    0.012852
 3044.389160    0.012107
 3045.091060    0.011401
 3045.791750    0.010736
 3046.492430    0.010106
 3047.194820    0.009510
 3047.896000    0.008948
 3048.598880    0.008416
 3049.300050    0.007915
