 2653.384280    0.000000
 2653.996340    0.000000
 2654.606690    0.000000
 2655.217290    0.000000
 2655.829830    0.000000
 2656.440670    0.000000
 2657.053220    0.000000
 2657.664550    0.000000
 2658.277340    0.000000
 2658.888920    0.000000
 2659.500730    0.000000
 2660.114010    0.000000
 2660.725830    0.000000
 2661.339360    0.000000
 2661.951660    0.000000
 2662.565430    0.000000
 2663.177980    0.000000
 2663.790530    0.000000
 2664.404790    0.000000
 2665.017820    0.000000
 2665.632320    0.000000
 2666.245610    0.000000
 2666.860350    0.000000
 2667.473880    0.000000
 2668.089110    0.000000
 2668.702880    0.000000
 2669.316890    0.000000
 2669.932370    0.000000
 2670.546630    0.000000
 2671.162350    0.000001
 2671.776860    0.000001
 2672.393070    0.000001
 2673.007810    0.000002
 2673.622560    0.000002
 2674.239260    0.000003
 2674.854490    0.000004
 2675.471190    0.000006
 2676.086670    0.000009
 2676.703860    0.000011
 2677.319580    0.000015
 2677.935550    0.000021
 2678.552980    0.000028
 2679.169190    0.000037
 2679.786870    0.000050
 2680.403560    0.000065
 2681.021480    0.000086
 2681.638430    0.000112
 2682.255370    0.000145
 2682.873780    0.000186
 2683.490970    0.000238
 2684.109860    0.000302
 2684.727290    0.000381
 2685.346440    0.000479
 2685.964110    0.000596
 2686.582030    0.000737
 2687.201660    0.000907
 2687.819820    0.001107
 2688.439450    0.001344
 2689.057860    0.001620
 2689.677980    0.001941
 2690.296880    0.002309
 2690.915770    0.002728
 2691.536380    0.003205
 2692.155270    0.003738
 2692.776370    0.004334
 2693.395750    0.004990
 2694.016850    0.005709
 2694.636720    0.006487
 2695.256590    0.007321
 2695.877930    0.008212
 2696.498050    0.009149
 2697.119870    0.010127
 2697.740480    0.011134
 2698.362550    0.012164
 2698.983400    0.013199
 2699.604250    0.014227
 2700.226810    0.015239
 2700.847900    0.016212
 2701.470700    0.017137
 2702.092040    0.017994
 2702.715330    0.018773
 2703.337160    0.019457
 2703.958980    0.020035
 2704.582520    0.020499
 2705.204830    0.020840
 2705.828370    0.021051
 2706.450930    0.021132
 2707.074950    0.021084
 2707.697750    0.020909
 2708.320800    0.020615
 2708.945310    0.020210
 2709.568360    0.019710
 2710.193360    0.019125
 2710.816650    0.018478
 2711.441890    0.017786
 2712.065670    0.017073
 2712.689450    0.016361
 2713.314940    0.015674
 2713.939210    0.015042
 2714.565190    0.014490
 2715.189450    0.014051
 2715.815670    0.013754
 2716.440430    0.013635
 2717.066890    0.013726
 2717.691890    0.014069
 2718.317140    0.014701
 2718.943850    0.015670
 2719.569340    0.017020
 2720.196530    0.018809
 2720.822270    0.021086
 2721.449710    0.023920
 2722.075680    0.027365
 2722.702150    0.031499
 2723.329830    0.036403
 2723.956300    0.042137
 2724.584470    0.048812
 2725.211430    0.056485
 2725.839600    0.065278
 2726.466800    0.075256
 2727.093990    0.086536
 2727.722900    0.099261
 2728.350340    0.113486
 2728.979490    0.129415
 2729.607420    0.147122
 2730.236820    0.166854
 2730.864750    0.188717
 2731.493160    0.213011
 2732.122800    0.240062
 2732.751460    0.270123
 2733.381590    0.303741
 2734.010500    0.341291
 2734.640870    0.383564
 2735.270020    0.431136
 2735.899410    0.485003
 2736.530270    0.546365
 2737.159670    0.616179
 2737.790770    0.696247
 2738.420650    0.787856
 2739.052250    0.893310
 2739.682370    1.014157
 2740.312500    1.152893
 2740.944340    1.312429
 2741.575200    1.494744
 2742.207280    1.703236
 2742.838130    1.939914
 2743.470460    2.208637
 2744.101560    2.511058
 2744.732910    2.850430
 2745.365970    3.230132
 2745.997310    3.650204
 2746.630860    4.114974
 2747.262700    4.622781
 2747.896000    5.176696
 2748.528080    5.774233
 2749.160640    6.415989
 2749.794430    7.101090
 2750.427000    7.824217
 2751.061280    8.585150
 2751.694090    9.375583
 2752.328610    10.194061
 2752.961910    11.030571
 2753.595210    11.879630
 2754.230220    12.735849
 2754.863770    13.586693
 2755.499020    14.427711
 2756.132810    15.245769
 2756.768550    16.036200
 2757.402590    16.785500
 2758.036870    17.487432
 2758.673100    18.135363
 2759.307620    18.717840
 2759.943850    19.231016
 2760.578860    19.666342
 2761.215330    20.020441
 2761.850590    20.287655
 2762.487550    20.466097
 2763.123050    20.552952
 2763.758790    20.548000
 2764.396000    20.451288
 2765.031980    20.264727
 2765.669430    19.990105
 2766.305910    19.632011
 2766.943600    19.193756
 2767.580320    18.682226
 2768.216800    18.103212
 2768.855220    17.461273
 2769.492190    16.767124
 2770.130860    16.025053
 2770.768070    15.246758
 2771.407230    14.436255
 2772.044680    13.606408
 2772.682130    12.763210
 2773.321780    11.911653
 2773.959720    11.064552
 2774.599370    10.224590
 2775.237550    9.402610
 2775.877690    8.600321
 2776.516360    7.827433
 2777.155030    7.086740
 2777.795170    6.380572
 2778.434330    5.714791
 2779.074950    5.089252
 2779.714360    4.508183
 2780.355470    3.969821
 2780.995120    3.477019
 2781.634770    3.028030
 2782.276120    2.620804
 2782.916260    2.255740
 2783.558110    1.929298
 2784.198490    1.640882
 2784.840330    1.386689
 2785.480960    1.165171
 2786.121830    0.973021
 2786.764400    0.807175
 2787.405270    0.665794
 2788.048100    0.545437
 2788.689450    0.444245
 2789.332520    0.359349
 2789.974370    0.288955
 2790.615970    0.230895
 2791.259770    0.183180
 2791.901610    0.144494
 2792.545410    0.113162
 2793.187990    0.088091
 2793.832030    0.068089
 2794.474850    0.052312
 2795.117680    0.039928
 2795.762210    0.030254
 2796.405520    0.022785
 2797.050290    0.017036
 2797.693600    0.012662
 2798.338870    0.009339
 2798.982420    0.006849
 2799.626460    0.004988
 2800.272220    0.003605
 2800.916260    0.002591
 2801.562260    0.001847
 2802.206790    0.001309
 2802.852780    0.000921
 2803.497560    0.000644
 2804.142580    0.000447
 2804.789310    0.000308
 2805.434330    0.000211
 2806.081300    0.000144
 2806.726810    0.000097
 2807.374020    0.000065
 2808.020020    0.000043
 2808.666020    0.000029
 2809.313480    0.000019
 2809.959960    0.000012
 2810.607910    0.000008
 2811.254390    0.000005
 2811.902830    0.000003
 2812.549560    0.000002
 2813.198240    0.000001
 2813.845210    0.000001
 2814.492680    0.000001
 2815.141600    0.000000
 2815.789310    0.000000
 2816.438720    0.000000
 2817.086430    0.000000
 2817.736080    0.000000
 2818.384520    0.000000
 2819.032710    0.000000
 2819.682620    0.000000
 2820.331300    0.000000
 2820.981930    0.000000
 2821.630620    0.000000
 2822.281490    0.000000
 2822.930660    0.000000
 2823.580080    0.000000
 2824.231200    0.000000
 2824.880860    0.000000
 2825.532230    0.000000
 2826.182370    0.000000
 2826.833980    0.000000
 2827.484380    0.000000
 2828.134770    0.000000
 2828.786870    0.000000
 2829.437740    0.000000
 2830.090090    0.000000
 2830.741210    0.000000
 2831.394040    0.000000
 2832.045410    0.000000
 2832.697020    0.000000
 2833.350100    0.000000
 2834.001950    0.000000
 2834.655520    0.000000
 2835.307620    0.000000
 2835.961180    0.000000
 2836.613770    0.000000
 2837.266360    0.000000
 2837.920410    0.000000
 2838.573490    0.000000
 2839.228030    0.000000
 2839.881100    0.000000
 2840.535890    0.000000
 2841.189450    0.000000
 2841.843020    0.000000
 2842.498540    0.000000
 2843.152340    0.000000
 2843.807860    0.000000
 2844.462160    0.000000
 2845.118160    0.000000
 2845.772710    0.000000
 2846.427250    0.000000
 2847.083740    0.000000
 2847.738770    0.000000
 2848.395260    0.000000
 2849.050540    0.000000
 2849.707760    0.000000
 2850.363280    0.000000
 2851.018800    0.000000
 2851.676270    0.000000
 2852.332280    0.000000
 2852.989990    0.000000
 2853.646480    0.000000
 2854.304440    0.000000
 2854.960940    0.000000
 2855.617920    0.000000
 2856.276370    0.000000
 2856.933350    0.000000
 2857.592290    0.000000
 2858.249760    0.000000
 2858.908940    0.000000
 2859.566650    0.000000
 2860.224370    0.000000
 2860.883790    0.000000
 2861.541750    0.000000
 2862.201900    0.000000
 2862.860350    0.000000
 2863.520510    0.000000
 2864.179200    0.000000
 2864.839840    0.000000
 2865.498780    0.000000
 2866.157960    0.000000
 2866.818850    0.000000
 2867.478520    0.000000
 2868.139650    0.000000
 2868.799320    0.000000
 2869.460940    0.000000
 2870.121090    0.000000
 2870.781490    0.000000
 2871.443360    0.000000
 2872.103760    0.000000
 2872.766360    0.000000
 2873.427000    0.000000
 2874.089600    0.000000
 2874.750730    0.000000
 2875.412110    0.000000
 2876.075440    0.000000
 2876.736820    0.000000
 2877.400390    0.000000
 2878.062260    0.000000
 2878.725830    0.000000
 2879.388180    0.000000
 2880.050540    0.000000
 2880.714600    0.000000
 2881.377440    0.000000
 2882.041750    0.000000
 2882.704830    0.000000
 2883.369380    0.000000
 2884.032960    0.000000
 2884.696530    0.000000
 2885.361330    0.000000
 2886.025390    0.000000
 2886.690920    0.000000
 2887.354980    0.000000
 2888.020510    0.000000
 2888.685060    0.000000
 2889.349610    0.000000
 2890.015870    0.000000
 2890.680910    0.000000
 2891.347410    0.000000
 2892.012700    0.000000
 2892.679200    0.000000
 2893.344970    0.000000
 2894.010500    0.000000
 2894.677730    0.000000
 2895.343510    0.000000
 2896.011470    0.000000
 2896.677490    0.000000
 2897.345460    0.000000
 2898.011960    0.000000
 2898.678960    0.000000
 2899.347170    0.000000
 2900.014160    0.000000
 2900.682860    0.000000
 2901.350100    0.000000
 2902.019530    0.000000
 2902.687010    0.000000
 2903.354740    0.000000
 2904.024410    0.000000
 2904.692380    0.000000
 2905.361820    0.000000
 2906.030520    0.000000
 2906.700680    0.000000
 2907.369140    0.000000
 2908.038090    0.000000
 2908.708500    0.000000
 2909.377930    0.000000
 2910.048830    0.000000
 2910.718260    0.000000
 2911.389650    0.000000
 2912.059330    0.000000
 2912.729250    0.000000
 2913.400630    0.000000
 2914.070800    0.000000
 2914.742920    0.000000
 2915.413570    0.000000
 2916.085690    0.000000
 2916.756590    0.000000
 2917.429200    0.000000
 2918.100340    0.000000
 2918.771730    0.000000
 2919.444580    0.000000
 2920.116210    0.000000
 2920.789550    0.000000
 2921.461670    0.000000
 2922.135500    0.000000
 2922.807370    0.000000
 2923.479740    0.000000
 2924.154050    0.000000
 2924.826660    0.000000
 2925.500980    0.000000
 2926.174070    0.000000
 2926.848880    0.000000
 2927.522220    0.000000
 2928.195800    0.000000
 2928.870850    0.000000
 2929.544920    0.000000
 2930.220460    0.000000
 2930.894530    0.000000
 2931.570310    0.000000
 2932.244630    0.000000
 2932.919190    0.000000
 2933.595700    0.000000
 2934.270260    0.000000
 2934.947270    0.000000
 2935.622310    0.000000
 2936.299070    0.000000
 2936.974850    0.000000
 2937.650390    0.000000
 2938.327880    0.000000
 2939.003660    0.000000
 2939.681400    0.000000
 2940.357670    0.000000
 2941.035640    0.000000
 2941.712160    0.000000
 2942.389160    0.000000
 2943.067630    0.000000
 2943.744630    0.000000
 2944.423580    0.000000
 2945.100830    0.000000
 2945.780030    0.000000
 2946.457760    0.000000
 2947.135500    0.000000
 2947.815190    0.000000
 2948.493410    0.000000
 2949.173100    0.000000
 2949.851560    0.000000
 2950.531980    0.000000
 2951.210450    0.000000
 2951.889650    0.000000
 2952.570070    0.000000
 2953.249270    0.000000
 2953.930660    0.000000
 2954.610110    0.000000
 2955.291500    0.000000
 2955.971190    0.000000
 2956.651120    0.000000
 2957.333010    0.000000
 2958.013180    0.000000
 2958.695560    0.000000
 2959.376220    0.000000
 2960.058350    0.000000
 2960.739500    0.000000
 2961.420410    0.000000
 2962.103520    0.000000
 2962.784910    0.000000
 2963.468020    0.000000
 2964.149900    0.000000
 2964.833500    0.000000
 2965.515380    0.000000
 2966.197750    0.000000
 2966.881590    0.000000
 2967.564210    0.000000
 2968.248540    0.000000
 2968.931150    0.000000
 2969.615720    0.000000
 2970.299070    0.000000
 2970.984130    0.000000
 2971.667480    0.000000
 2972.351070    0.000000
 2973.036620    0.000000
 2973.720700    0.000000
 2974.406250    0.000000
 2975.090580    0.000000
 2975.776610    0.000000
 2976.461180    0.000000
 2977.146000    0.000000
 2977.832280    0.000000
 2978.517580    0.000000
 2979.204350    0.000000
 2979.889650    0.000000
 2980.576660    0.000000
 2981.262210    0.000000
 2981.948240    0.000000
 2982.635990    0.000000
 2983.322020    0.000000
 2984.010010    0.000000
 2984.696530    0.000000
 2985.384770    0.000000
 2986.071530    0.000000
 2986.758540    0.000000
 2987.447270    0.000000
 2988.134770    0.000000
 2988.823490    0.000000
 2989.510990    0.000000
 2990.200440    0.000000
 2990.888180    0.000000
 2991.576170    0.000000
 2992.266360    0.000000
 2992.954830    0.000000
 2993.644780    0.000000
 2994.333500    0.000000
 2995.023930    0.000000
 2995.713130    0.000000
 2996.402100    0.000000
 2997.093020    0.000000
 2997.782710    0.000000
 2998.473880    0.000000
 2999.163570    0.000000
 2999.855470    0.000000
 3000.545410    0.000000
 3001.235600    0.000000
 3001.927730    0.000000
 3002.618410    0.000000
 3003.310550    0.000000
 3004.001710    0.000000
 3004.694340    0.000000
 3005.385740    0.000000
 3006.076900    0.000000
 3006.770020    0.000000
 3007.461670    0.000000
 3008.155270    0.000000
 3008.847410    0.000000
 3009.541260    0.000000
 3010.233400    0.000000
 3010.926270    0.000000
 3011.620360    0.000000
 3012.313230    0.000000
 3013.007810    0.000000
 3013.700930    0.000000
 3014.395750    0.000000
 3015.089360    0.000000
 3015.783200    0.000000
 3016.478270    0.000000
 3017.172610    0.000000
 3017.868160    0.000000
 3018.562260    0.000000
 3019.258540    0.000000
 3019.952880    0.000000
 3020.647950    0.000000
 3021.344480    0.000000
 3022.039310    0.000000
 3022.736330    0.000000
 3023.431640    0.000000
 3024.128660    0.000000
 3024.824460    0.000000
 3025.522220    0.000000
 3026.218020    0.000000
 3026.914310    0.000000
 3027.612300    0.000000
 3028.308840    0.000000
 3029.007080    0.000000
 3029.703860    0.000000
 3030.402590    0.000000
 3031.099850    0.000000
 3031.797120    0.000000
 3032.496090    0.000000
 3033.193600    0.000000
 3033.893310    0.000000
 3034.591060    0.000000
 3035.290770    0.000000
 3035.989010    0.000000
 3036.687740    0.000000
 3037.387700    0.000000
 3038.086670    0.000000
 3038.787350    0.000000
 3039.486080    0.000000
 3040.187260    0.000000
 3040.886470    0.000000
 3041.586180    0.000000
 3042.287350    0.000000
 3042.987550    0.000000
 3043.689210    0.000000
 3044.389160    0.000000
 3045.091060    0.000000
 3045.791750    0.000000
 3046.492430    0.000000
 3047.194820    0.000000
 3047.896000    0.000000
 3048.598880    0.000000
 3049.300050    0.000000
