 2653.384280    0.673323
 2653.996340    0.701230
 2654.606690    0.729984
 2655.217290    0.759692
 2655.829830    0.790463
 2656.440670    0.822132
 2657.053220    0.854897
 2657.664550    0.888619
 2658.277340    0.923469
 2658.888920    0.959311
 2659.500730    0.996248
 2660.114010    1.034376
 2660.725830    1.073530
 2661.339360    1.113933
 2661.951660    1.155408
 2662.565430    1.198156
 2663.177980    1.242005
 2663.790530    1.287056
 2664.404790    1.333454
 2665.017820    1.380992
 2665.632320    1.429895
 2666.245610    1.479961
 2666.860350    1.531423
 2667.473880    1.584068
 2668.089110    1.638160
 2668.702880    1.693429
 2669.316890    1.750035
 2669.932370    1.808104
 2670.546630    1.867388
 2671.162350    1.928155
 2671.776860    1.990144
 2672.393070    2.053656
 2673.007810    2.118366
 2673.622560    2.184426
 2674.239260    2.252051
 2674.854490    2.320867
 2675.471190    2.391198
 2676.086670    2.462733
 2676.703860    2.535811
 2677.319580    2.610048
 2677.935550    2.685638
 2678.552980    2.762726
 2679.169190    2.840965
 2679.786870    2.920684
 2680.403560    3.001554
 2681.021480    3.083847
 2681.638430    3.167253
 2682.255370    3.251880
 2682.873780    3.337913
 2683.490970    3.424954
 2684.109860    3.513393
 2684.727290    3.602750
 2685.346440    3.693455
 2685.964110    3.785013
 2686.582030    3.877642
 2687.201660    3.971532
 2687.819820    4.066166
 2688.439450    4.161954
 2689.057860    4.258443
 2689.677980    4.356047
 2690.296880    4.454264
 2690.915770    4.553239
 2691.536380    4.653202
 2692.155270    4.753553
 2692.776370    4.854876
 2693.395750    4.956482
 2694.016850    5.058877
 2694.636720    5.161523
 2695.256590    5.264565
 2695.877930    5.368186
 2696.498050    5.471882
 2697.119870    5.576078
 2697.740480    5.680223
 2698.362550    5.784699
 2698.983400    5.888994
 2699.604250    5.993242
 2700.226810    6.097663
 2700.847900    6.201657
 2701.470700    6.305683
 2702.092040    6.409139
 2702.715330    6.512521
 2703.337160    6.615190
 2703.958980    6.717317
 2704.582520    6.819102
 2705.204830    6.919995
 2705.828370    7.020316
 2706.450930    7.119634
 2707.074950    7.218261
 2707.697750    7.315699
 2708.320800    7.412100
 2708.945310    7.507576
 2709.568360    7.601602
 2710.193360    7.694614
 2710.816650    7.785996
 2711.441890    7.876206
 2712.065670    7.964676
 2712.689450    8.051546
 2713.314940    8.136975
 2713.939210    8.220490
 2714.565190    8.302411
 2715.189450    8.382219
 2715.815670    8.460316
 2716.440430    8.536204
 2717.066890    8.610205
 2717.691890    8.681877
 2718.317140    8.751363
 2718.943850    8.818727
 2719.569340    8.883626
 2720.196530    8.946301
 2720.822270    9.006380
 2721.449710    9.064116
 2722.075680    9.119169
 2722.702150    9.171666
 2723.329830    9.221616
 2723.956300    9.268784
 2724.584470    9.313346
 2725.211430    9.355059
 2725.839600    9.394049
 2726.466800    9.430150
 2727.093990    9.463398
 2727.722900    9.493848
 2728.350340    9.521324
 2728.979490    9.545946
 2729.607420    9.567582
 2730.236820    9.586312
 2730.864750    9.602043
 2731.493160    9.614825
 2732.122800    9.624662
 2732.751460    9.631521
 2733.381590    9.635432
 2734.010500    9.636388
 2734.640870    9.634403
 2735.270020    9.629504
 2735.899410    9.621706
 2736.530270    9.611008
 2737.159670    9.597487
 2737.790770    9.581107
 2738.420650    9.561977
 2739.052250    9.540043
 2739.682370    9.515456
 2740.312500    9.488215
 2740.944340    9.458286
 2741.575200    9.425848
 2742.207280    9.390841
 2742.838130    9.353457
 2743.470460    9.313607
 2744.101560    9.271521
 2744.732910    9.227178
 2745.365970    9.180538
 2745.997310    9.131932
 2746.630860    9.081135
 2747.262700    9.028539
 2747.896000    8.973970
 2748.528080    8.917746
 2749.160640    8.859806
 2749.794430    8.800174
 2750.427000    8.739175
 2751.061280    8.676622
 2751.694090    8.612932
 2752.328610    8.547888
 2752.961910    8.481891
 2753.595210    8.414928
 2754.230220    8.346925
 2754.863770    8.278333
 2755.499020    8.208919
 2756.132810    8.139146
 2756.768550    8.068754
 2757.402590    7.998268
 2758.036870    7.927589
 2758.673100    7.856647
 2759.307620    7.785973
 2759.943850    7.715307
 2760.578860    7.645101
 2761.215330    7.575181
 2761.850590    7.505967
 2762.487550    7.437266
 2763.123050    7.369549
 2763.758790    7.302754
 2764.396000    7.236885
 2765.031980    7.172347
 2765.669430    7.108992
 2766.305910    7.047192
 2766.943600    6.986859
 2767.580320    6.928328
 2768.216800    6.871651
 2768.855220    6.816763
 2769.492190    6.764084
 2770.130860    6.713475
 2770.768070    6.665309
 2771.407230    6.619453
 2772.044680    6.576288
 2772.682130    6.535806
 2773.321780    6.497998
 2773.959720    6.463212
 2774.599370    6.431375
 2775.237550    6.402757
 2775.877690    6.377320
 2776.516360    6.355309
 2777.155030    6.336766
 2777.795170    6.321766
 2778.434330    6.310470
 2779.074950    6.302936
 2779.714360    6.299295
 2780.355470    6.299630
 2780.995120    6.304029
 2781.634770    6.312577
 2782.276120    6.325400
 2782.916260    6.342524
 2783.558110    6.364112
 2784.198490    6.390136
 2784.840330    6.420787
 2785.480960    6.456009
 2786.121830    6.495936
 2786.764400    6.540746
 2787.405270    6.590258
 2788.048100    6.644809
 2788.689450    6.704169
 2789.332520    6.768682
 2789.974370    6.838101
 2790.615970    6.912557
 2791.259770    6.992385
 2791.901610    7.077109
 2792.545410    7.167271
 2793.187990    7.262455
 2793.832030    7.363081
 2794.474850    7.468744
 2795.117680    7.579640
 2795.762210    7.696086
 2796.405520    7.817560
 2797.050290    7.944564
 2797.693600    8.076512
 2798.338870    8.214095
 2798.982420    8.356511
 2799.626460    8.504212
 2800.272220    8.657466
 2800.916260    8.815433
 2801.562260    8.978968
 2802.206790    9.147163
 2802.852780    9.320737
 2803.497560    9.498910
 2804.142580    9.682011
 2804.789310    9.870413
 2805.434330    10.063047
 2806.081300    10.260927
 2806.726810    10.462930
 2807.374020    10.669961
 2808.020020    10.880997
 2808.666020    11.096317
 2809.313480    11.316321
 2809.959960    11.540072
 2810.607910    11.768304
 2811.254390    11.999857
 2811.902830    12.235836
 2812.549560    12.474776
 2813.198240    12.717894
 2813.845210    12.963675
 2814.492680    13.212794
 2815.141600    13.465490
 2815.789310    13.720559
 2816.438720    13.978993
 2817.086430    14.239264
 2817.736080    14.502674
 2818.384520    14.767756
 2819.032710    15.034727
 2819.682620    15.304209
 2820.331300    15.574798
 2820.981930    15.847625
 2821.630620    16.120853
 2822.281490    16.396030
 2822.930660    16.671303
 2823.580080    16.947285
 2824.231200    17.224386
 2824.880860    17.501045
 2825.532230    17.778395
 2826.182370    18.054970
 2826.833980    18.331682
 2827.484380    18.607172
 2828.134770    18.881729
 2828.786870    19.155848
 2829.437740    19.428062
 2830.090090    19.699261
 2830.741210    19.968098
 2831.394040    20.235552
 2832.045410    20.500080
 2832.697020    20.762161
 2833.350100    21.022036
 2834.001950    21.278406
 2834.655520    21.532188
 2835.307620    21.781920
 2835.961180    22.028492
 2836.613770    22.270756
 2837.266360    22.508854
 2837.920410    22.743088
 2838.573490    22.972359
 2839.228030    23.197300
 2839.881100    23.416689
 2840.535890    23.631384
 2841.189450    23.840210
 2841.843020    24.043367
 2842.498540    24.241239
 2843.152340    24.432529
 2843.807860    24.618046
 2844.462160    24.796768
 2845.118160    24.969311
 2845.772710    25.134661
 2846.427250    25.293053
 2847.083740    25.444763
 2847.738770    25.588839
 2848.395260    25.725779
 2849.050540    25.854879
 2849.707760    25.976620
 2850.363280    26.090191
 2851.018800    26.195803
 2851.676270    26.293625
 2852.332280    26.383034
 2852.989990    26.464367
 2853.646480    26.537165
 2854.304440    26.601643
 2854.960940    26.657442
 2855.617920    26.704691
 2856.276370    26.743366
 2856.933350    26.773253
 2857.592290    26.794464
 2858.249760    26.806852
 2858.908940    26.810455
 2859.566650    26.805242
 2860.224370    26.791237
 2860.883790    26.768372
 2861.541750    26.736774
 2862.201900    26.696285
 2862.860350    26.647167
 2863.520510    26.589212
 2864.179200    26.522745
 2864.839840    26.447481
 2865.498780    26.363901
 2866.157960    26.271862
 2866.818850    26.171217
 2867.478520    26.062498
 2868.139650    25.945358
 2868.799320    25.820433
 2869.460940    25.687185
 2870.121090    25.546425
 2870.781490    25.397942
 2871.443360    25.241575
 2872.103760    25.078163
 2872.766360    24.906944
 2873.427000    24.729151
 2874.089600    24.543901
 2874.750730    24.352314
 2875.412110    24.154093
 2876.075440    23.948879
 2876.736820    23.738070
 2877.400390    23.520535
 2878.062260    23.297749
 2878.725830    23.068760
 2879.388180    22.834787
 2880.050540    22.595617
 2880.714600    22.350836
 2881.377440    22.101725
 2882.041750    21.847498
 2882.704830    21.589399
 2883.369380    21.326607
 2884.032960    21.060306
 2884.696530    20.790344
 2885.361330    20.516438
 2886.025390    20.239615
 2886.690920    19.959185
 2887.354980    19.676613
 2888.020510    19.390879
 2888.685060    19.103254
 2889.349610    18.813555
 2890.015870    18.521248
 2890.680910    18.227844
 2891.347410    17.932377
 2892.012700    17.636263
 2892.679200    17.338631
 2893.344970    17.040565
 2894.010500    16.742069
 2894.677730    16.442471
 2895.343510    16.143402
 2896.011470    15.843421
 2896.677490    15.544593
 2897.345460    15.245363
 2898.011960    14.947450
 2898.678960    14.650174
 2899.347170    14.353389
 2900.014160    14.058361
 2900.682860    13.763968
 2901.350100    13.471780
 2902.019530    13.180357
 2902.687010    12.891667
 2903.354740    12.604907
 2904.024410    12.319500
 2904.692380    12.037150
 2905.361820    11.756655
 2906.030520    11.479068
 2906.700680    11.203609
 2907.369140    10.931703
 2908.038090    10.662559
 2908.708500    10.395908
 2909.377930    10.132830
 2910.048830    9.872463
 2910.718260    9.616039
 2911.389650    9.362335
 2912.059330    9.112821
 2912.729250    8.866829
 2913.400630    8.623995
 2914.070800    8.385355
 2914.742920    8.149843
 2915.413570    7.918715
 2916.085690    7.691005
 2916.756590    7.467670
 2917.429200    7.247776
 2918.100340    7.032390
 2918.771730    6.820983
 2919.444580    6.613206
 2920.116210    6.409907
 2920.789550    6.210214
 2921.461670    6.015011
 2922.135500    5.823455
 2922.807370    5.636580
 2923.479740    5.453691
 2924.154050    5.274399
 2924.826660    5.099671
 2925.500980    4.928598
 2926.174070    4.761909
 2926.848880    4.598858
 2927.522220    4.440187
 2928.195800    4.285450
 2928.870850    4.134348
 2929.544920    3.987397
 2930.220460    3.844027
 2930.894530    3.704820
 2931.570310    3.569077
 2932.244630    3.437389
 2932.919190    3.309365
 2933.595700    3.184648
 2934.270260    3.063904
 2934.947270    2.946296
 2935.622310    2.832535
 2936.299070    2.721943
 2936.974850    2.614907
 2937.650390    2.511241
 2938.327880    2.410558
 2939.003660    2.313343
 2939.681400    2.219007
 2940.357670    2.127965
 2941.035640    2.039727
 2941.712160    1.954642
 2942.389160    1.872395
 2943.067630    1.792809
 2943.744630    1.716168
 2944.423580    1.642018
 2945.100830    1.570696
 2945.780030    1.501751
 2946.457760    1.435467
 2947.135500    1.371626
 2947.815190    1.309992
 2948.493410    1.250812
 2949.173100    1.193764
 2949.851560    1.139013
 2950.531980    1.086243
 2951.210450    1.035694
 2951.889650    0.987099
 2952.570070    0.940371
 2953.249270    0.895616
 2953.930660    0.852554
 2954.610110    0.811392
 2955.291500    0.771833
 2955.971190    0.734036
 2956.651120    0.697831
 2957.333010    0.663080
 2958.013180    0.629918
 2958.695560    0.598103
 2959.376220    0.567766
 2960.058350    0.538716
 2960.739500    0.511011
 2961.420410    0.484568
 2962.103520    0.459250
 2962.784910    0.435160
 2963.468020    0.412130
 2964.149900    0.390219
 2964.833500    0.369290
 2965.515380    0.349408
 2966.197750    0.330465
 2966.881590    0.312401
 2967.564210    0.295249
 2968.248540    0.278898
 2968.931150    0.263398
 2969.615720    0.248629
 2970.299070    0.234629
 2970.984130    0.221305
 2971.667480    0.208694
 2972.351070    0.196728
 2973.036620    0.185349
 2973.720700    0.174589
 2974.406250    0.164373
 2975.090580    0.154716
 2975.776610    0.145553
 2976.461180    0.136901
 2977.146000    0.128714
 2977.832280    0.120957
 2978.517580    0.113638
 2979.204350    0.106708
 2979.889650    0.100179
 2980.576660    0.094000
 2981.262210    0.088182
 2981.948240    0.082691
 2982.635990    0.077502
 2983.322020    0.072624
 2984.010010    0.068016
 2984.696530    0.063686
 2985.384770    0.059601
 2986.071530    0.055765
 2986.758540    0.052156
 2987.447270    0.048755
 2988.134770    0.045565
 2988.823490    0.042562
 2989.510990    0.039749
 2990.200440    0.037100
 2990.888180    0.034621
 2991.576170    0.032296
 2992.266360    0.030109
 2992.954830    0.028065
 2993.644780    0.026146
 2994.333500    0.024353
 2995.023930    0.022671
 2995.713130    0.021099
 2996.402100    0.019629
 2997.093020    0.018252
 2997.782710    0.016969
 2998.473880    0.015766
 2999.163570    0.014646
 2999.855470    0.013597
 3000.545410    0.012622
 3001.235600    0.011711
 3001.927730    0.010860
 3002.618410    0.010070
 3003.310550    0.009331
 3004.001710    0.008645
 3004.694340    0.008004
 3005.385740    0.007410
 3006.076900    0.006857
 3006.770020    0.006342
 3007.461670    0.005865
 3008.155270    0.005420
 3008.847410    0.005008
 3009.541260    0.004624
 3010.233400    0.004270
 3010.926270    0.003941
 3011.620360    0.003634
 3012.313230    0.003352
 3013.007810    0.003089
 3013.700930    0.002847
 3014.395750    0.002622
 3015.089360    0.002414
 3015.783200    0.002222
 3016.478270    0.002044
 3017.172610    0.001880
 3017.868160    0.001728
 3018.562260    0.001588
 3019.258540    0.001458
 3019.952880    0.001339
 3020.647950    0.001229
 3021.344480    0.001127
 3022.039310    0.001035
 3022.736330    0.000948
 3023.431640    0.000869
 3024.128660    0.000796
 3024.824460    0.000729
 3025.522220    0.000668
 3026.218020    0.000610
 3026.914310    0.000559
 3027.612300    0.000510
 3028.308840    0.000466
 3029.007080    0.000426
 3029.703860    0.000389
 3030.402590    0.000356
 3031.099850    0.000324
 3031.797120    0.000296
 3032.496090    0.000270
 3033.193600    0.000246
 3033.893310    0.000224
 3034.591060    0.000204
 3035.290770    0.000186
 3035.989010    0.000169
 3036.687740    0.000154
 3037.387700    0.000139
 3038.086670    0.000127
 3038.787350    0.000115
 3039.486080    0.000105
 3040.187260    0.000095
 3040.886470    0.000086
 3041.586180    0.000078
 3042.287350    0.000071
 3042.987550    0.000064
 3043.689210    0.000058
 3044.389160    0.000052
 3045.091060    0.000048
 3045.791750    0.000043
 3046.492430    0.000039
 3047.194820    0.000035
 3047.896000    0.000032
 3048.598880    0.000029
 3049.300050    0.000026
