 2653.384280    0.000000
 2653.996340    0.000000
 2654.606690    0.000000
 2655.217290    0.000000
 2655.829830    0.000000
 2656.440670    0.000000
 2657.053220    0.000000
 2657.664550    0.000000
 2658.277340    0.000000
 2658.888920    0.000000
 2659.500730    0.000000
 2660.114010    0.000000
 2660.725830    0.000000
 2661.339360    0.000000
 2661.951660    0.000000
 2662.565430    0.000000
 2663.177980    0.000000
 2663.790530    0.000000
 2664.404790    0.000000
 2665.017820    0.000000
 2665.632320    0.000000
 2666.245610    0.000000
 2666.860350    0.000000
 2667.473880    0.000000
 2668.089110    0.000000
 2668.702880    0.000000
 2669.316890    0.000000
 2669.932370    0.000000
 2670.546630    0.000000
 2671.162350    0.000000
 2671.776860    0.000000
 2672.393070    0.000000
 2673.007810    0.000000
 2673.622560    0.000000
 2674.239260    0.000000
 2674.854490    0.000000
 2675.471190    0.000000
 2676.086670    0.000000
 2676.703860    0.000000
 2677.319580    0.000000
 2677.935550    0.000000
 2678.552980    0.000000
 2679.169190    0.000000
 2679.786870    0.000000
 2680.403560    0.000000
 2681.021480    0.000000
 2681.638430    0.000000
 2682.255370    0.000000
 2682.873780    0.000000
 2683.490970    0.000000
 2684.109860    0.000000
 2684.727290    0.000000
 2685.346440    0.000000
 2685.964110    0.000000
 2686.582030    0.000000
 2687.201660    0.000000
 2687.819820    0.000000
 2688.439450    0.000000
 2689.057860    0.000000
 2689.677980    0.000000
 2690.296880    0.000000
 2690.915770    0.000000
 2691.536380    0.000000
 2692.155270    0.000000
 2692.776370    0.000000
 2693.395750    0.000000
 2694.016850    0.000000
 2694.636720    0.000000
 2695.256590    0.000000
 2695.877930    0.000000
 2696.498050    0.000000
 2697.119870    0.000000
 2697.740480    0.000000
 2698.362550    0.000000
 2698.983400    0.000000
 2699.604250    0.000000
 2700.226810    0.000000
 2700.847900    0.000000
 2701.470700    0.000000
 2702.092040    0.000000
 2702.715330    0.000000
 2703.337160    0.000000
 2703.958980    0.000000
 2704.582520    0.000000
 2705.204830    0.000000
 2705.828370    0.000000
 2706.450930    0.000000
 2707.074950    0.000000
 2707.697750    0.000000
 2708.320800    0.000000
 2708.945310    0.000000
 2709.568360    0.000000
 2710.193360    0.000000
 2710.816650    0.000000
 2711.441890    0.000000
 2712.065670    0.000000
 2712.689450    0.000000
 2713.314940    0.000000
 2713.939210    0.000000
 2714.565190    0.000000
 2715.189450    0.000000
 2715.815670    0.000000
 2716.440430    0.000000
 2717.066890    0.000000
 2717.691890    0.000000
 2718.317140    0.000000
 2718.943850    0.000000
 2719.569340    0.000000
 2720.196530    0.000000
 2720.822270    0.000000
 2721.449710    0.000000
 2722.075680    0.000000
 2722.702150    0.000000
 2723.329830    0.000000
 2723.956300    0.000000
 2724.584470    0.000000
 2725.211430    0.000000
 2725.839600    0.000000
 2726.466800    0.000000
 2727.093990    0.000000
 2727.722900    0.000000
 2728.350340    0.000000
 2728.979490    0.000000
 2729.607420    0.000001
 2730.236820    0.000001
 2730.864750    0.000001
 2731.493160    0.000001
 2732.122800    0.000001
 2732.751460    0.000001
 2733.381590    0.000001
 2734.010500    0.000001
 2734.640870    0.000001
 2735.270020    0.000001
 2735.899410    0.000001
 2736.530270    0.000002
 2737.159670    0.000002
 2737.790770    0.000002
 2738.420650    0.000002
 2739.052250    0.000002
 2739.682370    0.000002
 2740.312500    0.000003
 2740.944340    0.000003
 2741.575200    0.000003
 2742.207280    0.000004
 2742.838130    0.000004
 2743.470460    0.000004
 2744.101560    0.000005
 2744.732910    0.000005
 2745.365970    0.000006
 2745.997310    0.000006
 2746.630860    0.000007
 2747.262700    0.000007
 2747.896000    0.000008
 2748.528080    0.000009
 2749.160640    0.000009
 2749.794430    0.000010
 2750.427000    0.000010
 2751.061280    0.000011
 2751.694090    0.000013
 2752.328610    0.000014
 2752.961910    0.000015
 2753.595210    0.000017
 2754.230220    0.000018
 2754.863770    0.000020
 2755.499020    0.000022
 2756.132810    0.000024
 2756.768550    0.000026
 2757.402590    0.000029
 2758.036870    0.000031
 2758.673100    0.000033
 2759.307620    0.000036
 2759.943850    0.000040
 2760.578860    0.000043
 2761.215330    0.000047
 2761.850590    0.000051
 2762.487550    0.000055
 2763.123050    0.000060
 2763.758790    0.000066
 2764.396000    0.000072
 2765.031980    0.000077
 2765.669430    0.000084
 2766.305910    0.000092
 2766.943600    0.000099
 2767.580320    0.000108
 2768.216800    0.000116
 2768.855220    0.000127
 2769.492190    0.000137
 2770.130860    0.000149
 2770.768070    0.000161
 2771.407230    0.000175
 2772.044680    0.000189
 2772.682130    0.000205
 2773.321780    0.000221
 2773.959720    0.000239
 2774.599370    0.000259
 2775.237550    0.000280
 2775.877690    0.000303
 2776.516360    0.000328
 2777.155030    0.000355
 2777.795170    0.000382
 2778.434330    0.000414
 2779.074950    0.000446
 2779.714360    0.000482
 2780.355470    0.000521
 2780.995120    0.000562
 2781.634770    0.000606
 2782.276120    0.000653
 2782.916260    0.000704
 2783.558110    0.000759
 2784.198490    0.000817
 2784.840330    0.000881
 2785.480960    0.000949
 2786.121830    0.001021
 2786.764400    0.001100
 2787.405270    0.001183
 2788.048100    0.001272
 2788.689450    0.001369
 2789.332520    0.001472
 2789.974370    0.001582
 2790.615970    0.001699
 2791.259770    0.001826
 2791.901610    0.001961
 2792.545410    0.002106
 2793.187990    0.002260
 2793.832030    0.002426
 2794.474850    0.002603
 2795.117680    0.002791
 2795.762210    0.002993
 2796.405520    0.003208
 2797.050290    0.003439
 2797.693600    0.003684
 2798.338870    0.003946
 2798.982420    0.004225
 2799.626460    0.004522
 2800.272220    0.004841
 2800.916260    0.005178
 2801.562260    0.005540
 2802.206790    0.005923
 2802.852780    0.006333
 2803.497560    0.006768
 2804.142580    0.007231
 2804.789310    0.007725
 2805.434330    0.008248
 2806.081300    0.008806
 2806.726810    0.009398
 2807.374020    0.010029
 2808.020020    0.010696
 2808.666020    0.011406
 2809.313480    0.012161
 2809.959960    0.012960
 2810.607910    0.013811
 2811.254390    0.014710
 2811.902830    0.015668
 2812.549560    0.016679
 2813.198240    0.017754
 2813.845210    0.018889
 2814.492680    0.020093
 2815.141600    0.021369
 2815.789310    0.022717
 2816.438720    0.024148
 2817.086430    0.025658
 2817.736080    0.027258
 2818.384520    0.028946
 2819.032710    0.030729
 2819.682620    0.032619
 2820.331300    0.034609
 2820.981930    0.036717
 2821.630620    0.038937
 2822.281490    0.041285
 2822.930660    0.043756
 2823.580080    0.046363
 2824.231200    0.049117
 2824.880860    0.052014
 2825.532230    0.055074
 2826.182370    0.058290
 2826.833980    0.061685
 2827.484380    0.065250
 2828.134770    0.069002
 2828.786870    0.072960
 2829.437740    0.077113
 2830.090090    0.081490
 2830.741210    0.086081
 2831.394040    0.090917
 2832.045410    0.095984
 2832.697020    0.101308
 2833.350100    0.106908
 2834.001950    0.112774
 2834.655520    0.118942
 2835.307620    0.125398
 2835.961180    0.132180
 2836.613770    0.139278
 2837.266360    0.146714
 2837.920410    0.154521
 2838.573490    0.162683
 2839.228030    0.171246
 2839.881100    0.180185
 2840.535890    0.189562
 2841.189450    0.199350
 2841.843020    0.209582
 2842.498540    0.220309
 2843.152340    0.231486
 2843.807860    0.243192
 2844.462160    0.255391
 2845.118160    0.268159
 2845.772710    0.281452
 2846.427250    0.295319
 2847.083740    0.309823
 2847.738770    0.324909
 2848.395260    0.340668
 2849.050540    0.357056
 2849.707760    0.374175
 2850.363280    0.391953
 2851.018800    0.410458
 2851.676270    0.429770
 2852.332280    0.449814
 2852.989990    0.470711
 2853.646480    0.492395
 2854.304440    0.514980
 2854.960940    0.538391
 2855.617920    0.562722
 2856.276370    0.588039
 2856.933350    0.614258
 2857.592290    0.641542
 2858.249760    0.669780
 2858.908940    0.699136
 2859.566650    0.729497
 2860.224370    0.760958
 2860.883790    0.793632
 2861.541750    0.827393
 2862.201900    0.862459
 2862.860350    0.898656
 2863.520510    0.936201
 2864.179200    0.974945
 2864.839840    1.015121
 2865.498780    1.056537
 2866.157960    1.099341
 2866.818850    1.143669
 2867.478520    1.189354
 2868.139650    1.236614
 2868.799320    1.285273
 2869.460940    1.335612
 2870.121090    1.387407
 2870.781490    1.440817
 2871.443360    1.495977
 2872.103760    1.552675
 2872.766360    1.611259
 2873.427000    1.671390
 2874.089600    1.733456
 2874.750730    1.797166
 2875.412110    1.862711
 2876.075440    1.930296
 2876.736820    1.999552
 2877.400390    2.070942
 2878.062260    2.144076
 2878.725830    2.219356
 2879.388180    2.296478
 2880.050540    2.375605
 2880.714600    2.456971
 2881.377440    2.540245
 2882.041750    2.625784
 2882.704830    2.713268
 2883.369380    2.803073
 2884.032960    2.894890
 2884.696530    2.988867
 2885.361330    3.085199
 2886.025390    3.183626
 2886.690920    3.284487
 2887.354980    3.387353
 2888.020510    3.492692
 2888.685060    3.600127
 2889.349610    3.709823
 2890.015870    3.822076
 2890.680910    3.936402
 2891.347410    4.053269
 2892.012700    4.172208
 2892.679200    4.293658
 2893.344970    4.417263
 2894.010500    4.543110
 2894.677730    4.671566
 2895.343510    4.802019
 2896.011470    4.935179
 2896.677490    5.070210
 2897.345460    5.207893
 2898.011960    5.347510
 2898.678960    5.489449
 2899.347170    5.633854
 2900.014160    5.780180
 2900.682860    5.929043
 2901.350100    6.079718
 2902.019530    6.233005
 2902.687010    6.387924
 2903.354740    6.544947
 2904.024410    6.704448
 2904.692380    6.865521
 2905.361820    7.028891
 2906.030520    7.193980
 2906.700680    7.361294
 2907.369140    7.529990
 2908.038090    7.700569
 2908.708500    7.873237
 2909.377930    8.047313
 2910.048830    8.223377
 2910.718260    8.400600
 2911.389650    8.579832
 2912.059330    8.760033
 2912.729250    8.941652
 2913.400630    9.124963
 2914.070800    9.309162
 2914.742920    9.495051
 2915.413570    9.681613
 2916.085690    9.869583
 2916.756590    10.058134
 2917.429200    10.248009
 2918.100340    10.438230
 2918.771730    10.629194
 2919.444580    10.821166
 2920.116210    11.013288
 2920.789550    11.206311
 2921.461670    11.399306
 2922.135500    11.593016
 2922.807370    11.786294
 2923.479740    11.979747
 2924.154050    12.173697
 2924.826660    12.366992
 2925.500980    12.560512
 2926.174070    12.753317
 2926.848880    12.946138
 2927.522220    13.137966
 2928.195800    13.329185
 2928.870850    13.520033
 2929.544920    13.709712
 2930.220460    13.898799
 2930.894530    14.086367
 2931.570310    14.273191
 2932.244630    14.458284
 2932.919190    14.642012
 2933.595700    14.824721
 2934.270260    15.005247
 2934.947270    15.184658
 2935.622310    15.361676
 2936.299070    15.537158
 2936.974850    15.710293
 2937.650390    15.881168
 2938.327880    16.050224
 2939.003660    16.216438
 2939.681400    16.380604
 2940.357670    16.541794
 2941.035640    16.700649
 2941.712160    16.856333
 2942.389160    17.009190
 2943.067630    17.159338
 2943.744630    17.306025
 2944.423580    17.449894
 2945.100830    17.590076
 2945.780030    17.727228
 2946.457760    17.860573
 2947.135500    17.990314
 2947.815190    18.116728
 2948.493410    18.239086
 2949.173100    18.357845
 2949.851560    18.472445
 2950.531980    18.583342
 2951.210450    18.689823
 2951.889650    18.792244
 2952.570070    18.890606
 2953.249270    18.984478
 2953.930660    19.074263
 2954.610110    19.159351
 2955.291500    19.240173
 2955.971190    19.316238
 2956.651120    19.387730
 2957.333010    19.454754
 2958.013180    19.516911
 2958.695560    19.574507
 2959.376220    19.627167
 2960.058350    19.675104
 2960.739500    19.718117
 2961.420410    19.756231
 2962.103520    19.789539
 2962.784910    19.817827
 2963.468020    19.841219
 2964.149900    19.859596
 2964.833500    19.873014
 2965.515380    19.881414
 2966.197750    19.884825
 2966.881590    19.883232
 2967.564210    19.876644
 2968.248540    19.865034
 2968.931150    19.848475
 2969.615720    19.826889
 2970.299070    19.800388
 2970.984130    19.768877
 2971.667480    19.732534
 2972.351070    19.691309
 2973.036620    19.645100
 2973.720700    19.594172
 2974.406250    19.538347
 2975.090580    19.477884
 2975.776610    19.412567
 2976.461180    19.342745
 2977.146000    19.268307
 2977.832280    19.189161
 2978.517580    19.105640
 2979.204350    19.017511
 2979.889650    18.925207
 2980.576660    18.828371
 2981.262210    18.727516
 2981.948240    18.622438
 2982.635990    18.513008
 2983.322020    18.399845
 2984.010010    18.282429
 2984.696530    18.161417
 2985.384770    18.036337
 2986.071530    17.907848
 2986.758540    17.775736
 2987.447270    17.639791
 2988.134770    17.500683
 2988.823490    17.358017
 2989.510990    17.212389
 2990.200440    17.063229
 2990.888180    16.911425
 2991.576170    16.756653
 2992.266360    16.598568
 2992.954830    16.438164
 2993.644780    16.274807
 2994.333500    16.109238
 2995.023930    15.940863
 2995.713130    15.770496
 2996.402100    15.598014
 2997.093020    15.422968
 2997.782710    15.246267
 2998.473880    15.067335
 2999.163570    14.887039
 2999.855470    14.704533
 3000.545410    14.521015
 3001.235600    14.336022
 3001.927730    14.149198
 3002.618410    13.961575
 3003.310550    13.772463
 3004.001710    13.582642
 3004.694340    13.391546
 3005.385740    13.200023
 3006.076900    13.007915
 3006.770020    12.814709
 3007.461670    12.621469
 3008.155270    12.427338
 3008.847410    12.233379
 3009.541260    12.038803
 3010.233400    11.844670
 3010.926270    11.650394
 3011.620360    11.455933
 3012.313230    11.262070
 3013.007810    11.068079
 3013.700930    10.874939
 3014.395750    10.681857
 3015.089360    10.489737
 3015.783200    10.298258
 3016.478270    10.107240
 3017.172610    9.917302
 3017.868160    9.727993
 3018.562260    9.540122
 3019.258540    9.352777
 3019.952880    9.167150
 3020.647950    8.982591
 3021.344480    8.798985
 3022.039310    8.617232
 3022.736330    8.436379
 3023.431640    8.257506
 3024.128660    8.079793
 3024.824460    7.904050
 3025.522220    7.729530
 3026.218020    7.557266
 3026.914310    7.386700
 3027.612300    7.217590
 3028.308840    7.050752
 3029.007080    6.885472
 3029.703860    6.722543
 3030.402590    6.561207
 3031.099850    6.402294
 3031.797120    6.245495
 3032.496090    6.090467
 3033.193600    5.937944
 3033.893310    5.787159
 3034.591060    5.639030
 3035.290770    5.492749
 3035.989010    5.349054
 3036.687740    5.207559
 3037.387700    5.068138
 3038.086670    4.931244
 3038.787350    4.796365
 3039.486080    4.664215
 3040.187260    4.533972
 3040.886470    4.406462
 3041.586180    4.281234
 3042.287350    4.158125
 3042.987550    4.037565
 3043.689210    3.919134
 3044.389160    3.803362
 3045.091060    3.689639
 3045.791750    3.578475
 3046.492430    3.469661
 3047.194820    3.362928
 3047.896000    3.258714
 3048.598880    3.156568
 3049.300050    3.056974
