 2653.384280    0.000000
 2653.996340    0.000000
 2654.606690    0.000000
 2655.217290    0.000000
 2655.829830    0.000000
 2656.440670    0.000000
 2657.053220    0.000000
 2657.664550    0.000000
 2658.277340    0.000000
 2658.888920    0.000000
 2659.500730    0.000000
 2660.114010    0.000000
 2660.725830    0.000000
 2661.339360    0.000000
 2661.951660    0.000001
 2662.565430    0.000001
 2663.177980    0.000001
 2663.790530    0.000002
 2664.404790    0.000003
 2665.017820    0.000004
 2665.632320    0.000006
 2666.245610    0.000009
 2666.860350    0.000011
 2667.473880    0.000016
 2668.089110    0.000023
 2668.702880    0.000032
 2669.316890    0.000045
 2669.932370    0.000063
 2670.546630    0.000087
 2671.162350    0.000119
 2671.776860    0.000163
 2672.393070    0.000223
 2673.007810    0.000302
 2673.622560    0.000409
 2674.239260    0.000551
 2674.854490    0.000738
 2675.471190    0.000985
 2676.086670    0.001308
 2676.703860    0.001731
 2677.319580    0.002279
 2677.935550    0.002987
 2678.552980    0.003901
 2679.169190    0.005067
 2679.786870    0.006557
 2680.403560    0.008445
 2681.021480    0.010832
 2681.638430    0.013827
 2682.255370    0.017571
 2682.873780    0.022242
 2683.490970    0.028015
 2684.109860    0.035151
 2684.727290    0.043885
 2685.346440    0.054575
 2685.964110    0.067531
 2686.582030    0.083196
 2687.201660    0.102092
 2687.819820    0.124657
 2688.439450    0.151597
 2689.057860    0.183462
 2689.677980    0.221141
 2690.296880    0.265263
 2690.915770    0.316758
 2691.536380    0.376729
 2692.155270    0.445827
 2692.776370    0.525529
 2693.395750    0.616411
 2694.016850    0.720061
 2694.636720    0.837090
 2695.256590    0.968757
 2695.877930    1.116448
 2696.498050    1.280493
 2697.119870    1.462543
 2697.740480    1.662492
 2698.362550    1.881780
 2698.983400    2.119842
 2699.604250    2.377228
 2700.226810    2.654604
 2700.847900    2.950155
 2701.470700    3.264669
 2702.092040    3.595484
 2702.715330    3.943007
 2703.337160    4.303560
 2703.958980    4.675788
 2704.582520    5.058236
 2705.204830    5.446256
 2705.828370    5.838181
 2706.450930    6.229170
 2707.074950    6.617043
 2707.697750    6.996243
 2708.320800    7.363671
 2708.945310    7.715926
 2709.568360    8.047306
 2710.193360    8.355640
 2710.816650    8.635327
 2711.441890    8.884451
 2712.065670    9.098405
 2712.689450    9.275002
 2713.314940    9.412211
 2713.939210    9.507491
 2714.565190    9.559937
 2715.189450    9.568545
 2715.815670    9.533221
 2716.440430    9.454592
 2717.066890    9.333312
 2717.691890    9.171618
 2718.317140    8.971360
 2718.943850    8.734659
 2719.569340    8.465596
 2720.196530    8.166332
 2720.822270    7.842100
 2721.449710    7.495199
 2722.075680    7.131445
 2722.702150    6.753873
 2723.329830    6.366099
 2723.956300    5.973637
 2724.584470    5.578504
 2725.211430    5.186164
 2725.839600    4.798451
 2726.466800    4.419765
 2727.093990    4.052188
 2727.722900    3.697102
 2728.350340    3.358260
 2728.979490    3.035541
 2729.607420    2.731672
 2730.236820    2.446217
 2730.864750    2.181012
 2731.493160    1.935386
 2732.122800    1.709051
 2732.751460    1.502476
 2733.381590    1.314333
 2734.010500    1.144711
 2734.640870    0.992020
 2735.270020    0.855939
 2735.899410    0.735054
 2736.530270    0.628078
 2737.159670    0.534369
 2737.790770    0.452324
 2738.420650    0.381215
 2739.052250    0.319636
 2739.682370    0.266865
 2740.312500    0.221768
 2740.944340    0.183339
 2741.575200    0.150906
 2742.207280    0.123582
 2742.838130    0.100772
 2743.470460    0.081748
 2744.101560    0.066032
 2744.732910    0.053085
 2745.365970    0.042451
 2745.997310    0.033808
 2746.630860    0.026777
 2747.262700    0.021123
 2747.896000    0.016575
 2748.528080    0.012951
 2749.160640    0.010070
 2749.794430    0.007790
 2750.427000    0.006001
 2751.061280    0.004597
 2751.694090    0.003508
 2752.328610    0.002662
 2752.961910    0.002011
 2753.595210    0.001513
 2754.230220    0.001131
 2754.863770    0.000843
 2755.499020    0.000625
 2756.132810    0.000461
 2756.768550    0.000338
 2757.402590    0.000247
 2758.036870    0.000179
 2758.673100    0.000130
 2759.307620    0.000093
 2759.943850    0.000067
 2760.578860    0.000048
 2761.215330    0.000034
 2761.850590    0.000024
 2762.487550    0.000017
 2763.123050    0.000011
 2763.758790    0.000009
 2764.396000    0.000006
 2765.031980    0.000004
 2765.669430    0.000003
 2766.305910    0.000002
 2766.943600    0.000001
 2767.580320    0.000001
 2768.216800    0.000001
 2768.855220    0.000000
 2769.492190    0.000000
 2770.130860    0.000000
 2770.768070    0.000000
 2771.407230    0.000000
 2772.044680    0.000000
 2772.682130    0.000000
 2773.321780    0.000000
 2773.959720    0.000000
 2774.599370    0.000000
 2775.237550    0.000000
 2775.877690    0.000000
 2776.516360    0.000000
 2777.155030    0.000000
 2777.795170    0.000000
 2778.434330    0.000000
 2779.074950    0.000000
 2779.714360    0.000000
 2780.355470    0.000000
 2780.995120    0.000000
 2781.634770    0.000000
 2782.276120    0.000000
 2782.916260    0.000001
 2783.558110    0.000001
 2784.198490    0.000002
 2784.840330    0.000002
 2785.480960    0.000003
 2786.121830    0.000005
 2786.764400    0.000007
 2787.405270    0.000010
 2788.048100    0.000013
 2788.689450    0.000019
 2789.332520    0.000028
 2789.974370    0.000039
 2790.615970    0.000055
 2791.259770    0.000077
 2791.901610    0.000108
 2792.545410    0.000150
 2793.187990    0.000208
 2793.832030    0.000286
 2794.474850    0.000393
 2795.117680    0.000537
 2795.762210    0.000731
 2796.405520    0.000991
 2797.050290    0.001336
 2797.693600    0.001794
 2798.338870    0.002400
 2798.982420    0.003194
 2799.626460    0.004232
 2800.272220    0.005588
 2800.916260    0.007339
 2801.562260    0.009603
 2802.206790    0.012503
 2802.852780    0.016214
 2803.497560    0.020924
 2804.142580    0.026884
 2804.789310    0.034410
 2805.434330    0.043818
 2806.081300    0.055588
 2806.726810    0.070168
 2807.374020    0.088227
 2808.020020    0.110393
 2808.666020    0.137507
 2809.313480    0.170599
 2809.959960    0.210637
 2810.607910    0.259027
 2811.254390    0.316956
 2811.902830    0.386332
 2812.549560    0.468534
 2813.198240    0.566000
 2813.845210    0.680331
 2814.492680    0.814198
 2815.141600    0.970406
 2815.789310    1.151000
 2816.438720    1.359653
 2817.086430    1.598200
 2817.736080    1.871029
 2818.384520    2.179906
 2819.032710    2.528192
 2819.682620    2.920012
 2820.331300    3.356426
 2820.981930    3.842201
 2821.630620    4.376644
 2822.281490    4.965025
 2822.930660    5.605177
 2823.580080    6.299563
 2824.231200    7.050014
 2824.880860    7.852153
 2825.532230    8.708319
 2826.182370    9.612185
 2826.833980    10.563999
 2827.484380    11.555346
 2828.134770    12.582426
 2828.786870    13.641502
 2829.437740    14.720292
 2830.090090    15.814752
 2830.741210    16.911051
 2831.394040    18.004042
 2832.045410    19.077751
 2832.697020    20.123968
 2833.350100    21.133192
 2834.001950    22.089861
 2834.655520    22.986961
 2835.307620    23.809250
 2835.961180    24.550144
 2836.613770    25.197334
 2837.266360    25.743567
 2837.920410    26.182472
 2838.573490    26.506399
 2839.228030    26.712021
 2839.881100    26.795607
 2840.535890    26.756348
 2841.189450    26.594818
 2841.843020    26.313271
 2842.498540    25.914185
 2843.152340    25.405113
 2843.807860    24.790228
 2844.462160    24.080252
 2845.118160    23.281122
 2845.772710    22.406754
 2846.427250    21.466225
 2847.083740    20.467724
 2847.738770    19.427910
 2848.395260    18.353714
 2849.050540    17.260887
 2849.707760    16.155149
 2850.363280    15.053128
 2851.018800    13.961699
 2851.676270    12.886621
 2852.332280    11.841534
 2852.989990    10.828443
 2853.646480    9.857890
 2854.304440    8.930875
 2854.960940    8.055398
 2855.617920    7.231596
 2856.276370    6.460363
 2856.933350    5.746099
 2857.592290    5.085290
 2858.249760    4.480824
 2858.908940    3.928556
 2859.566650    3.429376
 2860.224370    2.979748
 2860.883790    2.576082
 2861.541750    2.217475
 2862.201900    1.898939
 2862.860350    1.619246
 2863.520510    1.373741
 2864.179200    1.160459
 2864.839840    0.975223
 2865.498780    0.816105
 2866.157960    0.679725
 2866.818850    0.563222
 2867.478520    0.464671
 2868.139650    0.381407
 2868.799320    0.311738
 2869.460940    0.253451
 2870.121090    0.205193
 2870.781490    0.165334
 2871.443360    0.132529
 2872.103760    0.105788
 2872.766360    0.083983
 2873.427000    0.066406
 2874.089600    0.052225
 2874.750730    0.040901
 2875.412110    0.031879
 2876.075440    0.024713
 2876.736820    0.019081
 2877.400390    0.014651
 2878.062260    0.011205
 2878.725830    0.008522
 2879.388180    0.006455
 2880.050540    0.004867
 2880.714600    0.003649
 2881.377440    0.002724
 2882.041750    0.002023
 2882.704830    0.001496
 2883.369380    0.001101
 2884.032960    0.000806
 2884.696530    0.000587
 2885.361330    0.000426
 2886.025390    0.000307
 2886.690920    0.000220
 2887.354980    0.000158
 2888.020510    0.000113
 2888.685060    0.000079
 2889.349610    0.000056
 2890.015870    0.000039
 2890.680910    0.000028
 2891.347410    0.000019
 2892.012700    0.000013
 2892.679200    0.000009
 2893.344970    0.000006
 2894.010500    0.000004
 2894.677730    0.000003
 2895.343510    0.000002
 2896.011470    0.000001
 2896.677490    0.000001
 2897.345460    0.000001
 2898.011960    0.000000
 2898.678960    0.000000
 2899.347170    0.000000
 2900.014160    0.000000
 2900.682860    0.000000
 2901.350100    0.000000
 2902.019530    0.000000
 2902.687010    0.000000
 2903.354740    0.000000
 2904.024410    0.000000
 2904.692380    0.000000
 2905.361820    0.000000
 2906.030520    0.000000
 2906.700680    0.000000
 2907.369140    0.000000
 2908.038090    0.000000
 2908.708500    0.000000
 2909.377930    0.000000
 2910.048830    0.000000
 2910.718260    0.000000
 2911.389650    0.000000
 2912.059330    0.000000
 2912.729250    0.000000
 2913.400630    0.000000
 2914.070800    0.000000
 2914.742920    0.000000
 2915.413570    0.000000
 2916.085690    0.000000
 2916.756590    0.000000
 2917.429200    0.000000
 2918.100340    0.000000
 2918.771730    0.000000
 2919.444580    0.000000
 2920.116210    0.000000
 2920.789550    0.000000
 2921.461670    0.000000
 2922.135500    0.000000
 2922.807370    0.000000
 2923.479740    0.000000
 2924.154050    0.000000
 2924.826660    0.000000
 2925.500980    0.000000
 2926.174070    0.000000
 2926.848880    0.000000
 2927.522220    0.000000
 2928.195800    0.000000
 2928.870850    0.000000
 2929.544920    0.000000
 2930.220460    0.000000
 2930.894530    0.000000
 2931.570310    0.000000
 2932.244630    0.000000
 2932.919190    0.000000
 2933.595700    0.000000
 2934.270260    0.000000
 2934.947270    0.000000
 2935.622310    0.000000
 2936.299070    0.000000
 2936.974850    0.000000
 2937.650390    0.000000
 2938.327880    0.000000
 2939.003660    0.000000
 2939.681400    0.000000
 2940.357670    0.000000
 2941.035640    0.000000
 2941.712160    0.000000
 2942.389160    0.000000
 2943.067630    0.000000
 2943.744630    0.000000
 2944.423580    0.000000
 2945.100830    0.000000
 2945.780030    0.000000
 2946.457760    0.000000
 2947.135500    0.000000
 2947.815190    0.000000
 2948.493410    0.000000
 2949.173100    0.000000
 2949.851560    0.000000
 2950.531980    0.000000
 2951.210450    0.000000
 2951.889650    0.000000
 2952.570070    0.000000
 2953.249270    0.000000
 2953.930660    0.000000
 2954.610110    0.000000
 2955.291500    0.000000
 2955.971190    0.000000
 2956.651120    0.000000
 2957.333010    0.000000
 2958.013180    0.000000
 2958.695560    0.000000
 2959.376220    0.000000
 2960.058350    0.000000
 2960.739500    0.000000
 2961.420410    0.000000
 2962.103520    0.000000
 2962.784910    0.000000
 2963.468020    0.000000
 2964.149900    0.000000
 2964.833500    0.000000
 2965.515380    0.000000
 2966.197750    0.000000
 2966.881590    0.000000
 2967.564210    0.000000
 2968.248540    0.000000
 2968.931150    0.000000
 2969.615720    0.000000
 2970.299070    0.000000
 2970.984130    0.000000
 2971.667480    0.000000
 2972.351070    0.000000
 2973.036620    0.000000
 2973.720700    0.000000
 2974.406250    0.000000
 2975.090580    0.000000
 2975.776610    0.000000
 2976.461180    0.000000
 2977.146000    0.000000
 2977.832280    0.000000
 2978.517580    0.000000
 2979.204350    0.000000
 2979.889650    0.000000
 2980.576660    0.000000
 2981.262210    0.000000
 2981.948240    0.000000
 2982.635990    0.000000
 2983.322020    0.000000
 2984.010010    0.000000
 2984.696530    0.000000
 2985.384770    0.000000
 2986.071530    0.000000
 2986.758540    0.000000
 2987.447270    0.000000
 2988.134770    0.000000
 2988.823490    0.000000
 2989.510990    0.000000
 2990.200440    0.000000
 2990.888180    0.000000
 2991.576170    0.000000
 2992.266360    0.000000
 2992.954830    0.000000
 2993.644780    0.000000
 2994.333500    0.000000
 2995.023930    0.000000
 2995.713130    0.000000
 2996.402100    0.000000
 2997.093020    0.000000
 2997.782710    0.000000
 2998.473880    0.000000
 2999.163570    0.000000
 2999.855470    0.000000
 3000.545410    0.000000
 3001.235600    0.000000
 3001.927730    0.000000
 3002.618410    0.000000
 3003.310550    0.000000
 3004.001710    0.000000
 3004.694340    0.000000
 3005.385740    0.000000
 3006.076900    0.000000
 3006.770020    0.000000
 3007.461670    0.000000
 3008.155270    0.000000
 3008.847410    0.000000
 3009.541260    0.000000
 3010.233400    0.000000
 3010.926270    0.000000
 3011.620360    0.000000
 3012.313230    0.000000
 3013.007810    0.000000
 3013.700930    0.000000
 3014.395750    0.000000
 3015.089360    0.000000
 3015.783200    0.000000
 3016.478270    0.000000
 3017.172610    0.000000
 3017.868160    0.000000
 3018.562260    0.000000
 3019.258540    0.000000
 3019.952880    0.000000
 3020.647950    0.000000
 3021.344480    0.000000
 3022.039310    0.000000
 3022.736330    0.000000
 3023.431640    0.000000
 3024.128660    0.000000
 3024.824460    0.000000
 3025.522220    0.000000
 3026.218020    0.000000
 3026.914310    0.000000
 3027.612300    0.000000
 3028.308840    0.000000
 3029.007080    0.000000
 3029.703860    0.000000
 3030.402590    0.000000
 3031.099850    0.000000
 3031.797120    0.000000
 3032.496090    0.000000
 3033.193600    0.000000
 3033.893310    0.000000
 3034.591060    0.000000
 3035.290770    0.000000
 3035.989010    0.000000
 3036.687740    0.000000
 3037.387700    0.000000
 3038.086670    0.000000
 3038.787350    0.000000
 3039.486080    0.000000
 3040.187260    0.000000
 3040.886470    0.000000
 3041.586180    0.000000
 3042.287350    0.000000
 3042.987550    0.000000
 3043.689210    0.000000
 3044.389160    0.000000
 3045.091060    0.000000
 3045.791750    0.000000
 3046.492430    0.000000
 3047.194820    0.000000
 3047.896000    0.000000
 3048.598880    0.000000
 3049.300050    0.000000
