 2653.384280    0.000338
 2653.996340    0.000407
 2654.606690    0.000491
 2655.217290    0.000591
 2655.829830    0.000710
 2656.440670    0.000852
 2657.053220    0.001020
 2657.664550    0.001219
 2658.277340    0.001454
 2658.888920    0.001732
 2659.500730    0.002060
 2660.114010    0.002445
 2660.725830    0.002897
 2661.339360    0.003428
 2661.951660    0.004047
 2662.565430    0.004772
 2663.177980    0.005615
 2663.790530    0.006595
 2664.404790    0.007736
 2665.017820    0.009056
 2665.632320    0.010586
 2666.245610    0.012349
 2666.860350    0.014385
 2667.473880    0.016724
 2668.089110    0.019415
 2668.702880    0.022491
 2669.316890    0.026011
 2669.932370    0.030038
 2670.546630    0.034618
 2671.162350    0.039839
 2671.776860    0.045753
 2672.393070    0.052473
 2673.007810    0.060053
 2673.622560    0.068606
 2674.239260    0.078272
 2674.854490    0.089112
 2675.471190    0.101305
 2676.086670    0.114932
 2676.703860    0.130205
 2677.319580    0.147203
 2677.935550    0.166132
 2678.552980    0.187214
 2679.169190    0.210546
 2679.786870    0.236431
 2680.403560    0.264975
 2681.021480    0.296501
 2681.638430    0.331128
 2682.255370    0.369140
 2682.873780    0.410885
 2683.490970    0.456437
 2684.109860    0.506279
 2684.727290    0.560422
 2685.346440    0.619416
 2685.964110    0.683235
 2686.582030    0.752312
 2687.201660    0.827104
 2687.819820    0.907499
 2688.439450    0.994140
 2689.057860    1.086904
 2689.677980    1.186478
 2690.296880    1.292627
 2690.915770    1.405746
 2691.536380    1.526364
 2692.155270    1.653979
 2692.776370    1.789542
 2693.395750    1.932314
 2694.016850    2.083151
 2694.636720    2.241388
 2695.256590    2.407304
 2695.877930    2.581269
 2696.498050    2.762437
 2697.119870    2.951525
 2697.740480    3.147453
 2698.362550    3.350821
 2698.983400    3.560445
 2699.604250    3.776353
 2700.226810    3.998741
 2700.847900    4.225999
 2701.470700    4.458747
 2702.092040    4.695208
 2702.715330    4.936028
 2703.337160    5.179183
 2703.958980    5.424474
 2704.582520    5.671775
 2705.204830    5.919065
 2705.828370    6.166418
 2706.450930    6.412025
 2707.074950    6.655882
 2707.697750    6.895947
 2708.320800    7.131783
 2708.945310    7.362809
 2709.568360    7.586917
 2710.193360    7.804300
 2710.816650    8.012666
 2711.441890    8.212235
 2712.065670    8.400935
 2712.689450    8.578311
 2713.314940    8.743904
 2713.939210    8.896079
 2714.565190    9.034742
 2715.189450    9.158410
 2715.815670    9.267142
 2716.440430    9.359745
 2717.066890    9.436178
 2717.691890    9.495631
 2718.317140    9.537992
 2718.943850    9.563037
 2719.569340    9.570516
 2720.196530    9.560398
 2720.822270    9.532783
 2721.449710    9.487671
 2722.075680    9.425528
 2722.702150    9.346540
 2723.329830    9.250978
 2723.956300    9.139729
 2724.584470    9.012856
 2725.211430    8.871609
 2725.839600    8.716186
 2726.466800    8.547930
 2727.093990    8.367479
 2727.722900    8.175211
 2728.350340    7.973049
 2728.979490    7.760961
 2729.607420    7.540946
 2730.236820    7.313100
 2730.864750    7.079532
 2731.493160    6.840581
 2732.122800    6.596995
 2732.751460    6.350656
 2733.381590    6.101618
 2734.010500    5.851932
 2734.640870    5.601484
 2735.270020    5.352259
 2735.899410    5.104547
 2736.530270    4.858701
 2737.159670    4.616634
 2737.790770    4.377850
 2738.420650    4.144119
 2739.052250    3.914966
 2739.682370    3.692086
 2740.312500    3.475420
 2740.944340    3.264824
 2741.575200    3.061566
 2742.207280    2.865238
 2742.838130    2.676840
 2743.470460    2.495759
 2744.101560    2.322897
 2744.732910    2.157912
 2745.365970    2.000489
 2745.997310    1.851462
 2746.630860    1.709862
 2747.262700    1.576472
 2747.896000    1.450488
 2748.528080    1.332288
 2749.160640    1.221346
 2749.794430    1.117352
 2750.427000    1.020470
 2751.061280    0.930006
 2751.694090    0.846151
 2752.328610    0.768213
 2752.961910    0.696272
 2753.595210    0.629881
 2754.230220    0.568594
 2754.863770    0.512424
 2755.499020    0.460803
 2756.132810    0.413703
 2756.768550    0.370592
 2757.402590    0.331446
 2758.036870    0.295864
 2758.673100    0.263511
 2759.307620    0.234324
 2759.943850    0.207912
 2760.578860    0.184171
 2761.215330    0.162786
 2761.850590    0.143647
 2762.487550    0.126477
 2763.123050    0.111182
 2763.758790    0.097549
 2764.396000    0.085402
 2765.031980    0.074648
 2765.669430    0.065106
 2766.305910    0.056694
 2766.943600    0.049267
 2767.580320    0.042748
 2768.216800    0.037031
 2768.855220    0.032014
 2769.492190    0.027646
 2770.130860    0.023835
 2770.768070    0.020537
 2771.407230    0.017677
 2772.044680    0.015222
 2772.682130    0.013117
 2773.321780    0.011319
 2773.959720    0.009804
 2774.599370    0.008533
 2775.237550    0.007488
 2775.877690    0.006643
 2776.516360    0.005984
 2777.155030    0.005495
 2777.795170    0.005166
 2778.434330    0.004992
 2779.074950    0.004968
 2779.714360    0.005095
 2780.355470    0.005377
 2780.995120    0.005820
 2781.634770    0.006435
 2782.276120    0.007240
 2782.916260    0.008249
 2783.558110    0.009490
 2784.198490    0.010985
 2784.840330    0.012774
 2785.480960    0.014888
 2786.121830    0.017375
 2786.764400    0.020295
 2787.405270    0.023690
 2788.048100    0.027648
 2788.689450    0.032222
 2789.332520    0.037522
 2789.974370    0.043621
 2790.615970    0.050632
 2791.259770    0.058704
 2791.901610    0.067924
 2792.545410    0.078492
 2793.187990    0.090526
 2793.832030    0.104258
 2794.474850    0.119831
 2795.117680    0.137490
 2795.762210    0.157531
 2796.405520    0.180129
 2797.050290    0.205666
 2797.693600    0.234338
 2798.338870    0.266638
 2798.982420    0.302749
 2799.626460    0.343174
 2800.272220    0.388433
 2800.916260    0.438736
 2801.562260    0.494853
 2802.206790    0.557002
 2802.852780    0.626005
 2803.497560    0.702150
 2804.142580    0.786188
 2804.789310    0.878974
 2805.434330    0.980670
 2806.081300    1.092536
 2806.726810    1.214693
 2807.374020    1.348468
 2808.020020    1.494005
 2808.666020    1.652293
 2809.313480    1.824493
 2809.959960    2.010733
 2810.607910    2.212492
 2811.254390    2.429612
 2811.902830    2.663997
 2812.549560    2.915049
 2813.198240    3.184891
 2813.845210    3.472659
 2814.492680    3.779882
 2815.141600    4.107667
 2815.789310    4.455156
 2816.438720    4.824364
 2817.086430    5.213684
 2817.736080    5.625573
 2818.384520    6.058203
 2819.032710    6.512187
 2819.682620    6.988886
 2820.331300    7.485962
 2820.981930    8.005545
 2821.630620    8.544025
 2822.281490    9.104227
 2822.930660    9.682021
 2823.580080    10.278141
 2824.231200    10.892903
 2824.880860    11.522053
 2825.532230    12.167233
 2826.182370    12.823965
 2826.833980    13.493206
 2827.484380    14.170293
 2828.134770    14.854412
 2828.786870    15.545182
 2829.437740    16.237169
 2830.090090    16.930759
 2830.741210    17.620535
 2831.394040    18.306923
 2832.045410    18.983839
 2832.697020    19.650286
 2833.350100    20.304615
 2834.001950    20.941256
 2834.655520    21.560171
 2835.307620    22.155483
 2835.961180    22.727047
 2836.613770    23.269943
 2837.266360    23.782377
 2837.920410    24.262831
 2838.573490    24.707031
 2839.228030    25.114304
 2839.881100    25.480703
 2840.535890    25.806044
 2841.189450    26.087099
 2841.843020    26.323000
 2842.498540    26.512972
 2843.152340    26.654892
 2843.807860    26.748724
 2844.462160    26.793480
 2845.118160    26.789059
 2845.772710    26.735477
 2846.427250    26.633078
 2847.083740    26.481899
 2847.738770    26.283503
 2848.395260    26.038086
 2849.050540    25.747961
 2849.707760    25.413220
 2850.363280    25.037489
 2851.018800    24.621946
 2851.676270    24.167364
 2852.332280    23.678417
 2852.989990    23.155230
 2853.646480    22.602734
 2854.304440    22.021399
 2854.960940    21.416634
 2855.617920    20.789585
 2856.276370    20.142155
 2856.933350    19.480164
 2857.592290    18.803102
 2858.249760    18.117382
 2858.908940    17.422562
 2859.566650    16.724789
 2860.224370    16.025236
 2860.883790    15.324699
 2861.541750    14.629056
 2862.201900    13.936824
 2862.860350    13.254339
 2863.520510    12.580155
 2864.179200    11.919448
 2864.839840    11.270571
 2865.498780    10.638728
 2866.157960    10.023419
 2866.818850    9.424612
 2867.478520    8.846064
 2868.139650    8.286351
 2868.799320    7.748700
 2869.460940    7.230943
 2870.121090    6.736211
 2870.781490    6.263454
 2871.443360    5.812030
 2872.103760    5.383953
 2872.766360    4.976784
 2873.427000    4.592865
 2874.089600    4.229606
 2874.750730    3.888490
 2875.412110    3.568083
 2876.075440    3.267092
 2876.736820    2.986657
 2877.400390    2.724343
 2878.062260    2.480990
 2878.725830    2.254579
 2879.388180    2.045337
 2880.050540    1.852032
 2880.714600    1.673406
 2881.377440    1.509442
 2882.041750    1.358667
 2882.704830    1.220884
 2883.369380    1.094745
 2884.032960    0.979943
 2884.696530    0.875527
 2885.361330    0.780597
 2886.025390    0.694733
 2886.690920    0.616985
 2887.354980    0.547045
 2888.020510    0.483986
 2888.685060    0.427464
 2889.349610    0.376828
 2890.015870    0.331452
 2890.680910    0.291058
 2891.347410    0.255027
 2892.012700    0.223086
 2892.679200    0.194729
 2893.344970    0.169678
 2894.010500    0.147576
 2894.677730    0.128064
 2895.343510    0.110955
 2896.011470    0.095903
 2896.677490    0.082771
 2897.345460    0.071270
 2898.011960    0.061270
 2898.678960    0.052567
 2899.347170    0.045002
 2900.014160    0.038463
 2900.682860    0.032798
 2901.350100    0.027924
 2902.019530    0.023716
 2902.687010    0.020113
 2903.354740    0.017024
 2904.024410    0.014375
 2904.692380    0.012120
 2905.361820    0.010196
 2906.030520    0.008561
 2906.700680    0.007174
 2907.369140    0.006001
 2908.038090    0.005010
 2908.708500    0.004173
 2909.377930    0.003470
 2910.048830    0.002879
 2910.718260    0.002385
 2911.389650    0.001970
 2912.059330    0.001626
 2912.729250    0.001339
 2913.400630    0.001101
 2914.070800    0.000902
 2914.742920    0.000738
 2915.413570    0.000604
 2916.085690    0.000492
 2916.756590    0.000401
 2917.429200    0.000325
 2918.100340    0.000263
 2918.771730    0.000213
 2919.444580    0.000172
 2920.116210    0.000138
 2920.789550    0.000112
 2921.461670    0.000090
 2922.135500    0.000072
 2922.807370    0.000057
 2923.479740    0.000046
 2924.154050    0.000036
 2924.826660    0.000029
 2925.500980    0.000023
 2926.174070    0.000018
 2926.848880    0.000014
 2927.522220    0.000011
 2928.195800    0.000009
 2928.870850    0.000007
 2929.544920    0.000006
 2930.220460    0.000004
 2930.894530    0.000003
 2931.570310    0.000003
 2932.244630    0.000002
 2932.919190    0.000002
 2933.595700    0.000001
 2934.270260    0.000001
 2934.947270    0.000001
 2935.622310    0.000001
 2936.299070    0.000000
 2936.974850    0.000000
 2937.650390    0.000000
 2938.327880    0.000000
 2939.003660    0.000000
 2939.681400    0.000000
 2940.357670    0.000000
 2941.035640    0.000000
 2941.712160    0.000000
 2942.389160    0.000000
 2943.067630    0.000000
 2943.744630    0.000000
 2944.423580    0.000000
 2945.100830    0.000000
 2945.780030    0.000000
 2946.457760    0.000000
 2947.135500    0.000000
 2947.815190    0.000000
 2948.493410    0.000000
 2949.173100    0.000000
 2949.851560    0.000000
 2950.531980    0.000000
 2951.210450    0.000000
 2951.889650    0.000000
 2952.570070    0.000000
 2953.249270    0.000000
 2953.930660    0.000000
 2954.610110    0.000000
 2955.291500    0.000000
 2955.971190    0.000000
 2956.651120    0.000000
 2957.333010    0.000000
 2958.013180    0.000000
 2958.695560    0.000000
 2959.376220    0.000000
 2960.058350    0.000000
 2960.739500    0.000000
 2961.420410    0.000000
 2962.103520    0.000000
 2962.784910    0.000000
 2963.468020    0.000000
 2964.149900    0.000000
 2964.833500    0.000000
 2965.515380    0.000000
 2966.197750    0.000000
 2966.881590    0.000000
 2967.564210    0.000000
 2968.248540    0.000000
 2968.931150    0.000000
 2969.615720    0.000000
 2970.299070    0.000000
 2970.984130    0.000000
 2971.667480    0.000000
 2972.351070    0.000000
 2973.036620    0.000000
 2973.720700    0.000000
 2974.406250    0.000000
 2975.090580    0.000000
 2975.776610    0.000000
 2976.461180    0.000000
 2977.146000    0.000000
 2977.832280    0.000000
 2978.517580    0.000000
 2979.204350    0.000000
 2979.889650    0.000000
 2980.576660    0.000000
 2981.262210    0.000000
 2981.948240    0.000000
 2982.635990    0.000000
 2983.322020    0.000000
 2984.010010    0.000000
 2984.696530    0.000000
 2985.384770    0.000000
 2986.071530    0.000000
 2986.758540    0.000000
 2987.447270    0.000000
 2988.134770    0.000000
 2988.823490    0.000000
 2989.510990    0.000000
 2990.200440    0.000000
 2990.888180    0.000000
 2991.576170    0.000000
 2992.266360    0.000000
 2992.954830    0.000000
 2993.644780    0.000000
 2994.333500    0.000000
 2995.023930    0.000000
 2995.713130    0.000000
 2996.402100    0.000000
 2997.093020    0.000000
 2997.782710    0.000000
 2998.473880    0.000000
 2999.163570    0.000000
 2999.855470    0.000000
 3000.545410    0.000000
 3001.235600    0.000000
 3001.927730    0.000000
 3002.618410    0.000000
 3003.310550    0.000000
 3004.001710    0.000000
 3004.694340    0.000000
 3005.385740    0.000000
 3006.076900    0.000000
 3006.770020    0.000000
 3007.461670    0.000000
 3008.155270    0.000000
 3008.847410    0.000000
 3009.541260    0.000000
 3010.233400    0.000000
 3010.926270    0.000000
 3011.620360    0.000000
 3012.313230    0.000000
 3013.007810    0.000000
 3013.700930    0.000000
 3014.395750    0.000000
 3015.089360    0.000000
 3015.783200    0.000000
 3016.478270    0.000000
 3017.172610    0.000000
 3017.868160    0.000000
 3018.562260    0.000000
 3019.258540    0.000000
 3019.952880    0.000000
 3020.647950    0.000000
 3021.344480    0.000000
 3022.039310    0.000000
 3022.736330    0.000000
 3023.431640    0.000000
 3024.128660    0.000000
 3024.824460    0.000000
 3025.522220    0.000000
 3026.218020    0.000000
 3026.914310    0.000000
 3027.612300    0.000000
 3028.308840    0.000000
 3029.007080    0.000000
 3029.703860    0.000000
 3030.402590    0.000000
 3031.099850    0.000000
 3031.797120    0.000000
 3032.496090    0.000000
 3033.193600    0.000000
 3033.893310    0.000000
 3034.591060    0.000000
 3035.290770    0.000000
 3035.989010    0.000000
 3036.687740    0.000000
 3037.387700    0.000000
 3038.086670    0.000000
 3038.787350    0.000000
 3039.486080    0.000000
 3040.187260    0.000000
 3040.886470    0.000000
 3041.586180    0.000000
 3042.287350    0.000000
 3042.987550    0.000000
 3043.689210    0.000000
 3044.389160    0.000000
 3045.091060    0.000000
 3045.791750    0.000000
 3046.492430    0.000000
 3047.194820    0.000000
 3047.896000    0.000000
 3048.598880    0.000000
 3049.300050    0.000000
