 2653.384280    0.000000
 2653.996340    0.000000
 2654.606690    0.000000
 2655.217290    0.000000
 2655.829830    0.000000
 2656.440670    0.000000
 2657.053220    0.000000
 2657.664550    0.000000
 2658.277340    0.000000
 2658.888920    0.000000
 2659.500730    0.000000
 2660.114010    0.000000
 2660.725830    0.000000
 2661.339360    0.000000
 2661.951660    0.000000
 2662.565430    0.000000
 2663.177980    0.000000
 2663.790530    0.000000
 2664.404790    0.000000
 2665.017820    0.000000
 2665.632320    0.000000
 2666.245610    0.000000
 2666.860350    0.000000
 2667.473880    0.000000
 2668.089110    0.000000
 2668.702880    0.000000
 2669.316890    0.000000
 2669.932370    0.000000
 2670.546630    0.000000
 2671.162350    0.000000
 2671.776860    0.000000
 2672.393070    0.000000
 2673.007810    0.000000
 2673.622560    0.000000
 2674.239260    0.000000
 2674.854490    0.000000
 2675.471190    0.000001
 2676.086670    0.000001
 2676.703860    0.000002
 2677.319580    0.000003
 2677.935550    0.000004
 2678.552980    0.000007
 2679.169190    0.000010
 2679.786870    0.000015
 2680.403560    0.000023
 2681.021480    0.000034
 2681.638430    0.000051
 2682.255370    0.000075
 2682.873780    0.000111
 2683.490970    0.000162
 2684.109860    0.000236
 2684.727290    0.000340
 2685.346440    0.000488
 2685.964110    0.000695
 2686.582030    0.000984
 2687.201660    0.001386
 2687.819820    0.001937
 2688.439450    0.002692
 2689.057860    0.003716
 2689.677980    0.005099
 2690.296880    0.006948
 2690.915770    0.009405
 2691.536380    0.012661
 2692.155270    0.016918
 2692.776370    0.022484
 2693.395750    0.029664
 2694.016850    0.038912
 2694.636720    0.050685
 2695.256590    0.065593
 2695.877930    0.084383
 2696.498050    0.107799
 2697.119870    0.136908
 2697.740480    0.172665
 2698.362550    0.216459
 2698.983400    0.269476
 2699.604250    0.333298
 2700.226810    0.409781
 2700.847900    0.500292
 2701.470700    0.607136
 2702.092040    0.731661
 2702.715330    0.876471
 2703.337160    1.042642
 2703.958980    1.232227
 2704.582520    1.447412
 2705.204830    1.688526
 2705.828370    1.957491
 2706.450930    2.253928
 2707.074950    2.579085
 2707.697750    2.931049
 2708.320800    3.309404
 2708.945310    3.713104
 2709.568360    4.137621
 2710.193360    4.581895
 2710.816650    5.039170
 2711.441890    5.507235
 2712.065670    5.977980
 2712.689450    6.446374
 2713.314940    6.907083
 2713.939210    7.351029
 2714.565190    7.773194
 2715.189450    8.164253
 2715.815670    8.519660
 2716.440430    8.831054
 2717.066890    9.094208
 2717.691890    9.302783
 2718.317140    9.453486
 2718.943850    9.543420
 2719.569340    9.570391
 2720.196530    9.533916
 2720.822270    9.434863
 2721.449710    9.274658
 2722.075680    9.057203
 2722.702150    8.786155
 2723.329830    8.466129
 2723.956300    8.104288
 2724.584470    7.705428
 2725.211430    7.278290
 2725.839600    6.828357
 2726.466800    6.364329
 2727.093990    5.892474
 2727.722900    5.418118
 2728.350340    4.949795
 2728.979490    4.490695
 2729.607420    4.047820
 2730.236820    3.623392
 2730.864750    3.222700
 2731.493160    2.846974
 2732.122800    2.497650
 2732.751460    2.177011
 2733.381590    1.884237
 2734.010500    1.620400
 2734.640870    1.383692
 2735.270020    1.174023
 2735.899410    0.989408
 2736.530270    0.827903
 2737.159670    0.688412
 2737.790770    0.568297
 2738.420650    0.466171
 2739.052250    0.379624
 2739.682370    0.307219
 2740.312500    0.246958
 2740.944340    0.197065
 2741.575200    0.156251
 2742.207280    0.123000
 2742.838130    0.096219
 2743.470460    0.074719
 2744.101560    0.057662
 2744.732910    0.044194
 2745.365970    0.033620
 2745.997310    0.025422
 2746.630860    0.019074
 2747.262700    0.014227
 2747.896000    0.010532
 2748.528080    0.007749
 2749.160640    0.005661
 2749.794430    0.004106
 2750.427000    0.002959
 2751.061280    0.002116
 2751.694090    0.001505
 2752.328610    0.001061
 2752.961910    0.000744
 2753.595210    0.000519
 2754.230220    0.000359
 2754.863770    0.000246
 2755.499020    0.000168
 2756.132810    0.000113
 2756.768550    0.000076
 2757.402590    0.000051
 2758.036870    0.000034
 2758.673100    0.000022
 2759.307620    0.000014
 2759.943850    0.000010
 2760.578860    0.000006
 2761.215330    0.000004
 2761.850590    0.000003
 2762.487550    0.000002
 2763.123050    0.000001
 2763.758790    0.000001
 2764.396000    0.000000
 2765.031980    0.000000
 2765.669430    0.000000
 2766.305910    0.000000
 2766.943600    0.000000
 2767.580320    0.000000
 2768.216800    0.000000
 2768.855220    0.000000
 2769.492190    0.000000
 2770.130860    0.000000
 2770.768070    0.000000
 2771.407230    0.000000
 2772.044680    0.000000
 2772.682130    0.000000
 2773.321780    0.000000
 2773.959720    0.000000
 2774.599370    0.000000
 2775.237550    0.000000
 2775.877690    0.000000
 2776.516360    0.000000
 2777.155030    0.000000
 2777.795170    0.000000
 2778.434330    0.000000
 2779.074950    0.000000
 2779.714360    0.000000
 2780.355470    0.000000
 2780.995120    0.000000
 2781.634770    0.000000
 2782.276120    0.000000
 2782.916260    0.000000
 2783.558110    0.000000
 2784.198490    0.000000
 2784.840330    0.000000
 2785.480960    0.000000
 2786.121830    0.000000
 2786.764400    0.000000
 2787.405270    0.000000
 2788.048100    0.000000
 2788.689450    0.000000
 2789.332520    0.000000
 2789.974370    0.000000
 2790.615970    0.000000
 2791.259770    0.000000
 2791.901610    0.000000
 2792.545410    0.000000
 2793.187990    0.000000
 2793.832030    0.000000
 2794.474850    0.000000
 2795.117680    0.000000
 2795.762210    0.000000
 2796.405520    0.000000
 2797.050290    0.000001
 2797.693600    0.000001
 2798.338870    0.000002
 2798.982420    0.000003
 2799.626460    0.000004
 2800.272220    0.000006
 2800.916260    0.000010
 2801.562260    0.000014
 2802.206790    0.000023
 2802.852780    0.000034
 2803.497560    0.000052
 2804.142580    0.000078
 2804.789310    0.000117
 2805.434330    0.000175
 2806.081300    0.000257
 2806.726810    0.000378
 2807.374020    0.000550
 2808.020020    0.000797
 2808.666020    0.001147
 2809.313480    0.001640
 2809.959960    0.002330
 2810.607910    0.003290
 2811.254390    0.004614
 2811.902830    0.006433
 2812.549560    0.008905
 2813.198240    0.012259
 2813.845210    0.016754
 2814.492680    0.022753
 2815.141600    0.030722
 2815.789310    0.041187
 2816.438720    0.054904
 2817.086430    0.072659
 2817.736080    0.095613
 2818.384520    0.124935
 2819.032710    0.162177
 2819.682620    0.209295
 2820.331300    0.268221
 2820.981930    0.341751
 2821.630620    0.432296
 2822.281490    0.543697
 2822.930660    0.678950
 2823.580080    0.842407
 2824.231200    1.038982
 2824.880860    1.272482
 2825.532230    1.549104
 2826.182370    1.872868
 2826.833980    2.250457
 2827.484380    2.685596
 2828.134770    3.183971
 2828.786870    3.751796
 2829.437740    4.390638
 2830.090090    5.106395
 2830.741210    5.898312
 2831.394040    6.770902
 2832.045410    7.719295
 2832.697020    8.743364
 2833.350100    9.841003
 2834.001950    11.001381
 2834.655520    12.221274
 2835.307620    13.484157
 2835.961180    14.782949
 2836.613770    16.098145
 2837.266360    17.415256
 2837.920410    18.719328
 2838.573490    19.986504
 2839.228030    21.201790
 2839.881100    22.339977
 2840.535890    23.387089
 2841.189450    24.319832
 2841.843020    25.123245
 2842.498540    25.784042
 2843.152340    26.285832
 2843.807860    26.621448
 2844.462160    26.782618
 2845.118160    26.766666
 2845.772710    26.573885
 2846.427250    26.208250
 2847.083740    25.675112
 2847.738770    24.987408
 2848.395260    24.155271
 2849.050540    23.197601
 2849.707760    22.127109
 2850.363280    20.968601
 2851.018800    19.739120
 2851.676270    18.454771
 2852.332280    17.141970
 2852.989990    15.813470
 2853.646480    14.493089
 2854.304440    13.191847
 2854.960940    11.930067
 2855.617920    10.716415
 2856.276370    9.559675
 2856.933350    8.473146
 2857.592290    7.457240
 2858.249760    6.521206
 2858.908940    5.662542
 2859.566650    4.885650
 2860.224370    4.187234
 2860.883790    3.563205
 2861.541750    3.013000
 2862.201900    2.529249
 2862.860350    2.109914
 2863.520510    1.747471
 2864.179200    1.438199
 2864.839840    1.175034
 2865.498780    0.954086
 2866.157960    0.769438
 2866.818850    0.616009
 2867.478520    0.490065
 2868.139650    0.387049
 2868.799320    0.303794
 2869.460940    0.236671
 2870.121090    0.183241
 2870.781490    0.140905
 2871.443360    0.107557
 2872.103760    0.081598
 2872.766360    0.061429
 2873.427000    0.045973
 2874.089600    0.034143
 2874.750730    0.025204
 2875.412110    0.018476
 2876.075440    0.013441
 2876.736820    0.009722
 2877.400390    0.006976
 2878.062260    0.004976
 2878.725830    0.003522
 2879.388180    0.002478
 2880.050540    0.001732
 2880.714600    0.001201
 2881.377440    0.000828
 2882.041750    0.000566
 2882.704830    0.000384
 2883.369380    0.000259
 2884.032960    0.000174
 2884.696530    0.000115
 2885.361330    0.000076
 2886.025390    0.000051
 2886.690920    0.000032
 2887.354980    0.000021
 2888.020510    0.000013
 2888.685060    0.000009
 2889.349610    0.000006
 2890.015870    0.000004
 2890.680910    0.000002
 2891.347410    0.000001
 2892.012700    0.000001
 2892.679200    0.000001
 2893.344970    0.000000
 2894.010500    0.000000
 2894.677730    0.000000
 2895.343510    0.000000
 2896.011470    0.000000
 2896.677490    0.000000
 2897.345460    0.000000
 2898.011960    0.000000
 2898.678960    0.000000
 2899.347170    0.000000
 2900.014160    0.000000
 2900.682860    0.000000
 2901.350100    0.000000
 2902.019530    0.000000
 2902.687010    0.000000
 2903.354740    0.000000
 2904.024410    0.000000
 2904.692380    0.000000
 2905.361820    0.000000
 2906.030520    0.000000
 2906.700680    0.000000
 2907.369140    0.000000
 2908.038090    0.000000
 2908.708500    0.000000
 2909.377930    0.000000
 2910.048830    0.000000
 2910.718260    0.000000
 2911.389650    0.000000
 2912.059330    0.000000
 2912.729250    0.000000
 2913.400630    0.000000
 2914.070800    0.000000
 2914.742920    0.000000
 2915.413570    0.000000
 2916.085690    0.000000
 2916.756590    0.000000
 2917.429200    0.000000
 2918.100340    0.000000
 2918.771730    0.000000
 2919.444580    0.000000
 2920.116210    0.000000
 2920.789550    0.000000
 2921.461670    0.000000
 2922.135500    0.000000
 2922.807370    0.000000
 2923.479740    0.000000
 2924.154050    0.000000
 2924.826660    0.000000
 2925.500980    0.000000
 2926.174070    0.000000
 2926.848880    0.000000
 2927.522220    0.000000
 2928.195800    0.000000
 2928.870850    0.000000
 2929.544920    0.000000
 2930.220460    0.000000
 2930.894530    0.000000
 2931.570310    0.000000
 2932.244630    0.000000
 2932.919190    0.000000
 2933.595700    0.000000
 2934.270260    0.000000
 2934.947270    0.000000
 2935.622310    0.000000
 2936.299070    0.000000
 2936.974850    0.000000
 2937.650390    0.000000
 2938.327880    0.000000
 2939.003660    0.000000
 2939.681400    0.000000
 2940.357670    0.000000
 2941.035640    0.000000
 2941.712160    0.000000
 2942.389160    0.000000
 2943.067630    0.000000
 2943.744630    0.000000
 2944.423580    0.000000
 2945.100830    0.000000
 2945.780030    0.000000
 2946.457760    0.000000
 2947.135500    0.000000
 2947.815190    0.000000
 2948.493410    0.000000
 2949.173100    0.000000
 2949.851560    0.000000
 2950.531980    0.000000
 2951.210450    0.000000
 2951.889650    0.000000
 2952.570070    0.000000
 2953.249270    0.000000
 2953.930660    0.000000
 2954.610110    0.000000
 2955.291500    0.000000
 2955.971190    0.000000
 2956.651120    0.000000
 2957.333010    0.000000
 2958.013180    0.000000
 2958.695560    0.000000
 2959.376220    0.000000
 2960.058350    0.000000
 2960.739500    0.000000
 2961.420410    0.000000
 2962.103520    0.000000
 2962.784910    0.000000
 2963.468020    0.000000
 2964.149900    0.000000
 2964.833500    0.000000
 2965.515380    0.000000
 2966.197750    0.000000
 2966.881590    0.000000
 2967.564210    0.000000
 2968.248540    0.000000
 2968.931150    0.000000
 2969.615720    0.000000
 2970.299070    0.000000
 2970.984130    0.000000
 2971.667480    0.000000
 2972.351070    0.000000
 2973.036620    0.000000
 2973.720700    0.000000
 2974.406250    0.000000
 2975.090580    0.000000
 2975.776610    0.000000
 2976.461180    0.000000
 2977.146000    0.000000
 2977.832280    0.000000
 2978.517580    0.000000
 2979.204350    0.000000
 2979.889650    0.000000
 2980.576660    0.000000
 2981.262210    0.000000
 2981.948240    0.000000
 2982.635990    0.000000
 2983.322020    0.000000
 2984.010010    0.000000
 2984.696530    0.000000
 2985.384770    0.000000
 2986.071530    0.000000
 2986.758540    0.000000
 2987.447270    0.000000
 2988.134770    0.000000
 2988.823490    0.000000
 2989.510990    0.000000
 2990.200440    0.000000
 2990.888180    0.000000
 2991.576170    0.000000
 2992.266360    0.000000
 2992.954830    0.000000
 2993.644780    0.000000
 2994.333500    0.000000
 2995.023930    0.000000
 2995.713130    0.000000
 2996.402100    0.000000
 2997.093020    0.000000
 2997.782710    0.000000
 2998.473880    0.000000
 2999.163570    0.000000
 2999.855470    0.000000
 3000.545410    0.000000
 3001.235600    0.000000
 3001.927730    0.000000
 3002.618410    0.000000
 3003.310550    0.000000
 3004.001710    0.000000
 3004.694340    0.000000
 3005.385740    0.000000
 3006.076900    0.000000
 3006.770020    0.000000
 3007.461670    0.000000
 3008.155270    0.000000
 3008.847410    0.000000
 3009.541260    0.000000
 3010.233400    0.000000
 3010.926270    0.000000
 3011.620360    0.000000
 3012.313230    0.000000
 3013.007810    0.000000
 3013.700930    0.000000
 3014.395750    0.000000
 3015.089360    0.000000
 3015.783200    0.000000
 3016.478270    0.000000
 3017.172610    0.000000
 3017.868160    0.000000
 3018.562260    0.000000
 3019.258540    0.000000
 3019.952880    0.000000
 3020.647950    0.000000
 3021.344480    0.000000
 3022.039310    0.000000
 3022.736330    0.000000
 3023.431640    0.000000
 3024.128660    0.000000
 3024.824460    0.000000
 3025.522220    0.000000
 3026.218020    0.000000
 3026.914310    0.000000
 3027.612300    0.000000
 3028.308840    0.000000
 3029.007080    0.000000
 3029.703860    0.000000
 3030.402590    0.000000
 3031.099850    0.000000
 3031.797120    0.000000
 3032.496090    0.000000
 3033.193600    0.000000
 3033.893310    0.000000
 3034.591060    0.000000
 3035.290770    0.000000
 3035.989010    0.000000
 3036.687740    0.000000
 3037.387700    0.000000
 3038.086670    0.000000
 3038.787350    0.000000
 3039.486080    0.000000
 3040.187260    0.000000
 3040.886470    0.000000
 3041.586180    0.000000
 3042.287350    0.000000
 3042.987550    0.000000
 3043.689210    0.000000
 3044.389160    0.000000
 3045.091060    0.000000
 3045.791750    0.000000
 3046.492430    0.000000
 3047.194820    0.000000
 3047.896000    0.000000
 3048.598880    0.000000
 3049.300050    0.000000
