 2653.384280    0.000000
 2653.996340    0.000000
 2654.606690    0.000000
 2655.217290    0.000000
 2655.829830    0.000000
 2656.440670    0.000000
 2657.053220    0.000000
 2657.664550    0.000000
 2658.277340    0.000000
 2658.888920    0.000000
 2659.500730    0.000000
 2660.114010    0.000000
 2660.725830    0.000000
 2661.339360    0.000000
 2661.951660    0.000000
 2662.565430    0.000001
 2663.177980    0.000001
 2663.790530    0.000001
 2664.404790    0.000002
 2665.017820    0.000003
 2665.632320    0.000004
 2666.245610    0.000005
 2666.860350    0.000007
 2667.473880    0.000010
 2668.089110    0.000013
 2668.702880    0.000018
 2669.316890    0.000025
 2669.932370    0.000033
 2670.546630    0.000044
 2671.162350    0.000058
 2671.776860    0.000076
 2672.393070    0.000100
 2673.007810    0.000130
 2673.622560    0.000167
 2674.239260    0.000214
 2674.854490    0.000272
 2675.471190    0.000344
 2676.086670    0.000432
 2676.703860    0.000540
 2677.319580    0.000669
 2677.935550    0.000824
 2678.552980    0.001010
 2679.169190    0.001227
 2679.786870    0.001484
 2680.403560    0.001781
 2681.021480    0.002126
 2681.638430    0.002519
 2682.255370    0.002966
 2682.873780    0.003469
 2683.490970    0.004032
 2684.109860    0.004656
 2684.727290    0.005341
 2685.346440    0.006087
 2685.964110    0.006891
 2686.582030    0.007751
 2687.201660    0.008662
 2687.819820    0.009616
 2688.439450    0.010607
 2689.057860    0.011621
 2689.677980    0.012652
 2690.296880    0.013683
 2690.915770    0.014701
 2691.536380    0.015695
 2692.155270    0.016644
 2692.776370    0.017538
 2693.395750    0.018358
 2694.016850    0.019094
 2694.636720    0.019731
 2695.256590    0.020258
 2695.877930    0.020667
 2696.498050    0.020951
 2697.119870    0.021108
 2697.740480    0.021133
 2698.362550    0.021032
 2698.983400    0.020808
 2699.604250    0.020470
 2700.226810    0.020026
 2700.847900    0.019495
 2701.470700    0.018888
 2702.092040    0.018229
 2702.715330    0.017532
 2703.337160    0.016827
 2703.958980    0.016133
 2704.582520    0.015477
 2705.204830    0.014890
 2705.828370    0.014397
 2706.450930    0.014029
 2707.074950    0.013822
 2707.697750    0.013807
 2708.320800    0.014022
 2708.945310    0.014508
 2709.568360    0.015305
 2710.193360    0.016463
 2710.816650    0.018026
 2711.441890    0.020057
 2712.065670    0.022604
 2712.689450    0.025733
 2713.314940    0.029522
 2713.939210    0.034027
 2714.565190    0.039346
 2715.189450    0.045530
 2715.815670    0.052702
 2716.440430    0.060912
 2717.066890    0.070298
 2717.691890    0.080913
 2718.317140    0.092887
 2718.943850    0.106363
 2719.569340    0.121410
 2720.196530    0.138242
 2720.822270    0.156932
 2721.449710    0.177762
 2722.075680    0.200849
 2722.702150    0.226521
 2723.329830    0.255141
 2723.956300    0.286983
 2724.584470    0.322674
 2725.211430    0.362624
 2725.839600    0.407681
 2726.466800    0.458516
 2727.093990    0.516174
 2727.722900    0.581997
 2728.350340    0.656993
 2728.979490    0.743090
 2729.607420    0.841644
 2730.236820    0.955047
 2730.864750    1.084927
 2731.493160    1.233999
 2732.122800    1.405046
 2732.751460    1.600145
 2733.381590    1.822854
 2734.010500    2.075045
 2734.640870    2.360607
 2735.270020    2.681034
 2735.899410    3.039502
 2736.530270    3.439110
 2737.159670    3.879883
 2737.790770    4.365489
 2738.420650    4.894586
 2739.052250    5.469893
 2739.682370    6.088018
 2740.312500    6.748914
 2740.944340    7.452346
 2741.575200    8.192299
 2742.207280    8.967352
 2742.838130    9.769602
 2743.470460    10.596682
 2744.101560    11.438503
 2744.732910    12.289682
 2745.365970    13.144280
 2745.997310    13.989275
 2746.630860    14.821092
 2747.262700    15.625649
 2747.896000    16.398024
 2748.528080    17.126133
 2749.160640    17.803551
 2749.794430    18.422857
 2750.427000    18.974319
 2751.061280    19.453819
 2751.694090    19.853239
 2752.328610    20.169823
 2752.961910    20.398380
 2753.595210    20.537088
 2754.230220    20.584576
 2754.863770    20.540321
 2755.499020    20.404955
 2756.132810    20.181101
 2756.768550    19.870506
 2757.402590    19.478935
 2758.036870    19.010382
 2758.673100    18.468927
 2759.307620    17.864079
 2759.943850    17.199619
 2760.578860    16.486050
 2761.215330    15.728196
 2761.850590    14.937326
 2762.487550    14.117977
 2763.123050    13.282396
 2763.758790    12.436426
 2764.396000    11.586208
 2765.031980    10.742748
 2765.669430    9.909471
 2766.305910    9.095988
 2766.943600    8.305296
 2767.580320    7.545218
 2768.216800    6.819135
 2768.855220    6.128264
 2769.492190    5.479150
 2770.130860    4.870620
 2770.768070    4.307006
 2771.407230    3.785910
 2772.044680    3.310257
 2772.682130    2.877913
 2773.321780    2.486401
 2773.959720    2.136501
 2774.599370    1.824307
 2775.237550    1.549077
 2775.877690    1.306845
 2776.516360    1.096282
 2777.155030    0.914079
 2777.795170    0.757180
 2778.434330    0.623537
 2779.074950    0.510073
 2779.714360    0.414817
 2780.355470    0.335048
 2780.995120    0.269048
 2781.634770    0.214684
 2782.276120    0.170114
 2782.916260    0.133995
 2783.558110    0.104801
 2784.198490    0.081486
 2784.840330    0.062912
 2785.480960    0.048281
 2786.121830    0.036809
 2786.764400    0.027859
 2787.405270    0.020963
 2788.048100    0.015656
 2788.689450    0.011624
 2789.332520    0.008568
 2789.974370    0.006276
 2790.615970    0.004568
 2791.259770    0.003299
 2791.901610    0.002369
 2792.545410    0.001688
 2793.187990    0.001196
 2793.832030    0.000840
 2794.474850    0.000587
 2795.117680    0.000407
 2795.762210    0.000280
 2796.405520    0.000193
 2797.050290    0.000131
 2797.693600    0.000089
 2798.338870    0.000059
 2798.982420    0.000039
 2799.626460    0.000026
 2800.272220    0.000017
 2800.916260    0.000011
 2801.562260    0.000008
 2802.206790    0.000005
 2802.852780    0.000003
 2803.497560    0.000002
 2804.142580    0.000001
 2804.789310    0.000001
 2805.434330    0.000000
 2806.081300    0.000000
 2806.726810    0.000000
 2807.374020    0.000000
 2808.020020    0.000000
 2808.666020    0.000000
 2809.313480    0.000000
 2809.959960    0.000000
 2810.607910    0.000000
 2811.254390    0.000000
 2811.902830    0.000000
 2812.549560    0.000000
 2813.198240    0.000000
 2813.845210    0.000000
 2814.492680    0.000000
 2815.141600    0.000000
 2815.789310    0.000000
 2816.438720    0.000000
 2817.086430    0.000000
 2817.736080    0.000000
 2818.384520    0.000000
 2819.032710    0.000000
 2819.682620    0.000000
 2820.331300    0.000000
 2820.981930    0.000000
 2821.630620    0.000000
 2822.281490    0.000000
 2822.930660    0.000000
 2823.580080    0.000000
 2824.231200    0.000000
 2824.880860    0.000000
 2825.532230    0.000000
 2826.182370    0.000000
 2826.833980    0.000000
 2827.484380    0.000000
 2828.134770    0.000000
 2828.786870    0.000000
 2829.437740    0.000000
 2830.090090    0.000000
 2830.741210    0.000000
 2831.394040    0.000000
 2832.045410    0.000000
 2832.697020    0.000000
 2833.350100    0.000000
 2834.001950    0.000000
 2834.655520    0.000000
 2835.307620    0.000000
 2835.961180    0.000000
 2836.613770    0.000000
 2837.266360    0.000000
 2837.920410    0.000000
 2838.573490    0.000000
 2839.228030    0.000000
 2839.881100    0.000000
 2840.535890    0.000000
 2841.189450    0.000000
 2841.843020    0.000000
 2842.498540    0.000000
 2843.152340    0.000000
 2843.807860    0.000000
 2844.462160    0.000000
 2845.118160    0.000000
 2845.772710    0.000000
 2846.427250    0.000000
 2847.083740    0.000000
 2847.738770    0.000000
 2848.395260    0.000000
 2849.050540    0.000000
 2849.707760    0.000000
 2850.363280    0.000000
 2851.018800    0.000000
 2851.676270    0.000000
 2852.332280    0.000000
 2852.989990    0.000000
 2853.646480    0.000000
 2854.304440    0.000000
 2854.960940    0.000000
 2855.617920    0.000000
 2856.276370    0.000000
 2856.933350    0.000000
 2857.592290    0.000000
 2858.249760    0.000000
 2858.908940    0.000000
 2859.566650    0.000000
 2860.224370    0.000000
 2860.883790    0.000000
 2861.541750    0.000000
 2862.201900    0.000000
 2862.860350    0.000000
 2863.520510    0.000000
 2864.179200    0.000000
 2864.839840    0.000000
 2865.498780    0.000000
 2866.157960    0.000000
 2866.818850    0.000000
 2867.478520    0.000000
 2868.139650    0.000000
 2868.799320    0.000000
 2869.460940    0.000000
 2870.121090    0.000000
 2870.781490    0.000000
 2871.443360    0.000000
 2872.103760    0.000000
 2872.766360    0.000000
 2873.427000    0.000000
 2874.089600    0.000000
 2874.750730    0.000000
 2875.412110    0.000000
 2876.075440    0.000000
 2876.736820    0.000000
 2877.400390    0.000000
 2878.062260    0.000000
 2878.725830    0.000000
 2879.388180    0.000000
 2880.050540    0.000000
 2880.714600    0.000000
 2881.377440    0.000000
 2882.041750    0.000000
 2882.704830    0.000000
 2883.369380    0.000000
 2884.032960    0.000000
 2884.696530    0.000000
 2885.361330    0.000000
 2886.025390    0.000000
 2886.690920    0.000000
 2887.354980    0.000000
 2888.020510    0.000000
 2888.685060    0.000000
 2889.349610    0.000000
 2890.015870    0.000000
 2890.680910    0.000000
 2891.347410    0.000000
 2892.012700    0.000000
 2892.679200    0.000000
 2893.344970    0.000000
 2894.010500    0.000000
 2894.677730    0.000000
 2895.343510    0.000000
 2896.011470    0.000000
 2896.677490    0.000000
 2897.345460    0.000000
 2898.011960    0.000000
 2898.678960    0.000000
 2899.347170    0.000000
 2900.014160    0.000000
 2900.682860    0.000000
 2901.350100    0.000000
 2902.019530    0.000000
 2902.687010    0.000000
 2903.354740    0.000000
 2904.024410    0.000000
 2904.692380    0.000000
 2905.361820    0.000000
 2906.030520    0.000000
 2906.700680    0.000000
 2907.369140    0.000000
 2908.038090    0.000000
 2908.708500    0.000000
 2909.377930    0.000000
 2910.048830    0.000000
 2910.718260    0.000000
 2911.389650    0.000000
 2912.059330    0.000000
 2912.729250    0.000000
 2913.400630    0.000000
 2914.070800    0.000000
 2914.742920    0.000000
 2915.413570    0.000000
 2916.085690    0.000000
 2916.756590    0.000000
 2917.429200    0.000000
 2918.100340    0.000000
 2918.771730    0.000000
 2919.444580    0.000000
 2920.116210    0.000000
 2920.789550    0.000000
 2921.461670    0.000000
 2922.135500    0.000000
 2922.807370    0.000000
 2923.479740    0.000000
 2924.154050    0.000000
 2924.826660    0.000000
 2925.500980    0.000000
 2926.174070    0.000000
 2926.848880    0.000000
 2927.522220    0.000000
 2928.195800    0.000000
 2928.870850    0.000000
 2929.544920    0.000000
 2930.220460    0.000000
 2930.894530    0.000000
 2931.570310    0.000000
 2932.244630    0.000000
 2932.919190    0.000000
 2933.595700    0.000000
 2934.270260    0.000000
 2934.947270    0.000000
 2935.622310    0.000000
 2936.299070    0.000000
 2936.974850    0.000000
 2937.650390    0.000000
 2938.327880    0.000000
 2939.003660    0.000000
 2939.681400    0.000000
 2940.357670    0.000000
 2941.035640    0.000000
 2941.712160    0.000000
 2942.389160    0.000000
 2943.067630    0.000000
 2943.744630    0.000000
 2944.423580    0.000000
 2945.100830    0.000000
 2945.780030    0.000000
 2946.457760    0.000000
 2947.135500    0.000000
 2947.815190    0.000000
 2948.493410    0.000000
 2949.173100    0.000000
 2949.851560    0.000000
 2950.531980    0.000000
 2951.210450    0.000000
 2951.889650    0.000000
 2952.570070    0.000000
 2953.249270    0.000000
 2953.930660    0.000000
 2954.610110    0.000000
 2955.291500    0.000000
 2955.971190    0.000000
 2956.651120    0.000000
 2957.333010    0.000000
 2958.013180    0.000000
 2958.695560    0.000000
 2959.376220    0.000000
 2960.058350    0.000000
 2960.739500    0.000000
 2961.420410    0.000000
 2962.103520    0.000000
 2962.784910    0.000000
 2963.468020    0.000000
 2964.149900    0.000000
 2964.833500    0.000000
 2965.515380    0.000000
 2966.197750    0.000000
 2966.881590    0.000000
 2967.564210    0.000000
 2968.248540    0.000000
 2968.931150    0.000000
 2969.615720    0.000000
 2970.299070    0.000000
 2970.984130    0.000000
 2971.667480    0.000000
 2972.351070    0.000000
 2973.036620    0.000000
 2973.720700    0.000000
 2974.406250    0.000000
 2975.090580    0.000000
 2975.776610    0.000000
 2976.461180    0.000000
 2977.146000    0.000000
 2977.832280    0.000000
 2978.517580    0.000000
 2979.204350    0.000000
 2979.889650    0.000000
 2980.576660    0.000000
 2981.262210    0.000000
 2981.948240    0.000000
 2982.635990    0.000000
 2983.322020    0.000000
 2984.010010    0.000000
 2984.696530    0.000000
 2985.384770    0.000000
 2986.071530    0.000000
 2986.758540    0.000000
 2987.447270    0.000000
 2988.134770    0.000000
 2988.823490    0.000000
 2989.510990    0.000000
 2990.200440    0.000000
 2990.888180    0.000000
 2991.576170    0.000000
 2992.266360    0.000000
 2992.954830    0.000000
 2993.644780    0.000000
 2994.333500    0.000000
 2995.023930    0.000000
 2995.713130    0.000000
 2996.402100    0.000000
 2997.093020    0.000000
 2997.782710    0.000000
 2998.473880    0.000000
 2999.163570    0.000000
 2999.855470    0.000000
 3000.545410    0.000000
 3001.235600    0.000000
 3001.927730    0.000000
 3002.618410    0.000000
 3003.310550    0.000000
 3004.001710    0.000000
 3004.694340    0.000000
 3005.385740    0.000000
 3006.076900    0.000000
 3006.770020    0.000000
 3007.461670    0.000000
 3008.155270    0.000000
 3008.847410    0.000000
 3009.541260    0.000000
 3010.233400    0.000000
 3010.926270    0.000000
 3011.620360    0.000000
 3012.313230    0.000000
 3013.007810    0.000000
 3013.700930    0.000000
 3014.395750    0.000000
 3015.089360    0.000000
 3015.783200    0.000000
 3016.478270    0.000000
 3017.172610    0.000000
 3017.868160    0.000000
 3018.562260    0.000000
 3019.258540    0.000000
 3019.952880    0.000000
 3020.647950    0.000000
 3021.344480    0.000000
 3022.039310    0.000000
 3022.736330    0.000000
 3023.431640    0.000000
 3024.128660    0.000000
 3024.824460    0.000000
 3025.522220    0.000000
 3026.218020    0.000000
 3026.914310    0.000000
 3027.612300    0.000000
 3028.308840    0.000000
 3029.007080    0.000000
 3029.703860    0.000000
 3030.402590    0.000000
 3031.099850    0.000000
 3031.797120    0.000000
 3032.496090    0.000000
 3033.193600    0.000000
 3033.893310    0.000000
 3034.591060    0.000000
 3035.290770    0.000000
 3035.989010    0.000000
 3036.687740    0.000000
 3037.387700    0.000000
 3038.086670    0.000000
 3038.787350    0.000000
 3039.486080    0.000000
 3040.187260    0.000000
 3040.886470    0.000000
 3041.586180    0.000000
 3042.287350    0.000000
 3042.987550    0.000000
 3043.689210    0.000000
 3044.389160    0.000000
 3045.091060    0.000000
 3045.791750    0.000000
 3046.492430    0.000000
 3047.194820    0.000000
 3047.896000    0.000000
 3048.598880    0.000000
 3049.300050    0.000000
