 2653.384280    0.000000
 2653.996340    0.000000
 2654.606690    0.000000
 2655.217290    0.000000
 2655.829830    0.000000
 2656.440670    0.000000
 2657.053220    0.000000
 2657.664550    0.000000
 2658.277340    0.000000
 2658.888920    0.000000
 2659.500730    0.000000
 2660.114010    0.000000
 2660.725830    0.000000
 2661.339360    0.000000
 2661.951660    0.000000
 2662.565430    0.000000
 2663.177980    0.000000
 2663.790530    0.000000
 2664.404790    0.000000
 2665.017820    0.000000
 2665.632320    0.000000
 2666.245610    0.000000
 2666.860350    0.000000
 2667.473880    0.000000
 2668.089110    0.000000
 2668.702880    0.000000
 2669.316890    0.000000
 2669.932370    0.000000
 2670.546630    0.000000
 2671.162350    0.000000
 2671.776860    0.000000
 2672.393070    0.000000
 2673.007810    0.000000
 2673.622560    0.000000
 2674.239260    0.000000
 2674.854490    0.000000
 2675.471190    0.000000
 2676.086670    0.000000
 2676.703860    0.000000
 2677.319580    0.000000
 2677.935550    0.000000
 2678.552980    0.000000
 2679.169190    0.000000
 2679.786870    0.000000
 2680.403560    0.000000
 2681.021480    0.000000
 2681.638430    0.000000
 2682.255370    0.000000
 2682.873780    0.000000
 2683.490970    0.000000
 2684.109860    0.000000
 2684.727290    0.000000
 2685.346440    0.000000
 2685.964110    0.000000
 2686.582030    0.000000
 2687.201660    0.000000
 2687.819820    0.000000
 2688.439450    0.000000
 2689.057860    0.000000
 2689.677980    0.000000
 2690.296880    0.000000
 2690.915770    0.000000
 2691.536380    0.000000
 2692.155270    0.000000
 2692.776370    0.000000
 2693.395750    0.000000
 2694.016850    0.000000
 2694.636720    0.000000
 2695.256590    0.000000
 2695.877930    0.000000
 2696.498050    0.000000
 2697.119870    0.000000
 2697.740480    0.000000
 2698.362550    0.000000
 2698.983400    0.000000
 2699.604250    0.000000
 2700.226810    0.000000
 2700.847900    0.000000
 2701.470700    0.000000
 2702.092040    0.000000
 2702.715330    0.000000
 2703.337160    0.000000
 2703.958980    0.000000
 2704.582520    0.000000
 2705.204830    0.000000
 2705.828370    0.000000
 2706.450930    0.000000
 2707.074950    0.000000
 2707.697750    0.000000
 2708.320800    0.000000
 2708.945310    0.000000
 2709.568360    0.000000
 2710.193360    0.000000
 2710.816650    0.000000
 2711.441890    0.000000
 2712.065670    0.000000
 2712.689450    0.000000
 2713.314940    0.000000
 2713.939210    0.000000
 2714.565190    0.000000
 2715.189450    0.000000
 2715.815670    0.000000
 2716.440430    0.000000
 2717.066890    0.000000
 2717.691890    0.000000
 2718.317140    0.000000
 2718.943850    0.000000
 2719.569340    0.000000
 2720.196530    0.000000
 2720.822270    0.000000
 2721.449710    0.000000
 2722.075680    0.000000
 2722.702150    0.000000
 2723.329830    0.000000
 2723.956300    0.000000
 2724.584470    0.000000
 2725.211430    0.000000
 2725.839600    0.000000
 2726.466800    0.000000
 2727.093990    0.000000
 2727.722900    0.000000
 2728.350340    0.000000
 2728.979490    0.000000
 2729.607420    0.000000
 2730.236820    0.000000
 2730.864750    0.000000
 2731.493160    0.000000
 2732.122800    0.000000
 2732.751460    0.000000
 2733.381590    0.000000
 2734.010500    0.000000
 2734.640870    0.000000
 2735.270020    0.000000
 2735.899410    0.000000
 2736.530270    0.000000
 2737.159670    0.000000
 2737.790770    0.000000
 2738.420650    0.000000
 2739.052250    0.000000
 2739.682370    0.000000
 2740.312500    0.000000
 2740.944340    0.000000
 2741.575200    0.000000
 2742.207280    0.000000
 2742.838130    0.000000
 2743.470460    0.000000
 2744.101560    0.000000
 2744.732910    0.000000
 2745.365970    0.000000
 2745.997310    0.000000
 2746.630860    0.000000
 2747.262700    0.000000
 2747.896000    0.000000
 2748.528080    0.000000
 2749.160640    0.000000
 2749.794430    0.000000
 2750.427000    0.000000
 2751.061280    0.000000
 2751.694090    0.000000
 2752.328610    0.000000
 2752.961910    0.000000
 2753.595210    0.000000
 2754.230220    0.000000
 2754.863770    0.000000
 2755.499020    0.000000
 2756.132810    0.000000
 2756.768550    0.000000
 2757.402590    0.000000
 2758.036870    0.000000
 2758.673100    0.000000
 2759.307620    0.000000
 2759.943850    0.000000
 2760.578860    0.000000
 2761.215330    0.000000
 2761.850590    0.000000
 2762.487550    0.000000
 2763.123050    0.000000
 2763.758790    0.000000
 2764.396000    0.000000
 2765.031980    0.000000
 2765.669430    0.000000
 2766.305910    0.000000
 2766.943600    0.000000
 2767.580320    0.000000
 2768.216800    0.000000
 2768.855220    0.000000
 2769.492190    0.000000
 2770.130860    0.000000
 2770.768070    0.000000
 2771.407230    0.000000
 2772.044680    0.000000
 2772.682130    0.000000
 2773.321780    0.000000
 2773.959720    0.000000
 2774.599370    0.000000
 2775.237550    0.000000
 2775.877690    0.000000
 2776.516360    0.000000
 2777.155030    0.000000
 2777.795170    0.000000
 2778.434330    0.000000
 2779.074950    0.000000
 2779.714360    0.000000
 2780.355470    0.000000
 2780.995120    0.000000
 2781.634770    0.000000
 2782.276120    0.000000
 2782.916260    0.000000
 2783.558110    0.000000
 2784.198490    0.000000
 2784.840330    0.000000
 2785.480960    0.000000
 2786.121830    0.000000
 2786.764400    0.000000
 2787.405270    0.000000
 2788.048100    0.000000
 2788.689450    0.000000
 2789.332520    0.000000
 2789.974370    0.000000
 2790.615970    0.000000
 2791.259770    0.000000
 2791.901610    0.000000
 2792.545410    0.000000
 2793.187990    0.000000
 2793.832030    0.000000
 2794.474850    0.000000
 2795.117680    0.000000
 2795.762210    0.000000
 2796.405520    0.000000
 2797.050290    0.000000
 2797.693600    0.000001
 2798.338870    0.000001
 2798.982420    0.000001
 2799.626460    0.000002
 2800.272220    0.000003
 2800.916260    0.000004
 2801.562260    0.000005
 2802.206790    0.000008
 2802.852780    0.000010
 2803.497560    0.000015
 2804.142580    0.000022
 2804.789310    0.000031
 2805.434330    0.000042
 2806.081300    0.000058
 2806.726810    0.000080
 2807.374020    0.000110
 2808.020020    0.000148
 2808.666020    0.000200
 2809.313480    0.000268
 2809.959960    0.000357
 2810.607910    0.000472
 2811.254390    0.000621
 2811.902830    0.000811
 2812.549560    0.001052
 2813.198240    0.001357
 2813.845210    0.001739
 2814.492680    0.002213
 2815.141600    0.002799
 2815.789310    0.003517
 2816.438720    0.004393
 2817.086430    0.005447
 2817.736080    0.006717
 2818.384520    0.008224
 2819.032710    0.010003
 2819.682620    0.012095
 2820.331300    0.014524
 2820.981930    0.017337
 2821.630620    0.020549
 2822.281490    0.024212
 2822.930660    0.028330
 2823.580080    0.032934
 2824.231200    0.038054
 2824.880860    0.043669
 2825.532230    0.049803
 2826.182370    0.056417
 2826.833980    0.063509
 2827.484380    0.071013
 2828.134770    0.078888
 2828.786870    0.087090
 2829.437740    0.095501
 2830.090090    0.104065
 2830.741210    0.112643
 2831.394040    0.121162
 2832.045410    0.129460
 2832.697020    0.137438
 2833.350100    0.144984
 2834.001950    0.151950
 2834.655520    0.158249
 2835.307620    0.163749
 2835.961180    0.168386
 2836.613770    0.172071
 2837.266360    0.174764
 2837.920410    0.176441
 2838.573490    0.177098
 2839.228030    0.176766
 2839.881100    0.175510
 2840.535890    0.173415
 2841.189450    0.170613
 2841.843020    0.167256
 2842.498540    0.163521
 2843.152340    0.159646
 2843.807860    0.155860
 2844.462160    0.152460
 2845.118160    0.149740
 2845.772710    0.148052
 2846.427250    0.147757
 2847.083740    0.149258
 2847.738770    0.152981
 2848.395260    0.159404
 2849.050540    0.168998
 2849.707760    0.182347
 2850.363280    0.199949
 2851.018800    0.222435
 2851.676270    0.250541
 2852.332280    0.284810
 2852.989990    0.326138
 2853.646480    0.375108
 2854.304440    0.432724
 2854.960940    0.499560
 2855.617920    0.576651
 2856.276370    0.665040
 2856.933350    0.765234
 2857.592290    0.878684
 2858.249760    1.005733
 2858.908940    1.147926
 2859.566650    1.305499
 2860.224370    1.479650
 2860.883790    1.671785
 2861.541750    1.881864
 2862.201900    2.111940
 2862.860350    2.361511
 2863.520510    2.632695
 2864.179200    2.924999
 2864.839840    3.240751
 2865.498780    3.578976
 2866.157960    3.941330
 2866.818850    4.329419
 2867.478520    4.742186
 2868.139650    5.181867
 2868.799320    5.646935
 2869.460940    6.140079
 2870.121090    6.658791
 2870.781490    7.204059
 2871.443360    7.776333
 2872.103760    8.371962
 2872.766360    8.992625
 2873.427000    9.632168
 2874.089600    10.291380
 2874.750730    10.963136
 2875.412110    11.644593
 2876.075440    12.332171
 2876.736820    13.015637
 2877.400390    13.692305
 2878.062260    14.350540
 2878.725830    14.985511
 2879.388180    15.585772
 2880.050540    16.143692
 2880.714600    16.651690
 2881.377440    17.098866
 2882.041750    17.478865
 2882.704830    17.782753
 2883.369380    18.005325
 2884.032960    18.140524
 2884.696530    18.184996
 2885.361330    18.136385
 2886.025390    17.994211
 2886.690920    17.759047
 2887.354980    17.434830
 2888.020510    17.024666
 2888.685060    16.536015
 2889.349610    15.975700
 2890.015870    15.350534
 2890.680910    14.672577
 2891.347410    13.949080
 2892.012700    13.193253
 2892.679200    12.412713
 2893.344970    11.619884
 2894.010500    10.823913
 2894.677730    10.031526
 2895.343510    9.254721
 2896.011470    8.496553
 2896.677490    7.767986
 2897.345460    7.069919
 2898.011960    6.410037
 2898.678960    5.789349
 2899.347170    5.209367
 2900.014160    4.673347
 2900.682860    4.179320
 2901.350100    3.729306
 2902.019530    3.319986
 2902.687010    2.952555
 2903.354740    2.623938
 2904.024410    2.331529
 2904.692380    2.074841
 2905.361820    1.850437
 2906.030520    1.656893
 2906.700680    1.491413
 2907.369140    1.352617
 2908.038090    1.237890
 2908.708500    1.145152
 2909.377930    1.072820
 2910.048830    1.018766
 2910.718260    0.981406
 2911.389650    0.958780
 2912.059330    0.949277
 2912.729250    0.951105
 2913.400630    0.962605
 2914.070800    0.982048
 2914.742920    1.007862
 2915.413570    1.038272
 2916.085690    1.071790
 2916.756590    1.106713
 2917.429200    1.141686
 2918.100340    1.175123
 2918.771730    1.205795
 2919.444580    1.232556
 2920.116210    1.254249
 2920.789550    1.270076
 2921.461670    1.279255
 2922.135500    1.281300
 2922.807370    1.275879
 2923.479740    1.262869
 2924.154050    1.242261
 2924.826660    1.214408
 2925.500980    1.179579
 2926.174070    1.138475
 2926.848880    1.091599
 2927.522220    1.039949
 2928.195800    0.984265
 2928.870850    0.925334
 2929.544920    0.864286
 2930.220460    0.801811
 2930.894530    0.739059
 2931.570310    0.676559
 2932.244630    0.615360
 2932.919190    0.555968
 2933.595700    0.498815
 2934.270260    0.444702
 2934.947270    0.393651
 2935.622310    0.346261
 2936.299070    0.302444
 2936.974850    0.262461
 2937.650390    0.226257
 2938.327880    0.193659
 2939.003660    0.164715
 2939.681400    0.139093
 2940.357670    0.116714
 2941.035640    0.097237
 2941.712160    0.080499
 2942.389160    0.066187
 2943.067630    0.054031
 2943.744630    0.043832
 2944.423580    0.035297
 2945.100830    0.028250
 2945.780030    0.022442
 2946.457760    0.017717
 2947.135500    0.013894
 2947.815190    0.010815
 2948.493410    0.008366
 2949.173100    0.006424
 2949.851560    0.004902
 2950.531980    0.003713
 2951.210450    0.002795
 2951.889650    0.002090
 2952.570070    0.001551
 2953.249270    0.001143
 2953.930660    0.000836
 2954.610110    0.000608
 2955.291500    0.000440
 2955.971190    0.000316
 2956.651120    0.000225
 2957.333010    0.000159
 2958.013180    0.000112
 2958.695560    0.000078
 2959.376220    0.000054
 2960.058350    0.000037
 2960.739500    0.000026
 2961.420410    0.000017
 2962.103520    0.000011
 2962.784910    0.000008
 2963.468020    0.000005
 2964.149900    0.000004
 2964.833500    0.000002
 2965.515380    0.000002
 2966.197750    0.000001
 2966.881590    0.000001
 2967.564210    0.000000
 2968.248540    0.000000
 2968.931150    0.000000
 2969.615720    0.000000
 2970.299070    0.000000
 2970.984130    0.000000
 2971.667480    0.000000
 2972.351070    0.000000
 2973.036620    0.000000
 2973.720700    0.000000
 2974.406250    0.000000
 2975.090580    0.000000
 2975.776610    0.000000
 2976.461180    0.000000
 2977.146000    0.000000
 2977.832280    0.000000
 2978.517580    0.000000
 2979.204350    0.000000
 2979.889650    0.000000
 2980.576660    0.000000
 2981.262210    0.000000
 2981.948240    0.000000
 2982.635990    0.000000
 2983.322020    0.000000
 2984.010010    0.000000
 2984.696530    0.000000
 2985.384770    0.000000
 2986.071530    0.000000
 2986.758540    0.000000
 2987.447270    0.000000
 2988.134770    0.000000
 2988.823490    0.000000
 2989.510990    0.000000
 2990.200440    0.000000
 2990.888180    0.000000
 2991.576170    0.000000
 2992.266360    0.000000
 2992.954830    0.000000
 2993.644780    0.000000
 2994.333500    0.000000
 2995.023930    0.000000
 2995.713130    0.000000
 2996.402100    0.000000
 2997.093020    0.000000
 2997.782710    0.000000
 2998.473880    0.000000
 2999.163570    0.000000
 2999.855470    0.000000
 3000.545410    0.000000
 3001.235600    0.000000
 3001.927730    0.000000
 3002.618410    0.000000
 3003.310550    0.000000
 3004.001710    0.000000
 3004.694340    0.000000
 3005.385740    0.000000
 3006.076900    0.000000
 3006.770020    0.000000
 3007.461670    0.000000
 3008.155270    0.000000
 3008.847410    0.000000
 3009.541260    0.000000
 3010.233400    0.000000
 3010.926270    0.000000
 3011.620360    0.000000
 3012.313230    0.000000
 3013.007810    0.000000
 3013.700930    0.000000
 3014.395750    0.000000
 3015.089360    0.000000
 3015.783200    0.000000
 3016.478270    0.000000
 3017.172610    0.000000
 3017.868160    0.000000
 3018.562260    0.000000
 3019.258540    0.000000
 3019.952880    0.000000
 3020.647950    0.000000
 3021.344480    0.000000
 3022.039310    0.000000
 3022.736330    0.000000
 3023.431640    0.000000
 3024.128660    0.000000
 3024.824460    0.000000
 3025.522220    0.000000
 3026.218020    0.000000
 3026.914310    0.000000
 3027.612300    0.000000
 3028.308840    0.000000
 3029.007080    0.000000
 3029.703860    0.000000
 3030.402590    0.000000
 3031.099850    0.000000
 3031.797120    0.000000
 3032.496090    0.000000
 3033.193600    0.000000
 3033.893310    0.000000
 3034.591060    0.000000
 3035.290770    0.000000
 3035.989010    0.000000
 3036.687740    0.000000
 3037.387700    0.000000
 3038.086670    0.000000
 3038.787350    0.000000
 3039.486080    0.000000
 3040.187260    0.000000
 3040.886470    0.000000
 3041.586180    0.000000
 3042.287350    0.000000
 3042.987550    0.000000
 3043.689210    0.000000
 3044.389160    0.000000
 3045.091060    0.000000
 3045.791750    0.000000
 3046.492430    0.000000
 3047.194820    0.000000
 3047.896000    0.000000
 3048.598880    0.000000
 3049.300050    0.000000
