 2653.384280    0.000000
 2653.996340    0.000000
 2654.606690    0.000000
 2655.217290    0.000000
 2655.829830    0.000000
 2656.440670    0.000000
 2657.053220    0.000000
 2657.664550    0.000000
 2658.277340    0.000000
 2658.888920    0.000000
 2659.500730    0.000000
 2660.114010    0.000000
 2660.725830    0.000000
 2661.339360    0.000000
 2661.951660    0.000000
 2662.565430    0.000000
 2663.177980    0.000000
 2663.790530    0.000000
 2664.404790    0.000000
 2665.017820    0.000000
 2665.632320    0.000000
 2666.245610    0.000000
 2666.860350    0.000000
 2667.473880    0.000000
 2668.089110    0.000000
 2668.702880    0.000000
 2669.316890    0.000000
 2669.932370    0.000000
 2670.546630    0.000000
 2671.162350    0.000000
 2671.776860    0.000000
 2672.393070    0.000000
 2673.007810    0.000000
 2673.622560    0.000000
 2674.239260    0.000000
 2674.854490    0.000000
 2675.471190    0.000000
 2676.086670    0.000000
 2676.703860    0.000000
 2677.319580    0.000000
 2677.935550    0.000000
 2678.552980    0.000000
 2679.169190    0.000000
 2679.786870    0.000000
 2680.403560    0.000000
 2681.021480    0.000000
 2681.638430    0.000000
 2682.255370    0.000000
 2682.873780    0.000000
 2683.490970    0.000000
 2684.109860    0.000000
 2684.727290    0.000000
 2685.346440    0.000000
 2685.964110    0.000000
 2686.582030    0.000000
 2687.201660    0.000000
 2687.819820    0.000000
 2688.439450    0.000000
 2689.057860    0.000000
 2689.677980    0.000000
 2690.296880    0.000000
 2690.915770    0.000000
 2691.536380    0.000000
 2692.155270    0.000000
 2692.776370    0.000000
 2693.395750    0.000000
 2694.016850    0.000000
 2694.636720    0.000000
 2695.256590    0.000000
 2695.877930    0.000000
 2696.498050    0.000000
 2697.119870    0.000000
 2697.740480    0.000000
 2698.362550    0.000000
 2698.983400    0.000000
 2699.604250    0.000000
 2700.226810    0.000000
 2700.847900    0.000000
 2701.470700    0.000000
 2702.092040    0.000000
 2702.715330    0.000000
 2703.337160    0.000000
 2703.958980    0.000000
 2704.582520    0.000000
 2705.204830    0.000000
 2705.828370    0.000000
 2706.450930    0.000000
 2707.074950    0.000000
 2707.697750    0.000000
 2708.320800    0.000000
 2708.945310    0.000000
 2709.568360    0.000000
 2710.193360    0.000000
 2710.816650    0.000000
 2711.441890    0.000000
 2712.065670    0.000000
 2712.689450    0.000000
 2713.314940    0.000000
 2713.939210    0.000000
 2714.565190    0.000000
 2715.189450    0.000000
 2715.815670    0.000000
 2716.440430    0.000000
 2717.066890    0.000000
 2717.691890    0.000000
 2718.317140    0.000000
 2718.943850    0.000000
 2719.569340    0.000000
 2720.196530    0.000000
 2720.822270    0.000000
 2721.449710    0.000000
 2722.075680    0.000000
 2722.702150    0.000000
 2723.329830    0.000000
 2723.956300    0.000000
 2724.584470    0.000000
 2725.211430    0.000000
 2725.839600    0.000000
 2726.466800    0.000000
 2727.093990    0.000000
 2727.722900    0.000000
 2728.350340    0.000000
 2728.979490    0.000000
 2729.607420    0.000000
 2730.236820    0.000000
 2730.864750    0.000000
 2731.493160    0.000000
 2732.122800    0.000000
 2732.751460    0.000000
 2733.381590    0.000000
 2734.010500    0.000000
 2734.640870    0.000000
 2735.270020    0.000000
 2735.899410    0.000000
 2736.530270    0.000000
 2737.159670    0.000000
 2737.790770    0.000000
 2738.420650    0.000000
 2739.052250    0.000000
 2739.682370    0.000000
 2740.312500    0.000000
 2740.944340    0.000000
 2741.575200    0.000000
 2742.207280    0.000000
 2742.838130    0.000000
 2743.470460    0.000000
 2744.101560    0.000000
 2744.732910    0.000000
 2745.365970    0.000000
 2745.997310    0.000000
 2746.630860    0.000000
 2747.262700    0.000000
 2747.896000    0.000000
 2748.528080    0.000000
 2749.160640    0.000000
 2749.794430    0.000000
 2750.427000    0.000000
 2751.061280    0.000000
 2751.694090    0.000000
 2752.328610    0.000000
 2752.961910    0.000000
 2753.595210    0.000000
 2754.230220    0.000000
 2754.863770    0.000000
 2755.499020    0.000000
 2756.132810    0.000000
 2756.768550    0.000000
 2757.402590    0.000000
 2758.036870    0.000000
 2758.673100    0.000000
 2759.307620    0.000000
 2759.943850    0.000000
 2760.578860    0.000000
 2761.215330    0.000000
 2761.850590    0.000000
 2762.487550    0.000000
 2763.123050    0.000000
 2763.758790    0.000000
 2764.396000    0.000000
 2765.031980    0.000000
 2765.669430    0.000000
 2766.305910    0.000000
 2766.943600    0.000000
 2767.580320    0.000000
 2768.216800    0.000000
 2768.855220    0.000000
 2769.492190    0.000000
 2770.130860    0.000000
 2770.768070    0.000000
 2771.407230    0.000000
 2772.044680    0.000000
 2772.682130    0.000000
 2773.321780    0.000000
 2773.959720    0.000000
 2774.599370    0.000000
 2775.237550    0.000000
 2775.877690    0.000000
 2776.516360    0.000000
 2777.155030    0.000000
 2777.795170    0.000000
 2778.434330    0.000000
 2779.074950    0.000000
 2779.714360    0.000000
 2780.355470    0.000000
 2780.995120    0.000000
 2781.634770    0.000000
 2782.276120    0.000000
 2782.916260    0.000000
 2783.558110    0.000000
 2784.198490    0.000000
 2784.840330    0.000000
 2785.480960    0.000000
 2786.121830    0.000000
 2786.764400    0.000000
 2787.405270    0.000000
 2788.048100    0.000000
 2788.689450    0.000000
 2789.332520    0.000001
 2789.974370    0.000001
 2790.615970    0.000001
 2791.259770    0.000002
 2791.901610    0.000003
 2792.545410    0.000004
 2793.187990    0.000005
 2793.832030    0.000008
 2794.474850    0.000010
 2795.117680    0.000013
 2795.762210    0.000019
 2796.405520    0.000026
 2797.050290    0.000035
 2797.693600    0.000047
 2798.338870    0.000063
 2798.982420    0.000084
 2799.626460    0.000112
 2800.272220    0.000147
 2800.916260    0.000193
 2801.562260    0.000252
 2802.206790    0.000327
 2802.852780    0.000422
 2803.497560    0.000543
 2804.142580    0.000693
 2804.789310    0.000882
 2805.434330    0.001116
 2806.081300    0.001404
 2806.726810    0.001757
 2807.374020    0.002188
 2808.020020    0.002708
 2808.666020    0.003335
 2809.313480    0.004086
 2809.959960    0.004979
 2810.607910    0.006038
 2811.254390    0.007278
 2811.902830    0.008733
 2812.549560    0.010416
 2813.198240    0.012364
 2813.845210    0.014592
 2814.492680    0.017131
 2815.141600    0.020011
 2815.789310    0.023243
 2816.438720    0.026863
 2817.086430    0.030869
 2817.736080    0.035297
 2818.384520    0.040135
 2819.032710    0.045389
 2819.682620    0.051072
 2820.331300    0.057147
 2820.981930    0.063623
 2821.630620    0.070432
 2822.281490    0.077578
 2822.930660    0.084971
 2823.580080    0.092577
 2824.231200    0.100348
 2824.880860    0.108175
 2825.532230    0.116015
 2826.182370    0.123753
 2826.833980    0.131329
 2827.484380    0.138626
 2828.134770    0.145573
 2828.786870    0.152101
 2829.437740    0.158105
 2830.090090    0.163540
 2830.741210    0.168329
 2831.394040    0.172449
 2832.045410    0.175857
 2832.697020    0.178557
 2833.350100    0.180570
 2834.001950    0.181928
 2834.655520    0.182703
 2835.307620    0.182986
 2835.961180    0.182904
 2836.613770    0.182611
 2837.266360    0.182290
 2837.920410    0.182161
 2838.573490    0.182475
 2839.228030    0.183517
 2839.881100    0.185602
 2840.535890    0.189094
 2841.189450    0.194365
 2841.843020    0.201841
 2842.498540    0.212015
 2843.152340    0.225325
 2843.807860    0.242371
 2844.462160    0.263649
 2845.118160    0.289863
 2845.772710    0.321528
 2846.427250    0.359371
 2847.083740    0.404244
 2847.738770    0.456665
 2848.395260    0.517648
 2849.050540    0.587752
 2849.707760    0.668172
 2850.363280    0.759325
 2851.018800    0.862286
 2851.676270    0.978315
 2852.332280    1.107741
 2852.989990    1.252125
 2853.646480    1.411771
 2854.304440    1.588278
 2854.960940    1.781791
 2855.617920    1.993767
 2856.276370    2.225513
 2856.933350    2.476885
 2857.592290    2.750075
 2858.249760    3.044511
 2858.908940    3.362401
 2859.566650    3.702937
 2860.224370    4.067430
 2860.883790    4.457456
 2861.541750    4.871560
 2862.201900    5.312352
 2862.860350    5.777332
 2863.520510    6.268776
 2864.179200    6.783940
 2864.839840    7.324831
 2865.498780    7.887426
 2866.157960    8.471896
 2866.818850    9.077780
 2867.478520    9.700091
 2868.139650    10.338542
 2868.799320    10.986954
 2869.460940    11.644800
 2870.121090    12.304260
 2870.781490    12.962082
 2871.443360    13.614020
 2872.103760    14.251310
 2872.766360    14.871190
 2873.427000    15.463240
 2874.089600    16.024239
 2874.750730    16.544519
 2875.412110    17.018881
 2876.075440    17.441885
 2876.736820    17.805004
 2877.400390    18.104973
 2878.062260    18.335136
 2878.725830    18.492676
 2879.388180    18.573736
 2880.050540    18.576653
 2880.714600    18.500187
 2881.377440    18.344803
 2882.041750    18.111198
 2882.704830    17.802786
 2883.369380    17.421898
 2884.032960    16.974478
 2884.696530    16.465551
 2885.361330    15.900340
 2886.025390    15.287410
 2886.690920    14.632121
 2887.354980    13.945117
 2888.020510    13.231289
 2888.685060    12.501118
 2889.349610    11.761271
 2890.015870    11.017230
 2890.680910    10.279228
 2891.347410    9.550727
 2892.012700    8.840463
 2892.679200    8.150948
 2893.344970    7.488615
 2894.010500    6.856566
 2894.677730    6.255970
 2895.343510    5.691907
 2896.011470    5.162883
 2896.677490    4.673118
 2897.345460    4.220098
 2898.011960    3.806036
 2898.678960    3.429060
 2899.347170    3.087953
 2900.014160    2.782715
 2900.682860    2.510551
 2901.350100    2.271096
 2902.019530    2.061264
 2902.687010    1.880460
 2903.354740    1.726004
 2904.024410    1.595616
 2904.692380    1.487999
 2905.361820    1.400608
 2906.030520    1.331765
 2906.700680    1.279298
 2907.369140    1.241514
 2908.038090    1.216365
 2908.708500    1.202026
 2909.377930    1.196777
 2910.048830    1.198881
 2910.718260    1.206675
 2911.389650    1.218622
 2912.059330    1.233169
 2912.729250    1.248955
 2913.400630    1.264721
 2914.070800    1.279229
 2914.742920    1.291493
 2915.413570    1.300530
 2916.085690    1.305601
 2916.756590    1.306054
 2917.429200    1.301405
 2918.100340    1.291341
 2918.771730    1.275669
 2919.444580    1.254302
 2920.116210    1.227417
 2920.789550    1.195113
 2921.461670    1.157860
 2922.135500    1.115925
 2922.807370    1.070050
 2923.479740    1.020661
 2924.154050    0.968258
 2924.826660    0.913777
 2925.500980    0.857608
 2926.174070    0.800652
 2926.848880    0.743301
 2927.522220    0.686430
 2928.195800    0.630450
 2928.870850    0.575769
 2929.544920    0.523028
 2930.220460    0.472417
 2930.894530    0.424461
 2931.570310    0.379176
 2932.244630    0.336946
 2932.919190    0.297766
 2933.595700    0.261597
 2934.270260    0.228643
 2934.947270    0.198641
 2935.622310    0.171695
 2936.299070    0.147530
 2936.974850    0.126094
 2937.650390    0.107184
 2938.327880    0.090564
 2939.003660    0.076131
 2939.681400    0.063611
 2940.357670    0.052876
 2941.035640    0.043690
 2941.712160    0.035914
 2942.389160    0.029355
 2943.067630    0.023849
 2943.744630    0.019279
 2944.423580    0.015487
 2945.100830    0.012379
 2945.780030    0.009833
 2946.457760    0.007771
 2947.135500    0.006108
 2947.815190    0.004770
 2948.493410    0.003707
 2949.173100    0.002863
 2949.851560    0.002200
 2950.531980    0.001679
 2951.210450    0.001276
 2951.889650    0.000964
 2952.570070    0.000724
 2953.249270    0.000541
 2953.930660    0.000402
 2954.610110    0.000297
 2955.291500    0.000217
 2955.971190    0.000159
 2956.651120    0.000115
 2957.333010    0.000083
 2958.013180    0.000060
 2958.695560    0.000043
 2959.376220    0.000031
 2960.058350    0.000021
 2960.739500    0.000015
 2961.420410    0.000010
 2962.103520    0.000008
 2962.784910    0.000005
 2963.468020    0.000004
 2964.149900    0.000002
 2964.833500    0.000002
 2965.515380    0.000001
 2966.197750    0.000001
 2966.881590    0.000000
 2967.564210    0.000000
 2968.248540    0.000000
 2968.931150    0.000000
 2969.615720    0.000000
 2970.299070    0.000000
 2970.984130    0.000000
 2971.667480    0.000000
 2972.351070    0.000000
 2973.036620    0.000000
 2973.720700    0.000000
 2974.406250    0.000000
 2975.090580    0.000000
 2975.776610    0.000000
 2976.461180    0.000000
 2977.146000    0.000000
 2977.832280    0.000000
 2978.517580    0.000000
 2979.204350    0.000000
 2979.889650    0.000000
 2980.576660    0.000000
 2981.262210    0.000000
 2981.948240    0.000000
 2982.635990    0.000000
 2983.322020    0.000000
 2984.010010    0.000000
 2984.696530    0.000000
 2985.384770    0.000000
 2986.071530    0.000000
 2986.758540    0.000000
 2987.447270    0.000000
 2988.134770    0.000000
 2988.823490    0.000000
 2989.510990    0.000000
 2990.200440    0.000000
 2990.888180    0.000000
 2991.576170    0.000000
 2992.266360    0.000000
 2992.954830    0.000000
 2993.644780    0.000000
 2994.333500    0.000000
 2995.023930    0.000000
 2995.713130    0.000000
 2996.402100    0.000000
 2997.093020    0.000000
 2997.782710    0.000000
 2998.473880    0.000000
 2999.163570    0.000000
 2999.855470    0.000000
 3000.545410    0.000000
 3001.235600    0.000000
 3001.927730    0.000000
 3002.618410    0.000000
 3003.310550    0.000000
 3004.001710    0.000000
 3004.694340    0.000000
 3005.385740    0.000000
 3006.076900    0.000000
 3006.770020    0.000000
 3007.461670    0.000000
 3008.155270    0.000000
 3008.847410    0.000000
 3009.541260    0.000000
 3010.233400    0.000000
 3010.926270    0.000000
 3011.620360    0.000000
 3012.313230    0.000000
 3013.007810    0.000000
 3013.700930    0.000000
 3014.395750    0.000000
 3015.089360    0.000000
 3015.783200    0.000000
 3016.478270    0.000000
 3017.172610    0.000000
 3017.868160    0.000000
 3018.562260    0.000000
 3019.258540    0.000000
 3019.952880    0.000000
 3020.647950    0.000000
 3021.344480    0.000000
 3022.039310    0.000000
 3022.736330    0.000000
 3023.431640    0.000000
 3024.128660    0.000000
 3024.824460    0.000000
 3025.522220    0.000000
 3026.218020    0.000000
 3026.914310    0.000000
 3027.612300    0.000000
 3028.308840    0.000000
 3029.007080    0.000000
 3029.703860    0.000000
 3030.402590    0.000000
 3031.099850    0.000000
 3031.797120    0.000000
 3032.496090    0.000000
 3033.193600    0.000000
 3033.893310    0.000000
 3034.591060    0.000000
 3035.290770    0.000000
 3035.989010    0.000000
 3036.687740    0.000000
 3037.387700    0.000000
 3038.086670    0.000000
 3038.787350    0.000000
 3039.486080    0.000000
 3040.187260    0.000000
 3040.886470    0.000000
 3041.586180    0.000000
 3042.287350    0.000000
 3042.987550    0.000000
 3043.689210    0.000000
 3044.389160    0.000000
 3045.091060    0.000000
 3045.791750    0.000000
 3046.492430    0.000000
 3047.194820    0.000000
 3047.896000    0.000000
 3048.598880    0.000000
 3049.300050    0.000000
