 2653.384280    1.439651
 2653.996340    1.487782
 2654.606690    1.536971
 2655.217290    1.587390
 2655.829830    1.639194
 2656.440670    1.692090
 2657.053220    1.746384
 2657.664550    1.801826
 2658.277340    1.858673
 2658.888920    1.916685
 2659.500730    1.976007
 2660.114010    2.036768
 2660.725830    2.098687
 2661.339360    2.162090
 2661.951660    2.226683
 2662.565430    2.292752
 2663.177980    2.360013
 2663.790530    2.428597
 2664.404790    2.498704
 2665.017820    2.570000
 2665.632320    2.642797
 2666.245610    2.716774
 2666.860350    2.792255
 2667.473880    2.868904
 2668.089110    2.947085
 2668.702880    3.026386
 2669.316890    3.107018
 2669.932370    3.189135
 2670.546630    3.272367
 2671.162350    3.357070
 2671.776860    3.442859
 2672.393070    3.530130
 2673.007810    3.618416
 2673.622560    3.707907
 2674.239260    3.798872
 2674.854490    3.890787
 2675.471190    3.984067
 2676.086670    4.078282
 2676.703860    4.173857
 2677.319580    4.270273
 2677.935550    4.367764
 2678.552980    4.466501
 2679.169190    4.566019
 2679.786870    4.666720
 2680.403560    4.768172
 2681.021480    4.870700
 2681.638430    4.973901
 2682.255370    5.077897
 2682.873780    5.182896
 2683.490970    5.288399
 2684.109860    5.394863
 2684.727290    5.501697
 2685.346440    5.609401
 2685.964110    5.717376
 2686.582030    5.825866
 2687.201660    5.935081
 2687.819820    6.044408
 2688.439450    6.154309
 2689.057860    6.264251
 2689.677980    6.374700
 2690.296880    6.485075
 2690.915770    6.595531
 2691.536380    6.706314
 2692.155270    6.816752
 2692.776370    6.927478
 2693.395750    7.037732
 2694.016850    7.148054
 2694.636720    7.257861
 2695.256590    7.367300
 2695.877930    7.476562
 2696.498050    7.585105
 2697.119870    7.693373
 2697.740480    7.800785
 2698.362550    7.907734
 2698.983400    8.013687
 2699.604250    8.118785
 2700.226810    8.223243
 2700.847900    8.326453
 2701.470700    8.428871
 2702.092040    8.529904
 2702.715330    8.630033
 2703.337160    8.728638
 2703.958980    8.825881
 2704.582520    8.921955
 2705.204830    9.016335
 2705.828370    9.109321
 2706.450930    9.200514
 2707.074950    9.290200
 2707.697750    9.377925
 2708.320800    9.463832
 2708.945310    9.548011
 2709.568360    9.630006
 2710.193360    9.710197
 2710.816650    9.788051
 2711.441890    9.863959
 2712.065670    9.937447
 2712.689450    10.008630
 2713.314940    10.077638
 2713.939210    10.144092
 2714.565190    10.208238
 2715.189450    10.269682
 2715.815670    10.328725
 2716.440430    10.384992
 2717.066890    10.438724
 2717.691890    10.489598
 2718.317140    10.537721
 2718.943850    10.583132
 2719.569340    10.625594
 2720.196530    10.665270
 2720.822270    10.701921
 2721.449710    10.735700
 2722.075680    10.766402
 2722.702150    10.794106
 2723.329830    10.818808
 2723.956300    10.840385
 2724.584470    10.858919
 2725.211430    10.874302
 2725.839600    10.886581
 2726.466800    10.895701
 2727.093990    10.901672
 2727.722900    10.904492
 2728.350340    10.904143
 2728.979490    10.900620
 2729.607420    10.893939
 2730.236820    10.884075
 2730.864750    10.871081
 2731.493160    10.854936
 2732.122800    10.835618
 2732.751460    10.813214
 2733.381590    10.787649
 2734.010500    10.759054
 2734.640870    10.727328
 2735.270020    10.692632
 2735.899410    10.654920
 2736.530270    10.614142
 2737.159670    10.570518
 2737.790770    10.523867
 2738.420650    10.474442
 2739.052250    10.422049
 2739.682370    10.366997
 2740.312500    10.309209
 2740.944340    10.248573
 2741.575200    10.185389
 2742.207280    10.119488
 2742.838130    10.051181
 2743.470460    9.980232
 2744.101560    9.907000
 2744.732910    9.831379
 2745.365970    9.753250
 2745.997310    9.673093
 2746.630860    9.590479
 2747.262700    9.505978
 2747.896000    9.419239
 2748.528080    9.330694
 2749.160640    9.240182
 2749.794430    9.147657
 2750.427000    9.053552
 2751.061280    8.957502
 2751.694090    8.860060
 2752.328610    8.760810
 2752.961910    8.660288
 2753.595210    8.558377
 2754.230220    8.454875
 2754.863770    8.350375
 2755.499020    8.244430
 2756.132810    8.137644
 2756.768550    8.029520
 2757.402590    7.920754
 2758.036870    7.811097
 2758.673100    7.700319
 2759.307620    7.589138
 2759.943850    7.477031
 2760.578860    7.364587
 2761.215330    7.251408
 2761.850590    7.138044
 2762.487550    7.024046
 2763.123050    6.910054
 2763.758790    6.795835
 2764.396000    6.681240
 2765.031980    6.566821
 2765.669430    6.452164
 2766.305910    6.337777
 2766.943600    6.223330
 2767.580320    6.109284
 2768.216800    5.995570
 2768.855220    5.881861
 2769.492190    5.768825
 2770.130860    5.655959
 2770.768070    5.543882
 2771.407230    5.432053
 2772.044680    5.321164
 2772.682130    5.210970
 2773.321780    5.101147
 2773.959720    4.992414
 2774.599370    4.884240
 2775.237550    4.777205
 2775.877690    4.670783
 2776.516360    4.565588
 2777.155030    4.461412
 2777.795170    4.358062
 2778.434330    4.255969
 2779.074950    4.154781
 2779.714360    4.054955
 2780.355470    3.956069
 2780.995120    3.858641
 2781.634770    3.762473
 2782.276120    3.667338
 2782.916260    3.573698
 2783.558110    3.481148
 2784.198490    3.390168
 2784.840330    3.300361
 2785.480960    3.212120
 2786.121830    3.125257
 2786.764400    3.039592
 2787.405270    2.955594
 2788.048100    2.872796
 2788.689450    2.791648
 2789.332520    2.711756
 2789.974370    2.633492
 2790.615970    2.556738
 2791.259770    2.481210
 2791.901610    2.407397
 2792.545410    2.334853
 2793.187990    2.263933
 2793.832030    2.194342
 2794.474850    2.126365
 2795.117680    2.059865
 2795.762210    1.994665
 2796.405520    1.931057
 2797.050290    1.868765
 2797.693600    1.808064
 2798.338870    1.748623
 2798.982420    1.690767
 2799.626460    1.634285
 2800.272220    1.579062
 2800.916260    1.525375
 2801.562260    1.472907
 2802.206790    1.421921
 2802.852780    1.372167
 2803.497560    1.323837
 2804.142580    1.276801
 2804.789310    1.230939
 2805.434330    1.186475
 2806.081300    1.143137
 2806.726810    1.101137
 2807.374020    1.060248
 2808.020020    1.020638
 2808.666020    0.982203
 2809.313480    0.944844
 2809.959960    0.908679
 2810.607910    0.873551
 2811.254390    0.839599
 2811.902830    0.806620
 2812.549560    0.774778
 2813.198240    0.743875
 2813.845210    0.714060
 2814.492680    0.685208
 2815.141600    0.657258
 2815.789310    0.630303
 2816.438720    0.604199
 2817.086430    0.579063
 2817.736080    0.554729
 2818.384520    0.531298
 2819.032710    0.508707
 2819.682620    0.486871
 2820.331300    0.465866
 2820.981930    0.445570
 2821.630620    0.426085
 2822.281490    0.407263
 2822.930660    0.389198
 2823.580080    0.371814
 2824.231200    0.355053
 2824.880860    0.338979
 2825.532230    0.323492
 2826.182370    0.308644
 2826.833980    0.294356
 2827.484380    0.280667
 2828.134770    0.267532
 2828.786870    0.254901
 2829.437740    0.242812
 2830.090090    0.231200
 2830.741210    0.220096
 2831.394040    0.209433
 2832.045410    0.199245
 2832.697020    0.189493
 2833.350100    0.180141
 2834.001950    0.171213
 2834.655520    0.162657
 2835.307620    0.154497
 2835.961180    0.146685
 2836.613770    0.139235
 2837.266360    0.132122
 2837.920410    0.125319
 2838.573490    0.118838
 2839.228030    0.112645
 2839.881100    0.106754
 2840.535890    0.101126
 2841.189450    0.095774
 2841.843020    0.090677
 2842.498540    0.085811
 2843.152340    0.081192
 2843.807860    0.076787
 2844.462160    0.072606
 2845.118160    0.068622
 2845.772710    0.064843
 2846.427250    0.061255
 2847.083740    0.057836
 2847.738770    0.054599
 2848.395260    0.051519
 2849.050540    0.048604
 2849.707760    0.045832
 2850.363280    0.043211
 2851.018800    0.040727
 2851.676270    0.038367
 2852.332280    0.036138
 2852.989990    0.034022
 2853.646480    0.032023
 2854.304440    0.030129
 2854.960940    0.028342
 2855.617920    0.026651
 2856.276370    0.025050
 2856.933350    0.023540
 2857.592290    0.022112
 2858.249760    0.020766
 2858.908940    0.019493
 2859.566650    0.018294
 2860.224370    0.017164
 2860.883790    0.016097
 2861.541750    0.015093
 2862.201900    0.014144
 2862.860350    0.013253
 2863.520510    0.012412
 2864.179200    0.011622
 2864.839840    0.010878
 2865.498780    0.010180
 2866.157960    0.009522
 2866.818850    0.008904
 2867.478520    0.008324
 2868.139650    0.007778
 2868.799320    0.007266
 2869.460940    0.006785
 2870.121090    0.006335
 2870.781490    0.005913
 2871.443360    0.005516
 2872.103760    0.005145
 2872.766360    0.004796
 2873.427000    0.004471
 2874.089600    0.004166
 2874.750730    0.003880
 2875.412110    0.003613
 2876.075440    0.003363
 2876.736820    0.003129
 2877.400390    0.002911
 2878.062260    0.002707
 2878.725830    0.002516
 2879.388180    0.002338
 2880.050540    0.002172
 2880.714600    0.002017
 2881.377440    0.001873
 2882.041750    0.001739
 2882.704830    0.001613
 2883.369380    0.001495
 2884.032960    0.001387
 2884.696530    0.001286
 2885.361330    0.001191
 2886.025390    0.001103
 2886.690920    0.001021
 2887.354980    0.000945
 2888.020510    0.000875
 2888.685060    0.000810
 2889.349610    0.000749
 2890.015870    0.000691
 2890.680910    0.000639
 2891.347410    0.000590
 2892.012700    0.000545
 2892.679200    0.000504
 2893.344970    0.000464
 2894.010500    0.000429
 2894.677730    0.000396
 2895.343510    0.000364
 2896.011470    0.000336
 2896.677490    0.000310
 2897.345460    0.000285
 2898.011960    0.000262
 2898.678960    0.000241
 2899.347170    0.000222
 2900.014160    0.000205
 2900.682860    0.000188
 2901.350100    0.000173
 2902.019530    0.000159
 2902.687010    0.000146
 2903.354740    0.000134
 2904.024410    0.000123
 2904.692380    0.000113
 2905.361820    0.000104
 2906.030520    0.000095
 2906.700680    0.000087
 2907.369140    0.000080
 2908.038090    0.000073
 2908.708500    0.000067
 2909.377930    0.000061
 2910.048830    0.000056
 2910.718260    0.000051
 2911.389650    0.000047
 2912.059330    0.000043
 2912.729250    0.000039
 2913.400630    0.000036
 2914.070800    0.000032
 2914.742920    0.000030
 2915.413570    0.000028
 2916.085690    0.000025
 2916.756590    0.000023
 2917.429200    0.000021
 2918.100340    0.000019
 2918.771730    0.000017
 2919.444580    0.000015
 2920.116210    0.000014
 2920.789550    0.000013
 2921.461670    0.000011
 2922.135500    0.000010
 2922.807370    0.000010
 2923.479740    0.000009
 2924.154050    0.000008
 2924.826660    0.000008
 2925.500980    0.000007
 2926.174070    0.000006
 2926.848880    0.000006
 2927.522220    0.000005
 2928.195800    0.000005
 2928.870850    0.000004
 2929.544920    0.000004
 2930.220460    0.000004
 2930.894530    0.000003
 2931.570310    0.000003
 2932.244630    0.000003
 2932.919190    0.000002
 2933.595700    0.000002
 2934.270260    0.000002
 2934.947270    0.000002
 2935.622310    0.000002
 2936.299070    0.000001
 2936.974850    0.000001
 2937.650390    0.000001
 2938.327880    0.000001
 2939.003660    0.000001
 2939.681400    0.000001
 2940.357670    0.000001
 2941.035640    0.000001
 2941.712160    0.000001
 2942.389160    0.000001
 2943.067630    0.000001
 2943.744630    0.000000
 2944.423580    0.000000
 2945.100830    0.000000
 2945.780030    0.000000
 2946.457760    0.000000
 2947.135500    0.000000
 2947.815190    0.000000
 2948.493410    0.000000
 2949.173100    0.000000
 2949.851560    0.000000
 2950.531980    0.000000
 2951.210450    0.000000
 2951.889650    0.000000
 2952.570070    0.000000
 2953.249270    0.000000
 2953.930660    0.000000
 2954.610110    0.000000
 2955.291500    0.000000
 2955.971190    0.000000
 2956.651120    0.000000
 2957.333010    0.000000
 2958.013180    0.000000
 2958.695560    0.000000
 2959.376220    0.000000
 2960.058350    0.000000
 2960.739500    0.000000
 2961.420410    0.000000
 2962.103520    0.000000
 2962.784910    0.000000
 2963.468020    0.000000
 2964.149900    0.000000
 2964.833500    0.000000
 2965.515380    0.000000
 2966.197750    0.000000
 2966.881590    0.000000
 2967.564210    0.000000
 2968.248540    0.000000
 2968.931150    0.000000
 2969.615720    0.000000
 2970.299070    0.000000
 2970.984130    0.000000
 2971.667480    0.000000
 2972.351070    0.000000
 2973.036620    0.000000
 2973.720700    0.000000
 2974.406250    0.000000
 2975.090580    0.000000
 2975.776610    0.000000
 2976.461180    0.000000
 2977.146000    0.000000
 2977.832280    0.000000
 2978.517580    0.000000
 2979.204350    0.000000
 2979.889650    0.000000
 2980.576660    0.000000
 2981.262210    0.000000
 2981.948240    0.000000
 2982.635990    0.000000
 2983.322020    0.000000
 2984.010010    0.000000
 2984.696530    0.000000
 2985.384770    0.000000
 2986.071530    0.000000
 2986.758540    0.000000
 2987.447270    0.000000
 2988.134770    0.000000
 2988.823490    0.000000
 2989.510990    0.000000
 2990.200440    0.000000
 2990.888180    0.000000
 2991.576170    0.000000
 2992.266360    0.000000
 2992.954830    0.000000
 2993.644780    0.000000
 2994.333500    0.000000
 2995.023930    0.000000
 2995.713130    0.000000
 2996.402100    0.000000
 2997.093020    0.000000
 2997.782710    0.000000
 2998.473880    0.000000
 2999.163570    0.000000
 2999.855470    0.000000
 3000.545410    0.000000
 3001.235600    0.000000
 3001.927730    0.000000
 3002.618410    0.000000
 3003.310550    0.000000
 3004.001710    0.000000
 3004.694340    0.000000
 3005.385740    0.000000
 3006.076900    0.000000
 3006.770020    0.000000
 3007.461670    0.000000
 3008.155270    0.000000
 3008.847410    0.000000
 3009.541260    0.000000
 3010.233400    0.000000
 3010.926270    0.000000
 3011.620360    0.000000
 3012.313230    0.000000
 3013.007810    0.000000
 3013.700930    0.000000
 3014.395750    0.000000
 3015.089360    0.000000
 3015.783200    0.000000
 3016.478270    0.000000
 3017.172610    0.000000
 3017.868160    0.000000
 3018.562260    0.000000
 3019.258540    0.000000
 3019.952880    0.000000
 3020.647950    0.000000
 3021.344480    0.000000
 3022.039310    0.000000
 3022.736330    0.000000
 3023.431640    0.000000
 3024.128660    0.000000
 3024.824460    0.000000
 3025.522220    0.000000
 3026.218020    0.000000
 3026.914310    0.000000
 3027.612300    0.000000
 3028.308840    0.000000
 3029.007080    0.000000
 3029.703860    0.000000
 3030.402590    0.000000
 3031.099850    0.000000
 3031.797120    0.000000
 3032.496090    0.000000
 3033.193600    0.000000
 3033.893310    0.000000
 3034.591060    0.000000
 3035.290770    0.000000
 3035.989010    0.000000
 3036.687740    0.000000
 3037.387700    0.000000
 3038.086670    0.000000
 3038.787350    0.000000
 3039.486080    0.000000
 3040.187260    0.000000
 3040.886470    0.000000
 3041.586180    0.000000
 3042.287350    0.000000
 3042.987550    0.000000
 3043.689210    0.000000
 3044.389160    0.000000
 3045.091060    0.000000
 3045.791750    0.000000
 3046.492430    0.000000
 3047.194820    0.000000
 3047.896000    0.000000
 3048.598880    0.000000
 3049.300050    0.000000
