 2653.384280    0.000000
 2653.996340    0.000000
 2654.606690    0.000000
 2655.217290    0.000000
 2655.829830    0.000000
 2656.440670    0.000000
 2657.053220    0.000000
 2657.664550    0.000000
 2658.277340    0.000000
 2658.888920    0.000000
 2659.500730    0.000000
 2660.114010    0.000000
 2660.725830    0.000000
 2661.339360    0.000000
 2661.951660    0.000000
 2662.565430    0.000000
 2663.177980    0.000000
 2663.790530    0.000000
 2664.404790    0.000000
 2665.017820    0.000000
 2665.632320    0.000000
 2666.245610    0.000000
 2666.860350    0.000000
 2667.473880    0.000000
 2668.089110    0.000000
 2668.702880    0.000000
 2669.316890    0.000000
 2669.932370    0.000000
 2670.546630    0.000000
 2671.162350    0.000000
 2671.776860    0.000000
 2672.393070    0.000000
 2673.007810    0.000000
 2673.622560    0.000000
 2674.239260    0.000000
 2674.854490    0.000000
 2675.471190    0.000000
 2676.086670    0.000000
 2676.703860    0.000000
 2677.319580    0.000000
 2677.935550    0.000000
 2678.552980    0.000000
 2679.169190    0.000000
 2679.786870    0.000000
 2680.403560    0.000000
 2681.021480    0.000000
 2681.638430    0.000000
 2682.255370    0.000000
 2682.873780    0.000000
 2683.490970    0.000000
 2684.109860    0.000000
 2684.727290    0.000000
 2685.346440    0.000000
 2685.964110    0.000000
 2686.582030    0.000000
 2687.201660    0.000000
 2687.819820    0.000000
 2688.439450    0.000000
 2689.057860    0.000000
 2689.677980    0.000000
 2690.296880    0.000000
 2690.915770    0.000000
 2691.536380    0.000000
 2692.155270    0.000000
 2692.776370    0.000000
 2693.395750    0.000000
 2694.016850    0.000000
 2694.636720    0.000000
 2695.256590    0.000000
 2695.877930    0.000000
 2696.498050    0.000000
 2697.119870    0.000000
 2697.740480    0.000000
 2698.362550    0.000000
 2698.983400    0.000000
 2699.604250    0.000000
 2700.226810    0.000000
 2700.847900    0.000000
 2701.470700    0.000000
 2702.092040    0.000000
 2702.715330    0.000000
 2703.337160    0.000000
 2703.958980    0.000000
 2704.582520    0.000000
 2705.204830    0.000000
 2705.828370    0.000000
 2706.450930    0.000000
 2707.074950    0.000000
 2707.697750    0.000000
 2708.320800    0.000000
 2708.945310    0.000000
 2709.568360    0.000000
 2710.193360    0.000000
 2710.816650    0.000000
 2711.441890    0.000000
 2712.065670    0.000000
 2712.689450    0.000000
 2713.314940    0.000000
 2713.939210    0.000000
 2714.565190    0.000000
 2715.189450    0.000000
 2715.815670    0.000000
 2716.440430    0.000000
 2717.066890    0.000000
 2717.691890    0.000000
 2718.317140    0.000000
 2718.943850    0.000000
 2719.569340    0.000000
 2720.196530    0.000000
 2720.822270    0.000001
 2721.449710    0.000001
 2722.075680    0.000001
 2722.702150    0.000001
 2723.329830    0.000001
 2723.956300    0.000001
 2724.584470    0.000001
 2725.211430    0.000001
 2725.839600    0.000001
 2726.466800    0.000001
 2727.093990    0.000001
 2727.722900    0.000001
 2728.350340    0.000002
 2728.979490    0.000002
 2729.607420    0.000002
 2730.236820    0.000002
 2730.864750    0.000002
 2731.493160    0.000002
 2732.122800    0.000003
 2732.751460    0.000003
 2733.381590    0.000003
 2734.010500    0.000003
 2734.640870    0.000004
 2735.270020    0.000004
 2735.899410    0.000004
 2736.530270    0.000005
 2737.159670    0.000005
 2737.790770    0.000005
 2738.420650    0.000006
 2739.052250    0.000006
 2739.682370    0.000007
 2740.312500    0.000008
 2740.944340    0.000008
 2741.575200    0.000009
 2742.207280    0.000010
 2742.838130    0.000010
 2743.470460    0.000010
 2744.101560    0.000011
 2744.732910    0.000012
 2745.365970    0.000014
 2745.997310    0.000015
 2746.630860    0.000016
 2747.262700    0.000018
 2747.896000    0.000019
 2748.528080    0.000021
 2749.160640    0.000023
 2749.794430    0.000025
 2750.427000    0.000027
 2751.061280    0.000029
 2751.694090    0.000031
 2752.328610    0.000033
 2752.961910    0.000036
 2753.595210    0.000039
 2754.230220    0.000042
 2754.863770    0.000046
 2755.499020    0.000050
 2756.132810    0.000053
 2756.768550    0.000057
 2757.402590    0.000062
 2758.036870    0.000067
 2758.673100    0.000072
 2759.307620    0.000077
 2759.943850    0.000084
 2760.578860    0.000091
 2761.215330    0.000097
 2761.850590    0.000105
 2762.487550    0.000113
 2763.123050    0.000122
 2763.758790    0.000131
 2764.396000    0.000141
 2765.031980    0.000152
 2765.669430    0.000163
 2766.305910    0.000175
 2766.943600    0.000189
 2767.580320    0.000203
 2768.216800    0.000217
 2768.855220    0.000235
 2769.492190    0.000252
 2770.130860    0.000270
 2770.768070    0.000290
 2771.407230    0.000311
 2772.044680    0.000334
 2772.682130    0.000359
 2773.321780    0.000384
 2773.959720    0.000412
 2774.599370    0.000442
 2775.237550    0.000474
 2775.877690    0.000507
 2776.516360    0.000544
 2777.155030    0.000583
 2777.795170    0.000624
 2778.434330    0.000668
 2779.074950    0.000714
 2779.714360    0.000765
 2780.355470    0.000818
 2780.995120    0.000875
 2781.634770    0.000936
 2782.276120    0.000999
 2782.916260    0.001068
 2783.558110    0.001142
 2784.198490    0.001220
 2784.840330    0.001303
 2785.480960    0.001390
 2786.121830    0.001484
 2786.764400    0.001584
 2787.405270    0.001690
 2788.048100    0.001802
 2788.689450    0.001922
 2789.332520    0.002049
 2789.974370    0.002184
 2790.615970    0.002327
 2791.259770    0.002480
 2791.901610    0.002641
 2792.545410    0.002811
 2793.187990    0.002993
 2793.832030    0.003185
 2794.474850    0.003389
 2795.117680    0.003605
 2795.762210    0.003835
 2796.405520    0.004077
 2797.050290    0.004333
 2797.693600    0.004605
 2798.338870    0.004893
 2798.982420    0.005198
 2799.626460    0.005520
 2800.272220    0.005860
 2800.916260    0.006221
 2801.562260    0.006601
 2802.206790    0.007004
 2802.852780    0.007429
 2803.497560    0.007877
 2804.142580    0.008351
 2804.789310    0.008852
 2805.434330    0.009379
 2806.081300    0.009937
 2806.726810    0.010525
 2807.374020    0.011145
 2808.020020    0.011798
 2808.666020    0.012486
 2809.313480    0.013213
 2809.959960    0.013977
 2810.607910    0.014783
 2811.254390    0.015631
 2811.902830    0.016524
 2812.549560    0.017463
 2813.198240    0.018453
 2813.845210    0.019491
 2814.492680    0.020584
 2815.141600    0.021735
 2815.789310    0.022943
 2816.438720    0.024215
 2817.086430    0.025547
 2817.736080    0.026950
 2818.384520    0.028420
 2819.032710    0.029963
 2819.682620    0.031586
 2820.331300    0.033284
 2820.981930    0.035071
 2821.630620    0.036940
 2822.281490    0.038904
 2822.930660    0.040957
 2823.580080    0.043110
 2824.231200    0.045369
 2824.880860    0.047730
 2825.532230    0.050209
 2826.182370    0.052798
 2826.833980    0.055512
 2827.484380    0.058348
 2828.134770    0.061312
 2828.786870    0.064419
 2829.437740    0.067661
 2830.090090    0.071057
 2830.741210    0.074598
 2831.394040    0.078306
 2832.045410    0.082170
 2832.697020    0.086204
 2833.350100    0.090425
 2834.001950    0.094820
 2834.655520    0.099417
 2835.307620    0.104200
 2835.961180    0.109199
 2836.613770    0.114402
 2837.266360    0.119823
 2837.920410    0.125484
 2838.573490    0.131372
 2839.228030    0.137517
 2839.881100    0.143900
 2840.535890    0.150560
 2841.189450    0.157478
 2841.843020    0.164675
 2842.498540    0.172181
 2843.152340    0.179966
 2843.807860    0.188079
 2844.462160    0.196495
 2845.118160    0.205261
 2845.772710    0.214348
 2846.427250    0.223782
 2847.083740    0.233606
 2847.738770    0.243780
 2848.395260    0.254361
 2849.050540    0.265318
 2849.707760    0.276714
 2850.363280    0.288502
 2851.018800    0.300719
 2851.676270    0.313419
 2852.332280    0.326549
 2852.989990    0.340184
 2853.646480    0.354279
 2854.304440    0.368903
 2854.960940    0.384006
 2855.617920    0.399647
 2856.276370    0.415863
 2856.933350    0.432598
 2857.592290    0.449954
 2858.249760    0.467855
 2858.908940    0.486404
 2859.566650    0.505528
 2860.224370    0.525281
 2860.883790    0.545732
 2861.541750    0.566801
 2862.201900    0.588620
 2862.860350    0.611078
 2863.520510    0.634307
 2864.179200    0.658212
 2864.839840    0.682934
 2865.498780    0.708353
 2866.157960    0.734558
 2866.818850    0.761629
 2867.478520    0.789463
 2868.139650    0.818191
 2868.799320    0.847701
 2869.460940    0.878165
 2870.121090    0.909444
 2870.781490    0.941633
 2871.443360    0.974813
 2872.103760    1.008853
 2872.766360    1.043961
 2873.427000    1.079934
 2874.089600    1.117002
 2874.750730    1.154993
 2875.412110    1.194017
 2876.075440    1.234199
 2876.736820    1.275317
 2877.400390    1.317647
 2878.062260    1.360956
 2878.725830    1.405486
 2879.388180    1.451056
 2880.050540    1.497761
 2880.714600    1.545744
 2881.377440    1.594808
 2882.041750    1.645167
 2882.704830    1.696633
 2883.369380    1.749431
 2884.032960    1.803378
 2884.696530    1.858567
 2885.361330    1.915114
 2886.025390    1.972869
 2886.690920    2.032034
 2887.354980    2.092361
 2888.020510    2.154129
 2888.685060    2.217120
 2889.349610    2.281435
 2890.015870    2.347253
 2890.680910    2.414295
 2891.347410    2.482840
 2892.012700    2.552618
 2892.679200    2.623892
 2893.344970    2.696461
 2894.010500    2.770379
 2894.677730    2.845871
 2895.343510    2.922582
 2896.011470    3.000937
 2896.677490    3.080454
 2897.345460    3.161596
 2898.011960    3.243950
 2898.678960    3.327752
 2899.347170    3.413097
 2900.014160    3.499669
 2900.682860    3.587843
 2901.350100    3.677198
 2902.019530    3.768217
 2902.687010    3.860328
 2903.354740    3.953819
 2904.024410    4.048927
 2904.692380    4.145117
 2905.361820    4.242836
 2906.030520    4.341746
 2906.700680    4.442161
 2907.369140    4.543585
 2908.038090    4.646331
 2908.708500    4.750533
 2909.377930    4.855792
 2910.048830    4.962469
 2910.718260    5.070074
 2911.389650    5.179131
 2912.059330    5.289020
 2912.729250    5.400027
 2913.400630    5.512329
 2914.070800    5.625445
 2914.742920    5.739880
 2915.413570    5.855016
 2916.085690    5.971322
 2916.756590    6.088295
 2917.429200    6.206405
 2918.100340    6.325057
 2918.771730    6.444508
 2919.444580    6.564934
 2920.116210    6.685810
 2920.789550    6.807615
 2921.461670    6.929774
 2922.135500    7.052767
 2922.807370    7.175878
 2923.479740    7.299498
 2924.154050    7.423845
 2924.826660    7.548189
 2925.500980    7.673105
 2926.174070    7.797992
 2926.848880    7.923337
 2927.522220    8.048487
 2928.195800    8.173699
 2928.870850    8.299138
 2929.544920    8.424286
 2930.220460    8.549532
 2930.894530    8.674265
 2931.570310    8.799007
 2932.244630    8.923103
 2932.919190    9.046800
 2933.595700    9.170341
 2934.270260    9.292940
 2934.947270    9.415327
 2935.622310    9.536632
 2936.299070    9.657444
 2936.974850    9.777208
 2937.650390    9.895984
 2938.327880    10.014080
 2939.003660    10.130786
 2939.681400    10.246655
 2940.357670    10.361031
 2941.035640    10.474375
 2941.712160    10.586080
 2942.389160    10.696399
 2943.067630    10.805409
 2943.744630    10.912568
 2944.423580    11.018338
 2945.100830    11.122079
 2945.780030    11.224276
 2946.457760    11.324337
 2947.135500    11.422420
 2947.815190    11.518723
 2948.493410    11.612690
 2949.173100    11.704662
 2949.851560    11.794203
 2950.531980    11.881661
 2951.210450    11.966469
 2951.889650    12.048904
 2952.570070    12.128954
 2953.249270    12.206267
 2953.930660    12.281166
 2954.610110    12.353137
 2955.291500    12.422534
 2955.971190    12.488929
 2956.651120    12.552468
 2957.333010    12.613245
 2958.013180    12.670881
 2958.695560    12.725658
 2959.376220    12.777212
 2960.058350    12.825741
 2960.739500    12.871029
 2961.420410    12.913092
 2962.103520    12.952032
 2962.784910    12.987587
 2963.468020    13.019906
 2964.149900    13.048815
 2964.833500    13.074409
 2965.515380    13.096535
 2966.197750    13.115252
 2966.881590    13.130556
 2967.564210    13.142367
 2968.248540    13.150720
 2968.931150    13.155560
 2969.615720    13.156902
 2970.299070    13.154736
 2970.984130    13.149041
 2971.667480    13.139849
 2972.351070    13.127146
 2973.036620    13.110893
 2973.720700    13.091175
 2974.406250    13.067920
 2975.090580    13.041231
 2975.776610    13.011011
 2976.461180    12.977417
 2977.146000    12.940397
 2977.832280    12.899900
 2978.517580    12.856095
 2979.204350    12.808855
 2979.889650    12.758415
 2980.576660    12.704577
 2981.262210    12.647629
 2981.948240    12.587458
 2982.635990    12.523983
 2983.322020    12.457570
 2984.010010    12.387915
 2984.696530    12.315407
 2985.384770    12.239769
 2986.071530    12.161404
 2986.758540    12.080180
 2987.447270    11.995976
 2988.134770    11.909210
 2988.823490    11.819639
 2989.510990    11.727645
 2990.200440    11.632870
 2990.888180    11.535884
 2991.576170    11.436494
 2992.266360    11.334476
 2992.954830    11.230481
 2993.644780    11.124107
 2994.333500    11.015844
 2995.023930    10.905309
 2995.713130    10.793045
 2996.402100    10.678982
 2997.093020    10.562830
 2997.782710    10.445204
 2998.473880    10.325724
 2999.163570    10.204982
 2999.855470    10.082418
 3000.545410    9.958852
 3001.235600    9.833977
 3001.927730    9.707563
 3002.618410    9.580319
 3003.310550    9.451790
 3004.001710    9.322511
 3004.694340    9.192112
 3005.385740    9.061178
 3006.076900    8.929613
 3006.770020    8.797078
 3007.461670    8.664309
 3008.155270    8.530731
 3008.847410    8.397083
 3009.541260    8.262833
 3010.233400    8.128721
 3010.926270    7.994353
 3011.620360    7.859711
 3012.313230    7.725345
 3013.007810    7.590762
 3013.700930    7.456651
 3014.395750    7.322471
 3015.089360    7.188857
 3015.783200    7.055598
 3016.478270    6.922575
 3017.172610    6.790229
 3017.868160    6.658252
 3018.562260    6.527218
 3019.258540    6.396498
 3019.952880    6.266931
 3020.647950    6.138072
 3021.344480    6.009845
 3022.039310    5.882888
 3022.736330    5.756541
 3023.431640    5.631565
 3024.128660    5.507392
 3024.824460    5.384594
 3025.522220    5.262657
 3026.218020    5.142304
 3026.914310    5.023152
 3027.612300    4.905037
 3028.308840    4.788533
 3029.007080    4.673144
 3029.703860    4.559429
 3030.402590    4.446861
 3031.099850    4.336024
 3031.797120    4.226706
 3032.496090    4.118667
 3033.193600    4.012425
 3033.893310    3.907444
 3034.591060    3.804367
 3035.290770    3.702634
 3035.989010    3.602760
 3036.687740    3.504476
 3037.387700    3.407696
 3038.086670    3.312734
 3038.787350    3.219238
 3039.486080    3.127702
 3040.187260    3.037557
 3040.886470    2.949373
 3041.586180    2.862839
 3042.287350    2.777841
 3042.987550    2.694675
 3043.689210    2.613052
 3044.389160    2.533335
 3045.091060    2.455103
 3045.791750    2.378705
 3046.492430    2.303996
 3047.194820    2.230791
 3047.896000    2.159385
 3048.598880    2.089472
 3049.300050    2.021377
