 2653.384280    0.131298
 2653.996340    0.138629
 2654.606690    0.146298
 2655.217290    0.154345
 2655.829830    0.162808
 2656.440670    0.171654
 2657.053220    0.180946
 2657.664550    0.190659
 2658.277340    0.200851
 2658.888920    0.211497
 2659.500730    0.222639
 2660.114010    0.234319
 2660.725830    0.246499
 2661.339360    0.259263
 2661.951660    0.272572
 2662.565430    0.286501
 2663.177980    0.301014
 2663.790530    0.316156
 2664.404790    0.331997
 2665.017820    0.348480
 2665.632320    0.365704
 2666.245610    0.383614
 2666.860350    0.402312
 2667.473880    0.421743
 2668.089110    0.442022
 2668.702880    0.463071
 2669.316890    0.484969
 2669.932370    0.507789
 2670.546630    0.531456
 2671.162350    0.556102
 2671.776860    0.581643
 2672.393070    0.608229
 2673.007810    0.635751
 2673.622560    0.664294
 2674.239260    0.693984
 2674.854490    0.724682
 2675.471190    0.756560
 2676.086670    0.789509
 2676.703860    0.823712
 2677.319580    0.859021
 2677.935550    0.895556
 2678.552980    0.933424
 2679.169190    0.972484
 2679.786870    1.012933
 2680.403560    1.054641
 2681.021480    1.097780
 2681.638430    1.142225
 2682.255370    1.188066
 2682.873780    1.235442
 2683.490970    1.284172
 2684.109860    1.334511
 2684.727290    1.386225
 2685.346440    1.439602
 2685.964110    1.494390
 2686.582030    1.550757
 2687.201660    1.608864
 2687.819820    1.668431
 2688.439450    1.729758
 2689.057860    1.792597
 2689.677980    1.857262
 2690.296880    1.923463
 2690.915770    1.991339
 2691.536380    2.061095
 2692.155270    2.132357
 2692.776370    2.205585
 2693.395750    2.280326
 2694.016850    2.356999
 2694.636720    2.435246
 2695.256590    2.515220
 2695.877930    2.597113
 2696.498050    2.680571
 2697.119870    2.765986
 2697.740480    2.852952
 2698.362550    2.941838
 2698.983400    3.032249
 2699.604250    3.124347
 2700.226810    3.218377
 2700.847900    3.313842
 2701.470700    3.411213
 2702.092040    3.509971
 2702.715330    3.610638
 2703.337160    3.712635
 2703.958980    3.816167
 2704.582520    3.921495
 2705.204830    4.028089
 2705.828370    4.136329
 2706.450930    4.245795
 2707.074950    4.356877
 2707.697750    4.469049
 2708.320800    4.582523
 2708.945310    4.697477
 2709.568360    4.813319
 2710.193360    4.930627
 2710.816650    5.048657
 2711.441890    5.168038
 2712.065670    5.288056
 2712.689450    5.408922
 2713.314940    5.530900
 2713.939210    5.653347
 2714.565190    5.776765
 2715.189450    5.900402
 2715.815670    6.024900
 2716.440430    6.149502
 2717.066890    6.274755
 2717.691890    6.399936
 2718.317140    6.525301
 2718.943850    6.651000
 2719.569340    6.776404
 2720.196530    6.902005
 2720.822270    7.027070
 2721.449710    7.152135
 2722.075680    7.276467
 2722.702150    7.400353
 2723.329830    7.523834
 2723.956300    7.646325
 2724.584470    7.768293
 2725.211430    7.889062
 2725.839600    8.008997
 2726.466800    8.127569
 2727.093990    8.244859
 2727.722900    8.361074
 2728.350340    8.475517
 2728.979490    8.588660
 2729.607420    8.699866
 2730.236820    8.809498
 2730.864750    8.916943
 2731.493160    9.022435
 2732.122800    9.125978
 2732.751460    9.227112
 2733.381590    9.326119
 2734.010500    9.422475
 2734.640870    9.516491
 2735.270020    9.607664
 2735.899410    9.696122
 2736.530270    9.781926
 2737.159670    9.864588
 2737.790770    9.944433
 2738.420650    10.021000
 2739.052250    10.094558
 2739.682370    10.164653
 2740.312500    10.231383
 2740.944340    10.294839
 2741.575200    10.354677
 2742.207280    10.411030
 2742.838130    10.463620
 2743.470460    10.512608
 2744.101560    10.557726
 2744.732910    10.599037
 2745.365970    10.636570
 2745.997310    10.670076
 2746.630860    10.699721
 2747.262700    10.725280
 2747.896000    10.746854
 2748.528080    10.764321
 2749.160640    10.777717
 2749.794430    10.787022
 2750.427000    10.792186
 2751.061280    10.793223
 2751.694090    10.790122
 2752.328610    10.782868
 2752.961910    10.771495
 2753.595210    10.756004
 2754.230220    10.736358
 2754.863770    10.712666
 2755.499020    10.684836
 2756.132810    10.653039
 2756.768550    10.617130
 2757.402590    10.577355
 2758.036870    10.533650
 2758.673100    10.485922
 2759.307620    10.434503
 2759.943850    10.379168
 2760.578860    10.320230
 2761.215330    10.257506
 2761.850590    10.191327
 2762.487550    10.121455
 2763.123050    10.048315
 2763.758790    9.971800
 2764.396000    9.891836
 2765.031980    9.808844
 2765.669430    9.722560
 2766.305910    9.633407
 2766.943600    9.541172
 2767.580320    9.446268
 2768.216800    9.348696
 2768.855220    9.248212
 2769.492190    9.145453
 2770.130860    9.040021
 2770.768070    8.932539
 2771.407230    8.822543
 2772.044680    8.710774
 2772.682130    8.597053
 2773.321780    8.481091
 2773.959720    8.363710
 2774.599370    8.244398
 2775.237550    8.123859
 2775.877690    8.001564
 2776.516360    7.878281
 2777.155030    7.753844
 2777.795170    7.628081
 2778.434330    7.501586
 2779.074950    7.373989
 2779.714360    7.245937
 2780.355470    7.116957
 2780.995120    6.987796
 2781.634770    6.858272
 2782.276120    6.728144
 2782.916260    6.598113
 2783.558110    6.467690
 2784.198490    6.337623
 2784.840330    6.207417
 2785.480960    6.077717
 2786.121830    5.948322
 2786.764400    5.819032
 2787.405270    5.690626
 2788.048100    5.562459
 2788.689450    5.435302
 2789.332520    5.308610
 2789.974370    5.183040
 2790.615970    5.058477
 2791.259770    4.934527
 2791.901610    4.812061
 2792.545410    4.690404
 2793.187990    4.570223
 2793.832030    4.451079
 2794.474850    4.333530
 2795.117680    4.217406
 2795.762210    4.102457
 2796.405520    3.989257
 2797.050290    3.877381
 2797.693600    3.767383
 2798.338870    3.658720
 2798.982420    3.552048
 2799.626460    3.447032
 2800.272220    3.343514
 2800.916260    3.242071
 2801.562260    3.142151
 2802.206790    3.044309
 2802.852780    2.948119
 2803.497560    2.854000
 2804.142580    2.761746
 2804.789310    2.671170
 2805.434330    2.582757
 2806.081300    2.496015
 2806.726810    2.411406
 2807.374020    2.328516
 2808.020020    2.247723
 2808.666020    2.168863
 2809.313480    2.091762
 2809.959960    2.016702
 2810.607910    1.943392
 2811.254390    1.872153
 2811.902830    1.802598
 2812.549560    1.735103
 2813.198240    1.669271
 2813.845210    1.605456
 2814.492680    1.543416
 2815.141600    1.483046
 2815.789310    1.424570
 2816.438720    1.367704
 2817.086430    1.312722
 2817.736080    1.259288
 2818.384520    1.207638
 2819.032710    1.157660
 2819.682620    1.109179
 2820.331300    1.062387
 2820.981930    1.017028
 2821.630620    0.973342
 2822.281490    0.931019
 2822.930660    0.890282
 2823.580080    0.850972
 2824.231200    0.812973
 2824.880860    0.776439
 2825.532230    0.741158
 2826.182370    0.707258
 2826.833980    0.674565
 2827.484380    0.643183
 2828.134770    0.613014
 2828.786870    0.583951
 2829.437740    0.556093
 2830.090090    0.529293
 2830.741210    0.503629
 2831.394040    0.478952
 2832.045410    0.455355
 2832.697020    0.432737
 2833.350100    0.411031
 2834.001950    0.390293
 2834.655520    0.370403
 2835.307620    0.351426
 2835.961180    0.333248
 2836.613770    0.315909
 2837.266360    0.299352
 2837.920410    0.283514
 2838.573490    0.268428
 2839.228030    0.254011
 2839.881100    0.240302
 2840.535890    0.227209
 2841.189450    0.214765
 2841.843020    0.202921
 2842.498540    0.191621
 2843.152340    0.180904
 2843.807860    0.170693
 2844.462160    0.161011
 2845.118160    0.151793
 2845.772710    0.143065
 2846.427250    0.134786
 2847.083740    0.126911
 2847.738770    0.119465
 2848.395260    0.112395
 2849.050540    0.105714
 2849.707760    0.099371
 2850.363280    0.093387
 2851.018800    0.087728
 2851.676270    0.082363
 2852.332280    0.077307
 2852.989990    0.072519
 2853.646480    0.068009
 2854.304440    0.063745
 2854.960940    0.059733
 2855.617920    0.055948
 2856.276370    0.052375
 2856.933350    0.049018
 2857.592290    0.045848
 2858.249760    0.042872
 2858.908940    0.040067
 2859.566650    0.037436
 2860.224370    0.034964
 2860.883790    0.032636
 2861.541750    0.030456
 2862.201900    0.028402
 2862.860350    0.026483
 2863.520510    0.024678
 2864.179200    0.022990
 2864.839840    0.021406
 2865.498780    0.019926
 2866.157960    0.018540
 2866.818850    0.017241
 2867.478520    0.016028
 2868.139650    0.014894
 2868.799320    0.013835
 2869.460940    0.012844
 2870.121090    0.011921
 2870.781490    0.011060
 2871.443360    0.010255
 2872.103760    0.009506
 2872.766360    0.008807
 2873.427000    0.008158
 2874.089600    0.007551
 2874.750730    0.006989
 2875.412110    0.006465
 2876.075440    0.005977
 2876.736820    0.005525
 2877.400390    0.005103
 2878.062260    0.004713
 2878.725830    0.004350
 2879.388180    0.004014
 2880.050540    0.003702
 2880.714600    0.003413
 2881.377440    0.003145
 2882.041750    0.002897
 2882.704830    0.002668
 2883.369380    0.002456
 2884.032960    0.002259
 2884.696530    0.002078
 2885.361330    0.001910
 2886.025390    0.001755
 2886.690920    0.001612
 2887.354980    0.001480
 2888.020510    0.001358
 2888.685060    0.001245
 2889.349610    0.001143
 2890.015870    0.001047
 2890.680910    0.000959
 2891.347410    0.000878
 2892.012700    0.000804
 2892.679200    0.000736
 2893.344970    0.000673
 2894.010500    0.000615
 2894.677730    0.000563
 2895.343510    0.000514
 2896.011470    0.000469
 2896.677490    0.000428
 2897.345460    0.000391
 2898.011960    0.000357
 2898.678960    0.000325
 2899.347170    0.000296
 2900.014160    0.000270
 2900.682860    0.000245
 2901.350100    0.000223
 2902.019530    0.000203
 2902.687010    0.000185
 2903.354740    0.000168
 2904.024410    0.000153
 2904.692380    0.000138
 2905.361820    0.000126
 2906.030520    0.000114
 2906.700680    0.000104
 2907.369140    0.000093
 2908.038090    0.000085
 2908.708500    0.000077
 2909.377930    0.000070
 2910.048830    0.000063
 2910.718260    0.000057
 2911.389650    0.000051
 2912.059330    0.000047
 2912.729250    0.000042
 2913.400630    0.000038
 2914.070800    0.000034
 2914.742920    0.000031
 2915.413570    0.000028
 2916.085690    0.000026
 2916.756590    0.000023
 2917.429200    0.000021
 2918.100340    0.000018
 2918.771730    0.000016
 2919.444580    0.000015
 2920.116210    0.000013
 2920.789550    0.000012
 2921.461670    0.000010
 2922.135500    0.000010
 2922.807370    0.000009
 2923.479740    0.000008
 2924.154050    0.000007
 2924.826660    0.000007
 2925.500980    0.000006
 2926.174070    0.000005
 2926.848880    0.000005
 2927.522220    0.000004
 2928.195800    0.000004
 2928.870850    0.000003
 2929.544920    0.000003
 2930.220460    0.000003
 2930.894530    0.000002
 2931.570310    0.000002
 2932.244630    0.000002
 2932.919190    0.000002
 2933.595700    0.000002
 2934.270260    0.000001
 2934.947270    0.000001
 2935.622310    0.000001
 2936.299070    0.000001
 2936.974850    0.000001
 2937.650390    0.000001
 2938.327880    0.000001
 2939.003660    0.000001
 2939.681400    0.000001
 2940.357670    0.000000
 2941.035640    0.000000
 2941.712160    0.000000
 2942.389160    0.000000
 2943.067630    0.000000
 2943.744630    0.000000
 2944.423580    0.000000
 2945.100830    0.000000
 2945.780030    0.000000
 2946.457760    0.000000
 2947.135500    0.000000
 2947.815190    0.000000
 2948.493410    0.000000
 2949.173100    0.000000
 2949.851560    0.000000
 2950.531980    0.000000
 2951.210450    0.000000
 2951.889650    0.000000
 2952.570070    0.000000
 2953.249270    0.000000
 2953.930660    0.000000
 2954.610110    0.000000
 2955.291500    0.000000
 2955.971190    0.000000
 2956.651120    0.000000
 2957.333010    0.000000
 2958.013180    0.000000
 2958.695560    0.000000
 2959.376220    0.000000
 2960.058350    0.000000
 2960.739500    0.000000
 2961.420410    0.000000
 2962.103520    0.000000
 2962.784910    0.000000
 2963.468020    0.000000
 2964.149900    0.000000
 2964.833500    0.000000
 2965.515380    0.000000
 2966.197750    0.000000
 2966.881590    0.000000
 2967.564210    0.000000
 2968.248540    0.000000
 2968.931150    0.000000
 2969.615720    0.000000
 2970.299070    0.000000
 2970.984130    0.000000
 2971.667480    0.000000
 2972.351070    0.000000
 2973.036620    0.000000
 2973.720700    0.000000
 2974.406250    0.000000
 2975.090580    0.000000
 2975.776610    0.000000
 2976.461180    0.000000
 2977.146000    0.000000
 2977.832280    0.000000
 2978.517580    0.000000
 2979.204350    0.000000
 2979.889650    0.000000
 2980.576660    0.000000
 2981.262210    0.000000
 2981.948240    0.000000
 2982.635990    0.000000
 2983.322020    0.000000
 2984.010010    0.000000
 2984.696530    0.000000
 2985.384770    0.000000
 2986.071530    0.000000
 2986.758540    0.000000
 2987.447270    0.000000
 2988.134770    0.000000
 2988.823490    0.000000
 2989.510990    0.000000
 2990.200440    0.000000
 2990.888180    0.000000
 2991.576170    0.000000
 2992.266360    0.000000
 2992.954830    0.000000
 2993.644780    0.000000
 2994.333500    0.000000
 2995.023930    0.000000
 2995.713130    0.000000
 2996.402100    0.000000
 2997.093020    0.000000
 2997.782710    0.000000
 2998.473880    0.000000
 2999.163570    0.000000
 2999.855470    0.000000
 3000.545410    0.000000
 3001.235600    0.000000
 3001.927730    0.000000
 3002.618410    0.000000
 3003.310550    0.000000
 3004.001710    0.000000
 3004.694340    0.000000
 3005.385740    0.000000
 3006.076900    0.000000
 3006.770020    0.000000
 3007.461670    0.000000
 3008.155270    0.000000
 3008.847410    0.000000
 3009.541260    0.000000
 3010.233400    0.000000
 3010.926270    0.000000
 3011.620360    0.000000
 3012.313230    0.000000
 3013.007810    0.000000
 3013.700930    0.000000
 3014.395750    0.000000
 3015.089360    0.000000
 3015.783200    0.000000
 3016.478270    0.000000
 3017.172610    0.000000
 3017.868160    0.000000
 3018.562260    0.000000
 3019.258540    0.000000
 3019.952880    0.000000
 3020.647950    0.000000
 3021.344480    0.000000
 3022.039310    0.000000
 3022.736330    0.000000
 3023.431640    0.000000
 3024.128660    0.000000
 3024.824460    0.000000
 3025.522220    0.000000
 3026.218020    0.000000
 3026.914310    0.000000
 3027.612300    0.000000
 3028.308840    0.000000
 3029.007080    0.000000
 3029.703860    0.000000
 3030.402590    0.000000
 3031.099850    0.000000
 3031.797120    0.000000
 3032.496090    0.000000
 3033.193600    0.000000
 3033.893310    0.000000
 3034.591060    0.000000
 3035.290770    0.000000
 3035.989010    0.000000
 3036.687740    0.000000
 3037.387700    0.000000
 3038.086670    0.000000
 3038.787350    0.000000
 3039.486080    0.000000
 3040.187260    0.000000
 3040.886470    0.000000
 3041.586180    0.000000
 3042.287350    0.000000
 3042.987550    0.000000
 3043.689210    0.000000
 3044.389160    0.000000
 3045.091060    0.000000
 3045.791750    0.000000
 3046.492430    0.000000
 3047.194820    0.000000
 3047.896000    0.000000
 3048.598880    0.000000
 3049.300050    0.000000
