 2653.384280    1.935990
 2653.996340    1.991426
 2654.606690    2.047818
 2655.217290    2.105350
 2655.829830    2.164192
 2656.440670    2.223998
 2657.053220    2.285105
 2657.664550    2.347225
 2658.277340    2.410634
 2658.888920    2.475054
 2659.500730    2.540639
 2660.114010    2.607523
 2660.725830    2.675385
 2661.339360    2.744575
 2661.951660    2.814763
 2662.565430    2.886252
 2663.177980    2.958725
 2663.790530    3.032319
 2664.404790    3.107234
 2665.017820    3.183109
 2665.632320    3.260267
 2666.245610    3.338363
 2666.860350    3.417727
 2667.473880    3.498004
 2668.089110    3.579563
 2668.702880    3.661970
 2669.316890    3.745440
 2669.932370    3.830122
 2670.546630    3.915633
 2671.162350    4.002330
 2671.776860    4.089814
 2672.393070    4.178483
 2673.007810    4.267860
 2673.622560    4.358132
 2674.239260    4.449564
 2674.854490    4.541628
 2675.471190    4.634733
 2676.086670    4.728450
 2676.703860    4.823195
 2677.319580    4.918452
 2677.935550    5.014452
 2678.552980    5.111356
 2679.169190    5.208712
 2679.786870    5.306906
 2680.403560    5.405519
 2681.021480    5.504864
 2681.638430    5.604550
 2682.255370    5.704697
 2682.873780    5.805502
 2683.490970    5.906490
 2684.109860    6.008094
 2684.727290    6.109754
 2685.346440    6.211947
 2685.964110    6.314106
 2686.582030    6.416465
 2687.201660    6.519222
 2687.819820    6.621803
 2688.439450    6.724645
 2689.057860    6.827254
 2689.677980    6.930065
 2690.296880    7.032541
 2690.915770    7.134833
 2691.536380    7.237172
 2692.155270    7.338940
 2692.776370    7.440727
 2693.395750    7.541835
 2694.016850    7.642771
 2694.636720    7.743002
 2695.256590    7.842670
 2695.877930    7.941954
 2696.498050    8.040370
 2697.119870    8.138325
 2697.740480    8.235297
 2698.362550    8.331652
 2698.983400    8.426914
 2699.604250    8.521219
 2700.226810    8.614762
 2700.847900    8.707013
 2701.470700    8.798383
 2702.092040    8.888350
 2702.715330    8.977349
 2703.337160    9.064837
 2703.958980    9.150970
 2704.582520    9.235921
 2705.204830    9.319237
 2705.828370    9.401186
 2706.450930    9.481430
 2707.074950    9.560226
 2707.697750    9.637181
 2708.320800    9.712432
 2708.945310    9.786061
 2709.568360    9.857681
 2710.193360    9.927629
 2710.816650    9.995448
 2711.441890    10.061487
 2712.065670    10.125336
 2712.689450    10.187112
 2713.314940    10.246926
 2713.939210    10.304458
 2714.565190    10.359931
 2715.189450    10.413005
 2715.815670    10.463953
 2716.440430    10.512454
 2717.066890    10.558720
 2717.691890    10.602483
 2718.317140    10.643833
 2718.943850    10.682817
 2719.569340    10.719232
 2720.196530    10.753224
 2720.822270    10.784589
 2721.449710    10.813466
 2722.075680    10.839684
 2722.702150    10.863310
 2723.329830    10.884346
 2723.956300    10.902691
 2724.584470    10.918414
 2725.211430    10.931430
 2725.839600    10.941776
 2726.466800    10.949409
 2727.093990    10.954340
 2727.722900    10.956566
 2728.350340    10.956073
 2728.979490    10.952858
 2729.607420    10.946935
 2730.236820    10.938278
 2730.864750    10.926936
 2731.493160    10.912889
 2732.122800    10.896116
 2732.751460    10.876691
 2733.381590    10.854546
 2734.010500    10.829789
 2734.640870    10.802337
 2735.270020    10.772318
 2735.899410    10.739693
 2736.530270    10.704414
 2737.159670    10.666670
 2737.790770    10.626293
 2738.420650    10.583503
 2739.052250    10.538124
 2739.682370    10.490417
 2740.312500    10.440315
 2740.944340    10.387708
 2741.575200    10.332853
 2742.207280    10.275599
 2742.838130    10.216206
 2743.470460    10.154466
 2744.101560    10.090680
 2744.732910    10.024754
 2745.365970    9.956568
 2745.997310    9.886538
 2746.630860    9.814282
 2747.262700    9.740293
 2747.896000    9.664248
 2748.528080    9.586523
 2749.160640    9.506968
 2749.794430    9.425533
 2750.427000    9.342591
 2751.061280    9.257813
 2751.694090    9.171676
 2752.328610    9.083806
 2752.961910    8.994667
 2753.595210    8.904148
 2754.230220    8.812060
 2754.863770    8.718924
 2755.499020    8.624329
 2756.132810    8.528811
 2756.768550    8.431913
 2757.402590    8.334256
 2758.036870    8.235600
 2758.673100    8.135738
 2759.307620    8.035306
 2759.943850    7.933822
 2760.578860    7.831815
 2761.215330    7.728913
 2761.850590    7.625613
 2762.487550    7.521498
 2763.123050    7.417142
 2763.758790    7.312332
 2764.396000    7.206919
 2765.031980    7.101407
 2765.669430    6.995409
 2766.305910    6.889389
 2766.943600    6.783036
 2767.580320    6.676772
 2768.216800    6.570531
 2768.855220    6.464002
 2769.492190    6.357807
 2770.130860    6.251471
 2770.768070    6.145572
 2771.407230    6.039595
 2772.044680    5.934196
 2772.682130    5.829141
 2773.321780    5.724116
 2773.959720    5.619810
 2774.599370    5.515708
 2775.237550    5.412374
 2775.877690    5.309296
 2776.516360    5.207066
 2777.155030    5.105489
 2777.795170    5.004375
 2778.434330    4.904146
 2779.074950    4.804459
 2779.714360    4.705764
 2780.355470    4.607647
 2780.995120    4.510626
 2781.634770    4.414509
 2782.276120    4.319070
 2782.916260    4.224775
 2783.558110    4.131223
 2784.198490    4.038901
 2784.840330    3.947412
 2785.480960    3.857164
 2786.121830    3.767970
 2786.764400    3.679649
 2787.405270    3.592693
 2788.048100    3.506623
 2788.689450    3.421915
 2789.332520    3.338164
 2789.974370    3.255770
 2790.615970    3.174614
 2791.259770    3.094406
 2791.901610    3.015674
 2792.545410    2.937945
 2793.187990    2.861617
 2793.832030    2.786376
 2794.474850    2.712542
 2795.117680    2.639977
 2795.762210    2.568496
 2796.405520    2.498426
 2797.050290    2.429479
 2797.693600    2.361968
 2798.338870    2.295534
 2798.982420    2.230555
 2799.626460    2.166800
 2800.272220    2.104155
 2800.916260    2.042943
 2801.562260    1.982815
 2802.206790    1.924081
 2802.852780    1.866469
 2803.497560    1.810213
 2804.142580    1.755171
 2804.789310    1.701216
 2805.434330    1.648623
 2806.081300    1.597083
 2806.726810    1.546860
 2807.374020    1.497694
 2808.020020    1.449799
 2808.666020    1.403067
 2809.313480    1.357381
 2809.959960    1.312903
 2810.607910    1.269452
 2811.254390    1.227209
 2811.902830    1.185938
 2812.549560    1.145856
 2813.198240    1.106720
 2813.845210    1.068738
 2814.492680    1.031760
 2815.141600    0.995719
 2815.789310    0.960748
 2816.438720    0.926672
 2817.086430    0.893653
 2817.736080    0.861488
 2818.384520    0.830319
 2819.032710    0.800077
 2819.682620    0.770658
 2820.331300    0.742176
 2820.981930    0.714476
 2821.630620    0.687706
 2822.281490    0.661678
 2822.930660    0.636532
 2823.580080    0.612169
 2824.231200    0.588523
 2824.880860    0.565690
 2825.532230    0.543542
 2826.182370    0.522161
 2826.833980    0.501443
 2827.484380    0.481456
 2828.134770    0.462142
 2828.786870    0.443439
 2829.437740    0.425410
 2830.090090    0.407969
 2830.741210    0.391170
 2831.394040    0.374921
 2832.045410    0.359285
 2832.697020    0.344205
 2833.350100    0.329638
 2834.001950    0.315629
 2834.655520    0.302100
 2835.307620    0.289104
 2835.961180    0.276564
 2836.613770    0.264515
 2837.266360    0.252925
 2837.920410    0.241753
 2838.573490    0.231029
 2839.228030    0.220698
 2839.881100    0.210795
 2840.535890    0.201259
 2841.189450    0.192119
 2841.843020    0.183346
 2842.498540    0.174901
 2843.152340    0.166822
 2843.807860    0.159054
 2844.462160    0.151620
 2845.118160    0.144477
 2845.772710    0.137649
 2846.427250    0.131107
 2847.083740    0.124826
 2847.738770    0.118827
 2848.395260    0.113073
 2849.050540    0.107579
 2849.707760    0.102309
 2850.363280    0.097284
 2851.018800    0.092482
 2851.676270    0.087879
 2852.332280    0.083492
 2852.989990    0.079293
 2853.646480    0.075293
 2854.304440    0.071465
 2854.960940    0.067823
 2855.617920    0.064346
 2856.276370    0.061025
 2856.933350    0.057865
 2857.592290    0.054847
 2858.249760    0.051977
 2858.908940    0.049238
 2859.566650    0.046636
 2860.224370    0.044160
 2860.883790    0.041798
 2861.541750    0.039556
 2862.201900    0.037418
 2862.860350    0.035392
 2863.520510    0.033461
 2864.179200    0.031631
 2864.839840    0.029887
 2865.498780    0.028236
 2866.157960    0.026670
 2866.818850    0.025179
 2867.478520    0.023767
 2868.139650    0.022427
 2868.799320    0.021158
 2869.460940    0.019953
 2870.121090    0.018813
 2870.781490    0.017734
 2871.443360    0.016709
 2872.103760    0.015742
 2872.766360    0.014824
 2873.427000    0.013958
 2874.089600    0.013137
 2874.750730    0.012362
 2875.412110    0.011630
 2876.075440    0.010936
 2876.736820    0.010283
 2877.400390    0.009664
 2878.062260    0.009081
 2878.725830    0.008530
 2879.388180    0.008011
 2880.050540    0.007522
 2880.714600    0.007059
 2881.377440    0.006624
 2882.041750    0.006213
 2882.704830    0.005827
 2883.369380    0.005462
 2884.032960    0.005119
 2884.696530    0.004797
 2885.361330    0.004493
 2886.025390    0.004208
 2886.690920    0.003939
 2887.354980    0.003687
 2888.020510    0.003449
 2888.685060    0.003226
 2889.349610    0.003017
 2890.015870    0.002820
 2890.680910    0.002636
 2891.347410    0.002462
 2892.012700    0.002300
 2892.679200    0.002148
 2893.344970    0.002005
 2894.010500    0.001871
 2894.677730    0.001745
 2895.343510    0.001628
 2896.011470    0.001518
 2896.677490    0.001415
 2897.345460    0.001319
 2898.011960    0.001228
 2898.678960    0.001144
 2899.347170    0.001065
 2900.014160    0.000992
 2900.682860    0.000922
 2901.350100    0.000858
 2902.019530    0.000798
 2902.687010    0.000742
 2903.354740    0.000690
 2904.024410    0.000641
 2904.692380    0.000595
 2905.361820    0.000553
 2906.030520    0.000513
 2906.700680    0.000477
 2907.369140    0.000443
 2908.038090    0.000410
 2908.708500    0.000381
 2909.377930    0.000353
 2910.048830    0.000327
 2910.718260    0.000302
 2911.389650    0.000280
 2912.059330    0.000259
 2912.729250    0.000240
 2913.400630    0.000222
 2914.070800    0.000206
 2914.742920    0.000191
 2915.413570    0.000176
 2916.085690    0.000163
 2916.756590    0.000151
 2917.429200    0.000139
 2918.100340    0.000129
 2918.771730    0.000118
 2919.444580    0.000110
 2920.116210    0.000101
 2920.789550    0.000093
 2921.461670    0.000086
 2922.135500    0.000079
 2922.807370    0.000072
 2923.479740    0.000067
 2924.154050    0.000062
 2924.826660    0.000057
 2925.500980    0.000052
 2926.174070    0.000049
 2926.848880    0.000045
 2927.522220    0.000041
 2928.195800    0.000037
 2928.870850    0.000034
 2929.544920    0.000031
 2930.220460    0.000030
 2930.894530    0.000027
 2931.570310    0.000025
 2932.244630    0.000023
 2932.919190    0.000021
 2933.595700    0.000019
 2934.270260    0.000017
 2934.947270    0.000016
 2935.622310    0.000014
 2936.299070    0.000013
 2936.974850    0.000012
 2937.650390    0.000011
 2938.327880    0.000010
 2939.003660    0.000010
 2939.681400    0.000009
 2940.357670    0.000008
 2941.035640    0.000008
 2941.712160    0.000007
 2942.389160    0.000006
 2943.067630    0.000006
 2943.744630    0.000005
 2944.423580    0.000005
 2945.100830    0.000004
 2945.780030    0.000004
 2946.457760    0.000004
 2947.135500    0.000003
 2947.815190    0.000003
 2948.493410    0.000003
 2949.173100    0.000003
 2949.851560    0.000002
 2950.531980    0.000002
 2951.210450    0.000002
 2951.889650    0.000002
 2952.570070    0.000002
 2953.249270    0.000001
 2953.930660    0.000001
 2954.610110    0.000001
 2955.291500    0.000001
 2955.971190    0.000001
 2956.651120    0.000001
 2957.333010    0.000001
 2958.013180    0.000001
 2958.695560    0.000001
 2959.376220    0.000001
 2960.058350    0.000001
 2960.739500    0.000000
 2961.420410    0.000000
 2962.103520    0.000000
 2962.784910    0.000000
 2963.468020    0.000000
 2964.149900    0.000000
 2964.833500    0.000000
 2965.515380    0.000000
 2966.197750    0.000000
 2966.881590    0.000000
 2967.564210    0.000000
 2968.248540    0.000000
 2968.931150    0.000000
 2969.615720    0.000000
 2970.299070    0.000000
 2970.984130    0.000000
 2971.667480    0.000000
 2972.351070    0.000000
 2973.036620    0.000000
 2973.720700    0.000000
 2974.406250    0.000000
 2975.090580    0.000000
 2975.776610    0.000000
 2976.461180    0.000000
 2977.146000    0.000000
 2977.832280    0.000000
 2978.517580    0.000000
 2979.204350    0.000000
 2979.889650    0.000000
 2980.576660    0.000000
 2981.262210    0.000000
 2981.948240    0.000000
 2982.635990    0.000000
 2983.322020    0.000000
 2984.010010    0.000000
 2984.696530    0.000000
 2985.384770    0.000000
 2986.071530    0.000000
 2986.758540    0.000000
 2987.447270    0.000000
 2988.134770    0.000000
 2988.823490    0.000000
 2989.510990    0.000000
 2990.200440    0.000000
 2990.888180    0.000000
 2991.576170    0.000000
 2992.266360    0.000000
 2992.954830    0.000000
 2993.644780    0.000000
 2994.333500    0.000000
 2995.023930    0.000000
 2995.713130    0.000000
 2996.402100    0.000000
 2997.093020    0.000000
 2997.782710    0.000000
 2998.473880    0.000000
 2999.163570    0.000000
 2999.855470    0.000000
 3000.545410    0.000000
 3001.235600    0.000000
 3001.927730    0.000000
 3002.618410    0.000000
 3003.310550    0.000000
 3004.001710    0.000000
 3004.694340    0.000000
 3005.385740    0.000000
 3006.076900    0.000000
 3006.770020    0.000000
 3007.461670    0.000000
 3008.155270    0.000000
 3008.847410    0.000000
 3009.541260    0.000000
 3010.233400    0.000000
 3010.926270    0.000000
 3011.620360    0.000000
 3012.313230    0.000000
 3013.007810    0.000000
 3013.700930    0.000000
 3014.395750    0.000000
 3015.089360    0.000000
 3015.783200    0.000000
 3016.478270    0.000000
 3017.172610    0.000000
 3017.868160    0.000000
 3018.562260    0.000000
 3019.258540    0.000000
 3019.952880    0.000000
 3020.647950    0.000000
 3021.344480    0.000000
 3022.039310    0.000000
 3022.736330    0.000000
 3023.431640    0.000000
 3024.128660    0.000000
 3024.824460    0.000000
 3025.522220    0.000000
 3026.218020    0.000000
 3026.914310    0.000000
 3027.612300    0.000000
 3028.308840    0.000000
 3029.007080    0.000000
 3029.703860    0.000000
 3030.402590    0.000000
 3031.099850    0.000000
 3031.797120    0.000000
 3032.496090    0.000000
 3033.193600    0.000000
 3033.893310    0.000000
 3034.591060    0.000000
 3035.290770    0.000000
 3035.989010    0.000000
 3036.687740    0.000000
 3037.387700    0.000000
 3038.086670    0.000000
 3038.787350    0.000000
 3039.486080    0.000000
 3040.187260    0.000000
 3040.886470    0.000000
 3041.586180    0.000000
 3042.287350    0.000000
 3042.987550    0.000000
 3043.689210    0.000000
 3044.389160    0.000000
 3045.091060    0.000000
 3045.791750    0.000000
 3046.492430    0.000000
 3047.194820    0.000000
 3047.896000    0.000000
 3048.598880    0.000000
 3049.300050    0.000000
