 2653.384280    2.048635
 2653.996340    2.107663
 2654.606690    2.167648
 2655.217290    2.228782
 2655.829830    2.291239
 2656.440670    2.354645
 2657.053220    2.419352
 2657.664550    2.485048
 2658.277340    2.552017
 2658.888920    2.619963
 2659.500730    2.689037
 2660.114010    2.759375
 2660.725830    2.830630
 2661.339360    2.903164
 2661.951660    2.976622
 2662.565430    3.051312
 2663.177980    3.126895
 2663.790530    3.203505
 2664.404790    3.281344
 2665.017820    3.360024
 2665.632320    3.439873
 2666.245610    3.520524
 2666.860350    3.602308
 2667.473880    3.684847
 2668.089110    3.768514
 2668.702880    3.852853
 2669.316890    3.938071
 2669.932370    4.024313
 2670.546630    4.111177
 2671.162350    4.199011
 2671.776860    4.287405
 2672.393070    4.376746
 2673.007810    4.466544
 2673.622560    4.556974
 2674.239260    4.648292
 2674.854490    4.739956
 2675.471190    4.832365
 2676.086670    4.925075
 2676.703860    5.018492
 2677.319580    5.112091
 2677.935550    5.206089
 2678.552980    5.300630
 2679.169190    5.395260
 2679.786870    5.490345
 2680.403560    5.585463
 2681.021480    5.680904
 2681.638430    5.776283
 2682.255370    5.871699
 2682.873780    5.967330
 2683.490970    6.062710
 2684.109860    6.158239
 2684.727290    6.253375
 2685.346440    6.348554
 2685.964110    6.443234
 2686.582030    6.537625
 2687.201660    6.631894
 2687.819820    6.725502
 2688.439450    6.818839
 2689.057860    6.911442
 2689.677980    7.003695
 2690.296880    7.095105
 2690.915770    7.185798
 2691.536380    7.275964
 2692.155270    7.365051
 2692.776370    7.453566
 2693.395750    7.540892
 2694.016850    7.627455
 2694.636720    7.712793
 2695.256590    7.797019
 2695.877930    7.880275
 2696.498050    7.962146
 2697.119870    8.042963
 2697.740480    8.122292
 2698.362550    8.200419
 2698.983400    8.276960
 2699.604250    8.352016
 2700.226810    8.425739
 2700.847900    8.497702
 2701.470700    8.568226
 2702.092040    8.636902
 2702.715330    8.704063
 2703.337160    8.769296
 2703.958980    8.832714
 2704.582520    8.894446
 2705.204830    8.954162
 2705.828370    9.012054
 2706.450930    9.067884
 2707.074950    9.121834
 2707.697750    9.173635
 2708.320800    9.223389
 2708.945310    9.271151
 2709.568360    9.316671
 2710.193360    9.360173
 2710.816650    9.401379
 2711.441890    9.440507
 2712.065670    9.477324
 2712.689450    9.511908
 2713.314940    9.544331
 2713.939210    9.574427
 2714.565190    9.602326
 2715.189450    9.627871
 2715.815670    9.651202
 2716.440430    9.672193
 2717.066890    9.690948
 2717.691890    9.707373
 2718.317140    9.721529
 2718.943850    9.733442
 2719.569340    9.743072
 2720.196530    9.750475
 2720.822270    9.755630
 2721.449710    9.758581
 2722.075680    9.759336
 2722.702150    9.757925
 2723.329830    9.754368
 2723.956300    9.748708
 2724.584470    9.740949
 2725.211430    9.731163
 2725.839600    9.719349
 2726.466800    9.705589
 2727.093990    9.689911
 2727.722900    9.672309
 2728.350340    9.652923
 2728.979490    9.631704
 2729.607420    9.608804
 2730.236820    9.584181
 2730.864750    9.558008
 2731.493160    9.530272
 2732.122800    9.500996
 2732.751460    9.470349
 2733.381590    9.438279
 2734.010500    9.404995
 2734.640870    9.370424
 2735.270020    9.334792
 2735.899410    9.298095
 2736.530270    9.260336
 2737.159670    9.221773
 2737.790770    9.182294
 2738.420650    9.142168
 2739.052250    9.101294
 2739.682370    9.059965
 2740.312500    9.018177
 2740.944340    8.975908
 2741.575200    8.933428
 2742.207280    8.890686
 2742.838130    8.847942
 2743.470460    8.805111
 2744.101560    8.762472
 2744.732910    8.720026
 2745.365970    8.677774
 2745.997310    8.636046
 2746.630860    8.594687
 2747.262700    8.554050
 2747.896000    8.514038
 2748.528080    8.474922
 2749.160640    8.436697
 2749.794430    8.399428
 2750.427000    8.363361
 2751.061280    8.328433
 2751.694090    8.294926
 2752.328610    8.262771
 2752.961910    8.232225
 2753.595210    8.203325
 2754.230220    8.176103
 2754.863770    8.150799
 2755.499020    8.127383
 2756.132810    8.106077
 2756.768550    8.086867
 2757.402590    8.069962
 2758.036870    8.055397
 2758.673100    8.043243
 2759.307620    8.033664
 2759.943850    8.026702
 2760.578860    8.022483
 2761.215330    8.021079
 2761.850590    8.022587
 2762.487550    8.027102
 2763.123050    8.034687
 2763.758790    8.045438
 2764.396000    8.059462
 2765.031980    8.076784
 2765.669430    8.097552
 2766.305910    8.121764
 2766.943600    8.149574
 2767.580320    8.180960
 2768.216800    8.216005
 2768.855220    8.254911
 2769.492190    8.297534
 2770.130860    8.344141
 2770.768070    8.394557
 2771.407230    8.449108
 2772.044680    8.507528
 2772.682130    8.570002
 2773.321780    8.636806
 2773.959720    8.707569
 2774.599370    8.782711
 2775.237550    8.861883
 2775.877690    8.945543
 2776.516360    9.033270
 2777.155030    9.125269
 2777.795170    9.221776
 2778.434330    9.322444
 2779.074950    9.427664
 2779.714360    9.537001
 2780.355470    9.650959
 2780.995120    9.768967
 2781.634770    9.891277
 2782.276120    10.018211
 2782.916260    10.149180
 2783.558110    10.284764
 2784.198490    10.424265
 2784.840330    10.568296
 2785.480960    10.716214
 2786.121830    10.868311
 2786.764400    11.024904
 2787.405270    11.185117
 2788.048100    11.349812
 2788.689450    11.518058
 2789.332520    11.690628
 2789.974370    11.866674
 2790.615970    12.046382
 2791.259770    12.230372
 2791.901610    12.417386
 2792.545410    12.608473
 2793.187990    12.802611
 2793.832030    13.000520
 2794.474850    13.201279
 2795.117680    13.405159
 2795.762210    13.612609
 2796.405520    13.822581
 2797.050290    14.035840
 2797.693600    14.251299
 2798.338870    14.469986
 2798.982420    14.690535
 2799.626460    14.913564
 2800.272220    15.139373
 2800.916260    15.366634
 2801.562260    15.596498
 2802.206790    15.827613
 2802.852780    16.060881
 2803.497560    16.295181
 2804.142580    16.530893
 2804.789310    16.768406
 2805.434330    17.006304
 2806.081300    17.245777
 2806.726810    17.485397
 2807.374020    17.726181
 2808.020020    17.966871
 2808.666020    18.207750
 2809.313480    18.449196
 2809.959960    18.690121
 2810.607910    18.931261
 2811.254390    19.171352
 2811.902830    19.411484
 2812.549560    19.650120
 2813.198240    19.888433
 2813.845210    20.124895
 2814.492680    20.360130
 2815.141600    20.594311
 2815.789310    20.826279
 2816.438720    21.056906
 2817.086430    21.284790
 2817.736080    21.511043
 2818.384520    21.734373
 2819.032710    21.954945
 2819.682620    22.173231
 2820.331300    22.388077
 2820.981930    22.600342
 2821.630620    22.808582
 2822.281490    23.013952
 2822.930660    23.215046
 2823.580080    23.412310
 2824.231200    23.606007
 2824.880860    23.795023
 2825.532230    23.980120
 2826.182370    24.160301
 2826.833980    24.336153
 2827.484380    24.506794
 2828.134770    24.672413
 2828.786870    24.833273
 2829.437740    24.988512
 2830.090090    25.138622
 2830.741210    25.282856
 2831.394040    25.421722
 2832.045410    25.554419
 2832.697020    25.681190
 2833.350100    25.802137
 2834.001950    25.916645
 2834.655520    26.025120
 2835.307620    26.126928
 2835.961180    26.222433
 2836.613770    26.311180
 2837.266360    26.393236
 2837.920410    26.468683
 2838.573490    26.537159
 2839.228030    26.598844
 2839.881100    26.653406
 2840.535890    26.701046
 2841.189450    26.741497
 2841.843020    26.774809
 2842.498540    26.801020
 2843.152340    26.819944
 2843.807860    26.831656
 2844.462160    26.836082
 2845.118160    26.833218
 2845.772710    26.823071
 2846.427250    26.805647
 2847.083740    26.780865
 2847.738770    26.748859
 2848.395260    26.709511
 2849.050540    26.663004
 2849.707760    26.609131
 2850.363280    26.548229
 2851.018800    26.480213
 2851.676270    26.404900
 2852.332280    26.322729
 2852.989990    26.233362
 2853.646480    26.137260
 2854.304440    26.034103
 2854.960940    25.924427
 2855.617920    25.808008
 2856.276370    25.684736
 2856.933350    25.555254
 2857.592290    25.418987
 2858.249760    25.276737
 2858.908940    25.127930
 2859.566650    24.973392
 2860.224370    24.812922
 2860.883790    24.646204
 2861.541750    24.474169
 2862.201900    24.295984
 2862.860350    24.112829
 2863.520510    23.923904
 2864.179200    23.730253
 2864.839840    23.531017
 2865.498780    23.327448
 2866.157960    23.119114
 2866.818850    22.905685
 2867.478520    22.688267
 2868.139650    22.466127
 2868.799320    22.240423
 2869.460940    22.010141
 2870.121090    21.776638
 2870.781490    21.539486
 2871.443360    21.298405
 2872.103760    21.054636
 2872.766360    20.806994
 2873.427000    20.557198
 2874.089600    20.303951
 2874.750730    20.048729
 2875.412110    19.791056
 2876.075440    19.530422
 2876.736820    19.268541
 2877.400390    19.003944
 2878.062260    18.738359
 2878.725830    18.470583
 2879.388180    18.201971
 2880.050540    17.932203
 2880.714600    17.660742
 2881.377440    17.388960
 2882.041750    17.115913
 2882.704830    16.842871
 2883.369380    16.568892
 2884.032960    16.295137
 2884.696530    16.021362
 2885.361330    15.747219
 2886.025390    15.473663
 2886.690920    15.199945
 2887.354980    14.927408
 2888.020510    14.655000
 2888.685060    14.383856
 2889.349610    14.113715
 2890.015870    13.844019
 2890.680910    13.576086
 2891.347410    13.308961
 2892.012700    13.043846
 2892.679200    12.779887
 2893.344970    12.517974
 2894.010500    12.258026
 2894.677730    11.999391
 2895.343510    11.743407
 2896.011470    11.488769
 2896.677490    11.237160
 2897.345460    10.987191
 2898.011960    10.740239
 2898.678960    10.495653
 2899.347170    10.253260
 2900.014160    10.014019
 2900.682860    9.776958
 2901.350100    9.543267
 2902.019530    9.311738
 2902.687010    9.083866
 2903.354740    8.858945
 2904.024410    8.636470
 2904.692380    8.417706
 2905.361820    8.201654
 2906.030520    7.989073
 2906.700680    7.779308
 2907.369140    7.573380
 2908.038090    7.370634
 2908.708500    7.170817
 2909.377930    6.974679
 2910.048830    6.781532
 2910.718260    6.592232
 2911.389650    6.405831
 2912.059330    6.223354
 2912.729250    6.044263
 2913.400630    5.868248
 2914.070800    5.696019
 2914.742920    5.526755
 2915.413570    5.361320
 2916.085690    5.198979
 2916.756590    5.040375
 2917.429200    4.884799
 2918.100340    4.732976
 2918.771730    4.584486
 2919.444580    4.439054
 2920.116210    4.297235
 2920.789550    4.158392
 2921.461670    4.023101
 2922.135500    3.890749
 2922.807370    3.762021
 2923.479740    3.636402
 2924.154050    3.513605
 2924.826660    3.394259
 2925.500980    3.277719
 2926.174070    3.164458
 2926.848880    3.053942
 2927.522220    2.946652
 2928.195800    2.842263
 2928.870850    2.740553
 2929.544920    2.641850
 2930.220460    2.545750
 2930.894530    2.452624
 2931.570310    2.361988
 2932.244630    2.274220
 2932.919190    2.189040
 2933.595700    2.106200
 2934.270260    2.026124
 2934.947270    1.948245
 2935.622310    1.873022
 2936.299070    1.799992
 2936.974850    1.729401
 2937.650390    1.661112
 2938.327880    1.594864
 2939.003660    1.530964
 2939.681400    1.469016
 2940.357670    1.409286
 2941.035640    1.351442
 2941.712160    1.295708
 2942.389160    1.241867
 2943.067630    1.189802
 2943.744630    1.139688
 2944.423580    1.091227
 2945.100830    1.044631
 2945.780030    0.999601
 2946.457760    0.956322
 2947.135500    0.914644
 2947.815190    0.874412
 2948.493410    0.835782
 2949.173100    0.798543
 2949.851560    0.762799
 2950.531980    0.728342
 2951.210450    0.695328
 2951.889650    0.663580
 2952.570070    0.633039
 2953.249270    0.603776
 2953.930660    0.575605
 2954.610110    0.548660
 2955.291500    0.522749
 2955.971190    0.497972
 2956.651120    0.474222
 2957.333010    0.451406
 2958.013180    0.429611
 2958.695560    0.408682
 2959.376220    0.388704
 2960.058350    0.369553
 2960.739500    0.351266
 2961.420410    0.333789
 2962.103520    0.317035
 2962.784910    0.301070
 2963.468020    0.285788
 2964.149900    0.271224
 2964.833500    0.257291
 2965.515380    0.244033
 2966.197750    0.231380
 2966.881590    0.219293
 2967.564210    0.207793
 2968.248540    0.196812
 2968.931150    0.186379
 2969.615720    0.176419
 2970.299070    0.166958
 2970.984130    0.157934
 2971.667480    0.149374
 2972.351070    0.141232
 2973.036620    0.133472
 2973.720700    0.126117
 2974.406250    0.119116
 2975.090580    0.112480
 2975.776610    0.106168
 2976.461180    0.100191
 2977.146000    0.094522
 2977.832280    0.089133
 2978.517580    0.084034
 2979.204350    0.079193
 2979.889650    0.074617
 2980.576660    0.070274
 2981.262210    0.066173
 2981.948240    0.062288
 2982.635990    0.058606
 2983.322020    0.055133
 2984.010010    0.051841
 2984.696530    0.048737
 2985.384770    0.045797
 2986.071530    0.043028
 2986.758540    0.040413
 2987.447270    0.037939
 2988.134770    0.035610
 2988.823490    0.033410
 2989.510990    0.031340
 2990.200440    0.029384
 2990.888180    0.027546
 2991.576170    0.025814
 2992.266360    0.024178
 2992.954830    0.022644
 2993.644780    0.021197
 2994.333500    0.019839
 2995.023930    0.018559
 2995.713130    0.017359
 2996.402100    0.016231
 2997.093020    0.015169
 2997.782710    0.014174
 2998.473880    0.013238
 2999.163570    0.012362
 2999.855470    0.011539
 3000.545410    0.010768
 3001.235600    0.010046
 3001.927730    0.009367
 3002.618410    0.008733
 3003.310550    0.008139
 3004.001710    0.007583
 3004.694340    0.007061
 3005.385740    0.006575
 3006.076900    0.006120
 3006.770020    0.005693
 3007.461670    0.005297
 3008.155270    0.004924
 3008.847410    0.004578
 3009.541260    0.004253
 3010.233400    0.003951
 3010.926270    0.003669
 3011.620360    0.003406
 3012.313230    0.003160
 3013.007810    0.002933
 3013.700930    0.002720
 3014.395750    0.002521
 3015.089360    0.002337
 3015.783200    0.002165
 3016.478270    0.002005
 3017.172610    0.001857
 3017.868160    0.001719
 3018.562260    0.001590
 3019.258540    0.001471
 3019.952880    0.001360
 3020.647950    0.001257
 3021.344480    0.001162
 3022.039310    0.001073
 3022.736330    0.000991
 3023.431640    0.000915
 3024.128660    0.000844
 3024.824460    0.000779
 3025.522220    0.000718
 3026.218020    0.000662
 3026.914310    0.000610
 3027.612300    0.000562
 3028.308840    0.000518
 3029.007080    0.000477
 3029.703860    0.000439
 3030.402590    0.000403
 3031.099850    0.000371
 3031.797120    0.000341
 3032.496090    0.000314
 3033.193600    0.000288
 3033.893310    0.000265
 3034.591060    0.000243
 3035.290770    0.000223
 3035.989010    0.000205
 3036.687740    0.000188
 3037.387700    0.000173
 3038.086670    0.000158
 3038.787350    0.000145
 3039.486080    0.000133
 3040.187260    0.000121
 3040.886470    0.000112
 3041.586180    0.000102
 3042.287350    0.000093
 3042.987550    0.000085
 3043.689210    0.000078
 3044.389160    0.000072
 3045.091060    0.000065
 3045.791750    0.000059
 3046.492430    0.000054
 3047.194820    0.000050
 3047.896000    0.000045
 3048.598880    0.000041
 3049.300050    0.000037
