 2653.384280    0.000000
 2653.996340    0.000000
 2654.606690    0.000000
 2655.217290    0.000000
 2655.829830    0.000000
 2656.440670    0.000000
 2657.053220    0.000000
 2657.664550    0.000000
 2658.277340    0.000000
 2658.888920    0.000000
 2659.500730    0.000000
 2660.114010    0.000000
 2660.725830    0.000000
 2661.339360    0.000000
 2661.951660    0.000000
 2662.565430    0.000000
 2663.177980    0.000000
 2663.790530    0.000000
 2664.404790    0.000000
 2665.017820    0.000000
 2665.632320    0.000000
 2666.245610    0.000000
 2666.860350    0.000000
 2667.473880    0.000000
 2668.089110    0.000000
 2668.702880    0.000000
 2669.316890    0.000000
 2669.932370    0.000000
 2670.546630    0.000000
 2671.162350    0.000000
 2671.776860    0.000000
 2672.393070    0.000000
 2673.007810    0.000000
 2673.622560    0.000000
 2674.239260    0.000000
 2674.854490    0.000000
 2675.471190    0.000000
 2676.086670    0.000000
 2676.703860    0.000000
 2677.319580    0.000000
 2677.935550    0.000000
 2678.552980    0.000000
 2679.169190    0.000000
 2679.786870    0.000000
 2680.403560    0.000000
 2681.021480    0.000000
 2681.638430    0.000000
 2682.255370    0.000000
 2682.873780    0.000000
 2683.490970    0.000000
 2684.109860    0.000000
 2684.727290    0.000000
 2685.346440    0.000000
 2685.964110    0.000000
 2686.582030    0.000000
 2687.201660    0.000000
 2687.819820    0.000000
 2688.439450    0.000000
 2689.057860    0.000000
 2689.677980    0.000000
 2690.296880    0.000000
 2690.915770    0.000000
 2691.536380    0.000000
 2692.155270    0.000000
 2692.776370    0.000000
 2693.395750    0.000000
 2694.016850    0.000000
 2694.636720    0.000000
 2695.256590    0.000000
 2695.877930    0.000000
 2696.498050    0.000000
 2697.119870    0.000000
 2697.740480    0.000000
 2698.362550    0.000000
 2698.983400    0.000000
 2699.604250    0.000000
 2700.226810    0.000000
 2700.847900    0.000000
 2701.470700    0.000000
 2702.092040    0.000000
 2702.715330    0.000000
 2703.337160    0.000000
 2703.958980    0.000000
 2704.582520    0.000000
 2705.204830    0.000000
 2705.828370    0.000000
 2706.450930    0.000000
 2707.074950    0.000000
 2707.697750    0.000000
 2708.320800    0.000000
 2708.945310    0.000000
 2709.568360    0.000000
 2710.193360    0.000000
 2710.816650    0.000000
 2711.441890    0.000000
 2712.065670    0.000000
 2712.689450    0.000000
 2713.314940    0.000000
 2713.939210    0.000000
 2714.565190    0.000000
 2715.189450    0.000000
 2715.815670    0.000000
 2716.440430    0.000000
 2717.066890    0.000000
 2717.691890    0.000000
 2718.317140    0.000000
 2718.943850    0.000000
 2719.569340    0.000000
 2720.196530    0.000000
 2720.822270    0.000000
 2721.449710    0.000000
 2722.075680    0.000000
 2722.702150    0.000000
 2723.329830    0.000000
 2723.956300    0.000000
 2724.584470    0.000000
 2725.211430    0.000000
 2725.839600    0.000000
 2726.466800    0.000000
 2727.093990    0.000000
 2727.722900    0.000000
 2728.350340    0.000000
 2728.979490    0.000000
 2729.607420    0.000000
 2730.236820    0.000000
 2730.864750    0.000000
 2731.493160    0.000000
 2732.122800    0.000000
 2732.751460    0.000000
 2733.381590    0.000000
 2734.010500    0.000000
 2734.640870    0.000000
 2735.270020    0.000000
 2735.899410    0.000000
 2736.530270    0.000000
 2737.159670    0.000000
 2737.790770    0.000000
 2738.420650    0.000000
 2739.052250    0.000000
 2739.682370    0.000000
 2740.312500    0.000000
 2740.944340    0.000000
 2741.575200    0.000000
 2742.207280    0.000000
 2742.838130    0.000000
 2743.470460    0.000000
 2744.101560    0.000001
 2744.732910    0.000001
 2745.365970    0.000001
 2745.997310    0.000001
 2746.630860    0.000001
 2747.262700    0.000001
 2747.896000    0.000001
 2748.528080    0.000001
 2749.160640    0.000001
 2749.794430    0.000001
 2750.427000    0.000001
 2751.061280    0.000002
 2751.694090    0.000002
 2752.328610    0.000002
 2752.961910    0.000002
 2753.595210    0.000002
 2754.230220    0.000002
 2754.863770    0.000003
 2755.499020    0.000003
 2756.132810    0.000003
 2756.768550    0.000004
 2757.402590    0.000004
 2758.036870    0.000004
 2758.673100    0.000005
 2759.307620    0.000005
 2759.943850    0.000006
 2760.578860    0.000006
 2761.215330    0.000007
 2761.850590    0.000007
 2762.487550    0.000008
 2763.123050    0.000009
 2763.758790    0.000010
 2764.396000    0.000010
 2765.031980    0.000011
 2765.669430    0.000012
 2766.305910    0.000013
 2766.943600    0.000014
 2767.580320    0.000016
 2768.216800    0.000017
 2768.855220    0.000019
 2769.492190    0.000021
 2770.130860    0.000023
 2770.768070    0.000025
 2771.407230    0.000027
 2772.044680    0.000030
 2772.682130    0.000031
 2773.321780    0.000034
 2773.959720    0.000038
 2774.599370    0.000041
 2775.237550    0.000045
 2775.877690    0.000049
 2776.516360    0.000053
 2777.155030    0.000058
 2777.795170    0.000063
 2778.434330    0.000069
 2779.074950    0.000074
 2779.714360    0.000080
 2780.355470    0.000088
 2780.995120    0.000095
 2781.634770    0.000103
 2782.276120    0.000112
 2782.916260    0.000121
 2783.558110    0.000132
 2784.198490    0.000142
 2784.840330    0.000155
 2785.480960    0.000167
 2786.121830    0.000181
 2786.764400    0.000196
 2787.405270    0.000213
 2788.048100    0.000230
 2788.689450    0.000249
 2789.332520    0.000269
 2789.974370    0.000291
 2790.615970    0.000314
 2791.259770    0.000340
 2791.901610    0.000366
 2792.545410    0.000396
 2793.187990    0.000427
 2793.832030    0.000461
 2794.474850    0.000497
 2795.117680    0.000536
 2795.762210    0.000578
 2796.405520    0.000623
 2797.050290    0.000670
 2797.693600    0.000723
 2798.338870    0.000778
 2798.982420    0.000837
 2799.626460    0.000901
 2800.272220    0.000970
 2800.916260    0.001042
 2801.562260    0.001122
 2802.206790    0.001204
 2802.852780    0.001295
 2803.497560    0.001390
 2804.142580    0.001493
 2804.789310    0.001603
 2805.434330    0.001720
 2806.081300    0.001846
 2806.726810    0.001980
 2807.374020    0.002123
 2808.020020    0.002275
 2808.666020    0.002439
 2809.313480    0.002612
 2809.959960    0.002798
 2810.607910    0.002995
 2811.254390    0.003206
 2811.902830    0.003430
 2812.549560    0.003670
 2813.198240    0.003924
 2813.845210    0.004195
 2814.492680    0.004483
 2815.141600    0.004790
 2815.789310    0.005116
 2816.438720    0.005463
 2817.086430    0.005831
 2817.736080    0.006223
 2818.384520    0.006638
 2819.032710    0.007078
 2819.682620    0.007547
 2820.331300    0.008044
 2820.981930    0.008573
 2821.630620    0.009130
 2822.281490    0.009724
 2822.930660    0.010351
 2823.580080    0.011016
 2824.231200    0.011722
 2824.880860    0.012466
 2825.532230    0.013257
 2826.182370    0.014091
 2826.833980    0.014976
 2827.484380    0.015909
 2828.134770    0.016896
 2828.786870    0.017941
 2829.437740    0.019042
 2830.090090    0.020207
 2830.741210    0.021436
 2831.394040    0.022735
 2832.045410    0.024102
 2832.697020    0.025545
 2833.350100    0.027069
 2834.001950    0.028672
 2834.655520    0.030365
 2835.307620    0.032145
 2835.961180    0.034022
 2836.613770    0.035995
 2837.266360    0.038072
 2837.920410    0.040261
 2838.573490    0.042560
 2839.228030    0.044981
 2839.881100    0.047521
 2840.535890    0.050195
 2841.189450    0.053000
 2841.843020    0.055943
 2842.498540    0.059043
 2843.152340    0.062286
 2843.807860    0.065698
 2844.462160    0.069268
 2845.118160    0.073022
 2845.772710    0.076946
 2846.427250    0.081058
 2847.083740    0.085378
 2847.738770    0.089890
 2848.395260    0.094625
 2849.050540    0.099569
 2849.707760    0.104758
 2850.363280    0.110169
 2851.018800    0.115828
 2851.676270    0.121758
 2852.332280    0.127940
 2852.989990    0.134416
 2853.646480    0.141164
 2854.304440    0.148225
 2854.960940    0.155577
 2855.617920    0.163252
 2856.276370    0.171275
 2856.933350    0.179622
 2857.592290    0.188348
 2858.249760    0.197420
 2858.908940    0.206895
 2859.566650    0.216741
 2860.224370    0.226991
 2860.883790    0.237686
 2861.541750    0.248789
 2862.201900    0.260377
 2862.860350    0.272395
 2863.520510    0.284921
 2864.179200    0.297909
 2864.839840    0.311443
 2865.498780    0.325463
 2866.157960    0.340025
 2866.818850    0.355180
 2867.478520    0.370876
 2868.139650    0.387197
 2868.799320    0.404083
 2869.460940    0.421643
 2870.121090    0.439803
 2870.781490    0.458627
 2871.443360    0.478168
 2872.103760    0.498359
 2872.766360    0.519331
 2873.427000    0.540973
 2874.089600    0.563430
 2874.750730    0.586606
 2875.412110    0.610579
 2876.075440    0.635435
 2876.736820    0.661045
 2877.400390    0.687591
 2878.062260    0.714937
 2878.725830    0.743246
 2879.388180    0.772412
 2880.050540    0.802507
 2880.714600    0.833634
 2881.377440    0.865676
 2882.041750    0.898783
 2882.704830    0.932843
 2883.369380    0.968016
 2884.032960    1.004192
 2884.696530    1.041445
 2885.361330    1.079865
 2886.025390    1.119363
 2886.690920    1.160089
 2887.354980    1.201885
 2888.020510    1.244956
 2888.685060    1.289165
 2889.349610    1.334593
 2890.015870    1.381381
 2890.680910    1.429345
 2891.347410    1.478697
 2892.012700    1.529259
 2892.679200    1.581233
 2893.344970    1.634486
 2894.010500    1.689074
 2894.677730    1.745175
 2895.343510    1.802543
 2896.011470    1.861508
 2896.677490    1.921724
 2897.345460    1.983556
 2898.011960    2.046704
 2898.678960    2.111365
 2899.347170    2.177627
 2900.014160    2.245260
 2900.682860    2.314574
 2901.350100    2.385252
 2902.019530    2.457695
 2902.687010    2.531461
 2903.354740    2.606797
 2904.024410    2.683910
 2904.692380    2.762383
 2905.361820    2.842596
 2906.030520    2.924290
 2906.700680    3.007738
 2907.369140    3.092547
 2908.038090    3.178989
 2908.708500    3.267200
 2909.377930    3.356854
 2910.048830    3.448278
 2910.718260    3.541068
 2911.389650    3.635690
 2912.059330    3.731624
 2912.729250    3.829132
 2913.400630    3.928389
 2914.070800    4.028984
 2914.742920    4.131382
 2915.413570    4.235048
 2916.085690    4.340417
 2916.756590    4.447050
 2917.429200    4.555392
 2918.100340    4.664909
 2918.771730    4.775852
 2919.444580    4.888401
 2920.116210    5.002078
 2920.789550    5.117351
 2921.461670    5.233687
 2922.135500    5.351560
 2922.807370    5.470292
 2923.479740    5.590272
 2924.154050    5.711729
 2924.826660    5.833959
 2925.500980    5.957541
 2926.174070    6.081891
 2926.848880    6.207506
 2927.522220    6.333742
 2928.195800    6.460866
 2928.870850    6.589057
 2929.544920    6.717797
 2930.220460    6.847493
 2930.894530    6.977522
 2931.570310    7.108437
 2932.244630    7.239556
 2932.919190    7.371147
 2933.595700    7.503475
 2934.270260    7.635708
 2934.947270    7.768636
 2935.622310    7.901322
 2936.299070    8.034412
 2936.974850    8.167302
 2937.650390    8.300057
 2938.327880    8.433029
 2939.003660    8.565419
 2939.681400    8.697860
 2940.357670    8.829601
 2941.035640    8.961176
 2941.712160    9.091881
 2942.389160    9.222007
 2943.067630    9.351652
 2943.744630    9.480167
 2944.423580    9.608109
 2945.100830    9.734696
 2945.780030    9.860522
 2946.457760    9.984859
 2947.135500    10.107889
 2947.815190    10.229868
 2948.493410    10.350086
 2949.173100    10.468971
 2949.851560    10.585960
 2950.531980    10.701503
 2951.210450    10.814844
 2951.889650    10.926347
 2952.570070    11.035989
 2953.249270    11.143286
 2953.930660    11.248683
 2954.610110    11.351448
 2955.291500    11.452083
 2955.971190    11.549958
 2956.651120    11.645276
 2957.333010    11.738179
 2958.013180    11.828083
 2958.695560    11.915421
 2959.376220    11.999609
 2960.058350    12.080961
 2960.739500    12.159111
 2961.420410    12.234075
 2962.103520    12.306034
 2962.784910    12.374507
 2963.468020    12.439770
 2964.149900    12.501473
 2964.833500    12.559819
 2965.515380    12.614455
 2966.197750    12.665512
 2966.881590    12.712994
 2967.564210    12.756662
 2968.248540    12.796656
 2968.931150    12.832727
 2969.615720    12.865034
 2970.299070    12.893379
 2970.984130    12.917849
 2971.667480    12.938290
 2972.351070    12.954751
 2973.036620    12.967230
 2973.720700    12.975642
 2974.406250    12.980009
 2975.090580    12.980303
 2975.776610    12.976510
 2976.461180    12.968647
 2977.146000    12.956704
 2977.832280    12.940652
 2978.517580    12.920549
 2979.204350    12.896336
 2979.889650    12.868130
 2980.576660    12.835821
 2981.262210    12.799582
 2981.948240    12.759346
 2982.635990    12.715055
 2983.322020    12.666965
 2984.010010    12.614858
 2984.696530    12.559032
 2985.384770    12.499277
 2986.071530    12.435917
 2986.758540    12.368856
 2987.447270    12.297998
 2988.134770    12.223701
 2988.823490    12.145763
 2989.510990    12.064533
 2990.200440    11.979700
 2990.888180    11.891787
 2991.576170    11.800632
 2992.266360    11.706038
 2992.954830    11.608623
 2993.644780    11.508023
 2994.333500    11.404715
 2995.023930    11.298347
 2995.713130    11.189461
 2996.402100    11.078004
 2997.093020    10.963705
 2997.782710    10.847187
 2998.473880    10.728092
 2999.163570    10.607026
 2999.855470    10.483446
 3000.545410    10.358194
 3001.235600    10.230984
 3001.927730    10.101597
 3002.618410    9.970776
 3003.310550    9.838072
 3004.001710    9.704060
 3004.694340    9.568371
 3005.385740    9.431639
 3006.076900    9.293780
 3006.770020    9.154463
 3007.461670    9.014477
 3008.155270    8.873238
 3008.847410    8.731546
 3009.541260    8.588858
 3010.233400    8.445978
 3010.926270    8.302511
 3011.620360    8.158453
 3012.313230    8.014414
 3013.007810    7.869883
 3013.700930    7.725619
 3014.395750    7.581060
 3015.089360    7.436909
 3015.783200    7.292955
 3016.478270    7.149089
 3017.172610    7.005803
 3017.868160    6.862783
 3018.562260    6.720666
 3019.258540    6.578789
 3019.952880    6.438074
 3020.647950    6.298058
 3021.344480    6.158670
 3022.039310    6.020621
 3022.736330    5.883205
 3023.431640    5.747264
 3024.128660    5.612193
 3024.824460    5.478627
 3025.522220    5.346018
 3026.218020    5.215166
 3026.914310    5.085664
 3027.612300    4.957342
 3028.308840    4.830836
 3029.007080    4.705617
 3029.703860    4.582299
 3030.402590    4.460320
 3031.099850    4.340317
 3031.797120    4.222068
 3032.496090    4.105324
 3033.193600    3.990646
 3033.893310    3.877462
 3034.591060    3.766471
 3035.290770    3.657074
 3035.989010    3.549826
 3036.687740    3.444441
 3037.387700    3.340832
 3038.086670    3.239337
 3038.787350    3.139579
 3039.486080    3.042087
 3040.187260    2.946255
 3040.886470    2.852688
 3041.586180    2.761057
 3042.287350    2.671240
 3042.987550    2.583549
 3043.689210    2.497675
 3044.389160    2.413999
 3045.091060    2.332076
 3045.791750    2.252269
 3046.492430    2.174422
 3047.194820    2.098338
 3047.896000    2.024322
 3048.598880    1.952048
 3049.300050    1.881852
