 2653.384280    0.754658
 2653.996340    0.784567
 2654.606690    0.815329
 2655.217290    0.847057
 2655.829830    0.879865
 2656.440670    0.913572
 2657.053220    0.948387
 2657.664550    0.984161
 2658.277340    1.021069
 2658.888920    1.058966
 2659.500730    1.097956
 2660.114010    1.138139
 2660.725830    1.179337
 2661.339360    1.221781
 2661.951660    1.265284
 2662.565430    1.310051
 2663.177980    1.355900
 2663.790530    1.402933
 2664.404790    1.451299
 2665.017820    1.500779
 2665.632320    1.551602
 2666.245610    1.603559
 2666.860350    1.656884
 2667.473880    1.711355
 2668.089110    1.767244
 2668.702880    1.824266
 2669.316890    1.882586
 2669.932370    1.942327
 2670.546630    2.003236
 2671.162350    2.065580
 2671.776860    2.129093
 2672.393070    2.194077
 2673.007810    2.260200
 2673.622560    2.327612
 2674.239260    2.396531
 2674.854490    2.466572
 2675.471190    2.538063
 2676.086670    2.610687
 2676.703860    2.684782
 2677.319580    2.759961
 2677.935550    2.836414
 2678.552980    2.914287
 2679.169190    2.993229
 2679.786870    3.073568
 2680.403560    3.154972
 2681.021480    3.237712
 2681.638430    3.321473
 2682.255370    3.406366
 2682.873780    3.492573
 2683.490970    3.579692
 2684.109860    3.668115
 2684.727290    3.757358
 2685.346440    3.847851
 2685.964110    3.939099
 2686.582030    4.031319
 2687.201660    4.124699
 2687.819820    4.218723
 2688.439450    4.313801
 2689.057860    4.409479
 2689.677980    4.506171
 2690.296880    4.603376
 2690.915770    4.701240
 2691.536380    4.799989
 2692.155270    4.899033
 2692.776370    4.998945
 2693.395750    5.099049
 2694.016850    5.199842
 2694.636720    5.300798
 2695.256590    5.402058
 2695.877930    5.503804
 2696.498050    5.605541
 2697.119870    5.707689
 2697.740480    5.809707
 2698.362550    5.911973
 2698.983400    6.013985
 2699.604250    6.115878
 2700.226810    6.217869
 2700.847900    6.319370
 2701.470700    6.420833
 2702.092040    6.521676
 2702.715330    6.622382
 2703.337160    6.722330
 2703.958980    6.821690
 2704.582520    6.920661
 2705.204830    7.018706
 2705.828370    7.116143
 2706.450930    7.212554
 2707.074950    7.308248
 2707.697750    7.402739
 2708.320800    7.496182
 2708.945310    7.588686
 2709.568360    7.679746
 2710.193360    7.769790
 2710.816650    7.858221
 2711.441890    7.945488
 2712.065670    8.031043
 2712.689450    8.115027
 2713.314940    8.197598
 2713.939210    8.278297
 2714.565190    8.357441
 2715.189450    8.434531
 2715.815670    8.509959
 2716.440430    8.583247
 2717.066890    8.654709
 2717.691890    8.723925
 2718.317140    8.791032
 2718.943850    8.856099
 2719.569340    8.918795
 2720.196530    8.979358
 2720.822270    9.037434
 2721.449710    9.093267
 2722.075680    9.146534
 2722.702150    9.197362
 2723.329830    9.245763
 2723.956300    9.291510
 2724.584470    9.334781
 2725.211430    9.375338
 2725.839600    9.413313
 2726.466800    9.448544
 2727.093990    9.481069
 2727.722900    9.510946
 2728.350340    9.538006
 2728.979490    9.562368
 2729.607420    9.583907
 2730.236820    9.602704
 2730.864750    9.618667
 2731.493160    9.631850
 2732.122800    9.642260
 2732.751460    9.649863
 2733.381590    9.654695
 2734.010500    9.656745
 2734.640870    9.656034
 2735.270020    9.652584
 2735.899410    9.646412
 2736.530270    9.637525
 2737.159670    9.625989
 2737.790770    9.611776
 2738.420650    9.594988
 2739.052250    9.575581
 2739.682370    9.553691
 2740.312500    9.529323
 2740.944340    9.502451
 2741.575200    9.473234
 2742.207280    9.441628
 2742.838130    9.407809
 2743.470460    9.371697
 2744.101560    9.333508
 2744.732910    9.293225
 2745.365970    9.250817
 2745.997310    9.206586
 2746.630860    9.160333
 2747.262700    9.112420
 2747.896000    9.062691
 2748.528080    9.011439
 2749.160640    8.958617
 2749.794430    8.904247
 2750.427000    8.848632
 2751.061280    8.791606
 2751.694090    8.733551
 2752.328610    8.674276
 2752.961910    8.614154
 2753.595210    8.553174
 2754.230220    8.491275
 2754.863770    8.428872
 2755.499020    8.365761
 2756.132810    8.302367
 2756.768550    8.238461
 2757.402590    8.174521
 2758.036870    8.110468
 2758.673100    8.046244
 2759.307620    7.982334
 2759.943850    7.918513
 2760.578860    7.855193
 2761.215330    7.792225
 2761.850590    7.729997
 2762.487550    7.668341
 2763.123050    7.607685
 2763.758790    7.547987
 2764.396000    7.489254
 2765.031980    7.431858
 2765.669430    7.375677
 2766.305910    7.321048
 2766.943600    7.267906
 2767.580320    7.216553
 2768.216800    7.167046
 2768.855220    7.119339
 2769.492190    7.073810
 2770.130860    7.030348
 2770.768070    6.989288
 2771.407230    6.950529
 2772.044680    6.914406
 2772.682130    6.880925
 2773.321780    6.850098
 2773.959720    6.822223
 2774.599370    6.797261
 2775.237550    6.775442
 2775.877690    6.756760
 2776.516360    6.741417
 2777.155030    6.729470
 2777.795170    6.721003
 2778.434330    6.716143
 2779.074950    6.714971
 2779.714360    6.717587
 2780.355470    6.724097
 2780.995120    6.734553
 2781.634770    6.749051
 2782.276120    6.767724
 2782.916260    6.790571
 2783.558110    6.817775
 2784.198490    6.849273
 2784.840330    6.885278
 2785.480960    6.925706
 2786.121830    6.970700
 2786.764400    7.020442
 2787.405270    7.074721
 2788.048100    7.133898
 2788.689450    7.197711
 2789.332520    7.266521
 2789.974370    7.340060
 2790.615970    7.418454
 2791.259770    7.502055
 2791.901610    7.590355
 2792.545410    7.683912
 2793.187990    7.782288
 2793.832030    7.885914
 2794.474850    7.994367
 2795.117680    8.107842
 2795.762210    8.226662
 2796.405520    8.350286
 2797.050290    8.479221
 2797.693600    8.612869
 2798.338870    8.751925
 2798.982420    8.895580
 2799.626460    9.044275
 2800.272220    9.198288
 2800.916260    9.356762
 2801.562260    9.520555
 2802.206790    9.688758
 2802.852780    9.862081
 2803.497560    10.039743
 2804.142580    10.222074
 2804.789310    10.409437
 2805.434330    10.600769
 2806.081300    10.797075
 2806.726810    10.997236
 2807.374020    11.202151
 2808.020020    11.410799
 2808.666020    11.623460
 2809.313480    11.840524
 2809.959960    12.061065
 2810.607910    12.285804
 2811.254390    12.513602
 2811.902830    12.745541
 2812.549560    12.980178
 2813.198240    13.218711
 2813.845210    13.459652
 2814.492680    13.703664
 2815.141600    13.950979
 2815.789310    14.200418
 2816.438720    14.452952
 2817.086430    14.707088
 2817.736080    14.964097
 2818.384520    15.222550
 2819.032710    15.482661
 2819.682620    15.745033
 2820.331300    16.008303
 2820.981930    16.273575
 2821.630620    16.539061
 2822.281490    16.806267
 2822.930660    17.073397
 2823.580080    17.341049
 2824.231200    17.609627
 2824.880860    17.877613
 2825.532230    18.146112
 2826.182370    18.413704
 2826.833980    18.681282
 2827.484380    18.947533
 2828.134770    19.212738
 2828.786870    19.477375
 2829.437740    19.740040
 2830.090090    20.001593
 2830.741210    20.260742
 2831.394040    20.518427
 2832.045410    20.773176
 2832.697020    21.025446
 2833.350100    21.275482
 2834.001950    21.522034
 2834.655520    21.765993
 2835.307620    22.005953
 2835.961180    22.242781
 2836.613770    22.475374
 2837.266360    22.703878
 2837.920410    22.928591
 2838.573490    23.148453
 2839.228030    23.364086
 2839.881100    23.574322
 2840.535890    23.779984
 2841.189450    23.979958
 2841.843020    24.174439
 2842.498540    24.363800
 2843.152340    24.546801
 2843.807860    24.724220
 2844.462160    24.895094
 2845.118160    25.060009
 2845.772710    25.218004
 2846.427250    25.369305
 2847.083740    25.514181
 2847.738770    25.651730
 2848.395260    25.782429
 2849.050540    25.905607
 2849.707760    26.021730
 2850.363280    26.130028
 2851.018800    26.230701
 2851.676270    26.323917
 2852.332280    26.409088
 2852.989990    26.486528
 2853.646480    26.555809
 2854.304440    26.617136
 2854.960940    26.670168
 2855.617920    26.715027
 2856.276370    26.751697
 2856.933350    26.779970
 2857.592290    26.799952
 2858.249760    26.811504
 2858.908940    26.814667
 2859.566650    26.809406
 2860.224370    26.795744
 2860.883790    26.773617
 2861.541750    26.743143
 2862.201900    26.704166
 2862.860350    26.656939
 2863.520510    26.601259
 2864.179200    26.537439
 2864.839840    26.465191
 2865.498780    26.384985
 2866.157960    26.296675
 2866.818850    26.200113
 2867.478520    26.095808
 2868.139650    25.983421
 2868.799320    25.863560
 2869.460940    25.735701
 2870.121090    25.600614
 2870.781490    25.458094
 2871.443360    25.307980
 2872.103760    25.151070
 2872.766360    24.986628
 2873.427000    24.815828
 2874.089600    24.637819
 2874.750730    24.453665
 2875.412110    24.263079
 2876.075440    24.065702
 2876.736820    23.862875
 2877.400390    23.653502
 2878.062260    23.438988
 2878.725830    23.218422
 2879.388180    22.992958
 2880.050540    22.762390
 2880.714600    22.526304
 2881.377440    22.285934
 2882.041750    22.040510
 2882.704830    21.791229
 2883.369380    21.537283
 2884.032960    21.279814
 2884.696530    21.018662
 2885.361330    20.753544
 2886.025390    20.485456
 2886.690920    20.213718
 2887.354980    19.939737
 2888.020510    19.662518
 2888.685060    19.383293
 2889.349610    19.101871
 2890.015870    18.817728
 2890.680910    18.532326
 2891.347410    18.244719
 2892.012700    17.956278
 2892.679200    17.666149
 2893.344970    17.375387
 2894.010500    17.083982
 2894.677730    16.791281
 2895.343510    16.498867
 2896.011470    16.205330
 2896.677490    15.912683
 2897.345460    15.619400
 2898.011960    15.327164
 2898.678960    15.035301
 2899.347170    14.743670
 2900.014160    14.453508
 2900.682860    14.163710
 2901.350100    13.875817
 2902.019530    13.588413
 2902.687010    13.303436
 2903.354740    13.020091
 2904.024410    12.737808
 2904.692380    12.458275
 2905.361820    12.180297
 2906.030520    11.904921
 2906.700680    11.631373
 2907.369140    11.361069
 2908.038090    11.093226
 2908.708500    10.827581
 2909.377930    10.565206
 2910.048830    10.305246
 2910.718260    10.048936
 2911.389650    9.795055
 2912.059330    9.545078
 2912.729250    9.298345
 2913.400630    9.054488
 2914.070800    8.814557
 2914.742920    8.577482
 2915.413570    8.344533
 2916.085690    8.114743
 2916.756590    7.889088
 2917.429200    7.666620
 2918.100340    7.448434
 2918.771730    7.234002
 2919.444580    7.022971
 2920.116210    6.816212
 2920.789550    6.612848
 2921.461670    6.413785
 2922.135500    6.218169
 2922.807370    6.027066
 2923.479740    5.839777
 2924.154050    5.655910
 2924.826660    5.476464
 2925.500980    5.300515
 2926.174070    5.128824
 2926.848880    4.960630
 2927.522220    4.796707
 2928.195800    4.636605
 2928.870850    4.480026
 2929.544920    4.327512
 2930.220460    4.178482
 2930.894530    4.033550
 2931.570310    3.891997
 2932.244630    3.754456
 2932.919190    3.620522
 2933.595700    3.489833
 2934.270260    3.363099
 2934.947270    3.239450
 2935.622310    3.119642
 2936.299070    3.002975
 2936.974850    2.889864
 2937.650390    2.780125
 2938.327880    2.673358
 2939.003660    2.570086
 2939.681400    2.469694
 2940.357670    2.372633
 2941.035640    2.278391
 2941.712160    2.187352
 2942.389160    2.099185
 2943.067630    2.013717
 2943.744630    1.931252
 2944.423580    1.851319
 2945.100830    1.774287
 2945.780030    1.699680
 2946.457760    1.627813
 2947.135500    1.558462
 2947.815190    1.491376
 2948.493410    1.426832
 2949.173100    1.364491
 2949.851560    1.304539
 2950.531980    1.246637
 2951.210450    1.191060
 2951.889650    1.137522
 2952.570070    1.085932
 2953.249270    1.036419
 2953.930660    0.988680
 2954.610110    0.942947
 2955.291500    0.898903
 2955.971190    0.856730
 2956.651120    0.816245
 2957.333010    0.777301
 2958.013180    0.740055
 2958.695560    0.704244
 2959.376220    0.670020
 2960.058350    0.637176
 2960.739500    0.605779
 2961.420410    0.575744
 2962.103520    0.546923
 2962.784910    0.519434
 2963.468020    0.493095
 2964.149900    0.467977
 2964.833500    0.443928
 2965.515380    0.421027
 2966.197750    0.399157
 2966.881590    0.378250
 2967.564210    0.358350
 2968.248540    0.339335
 2968.931150    0.321264
 2969.615720    0.304003
 2970.299070    0.287600
 2970.984130    0.271951
 2971.667480    0.257101
 2972.351070    0.242974
 2973.036620    0.229508
 2973.720700    0.216741
 2974.406250    0.204588
 2975.090580    0.193069
 2975.776610    0.182112
 2976.461180    0.171738
 2977.146000    0.161897
 2977.832280    0.152547
 2978.517580    0.143700
 2979.204350    0.135303
 2979.889650    0.127368
 2980.576660    0.119840
 2981.262210    0.112733
 2981.948240    0.106006
 2982.635990    0.099630
 2983.322020    0.093620
 2984.010010    0.087927
 2984.696530    0.082562
 2985.384770    0.077487
 2986.071530    0.072707
 2986.758540    0.068198
 2987.447270    0.063935
 2988.134770    0.059926
 2988.823490    0.056142
 2989.510990    0.052585
 2990.200440    0.049227
 2990.888180    0.046075
 2991.576170    0.043108
 2992.266360    0.040311
 2992.954830    0.037687
 2993.644780    0.035217
 2994.333500    0.032903
 2995.023930    0.030724
 2995.713130    0.028683
 2996.402100    0.026768
 2997.093020    0.024968
 2997.782710    0.023284
 2998.473880    0.021703
 2999.163570    0.020225
 2999.855470    0.018836
 3000.545410    0.017541
 3001.235600    0.016329
 3001.927730    0.015191
 3002.618410    0.014131
 3003.310550    0.013138
 3004.001710    0.012211
 3004.694340    0.011344
 3005.385740    0.010536
 3006.076900    0.009783
 3006.770020    0.009079
 3007.461670    0.008424
 3008.155270    0.007811
 3008.847410    0.007241
 3009.541260    0.006710
 3010.233400    0.006217
 3010.926270    0.005757
 3011.620360    0.005329
 3012.313230    0.004931
 3013.007810    0.004561
 3013.700930    0.004218
 3014.395750    0.003898
 3015.089360    0.003602
 3015.783200    0.003327
 3016.478270    0.003072
 3017.172610    0.002835
 3017.868160    0.002615
 3018.562260    0.002413
 3019.258540    0.002224
 3019.952880    0.002049
 3020.647950    0.001888
 3021.344480    0.001739
 3022.039310    0.001600
 3022.736330    0.001472
 3023.431640    0.001355
 3024.128660    0.001245
 3024.824460    0.001145
 3025.522220    0.001052
 3026.218020    0.000966
 3026.914310    0.000887
 3027.612300    0.000814
 3028.308840    0.000747
 3029.007080    0.000685
 3029.703860    0.000628
 3030.402590    0.000576
 3031.099850    0.000527
 3031.797120    0.000483
 3032.496090    0.000442
 3033.193600    0.000404
 3033.893310    0.000370
 3034.591060    0.000339
 3035.290770    0.000309
 3035.989010    0.000282
 3036.687740    0.000258
 3037.387700    0.000236
 3038.086670    0.000215
 3038.787350    0.000196
 3039.486080    0.000179
 3040.187260    0.000163
 3040.886470    0.000149
 3041.586180    0.000135
 3042.287350    0.000123
 3042.987550    0.000113
 3043.689210    0.000102
 3044.389160    0.000093
 3045.091060    0.000084
 3045.791750    0.000076
 3046.492430    0.000070
 3047.194820    0.000063
 3047.896000    0.000057
 3048.598880    0.000052
 3049.300050    0.000048
