 2653.384280    0.180252
 2653.996340    0.188843
 2654.606690    0.197765
 2655.217290    0.207059
 2655.829830    0.216764
 2656.440670    0.226837
 2657.053220    0.237345
 2657.664550    0.248253
 2658.277340    0.259622
 2658.888920    0.271416
 2659.500730    0.283676
 2660.114010    0.296444
 2660.725830    0.309672
 2661.339360    0.323446
 2661.951660    0.337714
 2662.565430    0.352555
 2663.177980    0.367920
 2663.790530    0.383853
 2664.404790    0.400418
 2665.017820    0.417554
 2665.632320    0.435350
 2666.245610    0.453749
 2666.860350    0.472845
 2667.473880    0.492576
 2668.089110    0.513052
 2668.702880    0.534186
 2669.316890    0.556053
 2669.932370    0.578716
 2670.546630    0.602096
 2671.162350    0.626313
 2671.776860    0.651280
 2672.393070    0.677135
 2673.007810    0.703766
 2673.622560    0.731249
 2674.239260    0.759695
 2674.854490    0.788966
 2675.471190    0.819220
 2676.086670    0.850344
 2676.703860    0.882505
 2677.319580    0.915558
 2677.935550    0.949608
 2678.552980    0.984746
 2679.169190    1.020839
 2679.786870    1.058060
 2680.403560    1.096282
 2681.021480    1.135660
 2681.638430    1.176070
 2682.255370    1.217591
 2682.873780    1.260343
 2683.490970    1.304155
 2684.109860    1.349255
 2684.727290    1.395425
 2685.346440    1.442919
 2685.964110    1.491509
 2686.582030    1.541340
 2687.201660    1.592548
 2687.819820    1.644885
 2688.439450    1.698612
 2689.057860    1.753508
 2689.677980    1.809843
 2690.296880    1.867366
 2690.915770    1.926194
 2691.536380    1.986505
 2692.155270    2.047972
 2692.776370    2.110993
 2693.395750    2.175180
 2694.016850    2.240890
 2694.636720    2.307820
 2695.256590    2.376101
 2695.877930    2.445900
 2696.498050    2.516918
 2697.119870    2.589491
 2697.740480    2.663278
 2698.362550    2.738595
 2698.983400    2.815115
 2699.604250    2.892980
 2700.226810    2.972401
 2700.847900    3.052968
 2701.470700    3.135084
 2702.092040    3.218320
 2702.715330    3.303124
 2703.337160    3.389019
 2703.958980    3.476188
 2704.582520    3.564859
 2705.204830    3.654600
 2705.828370    3.745742
 2706.450930    3.837945
 2707.074950    3.931549
 2707.697750    4.026126
 2708.320800    4.121873
 2708.945310    4.218952
 2709.568360    4.316880
 2710.193360    4.416164
 2710.816650    4.516191
 2711.441890    4.617516
 2712.065670    4.719548
 2712.689450    4.822489
 2713.314940    4.926584
 2713.939210    5.031306
 2714.565190    5.137106
 2715.189450    5.243362
 2715.815670    5.350651
 2716.440430    5.458342
 2717.066890    5.566935
 2717.691890    5.675827
 2718.317140    5.785266
 2718.943850    5.895411
 2719.569340    6.005738
 2720.196530    6.116707
 2720.822270    6.227698
 2721.449710    6.339218
 2722.075680    6.450640
 2722.702150    6.562250
 2723.329830    6.674117
 2723.956300    6.785742
 2724.584470    6.897580
 2725.211430    7.009046
 2725.839600    7.120503
 2726.466800    7.231496
 2727.093990    7.342128
 2727.722900    7.452629
 2728.350340    7.562371
 2728.979490    7.671837
 2729.607420    7.780443
 2730.236820    7.888582
 2730.864750    7.995678
 2731.493160    8.101992
 2732.122800    8.207570
 2732.751460    8.311970
 2733.381590    8.415519
 2734.010500    8.517707
 2734.640870    8.618888
 2735.270020    8.718559
 2735.899410    8.816885
 2736.530270    8.913973
 2737.159670    9.009299
 2737.790770    9.103273
 2738.420650    9.195383
 2739.052250    9.285983
 2739.682370    9.374545
 2740.312500    9.461213
 2740.944340    9.546146
 2741.575200    9.628910
 2742.207280    9.709727
 2742.838130    9.788218
 2743.470460    9.864652
 2744.101560    9.938639
 2744.732910    10.010295
 2745.365970    10.079717
 2745.997310    10.146469
 2746.630860    10.210907
 2747.262700    10.272575
 2747.896000    10.331732
 2748.528080    10.388073
 2749.160640    10.441710
 2749.794430    10.492643
 2750.427000    10.540636
 2751.061280    10.585861
 2751.694090    10.628055
 2752.328610    10.667390
 2752.961910    10.703637
 2753.595210    10.736855
 2754.230220    10.767084
 2754.863770    10.794147
 2755.499020    10.818149
 2756.132810    10.838951
 2756.768550    10.856639
 2757.402590    10.871095
 2758.036870    10.882361
 2758.673100    10.890441
 2759.307620    10.895276
 2759.943850    10.896887
 2760.578860    10.895266
 2761.215330    10.890395
 2761.850590    10.882306
 2762.487550    10.870959
 2763.123050    10.856421
 2763.758790    10.838674
 2764.396000    10.817685
 2765.031980    10.793560
 2765.669430    10.766214
 2766.305910    10.735776
 2766.943600    10.702162
 2767.580320    10.665512
 2768.216800    10.625833
 2768.855220    10.583007
 2769.492190    10.537293
 2770.130860    10.488506
 2770.768070    10.436927
 2771.407230    10.382320
 2772.044680    10.325047
 2772.682130    10.265011
 2773.321780    10.202044
 2773.959720    10.136581
 2774.599370    10.068331
 2775.237550    9.997683
 2775.877690    9.924319
 2776.516360    9.848690
 2777.155030    9.770695
 2777.795170    9.690210
 2778.434330    9.607611
 2779.074950    9.522642
 2779.714360    9.435731
 2780.355470    9.346551
 2780.995120    9.255612
 2781.634770    9.162786
 2782.276120    9.067896
 2782.916260    8.971444
 2783.558110    8.873068
 2784.198490    8.773326
 2784.840330    8.671844
 2785.480960    8.569121
 2786.121830    8.465005
 2786.764400    8.359335
 2787.405270    8.252748
 2788.048100    8.144713
 2788.689450    8.035890
 2789.332520    7.925813
 2789.974370    7.815064
 2790.615970    7.703558
 2791.259770    7.590944
 2791.901610    7.478029
 2792.545410    7.364202
 2793.187990    7.250100
 2793.832030    7.135325
 2794.474850    7.020429
 2795.117680    6.905272
 2795.762210    6.789621
 2796.405520    6.674074
 2797.050290    6.558222
 2797.693600    6.442661
 2798.338870    6.326848
 2798.982420    6.211508
 2799.626460    6.096315
 2800.272220    5.981118
 2800.916260    5.866590
 2801.562260    5.752143
 2802.206790    5.638445
 2802.852780    5.525040
 2803.497560    5.412457
 2804.142580    5.300494
 2804.789310    5.188956
 2805.434330    5.078485
 2806.081300    4.968503
 2806.726810    4.859645
 2807.374020    4.751423
 2808.020020    4.644372
 2808.666020    4.538332
 2809.313480    4.433107
 2809.959960    4.329135
 2810.607910    4.226063
 2811.254390    4.124394
 2811.902830    4.023625
 2812.549560    3.924357
 2813.198240    3.826061
 2813.845210    3.729321
 2814.492680    3.633830
 2815.141600    3.539475
 2815.789310    3.446671
 2816.438720    3.355021
 2817.086430    3.265024
 2817.736080    3.176192
 2818.384520    3.088976
 2819.032710    3.003253
 2819.682620    2.918784
 2820.331300    2.835959
 2820.981930    2.754386
 2821.630620    2.674561
 2822.281490    2.595979
 2822.930660    2.519118
 2823.580080    2.443745
 2824.231200    2.369696
 2824.880860    2.297333
 2825.532230    2.226302
 2826.182370    2.156921
 2826.833980    2.088899
 2827.484380    2.022512
 2828.134770    1.957623
 2828.786870    1.894062
 2829.437740    1.832104
 2830.090090    1.771484
 2830.741210    1.712443
 2831.394040    1.654703
 2832.045410    1.598533
 2832.697020    1.543766
 2833.350100    1.490291
 2834.001950    1.438312
 2834.655520    1.387582
 2835.307620    1.338328
 2835.961180    1.290313
 2836.613770    1.243698
 2837.266360    1.198392
 2837.920410    1.154277
 2838.573490    1.111499
 2839.228030    1.069880
 2839.881100    1.029583
 2840.535890    0.990393
 2841.189450    0.952464
 2841.843020    0.915700
 2842.498540    0.879974
 2843.152340    0.845465
 2843.807860    0.811967
 2844.462160    0.779611
 2845.118160    0.748227
 2845.772710    0.717948
 2846.427250    0.688677
 2847.083740    0.660309
 2847.738770    0.632970
 2848.395260    0.606514
 2849.050540    0.581026
 2849.707760    0.556363
 2850.363280    0.532640
 2851.018800    0.509767
 2851.676270    0.487658
 2852.332280    0.466407
 2852.989990    0.445889
 2853.646480    0.426176
 2854.304440    0.407164
 2854.960940    0.388917
 2855.617920    0.371358
 2856.276370    0.354443
 2856.933350    0.338226
 2857.592290    0.322605
 2858.249760    0.307641
 2858.908940    0.293241
 2859.566650    0.279457
 2860.224370    0.266236
 2860.883790    0.253530
 2861.541750    0.241379
 2862.201900    0.229700
 2862.860350    0.218546
 2863.520510    0.207840
 2864.179200    0.197618
 2864.839840    0.187811
 2865.498780    0.178458
 2866.157960    0.169515
 2866.818850    0.160946
 2867.478520    0.152778
 2868.139650    0.144960
 2868.799320    0.137516
 2869.460940    0.130392
 2870.121090    0.123612
 2870.781490    0.117146
 2871.443360    0.110970
 2872.103760    0.105098
 2872.766360    0.099487
 2873.427000    0.094162
 2874.089600    0.089079
 2874.750730    0.084253
 2875.412110    0.079663
 2876.075440    0.075286
 2876.736820    0.071138
 2877.400390    0.067186
 2878.062260    0.063442
 2878.725830    0.059879
 2879.388180    0.056504
 2880.050540    0.053303
 2880.714600    0.050259
 2881.377440    0.047379
 2882.041750    0.044644
 2882.704830    0.042059
 2883.369380    0.039605
 2884.032960    0.037286
 2884.696530    0.035091
 2885.361330    0.033012
 2886.025390    0.031048
 2886.690920    0.029188
 2887.354980    0.027434
 2888.020510    0.025774
 2888.685060    0.024209
 2889.349610    0.022731
 2890.015870    0.021334
 2890.680910    0.020019
 2891.347410    0.018775
 2892.012700    0.017606
 2892.679200    0.016502
 2893.344970    0.015464
 2894.010500    0.014486
 2894.677730    0.013564
 2895.343510    0.012699
 2896.011470    0.011882
 2896.677490    0.011117
 2897.345460    0.010395
 2898.011960    0.009719
 2898.678960    0.009083
 2899.347170    0.008485
 2900.014160    0.007925
 2900.682860    0.007399
 2901.350100    0.006906
 2902.019530    0.006442
 2902.687010    0.006009
 2903.354740    0.005603
 2904.024410    0.005221
 2904.692380    0.004866
 2905.361820    0.004532
 2906.030520    0.004220
 2906.700680    0.003927
 2907.369140    0.003655
 2908.038090    0.003400
 2908.708500    0.003161
 2909.377930    0.002939
 2910.048830    0.002730
 2910.718260    0.002537
 2911.389650    0.002356
 2912.059330    0.002187
 2912.729250    0.002029
 2913.400630    0.001883
 2914.070800    0.001746
 2914.742920    0.001618
 2915.413570    0.001500
 2916.085690    0.001390
 2916.756590    0.001287
 2917.429200    0.001192
 2918.100340    0.001103
 2918.771730    0.001020
 2919.444580    0.000944
 2920.116210    0.000873
 2920.789550    0.000807
 2921.461670    0.000746
 2922.135500    0.000689
 2922.807370    0.000636
 2923.479740    0.000587
 2924.154050    0.000542
 2924.826660    0.000500
 2925.500980    0.000461
 2926.174070    0.000424
 2926.848880    0.000391
 2927.522220    0.000360
 2928.195800    0.000332
 2928.870850    0.000305
 2929.544920    0.000281
 2930.220460    0.000258
 2930.894530    0.000237
 2931.570310    0.000218
 2932.244630    0.000201
 2932.919190    0.000185
 2933.595700    0.000170
 2934.270260    0.000155
 2934.947270    0.000143
 2935.622310    0.000131
 2936.299070    0.000120
 2936.974850    0.000111
 2937.650390    0.000101
 2938.327880    0.000093
 2939.003660    0.000085
 2939.681400    0.000077
 2940.357670    0.000072
 2941.035640    0.000065
 2941.712160    0.000059
 2942.389160    0.000054
 2943.067630    0.000050
 2943.744630    0.000046
 2944.423580    0.000041
 2945.100830    0.000038
 2945.780030    0.000034
 2946.457760    0.000031
 2947.135500    0.000029
 2947.815190    0.000027
 2948.493410    0.000024
 2949.173100    0.000022
 2949.851560    0.000020
 2950.531980    0.000018
 2951.210450    0.000016
 2951.889650    0.000015
 2952.570070    0.000013
 2953.249270    0.000012
 2953.930660    0.000011
 2954.610110    0.000010
 2955.291500    0.000010
 2955.971190    0.000009
 2956.651120    0.000008
 2957.333010    0.000007
 2958.013180    0.000007
 2958.695560    0.000006
 2959.376220    0.000005
 2960.058350    0.000005
 2960.739500    0.000004
 2961.420410    0.000004
 2962.103520    0.000004
 2962.784910    0.000003
 2963.468020    0.000003
 2964.149900    0.000003
 2964.833500    0.000002
 2965.515380    0.000002
 2966.197750    0.000002
 2966.881590    0.000002
 2967.564210    0.000002
 2968.248540    0.000001
 2968.931150    0.000001
 2969.615720    0.000001
 2970.299070    0.000001
 2970.984130    0.000001
 2971.667480    0.000001
 2972.351070    0.000001
 2973.036620    0.000001
 2973.720700    0.000001
 2974.406250    0.000001
 2975.090580    0.000001
 2975.776610    0.000000
 2976.461180    0.000000
 2977.146000    0.000000
 2977.832280    0.000000
 2978.517580    0.000000
 2979.204350    0.000000
 2979.889650    0.000000
 2980.576660    0.000000
 2981.262210    0.000000
 2981.948240    0.000000
 2982.635990    0.000000
 2983.322020    0.000000
 2984.010010    0.000000
 2984.696530    0.000000
 2985.384770    0.000000
 2986.071530    0.000000
 2986.758540    0.000000
 2987.447270    0.000000
 2988.134770    0.000000
 2988.823490    0.000000
 2989.510990    0.000000
 2990.200440    0.000000
 2990.888180    0.000000
 2991.576170    0.000000
 2992.266360    0.000000
 2992.954830    0.000000
 2993.644780    0.000000
 2994.333500    0.000000
 2995.023930    0.000000
 2995.713130    0.000000
 2996.402100    0.000000
 2997.093020    0.000000
 2997.782710    0.000000
 2998.473880    0.000000
 2999.163570    0.000000
 2999.855470    0.000000
 3000.545410    0.000000
 3001.235600    0.000000
 3001.927730    0.000000
 3002.618410    0.000000
 3003.310550    0.000000
 3004.001710    0.000000
 3004.694340    0.000000
 3005.385740    0.000000
 3006.076900    0.000000
 3006.770020    0.000000
 3007.461670    0.000000
 3008.155270    0.000000
 3008.847410    0.000000
 3009.541260    0.000000
 3010.233400    0.000000
 3010.926270    0.000000
 3011.620360    0.000000
 3012.313230    0.000000
 3013.007810    0.000000
 3013.700930    0.000000
 3014.395750    0.000000
 3015.089360    0.000000
 3015.783200    0.000000
 3016.478270    0.000000
 3017.172610    0.000000
 3017.868160    0.000000
 3018.562260    0.000000
 3019.258540    0.000000
 3019.952880    0.000000
 3020.647950    0.000000
 3021.344480    0.000000
 3022.039310    0.000000
 3022.736330    0.000000
 3023.431640    0.000000
 3024.128660    0.000000
 3024.824460    0.000000
 3025.522220    0.000000
 3026.218020    0.000000
 3026.914310    0.000000
 3027.612300    0.000000
 3028.308840    0.000000
 3029.007080    0.000000
 3029.703860    0.000000
 3030.402590    0.000000
 3031.099850    0.000000
 3031.797120    0.000000
 3032.496090    0.000000
 3033.193600    0.000000
 3033.893310    0.000000
 3034.591060    0.000000
 3035.290770    0.000000
 3035.989010    0.000000
 3036.687740    0.000000
 3037.387700    0.000000
 3038.086670    0.000000
 3038.787350    0.000000
 3039.486080    0.000000
 3040.187260    0.000000
 3040.886470    0.000000
 3041.586180    0.000000
 3042.287350    0.000000
 3042.987550    0.000000
 3043.689210    0.000000
 3044.389160    0.000000
 3045.091060    0.000000
 3045.791750    0.000000
 3046.492430    0.000000
 3047.194820    0.000000
 3047.896000    0.000000
 3048.598880    0.000000
 3049.300050    0.000000
