 2653.384280    1.791566
 2653.996340    1.847738
 2654.606690    1.904963
 2655.217290    1.963423
 2655.829830    2.023292
 2656.440670    2.084216
 2657.053220    2.146536
 2657.664550    2.209956
 2658.277340    2.274756
 2658.888920    2.340651
 2659.500730    2.407791
 2660.114010    2.476313
 2660.725830    2.545883
 2661.339360    2.616858
 2661.951660    2.688890
 2662.565430    2.762291
 2663.177980    2.836726
 2663.790530    2.912331
 2664.404790    2.989307
 2665.017820    3.067278
 2665.632320    3.146565
 2666.245610    3.226809
 2666.860350    3.308343
 2667.473880    3.390792
 2668.089110    3.474528
 2668.702880    3.559098
 2669.316890    3.644710
 2669.932370    3.731512
 2670.546630    3.819101
 2671.162350    3.907829
 2671.776860    3.997281
 2672.393070    4.087852
 2673.007810    4.179044
 2673.622560    4.271036
 2674.239260    4.364087
 2674.854490    4.457646
 2675.471190    4.552119
 2676.086670    4.647054
 2676.703860    4.742862
 2677.319580    4.839008
 2677.935550    4.935711
 2678.552980    5.033120
 2679.169190    5.130763
 2679.786870    5.229017
 2680.403560    5.327446
 2681.021480    5.426348
 2681.638430    5.525319
 2682.255370    5.624461
 2682.873780    5.723956
 2683.490970    5.823316
 2684.109860    5.922956
 2684.727290    6.022306
 2685.346440    6.121819
 2685.964110    6.220926
 2686.582030    6.319839
 2687.201660    6.418732
 2687.819820    6.517035
 2688.439450    6.615152
 2689.057860    6.712595
 2689.677980    6.809761
 2690.296880    6.906125
 2690.915770    7.001817
 2691.536380    7.097032
 2692.155270    7.191182
 2692.776370    7.284795
 2693.395750    7.377217
 2694.016850    7.468892
 2694.636720    7.559321
 2695.256590    7.648623
 2695.877930    7.736941
 2696.498050    7.823828
 2697.119870    7.909628
 2697.740480    7.993876
 2698.362550    8.076872
 2698.983400    8.158195
 2699.604250    8.237949
 2700.226810    8.316290
 2700.847900    8.392757
 2701.470700    8.467684
 2702.092040    8.540631
 2702.715330    8.611943
 2703.337160    8.681174
 2703.958980    8.748441
 2704.582520    8.813871
 2705.204830    8.877106
 2705.828370    8.938346
 2706.450930    8.997329
 2707.074950    9.054243
 2707.697750    9.108799
 2708.320800    9.161091
 2708.945310    9.211177
 2709.568360    9.258785
 2710.193360    9.304143
 2710.816650    9.346953
 2711.441890    9.387439
 2712.065670    9.425348
 2712.689450    9.460758
 2713.314940    9.493737
 2713.939210    9.524109
 2714.565190    9.551998
 2715.189450    9.577242
 2715.815670    9.599977
 2716.440430    9.620072
 2717.066890    9.637622
 2717.691890    9.652538
 2718.317140    9.664871
 2718.943850    9.674641
 2719.569340    9.681812
 2720.196530    9.686427
 2720.822270    9.688478
 2721.449710    9.687991
 2722.075680    9.684988
 2722.702150    9.679489
 2723.329830    9.671507
 2723.956300    9.661102
 2724.584470    9.648257
 2725.211430    9.633066
 2725.839600    9.615511
 2726.466800    9.595693
 2727.093990    9.573632
 2727.722900    9.549312
 2728.350340    9.522902
 2728.979490    9.494324
 2729.607420    9.463766
 2730.236820    9.431159
 2730.864750    9.396717
 2731.493160    9.360403
 2732.122800    9.322239
 2732.751460    9.282427
 2733.381590    9.240884
 2734.010500    9.197866
 2734.640870    9.153267
 2735.270020    9.107359
 2735.899410    9.060122
 2736.530270    9.011546
 2737.159670    8.961946
 2737.790770    8.911160
 2738.420650    8.859521
 2739.052250    8.806877
 2739.682370    8.753593
 2740.312500    8.699647
 2740.944340    8.644987
 2741.575200    8.589952
 2742.207280    8.534449
 2742.838130    8.478800
 2743.470460    8.422873
 2744.101560    8.367016
 2744.732910    8.311207
 2745.365970    8.255425
 2745.997310    8.200085
 2746.630860    8.144956
 2747.262700    8.090488
 2747.896000    8.036524
 2748.528080    7.983406
 2749.160640    7.931101
 2749.794430    7.879670
 2750.427000    7.829421
 2751.061280    7.780240
 2751.694090    7.732488
 2752.328610    7.686040
 2752.961910    7.641227
 2753.595210    7.598071
 2754.230220    7.556575
 2754.863770    7.517062
 2755.499020    7.479445
 2756.132810    7.444026
 2756.768550    7.410725
 2757.402590    7.379845
 2758.036870    7.351391
 2758.673100    7.325405
 2759.307620    7.302144
 2759.943850    7.281585
 2760.578860    7.263931
 2761.215330    7.249208
 2761.850590    7.237578
 2762.487550    7.229090
 2763.123050    7.223879
 2763.758790    7.222019
 2764.396000    7.223607
 2765.031980    7.228727
 2765.669430    7.237490
 2766.305910    7.249949
 2766.943600    7.266231
 2767.580320    7.286358
 2768.216800    7.310417
 2768.855220    7.338580
 2769.492190    7.370769
 2770.130860    7.407216
 2770.768070    7.447801
 2771.407230    7.492808
 2772.044680    7.542038
 2772.682130    7.595660
 2773.321780    7.653926
 2773.959720    7.716533
 2774.599370    7.783860
 2775.237550    7.855612
 2775.877690    7.932215
 2776.516360    8.013291
 2777.155030    8.099039
 2777.795170    8.189695
 2778.434330    8.284935
 2779.074950    8.385143
 2779.714360    8.489909
 2780.355470    8.599724
 2780.995120    8.714051
 2781.634770    8.833128
 2782.276120    8.957287
 2782.916260    9.085949
 2783.558110    9.219696
 2784.198490    9.357843
 2784.840330    9.500998
 2785.480960    9.648531
 2786.121830    9.800735
 2786.764400    9.957934
 2787.405270    10.119250
 2788.048100    10.285554
 2788.689450    10.455915
 2789.332520    10.631110
 2789.974370    10.810288
 2790.615970    10.993635
 2791.259770    11.181789
 2791.901610    11.373466
 2792.545410    11.569739
 2793.187990    11.769567
 2793.832030    11.973685
 2794.474850    12.181149
 2795.117680    12.392239
 2795.762210    12.607417
 2796.405520    12.825599
 2797.050290    13.047579
 2797.693600    13.272225
 2798.338870    13.500607
 2798.982420    13.731298
 2799.626460    13.964945
 2800.272220    14.201860
 2800.916260    14.440648
 2801.562260    14.682517
 2802.206790    14.926041
 2802.852780    15.172164
 2803.497560    15.419708
 2804.142580    15.669067
 2804.789310    15.920647
 2805.434330    16.172945
 2806.081300    16.427223
 2806.726810    16.681961
 2807.374020    16.938229
 2808.020020    17.194685
 2808.666020    17.451630
 2809.313480    17.709454
 2809.959960    17.966999
 2810.607910    18.225042
 2811.254390    18.482222
 2811.902830    18.739700
 2812.549560    18.995821
 2813.198240    19.251843
 2813.845210    19.506111
 2814.492680    19.759295
 2815.141600    20.011562
 2815.789310    20.261671
 2816.438720    20.510544
 2817.086430    20.756664
 2817.736080    21.001223
 2818.384520    21.242813
 2819.032710    21.481609
 2819.682620    21.718117
 2820.331300    21.951065
 2820.981930    22.181389
 2821.630620    22.407509
 2822.281490    22.630669
 2822.930660    22.849335
 2823.580080    23.063982
 2824.231200    23.274887
 2824.880860    23.480831
 2825.532230    23.682634
 2826.182370    23.879204
 2826.833980    24.071167
 2827.484380    24.257559
 2828.134770    24.438570
 2828.786870    24.614491
 2829.437740    24.784359
 2830.090090    24.948719
 2830.741210    25.106733
 2831.394040    25.258961
 2832.045410    25.404511
 2832.697020    25.543648
 2833.350100    25.676472
 2834.001950    25.802313
 2834.655520    25.921600
 2835.307620    26.033638
 2835.961180    26.138821
 2836.613770    26.236647
 2837.266360    26.327179
 2837.920410    26.410507
 2838.573490    26.486233
 2839.228030    26.554552
 2839.881100    26.615086
 2840.535890    26.668064
 2841.189450    26.713192
 2841.843020    26.750521
 2842.498540    26.780088
 2843.152340    26.801691
 2843.807860    26.815416
 2844.462160    26.821176
 2845.118160    26.818977
 2845.772710    26.808819
 2846.427250    26.790710
 2847.083740    26.764572
 2847.738770    26.730555
 2848.395260    26.688526
 2849.050540    26.638689
 2849.707760    26.580831
 2850.363280    26.515314
 2851.018800    26.442059
 2851.676270    26.360870
 2852.332280    26.272232
 2852.989990    26.175787
 2853.646480    26.072039
 2854.304440    25.960650
 2854.960940    25.842211
 2855.617920    25.716488
 2856.276370    25.583372
 2856.933350    25.443571
 2857.592290    25.296469
 2858.249760    25.142946
 2858.908940    24.982393
 2859.566650    24.815716
 2860.224370    24.642708
 2860.883790    24.463039
 2861.541750    24.277725
 2862.201900    24.085884
 2862.860350    23.888802
 2863.520510    23.685621
 2864.179200    23.477490
 2864.839840    23.263487
 2865.498780    23.044981
 2866.157960    22.821514
 2866.818850    22.592749
 2867.478520    22.359888
 2868.139650    22.122160
 2868.799320    21.880814
 2869.460940    21.634781
 2870.121090    21.385523
 2870.781490    21.132601
 2871.443360    20.875729
 2872.103760    20.616238
 2872.766360    20.352884
 2873.427000    20.087511
 2874.089600    19.818752
 2874.750730    19.548183
 2875.412110    19.275314
 2876.075440    18.999620
 2876.736820    18.722923
 2877.400390    18.443684
 2878.062260    18.163734
 2878.725830    17.881823
 2879.388180    17.599386
 2880.050540    17.316090
 2880.714600    17.031395
 2881.377440    16.746731
 2882.041750    16.461136
 2882.704830    16.175932
 2883.369380    15.890156
 2884.032960    15.605022
 2884.696530    15.320278
 2885.361330    15.035578
 2886.025390    14.751913
 2886.690920    14.468509
 2887.354980    14.186773
 2888.020510    13.905611
 2888.685060    13.626205
 2889.349610    13.348288
 2890.015870    13.071285
 2890.680910    12.796559
 2891.347410    12.523129
 2892.012700    12.252227
 2892.679200    11.982977
 2893.344970    11.716294
 2894.010500    11.452089
 2894.677730    11.189701
 2895.343510    10.930487
 2896.011470    10.673121
 2896.677490    10.419300
 2897.345460    10.167626
 2898.011960    9.919476
 2898.678960    9.674192
 2899.347170    9.431598
 2900.014160    9.192644
 2900.682860    8.956354
 2901.350100    8.723915
 2902.019530    8.494111
 2902.687010    8.268421
 2903.354740    8.046136
 2904.024410    7.826749
 2904.692380    7.611501
 2905.361820    7.399399
 2906.030520    7.191176
 2906.700680    6.986182
 2907.369140    6.785407
 2908.038090    6.588197
 2908.708500    6.394296
 2909.377930    6.204421
 2910.048830    6.017894
 2910.718260    5.835532
 2911.389650    5.656404
 2912.059330    5.481486
 2912.729250    5.310246
 2913.400630    5.142380
 2914.070800    4.978543
 2914.742920    4.817949
 2915.413570    4.661399
 2916.085690    4.508187
 2916.756590    4.358899
 2917.429200    4.212860
 2918.100340    4.070732
 2918.771730    3.932107
 2919.444580    3.796715
 2920.116210    3.665058
 2920.789550    3.536527
 2921.461670    3.411644
 2922.135500    3.289827
 2922.807370    3.171689
 2923.479740    3.056745
 2924.154050    2.944714
 2924.826660    2.836159
 2925.500980    2.730474
 2926.174070    2.628077
 2926.848880    2.528467
 2927.522220    2.432064
 2928.195800    2.338560
 2928.870850    2.247744
 2929.544920    2.159890
 2930.220460    2.074627
 2930.894530    1.992270
 2931.570310    1.912376
 2932.244630    1.835263
 2932.919190    1.760673
 2933.595700    1.688370
 2934.270260    1.618715
 2934.947270    1.551202
 2935.622310    1.486212
 2936.299070    1.423334
 2936.974850    1.362766
 2937.650390    1.304379
 2938.327880    1.247934
 2939.003660    1.193684
 2939.681400    1.141277
 2940.357670    1.090929
 2941.035640    1.042347
 2941.712160    0.995708
 2942.389160    0.950818
 2943.067630    0.907570
 2943.744630    0.866097
 2944.423580    0.826142
 2945.100830    0.787870
 2945.780030    0.751027
 2946.457760    0.715750
 2947.135500    0.681911
 2947.815190    0.649370
 2948.493410    0.618249
 2949.173100    0.588367
 2949.851560    0.559797
 2950.531980    0.532367
 2951.210450    0.506190
 2951.889650    0.481119
 2952.570070    0.457100
 2953.249270    0.434179
 2953.930660    0.412206
 2954.610110    0.391275
 2955.291500    0.371232
 2955.971190    0.352148
 2956.651120    0.333930
 2957.333010    0.316504
 2958.013180    0.299930
 2958.695560    0.284082
 2959.376220    0.269020
 2960.058350    0.254644
 2960.739500    0.240978
 2961.420410    0.227975
 2962.103520    0.215565
 2962.784910    0.203793
 2963.468020    0.192574
 2964.149900    0.181931
 2964.833500    0.171796
 2965.515380    0.162195
 2966.197750    0.153075
 2966.881590    0.144403
 2967.564210    0.136192
 2968.248540    0.128386
 2968.931150    0.121007
 2969.615720    0.113996
 2970.299070    0.107366
 2970.984130    0.101073
 2971.667480    0.095133
 2972.351070    0.089511
 2973.036620    0.084178
 2973.720700    0.079148
 2974.406250    0.074384
 2975.090580    0.069892
 2975.776610    0.065639
 2976.461180    0.061632
 2977.146000    0.057851
 2977.832280    0.054276
 2978.517580    0.050909
 2979.204350    0.047729
 2979.889650    0.044740
 2980.576660    0.041917
 2981.262210    0.039264
 2981.948240    0.036765
 2982.635990    0.034410
 2983.322020    0.032198
 2984.010010    0.030114
 2984.696530    0.028159
 2985.384770    0.026319
 2986.071530    0.024593
 2986.758540    0.022973
 2987.447270    0.021448
 2988.134770    0.020021
 2988.823490    0.018681
 2989.510990    0.017426
 2990.200440    0.016247
 2990.888180    0.015145
 2991.576170    0.014113
 2992.266360    0.013144
 2992.954830    0.012239
 2993.644780    0.011393
 2994.333500    0.010601
 2995.023930    0.009860
 2995.713130    0.009169
 2996.402100    0.008523
 2997.093020    0.007918
 2997.782710    0.007356
 2998.473880    0.006829
 2999.163570    0.006340
 2999.855470    0.005882
 3000.545410    0.005456
 3001.235600    0.005059
 3001.927730    0.004689
 3002.618410    0.004345
 3003.310550    0.004025
 3004.001710    0.003727
 3004.694340    0.003449
 3005.385740    0.003192
 3006.076900    0.002953
 3006.770020    0.002729
 3007.461670    0.002523
 3008.155270    0.002331
 3008.847410    0.002153
 3009.541260    0.001987
 3010.233400    0.001835
 3010.926270    0.001693
 3011.620360    0.001561
 3012.313230    0.001440
 3013.007810    0.001327
 3013.700930    0.001223
 3014.395750    0.001126
 3015.089360    0.001037
 3015.783200    0.000955
 3016.478270    0.000877
 3017.172610    0.000808
 3017.868160    0.000742
 3018.562260    0.000682
 3019.258540    0.000627
 3019.952880    0.000576
 3020.647950    0.000528
 3021.344480    0.000484
 3022.039310    0.000445
 3022.736330    0.000408
 3023.431640    0.000374
 3024.128660    0.000342
 3024.824460    0.000314
 3025.522220    0.000287
 3026.218020    0.000263
 3026.914310    0.000241
 3027.612300    0.000220
 3028.308840    0.000201
 3029.007080    0.000184
 3029.703860    0.000168
 3030.402590    0.000154
 3031.099850    0.000140
 3031.797120    0.000128
 3032.496090    0.000117
 3033.193600    0.000107
 3033.893310    0.000097
 3034.591060    0.000089
 3035.290770    0.000081
 3035.989010    0.000073
 3036.687740    0.000067
 3037.387700    0.000061
 3038.086670    0.000055
 3038.787350    0.000051
 3039.486080    0.000046
 3040.187260    0.000042
 3040.886470    0.000038
 3041.586180    0.000034
 3042.287350    0.000031
 3042.987550    0.000029
 3043.689210    0.000026
 3044.389160    0.000023
 3045.091060    0.000021
 3045.791750    0.000019
 3046.492430    0.000017
 3047.194820    0.000015
 3047.896000    0.000014
 3048.598880    0.000012
 3049.300050    0.000011
