 2653.384280    0.001365
 2653.996340    0.001490
 2654.606690    0.001624
 2655.217290    0.001769
 2655.829830    0.001925
 2656.440670    0.002091
 2657.053220    0.002271
 2657.664550    0.002462
 2658.277340    0.002668
 2658.888920    0.002889
 2659.500730    0.003123
 2660.114010    0.003375
 2660.725830    0.003643
 2661.339360    0.003929
 2661.951660    0.004234
 2662.565430    0.004560
 2663.177980    0.004906
 2663.790530    0.005275
 2664.404790    0.005669
 2665.017820    0.006087
 2665.632320    0.006534
 2666.245610    0.007009
 2666.860350    0.007517
 2667.473880    0.008057
 2668.089110    0.008634
 2668.702880    0.009249
 2669.316890    0.009906
 2669.932370    0.010610
 2670.546630    0.011362
 2671.162350    0.012170
 2671.776860    0.013036
 2672.393070    0.013968
 2673.007810    0.014968
 2673.622560    0.016047
 2674.239260    0.017213
 2674.854490    0.018472
 2675.471190    0.019836
 2676.086670    0.021314
 2676.703860    0.022922
 2677.319580    0.024667
 2677.935550    0.026567
 2678.552980    0.028646
 2679.169190    0.030910
 2679.786870    0.033393
 2680.403560    0.036105
 2681.021480    0.039084
 2681.638430    0.042347
 2682.255370    0.045929
 2682.873780    0.049872
 2683.490970    0.054199
 2684.109860    0.058971
 2684.727290    0.064210
 2685.346440    0.069990
 2685.964110    0.076338
 2686.582030    0.083327
 2687.201660    0.091043
 2687.819820    0.099514
 2688.439450    0.108857
 2689.057860    0.119115
 2689.677980    0.130425
 2690.296880    0.142834
 2690.915770    0.156463
 2691.536380    0.171469
 2692.155270    0.187887
 2692.776370    0.205954
 2693.395750    0.225694
 2694.016850    0.247364
 2694.636720    0.271023
 2695.256590    0.296877
 2695.877930    0.325173
 2696.498050    0.355982
 2697.119870    0.389649
 2697.740480    0.426234
 2698.362550    0.466119
 2698.983400    0.509367
 2699.604250    0.556301
 2700.226810    0.607323
 2700.847900    0.662445
 2701.470700    0.722233
 2702.092040    0.786676
 2702.715330    0.856441
 2703.337160    0.931461
 2703.958980    1.012220
 2704.582520    1.099295
 2705.204830    1.192625
 2705.828370    1.292925
 2706.450930    1.400201
 2707.074950    1.515242
 2707.697750    1.637920
 2708.320800    1.768872
 2708.945310    1.908754
 2709.568360    2.057277
 2710.193360    2.215626
 2710.816650    2.383238
 2711.441890    2.561453
 2712.065670    2.749648
 2712.689450    2.948555
 2713.314940    3.159076
 2713.939210    3.380531
 2714.565190    3.614249
 2715.189450    3.859201
 2715.815670    4.117058
 2716.440430    4.386620
 2717.066890    4.669424
 2717.691890    4.964170
 2718.317140    5.271714
 2718.943850    5.592752
 2719.569340    5.925916
 2720.196530    6.272731
 2720.822270    6.631350
 2721.449710    7.003446
 2722.075680    7.386933
 2722.702150    7.782716
 2723.329830    8.190973
 2723.956300    8.609729
 2724.584470    9.040501
 2725.211430    9.480769
 2725.839600    9.931667
 2726.466800    10.390972
 2727.093990    10.858660
 2727.722900    11.335257
 2728.350340    11.817513
 2728.979490    12.306959
 2729.607420    12.800347
 2730.236820    13.298755
 2730.864750    13.798771
 2731.493160    14.300799
 2732.122800    14.804234
 2732.751460    15.306078
 2733.381590    15.806990
 2734.010500    16.303509
 2734.640870    16.796400
 2735.270020    17.282179
 2735.899410    17.760593
 2736.530270    18.231127
 2737.159670    18.690174
 2737.790770    19.138620
 2738.420650    19.572960
 2739.052250    19.993797
 2739.682370    20.397636
 2740.312500    20.784126
 2740.944340    21.152939
 2741.575200    21.501205
 2742.207280    21.828915
 2742.838130    22.133650
 2743.470460    22.415608
 2744.101560    22.672562
 2744.732910    22.904232
 2745.365970    23.110182
 2745.997310    23.288540
 2746.630860    23.439711
 2747.262700    23.562157
 2747.896000    23.656044
 2748.528080    23.720600
 2749.160640    23.755791
 2749.794430    23.761402
 2750.427000    23.737375
 2751.061280    23.683645
 2751.694090    23.600655
 2752.328610    23.488270
 2752.961910    23.347385
 2753.595210    23.178330
 2754.230220    22.981144
 2754.863770    22.757523
 2755.499020    22.507137
 2756.132810    22.232132
 2756.768550    21.931984
 2757.402590    21.609474
 2758.036870    21.264824
 2758.673100    20.898207
 2759.307620    20.512981
 2759.943850    20.108396
 2760.578860    19.687655
 2761.215330    19.250374
 2761.850590    18.799816
 2762.487550    18.335348
 2763.123050    17.860741
 2763.758790    17.376215
 2764.396000    16.882284
 2765.031980    16.382481
 2765.669430    15.876144
 2766.305910    15.366636
 2766.943600    14.853590
 2767.580320    14.340141
 2768.216800    13.827015
 2768.855220    13.313725
 2769.492190    12.804241
 2770.130860    12.297207
 2770.768070    11.796252
 2771.407230    11.299751
 2772.044680    10.811538
 2772.682130    10.331192
 2773.321780    9.857952
 2773.959720    9.395496
 2774.599370    8.942060
 2775.237550    8.500535
 2775.877690    8.069139
 2776.516360    7.650685
 2777.155030    7.244596
 2777.795170    6.850345
 2778.434330    6.469742
 2779.074950    6.101574
 2779.714360    5.747559
 2780.355470    5.406195
 2780.995120    5.079231
 2781.634770    4.765864
 2782.276120    4.465258
 2782.916260    4.178697
 2783.558110    3.904739
 2784.198490    3.644560
 2784.840330    3.396742
 2785.480960    3.162074
 2786.121830    2.939703
 2786.764400    2.728862
 2787.405270    2.530334
 2788.048100    2.342634
 2788.689450    2.166399
 2789.332520    2.000374
 2789.974370    1.844928
 2790.615970    1.699383
 2791.259770    1.562817
 2791.901610    1.435700
 2792.545410    1.316844
 2793.187990    1.206432
 2793.832030    1.103596
 2794.474850    1.008362
 2795.117680    0.920131
 2795.762210    0.838302
 2796.405520    0.762873
 2797.050290    0.693159
 2797.693600    0.629118
 2798.338870    0.570066
 2798.982420    0.516005
 2799.626460    0.466413
 2800.272220    0.420913
 2800.916260    0.379448
 2801.562260    0.341502
 2802.206790    0.307014
 2802.852780    0.275572
 2803.497560    0.247069
 2804.142580    0.221209
 2804.789310    0.197731
 2805.434330    0.176560
 2806.081300    0.157390
 2806.726810    0.140148
 2807.374020    0.124589
 2808.020020    0.110633
 2808.666020    0.098106
 2809.313480    0.086858
 2809.959960    0.076809
 2810.607910    0.067811
 2811.254390    0.059804
 2811.902830    0.052649
 2812.549560    0.046305
 2813.198240    0.040652
 2813.845210    0.035654
 2814.492680    0.031225
 2815.141600    0.027300
 2815.789310    0.023842
 2816.438720    0.020786
 2817.086430    0.018104
 2817.736080    0.015739
 2818.384520    0.013669
 2819.032710    0.011855
 2819.682620    0.010263
 2820.331300    0.008876
 2820.981930    0.007663
 2821.630620    0.006608
 2822.281490    0.005689
 2822.930660    0.004892
 2823.580080    0.004201
 2824.231200    0.003601
 2824.880860    0.003084
 2825.532230    0.002636
 2826.182370    0.002251
 2826.833980    0.001919
 2827.484380    0.001634
 2828.134770    0.001389
 2828.786870    0.001179
 2829.437740    0.000999
 2830.090090    0.000846
 2830.741210    0.000715
 2831.394040    0.000604
 2832.045410    0.000508
 2832.697020    0.000428
 2833.350100    0.000360
 2834.001950    0.000302
 2834.655520    0.000253
 2835.307620    0.000212
 2835.961180    0.000176
 2836.613770    0.000148
 2837.266360    0.000123
 2837.920410    0.000102
 2838.573490    0.000085
 2839.228030    0.000071
 2839.881100    0.000058
 2840.535890    0.000049
 2841.189450    0.000040
 2841.843020    0.000032
 2842.498540    0.000027
 2843.152340    0.000022
 2843.807860    0.000018
 2844.462160    0.000015
 2845.118160    0.000012
 2845.772710    0.000010
 2846.427250    0.000009
 2847.083740    0.000007
 2847.738770    0.000006
 2848.395260    0.000005
 2849.050540    0.000004
 2849.707760    0.000003
 2850.363280    0.000002
 2851.018800    0.000002
 2851.676270    0.000002
 2852.332280    0.000001
 2852.989990    0.000001
 2853.646480    0.000001
 2854.304440    0.000001
 2854.960940    0.000001
 2855.617920    0.000000
 2856.276370    0.000000
 2856.933350    0.000000
 2857.592290    0.000000
 2858.249760    0.000000
 2858.908940    0.000000
 2859.566650    0.000000
 2860.224370    0.000000
 2860.883790    0.000000
 2861.541750    0.000000
 2862.201900    0.000000
 2862.860350    0.000000
 2863.520510    0.000000
 2864.179200    0.000000
 2864.839840    0.000000
 2865.498780    0.000000
 2866.157960    0.000000
 2866.818850    0.000000
 2867.478520    0.000000
 2868.139650    0.000000
 2868.799320    0.000000
 2869.460940    0.000000
 2870.121090    0.000000
 2870.781490    0.000000
 2871.443360    0.000000
 2872.103760    0.000000
 2872.766360    0.000000
 2873.427000    0.000000
 2874.089600    0.000000
 2874.750730    0.000000
 2875.412110    0.000000
 2876.075440    0.000000
 2876.736820    0.000000
 2877.400390    0.000000
 2878.062260    0.000000
 2878.725830    0.000000
 2879.388180    0.000000
 2880.050540    0.000000
 2880.714600    0.000000
 2881.377440    0.000000
 2882.041750    0.000000
 2882.704830    0.000000
 2883.369380    0.000000
 2884.032960    0.000000
 2884.696530    0.000000
 2885.361330    0.000000
 2886.025390    0.000000
 2886.690920    0.000000
 2887.354980    0.000000
 2888.020510    0.000000
 2888.685060    0.000000
 2889.349610    0.000000
 2890.015870    0.000000
 2890.680910    0.000000
 2891.347410    0.000000
 2892.012700    0.000000
 2892.679200    0.000000
 2893.344970    0.000000
 2894.010500    0.000000
 2894.677730    0.000000
 2895.343510    0.000000
 2896.011470    0.000000
 2896.677490    0.000000
 2897.345460    0.000000
 2898.011960    0.000000
 2898.678960    0.000000
 2899.347170    0.000000
 2900.014160    0.000000
 2900.682860    0.000000
 2901.350100    0.000000
 2902.019530    0.000000
 2902.687010    0.000000
 2903.354740    0.000000
 2904.024410    0.000000
 2904.692380    0.000000
 2905.361820    0.000000
 2906.030520    0.000000
 2906.700680    0.000000
 2907.369140    0.000000
 2908.038090    0.000000
 2908.708500    0.000000
 2909.377930    0.000000
 2910.048830    0.000000
 2910.718260    0.000000
 2911.389650    0.000000
 2912.059330    0.000000
 2912.729250    0.000000
 2913.400630    0.000000
 2914.070800    0.000000
 2914.742920    0.000000
 2915.413570    0.000000
 2916.085690    0.000000
 2916.756590    0.000000
 2917.429200    0.000000
 2918.100340    0.000000
 2918.771730    0.000000
 2919.444580    0.000000
 2920.116210    0.000000
 2920.789550    0.000000
 2921.461670    0.000000
 2922.135500    0.000000
 2922.807370    0.000000
 2923.479740    0.000000
 2924.154050    0.000000
 2924.826660    0.000000
 2925.500980    0.000000
 2926.174070    0.000000
 2926.848880    0.000000
 2927.522220    0.000000
 2928.195800    0.000000
 2928.870850    0.000000
 2929.544920    0.000000
 2930.220460    0.000000
 2930.894530    0.000000
 2931.570310    0.000000
 2932.244630    0.000000
 2932.919190    0.000000
 2933.595700    0.000000
 2934.270260    0.000000
 2934.947270    0.000000
 2935.622310    0.000000
 2936.299070    0.000000
 2936.974850    0.000000
 2937.650390    0.000000
 2938.327880    0.000000
 2939.003660    0.000000
 2939.681400    0.000000
 2940.357670    0.000000
 2941.035640    0.000000
 2941.712160    0.000000
 2942.389160    0.000000
 2943.067630    0.000000
 2943.744630    0.000000
 2944.423580    0.000000
 2945.100830    0.000000
 2945.780030    0.000000
 2946.457760    0.000000
 2947.135500    0.000000
 2947.815190    0.000000
 2948.493410    0.000000
 2949.173100    0.000000
 2949.851560    0.000000
 2950.531980    0.000000
 2951.210450    0.000000
 2951.889650    0.000000
 2952.570070    0.000000
 2953.249270    0.000000
 2953.930660    0.000000
 2954.610110    0.000000
 2955.291500    0.000000
 2955.971190    0.000000
 2956.651120    0.000000
 2957.333010    0.000000
 2958.013180    0.000000
 2958.695560    0.000000
 2959.376220    0.000000
 2960.058350    0.000000
 2960.739500    0.000000
 2961.420410    0.000000
 2962.103520    0.000000
 2962.784910    0.000000
 2963.468020    0.000000
 2964.149900    0.000000
 2964.833500    0.000000
 2965.515380    0.000000
 2966.197750    0.000000
 2966.881590    0.000000
 2967.564210    0.000000
 2968.248540    0.000000
 2968.931150    0.000000
 2969.615720    0.000000
 2970.299070    0.000000
 2970.984130    0.000000
 2971.667480    0.000000
 2972.351070    0.000000
 2973.036620    0.000000
 2973.720700    0.000000
 2974.406250    0.000000
 2975.090580    0.000000
 2975.776610    0.000000
 2976.461180    0.000000
 2977.146000    0.000000
 2977.832280    0.000000
 2978.517580    0.000000
 2979.204350    0.000000
 2979.889650    0.000000
 2980.576660    0.000000
 2981.262210    0.000000
 2981.948240    0.000000
 2982.635990    0.000000
 2983.322020    0.000000
 2984.010010    0.000000
 2984.696530    0.000000
 2985.384770    0.000000
 2986.071530    0.000000
 2986.758540    0.000000
 2987.447270    0.000000
 2988.134770    0.000000
 2988.823490    0.000000
 2989.510990    0.000000
 2990.200440    0.000000
 2990.888180    0.000000
 2991.576170    0.000000
 2992.266360    0.000000
 2992.954830    0.000000
 2993.644780    0.000000
 2994.333500    0.000000
 2995.023930    0.000000
 2995.713130    0.000000
 2996.402100    0.000000
 2997.093020    0.000000
 2997.782710    0.000000
 2998.473880    0.000000
 2999.163570    0.000000
 2999.855470    0.000000
 3000.545410    0.000000
 3001.235600    0.000000
 3001.927730    0.000000
 3002.618410    0.000000
 3003.310550    0.000000
 3004.001710    0.000000
 3004.694340    0.000000
 3005.385740    0.000000
 3006.076900    0.000000
 3006.770020    0.000000
 3007.461670    0.000000
 3008.155270    0.000000
 3008.847410    0.000000
 3009.541260    0.000000
 3010.233400    0.000000
 3010.926270    0.000000
 3011.620360    0.000000
 3012.313230    0.000000
 3013.007810    0.000000
 3013.700930    0.000000
 3014.395750    0.000000
 3015.089360    0.000000
 3015.783200    0.000000
 3016.478270    0.000000
 3017.172610    0.000000
 3017.868160    0.000000
 3018.562260    0.000000
 3019.258540    0.000000
 3019.952880    0.000000
 3020.647950    0.000000
 3021.344480    0.000000
 3022.039310    0.000000
 3022.736330    0.000000
 3023.431640    0.000000
 3024.128660    0.000000
 3024.824460    0.000000
 3025.522220    0.000000
 3026.218020    0.000000
 3026.914310    0.000000
 3027.612300    0.000000
 3028.308840    0.000000
 3029.007080    0.000000
 3029.703860    0.000000
 3030.402590    0.000000
 3031.099850    0.000000
 3031.797120    0.000000
 3032.496090    0.000000
 3033.193600    0.000000
 3033.893310    0.000000
 3034.591060    0.000000
 3035.290770    0.000000
 3035.989010    0.000000
 3036.687740    0.000000
 3037.387700    0.000000
 3038.086670    0.000000
 3038.787350    0.000000
 3039.486080    0.000000
 3040.187260    0.000000
 3040.886470    0.000000
 3041.586180    0.000000
 3042.287350    0.000000
 3042.987550    0.000000
 3043.689210    0.000000
 3044.389160    0.000000
 3045.091060    0.000000
 3045.791750    0.000000
 3046.492430    0.000000
 3047.194820    0.000000
 3047.896000    0.000000
 3048.598880    0.000000
 3049.300050    0.000000
