 2653.384280    0.000000
 2653.996340    0.000000
 2654.606690    0.000000
 2655.217290    0.000000
 2655.829830    0.000000
 2656.440670    0.000000
 2657.053220    0.000000
 2657.664550    0.000000
 2658.277340    0.000000
 2658.888920    0.000000
 2659.500730    0.000000
 2660.114010    0.000000
 2660.725830    0.000000
 2661.339360    0.000000
 2661.951660    0.000000
 2662.565430    0.000000
 2663.177980    0.000000
 2663.790530    0.000000
 2664.404790    0.000000
 2665.017820    0.000000
 2665.632320    0.000000
 2666.245610    0.000000
 2666.860350    0.000000
 2667.473880    0.000000
 2668.089110    0.000000
 2668.702880    0.000000
 2669.316890    0.000000
 2669.932370    0.000000
 2670.546630    0.000000
 2671.162350    0.000000
 2671.776860    0.000000
 2672.393070    0.000000
 2673.007810    0.000000
 2673.622560    0.000000
 2674.239260    0.000000
 2674.854490    0.000000
 2675.471190    0.000000
 2676.086670    0.000000
 2676.703860    0.000000
 2677.319580    0.000000
 2677.935550    0.000000
 2678.552980    0.000000
 2679.169190    0.000000
 2679.786870    0.000000
 2680.403560    0.000000
 2681.021480    0.000000
 2681.638430    0.000000
 2682.255370    0.000000
 2682.873780    0.000000
 2683.490970    0.000000
 2684.109860    0.000000
 2684.727290    0.000000
 2685.346440    0.000000
 2685.964110    0.000000
 2686.582030    0.000000
 2687.201660    0.000000
 2687.819820    0.000000
 2688.439450    0.000000
 2689.057860    0.000000
 2689.677980    0.000000
 2690.296880    0.000000
 2690.915770    0.000000
 2691.536380    0.000000
 2692.155270    0.000000
 2692.776370    0.000000
 2693.395750    0.000000
 2694.016850    0.000000
 2694.636720    0.000000
 2695.256590    0.000000
 2695.877930    0.000000
 2696.498050    0.000000
 2697.119870    0.000000
 2697.740480    0.000000
 2698.362550    0.000000
 2698.983400    0.000000
 2699.604250    0.000000
 2700.226810    0.000000
 2700.847900    0.000000
 2701.470700    0.000000
 2702.092040    0.000000
 2702.715330    0.000000
 2703.337160    0.000000
 2703.958980    0.000000
 2704.582520    0.000000
 2705.204830    0.000000
 2705.828370    0.000000
 2706.450930    0.000000
 2707.074950    0.000000
 2707.697750    0.000000
 2708.320800    0.000000
 2708.945310    0.000000
 2709.568360    0.000000
 2710.193360    0.000000
 2710.816650    0.000000
 2711.441890    0.000000
 2712.065670    0.000000
 2712.689450    0.000000
 2713.314940    0.000000
 2713.939210    0.000000
 2714.565190    0.000000
 2715.189450    0.000000
 2715.815670    0.000000
 2716.440430    0.000000
 2717.066890    0.000000
 2717.691890    0.000000
 2718.317140    0.000000
 2718.943850    0.000000
 2719.569340    0.000000
 2720.196530    0.000000
 2720.822270    0.000000
 2721.449710    0.000000
 2722.075680    0.000000
 2722.702150    0.000000
 2723.329830    0.000000
 2723.956300    0.000000
 2724.584470    0.000000
 2725.211430    0.000000
 2725.839600    0.000000
 2726.466800    0.000000
 2727.093990    0.000000
 2727.722900    0.000000
 2728.350340    0.000000
 2728.979490    0.000000
 2729.607420    0.000000
 2730.236820    0.000000
 2730.864750    0.000000
 2731.493160    0.000000
 2732.122800    0.000000
 2732.751460    0.000000
 2733.381590    0.000000
 2734.010500    0.000000
 2734.640870    0.000000
 2735.270020    0.000000
 2735.899410    0.000000
 2736.530270    0.000000
 2737.159670    0.000000
 2737.790770    0.000000
 2738.420650    0.000000
 2739.052250    0.000000
 2739.682370    0.000000
 2740.312500    0.000000
 2740.944340    0.000000
 2741.575200    0.000000
 2742.207280    0.000000
 2742.838130    0.000000
 2743.470460    0.000000
 2744.101560    0.000000
 2744.732910    0.000000
 2745.365970    0.000000
 2745.997310    0.000000
 2746.630860    0.000000
 2747.262700    0.000000
 2747.896000    0.000000
 2748.528080    0.000000
 2749.160640    0.000000
 2749.794430    0.000000
 2750.427000    0.000000
 2751.061280    0.000000
 2751.694090    0.000000
 2752.328610    0.000000
 2752.961910    0.000000
 2753.595210    0.000000
 2754.230220    0.000000
 2754.863770    0.000000
 2755.499020    0.000000
 2756.132810    0.000000
 2756.768550    0.000000
 2757.402590    0.000000
 2758.036870    0.000000
 2758.673100    0.000000
 2759.307620    0.000000
 2759.943850    0.000000
 2760.578860    0.000000
 2761.215330    0.000000
 2761.850590    0.000000
 2762.487550    0.000000
 2763.123050    0.000000
 2763.758790    0.000000
 2764.396000    0.000000
 2765.031980    0.000000
 2765.669430    0.000000
 2766.305910    0.000000
 2766.943600    0.000000
 2767.580320    0.000000
 2768.216800    0.000000
 2768.855220    0.000000
 2769.492190    0.000000
 2770.130860    0.000000
 2770.768070    0.000000
 2771.407230    0.000000
 2772.044680    0.000000
 2772.682130    0.000000
 2773.321780    0.000000
 2773.959720    0.000000
 2774.599370    0.000000
 2775.237550    0.000000
 2775.877690    0.000000
 2776.516360    0.000000
 2777.155030    0.000000
 2777.795170    0.000000
 2778.434330    0.000000
 2779.074950    0.000000
 2779.714360    0.000000
 2780.355470    0.000000
 2780.995120    0.000000
 2781.634770    0.000000
 2782.276120    0.000000
 2782.916260    0.000000
 2783.558110    0.000000
 2784.198490    0.000000
 2784.840330    0.000000
 2785.480960    0.000000
 2786.121830    0.000000
 2786.764400    0.000000
 2787.405270    0.000000
 2788.048100    0.000000
 2788.689450    0.000000
 2789.332520    0.000000
 2789.974370    0.000000
 2790.615970    0.000000
 2791.259770    0.000000
 2791.901610    0.000000
 2792.545410    0.000000
 2793.187990    0.000000
 2793.832030    0.000000
 2794.474850    0.000000
 2795.117680    0.000000
 2795.762210    0.000000
 2796.405520    0.000000
 2797.050290    0.000000
 2797.693600    0.000000
 2798.338870    0.000000
 2798.982420    0.000000
 2799.626460    0.000000
 2800.272220    0.000000
 2800.916260    0.000000
 2801.562260    0.000000
 2802.206790    0.000000
 2802.852780    0.000000
 2803.497560    0.000000
 2804.142580    0.000000
 2804.789310    0.000000
 2805.434330    0.000000
 2806.081300    0.000000
 2806.726810    0.000000
 2807.374020    0.000000
 2808.020020    0.000000
 2808.666020    0.000000
 2809.313480    0.000000
 2809.959960    0.000000
 2810.607910    0.000000
 2811.254390    0.000000
 2811.902830    0.000000
 2812.549560    0.000000
 2813.198240    0.000000
 2813.845210    0.000000
 2814.492680    0.000000
 2815.141600    0.000000
 2815.789310    0.000000
 2816.438720    0.000000
 2817.086430    0.000000
 2817.736080    0.000000
 2818.384520    0.000000
 2819.032710    0.000000
 2819.682620    0.000000
 2820.331300    0.000000
 2820.981930    0.000000
 2821.630620    0.000000
 2822.281490    0.000000
 2822.930660    0.000000
 2823.580080    0.000000
 2824.231200    0.000000
 2824.880860    0.000000
 2825.532230    0.000000
 2826.182370    0.000000
 2826.833980    0.000000
 2827.484380    0.000000
 2828.134770    0.000000
 2828.786870    0.000000
 2829.437740    0.000000
 2830.090090    0.000000
 2830.741210    0.000000
 2831.394040    0.000001
 2832.045410    0.000001
 2832.697020    0.000001
 2833.350100    0.000001
 2834.001950    0.000001
 2834.655520    0.000002
 2835.307620    0.000002
 2835.961180    0.000002
 2836.613770    0.000003
 2837.266360    0.000003
 2837.920410    0.000004
 2838.573490    0.000005
 2839.228030    0.000006
 2839.881100    0.000007
 2840.535890    0.000009
 2841.189450    0.000010
 2841.843020    0.000012
 2842.498540    0.000014
 2843.152340    0.000017
 2843.807860    0.000021
 2844.462160    0.000025
 2845.118160    0.000031
 2845.772710    0.000036
 2846.427250    0.000043
 2847.083740    0.000051
 2847.738770    0.000061
 2848.395260    0.000073
 2849.050540    0.000087
 2849.707760    0.000104
 2850.363280    0.000123
 2851.018800    0.000146
 2851.676270    0.000174
 2852.332280    0.000205
 2852.989990    0.000242
 2853.646480    0.000286
 2854.304440    0.000339
 2854.960940    0.000399
 2855.617920    0.000469
 2856.276370    0.000552
 2856.933350    0.000649
 2857.592290    0.000761
 2858.249760    0.000893
 2858.908940    0.001045
 2859.566650    0.001222
 2860.224370    0.001428
 2860.883790    0.001666
 2861.541750    0.001942
 2862.201900    0.002261
 2862.860350    0.002629
 2863.520510    0.003055
 2864.179200    0.003544
 2864.839840    0.004108
 2865.498780    0.004755
 2866.157960    0.005497
 2866.818850    0.006350
 2867.478520    0.007323
 2868.139650    0.008438
 2868.799320    0.009708
 2869.460940    0.011160
 2870.121090    0.012809
 2870.781490    0.014683
 2871.443360    0.016815
 2872.103760    0.019227
 2872.766360    0.021967
 2873.427000    0.025054
 2874.089600    0.028550
 2874.750730    0.032481
 2875.412110    0.036907
 2876.075440    0.041896
 2876.736820    0.047480
 2877.400390    0.053757
 2878.062260    0.060762
 2878.725830    0.068611
 2879.388180    0.077350
 2880.050540    0.087084
 2880.714600    0.097939
 2881.377440    0.109970
 2882.041750    0.123341
 2882.704830    0.138115
 2883.369380    0.154482
 2884.032960    0.172518
 2884.696530    0.192388
 2885.361330    0.214286
 2886.025390    0.238309
 2886.690920    0.264709
 2887.354980    0.293546
 2888.020510    0.325130
 2888.685060    0.359539
 2889.349610    0.397017
 2890.015870    0.437875
 2890.680910    0.482149
 2891.347410    0.530235
 2892.012700    0.582165
 2892.679200    0.638350
 2893.344970    0.698857
 2894.010500    0.763949
 2894.677730    0.834059
 2895.343510    0.909081
 2896.011470    0.989659
 2896.677490    1.075515
 2897.345460    1.167360
 2898.011960    1.264936
 2898.678960    1.368707
 2899.347170    1.478990
 2900.014160    1.595546
 2900.682860    1.719045
 2901.350100    1.849032
 2902.019530    1.986343
 2902.687010    2.130216
 2903.354740    2.281157
 2904.024410    2.439623
 2904.692380    2.604753
 2905.361820    2.777307
 2906.030520    2.956669
 2906.700680    3.143347
 2907.369140    3.336330
 2908.038090    3.536071
 2908.708500    3.742691
 2909.377930    3.955209
 2910.048830    4.174133
 2910.718260    4.398199
 2911.389650    4.628210
 2912.059330    4.862533
 2912.729250    5.101418
 2913.400630    5.344874
 2914.070800    5.591446
 2914.742920    5.841801
 2915.413570    6.094135
 2916.085690    6.348996
 2916.756590    6.604789
 2917.429200    6.862039
 2918.100340    7.118932
 2918.771730    7.375509
 2919.444580    7.631619
 2920.116210    7.885626
 2920.789550    8.138022
 2921.461670    8.387108
 2922.135500    8.633376
 2922.807370    8.874923
 2923.479740    9.112092
 2924.154050    9.344857
 2924.826660    9.571461
 2925.500980    9.792601
 2926.174070    10.006891
 2926.848880    10.214879
 2927.522220    10.415251
 2928.195800    10.608246
 2928.870850    10.793941
 2929.544920    10.971464
 2930.220460    11.141305
 2930.894530    11.302627
 2931.570310    11.456140
 2932.244630    11.601115
 2932.919190    11.737987
 2933.595700    11.867153
 2934.270260    11.987992
 2934.947270    12.101455
 2935.622310    12.206997
 2936.299070    12.305431
 2936.974850    12.396618
 2937.650390    12.480956
 2938.327880    12.558999
 2939.003660    12.630639
 2939.681400    12.696590
 2940.357670    12.756842
 2941.035640    12.812003
 2941.712160    12.862145
 2942.389160    12.907736
 2943.067630    12.949124
 2943.744630    12.986424
 2944.423580    13.020081
 2945.100830    13.050155
 2945.780030    13.077021
 2946.457760    13.100729
 2947.135500    13.121490
 2947.815190    13.139478
 2948.493410    13.154688
 2949.173100    13.167238
 2949.851560    13.177098
 2950.531980    13.184298
 2951.210450    13.188756
 2951.889650    13.190413
 2952.570070    13.189152
 2953.249270    13.184853
 2953.930660    13.177321
 2954.610110    13.166424
 2955.291500    13.151899
 2955.971190    13.133608
 2956.651120    13.111282
 2957.333010    13.084611
 2958.013180    13.053491
 2958.695560    13.017493
 2959.376220    12.976576
 2960.058350    12.930310
 2960.739500    12.878625
 2961.420410    12.821260
 2962.103520    12.757773
 2962.784910    12.688334
 2963.468020    12.612420
 2964.149900    12.530198
 2964.833500    12.441178
 2965.515380    12.345698
 2966.197750    12.243391
 2966.881590    12.134028
 2967.564210    12.018008
 2968.248540    11.894827
 2968.931150    11.765132
 2969.615720    11.628279
 2970.299070    11.484977
 2970.984130    11.334720
 2971.667480    11.178392
 2972.351070    11.015737
 2973.036620    10.846504
 2973.720700    10.671743
 2974.406250    10.490943
 2975.090580    10.305064
 2975.776610    10.113583
 2976.461180    9.917672
 2977.146000    9.717166
 2977.832280    9.512016
 2978.517580    9.303285
 2979.204350    9.090571
 2979.889650    8.875145
 2980.576660    8.656371
 2981.262210    8.435634
 2981.948240    8.212683
 2982.635990    7.987498
 2983.322020    7.761579
 2984.010010    7.534103
 2984.696530    7.306584
 2985.384770    7.078347
 2986.071530    6.850822
 2986.758540    6.623810
 2987.447270    6.397194
 2988.134770    6.172296
 2988.823490    5.948664
 2989.510990    5.727427
 2990.200440    5.507892
 2990.888180    5.291538
 2991.576170    5.078044
 2992.266360    4.867104
 2992.954830    4.660186
 2993.644780    4.456590
 2994.333500    4.257348
 2995.023930    4.061839
 2995.713130    3.871102
 2996.402100    3.685038
 2997.093020    3.503239
 2997.782710    3.326696
 2998.473880    3.154859
 2999.163570    2.988564
 2999.855470    2.827034
 3000.545410    2.671314
 3001.235600    2.520946
 3001.927730    2.375620
 3002.618410    2.236084
 3003.310550    2.101748
 3004.001710    1.973082
 3004.694340    1.849606
 3005.385740    1.731759
 3006.076900    1.619300
 3006.770020    1.511820
 3007.461670    1.409770
 3008.155270    1.312554
 3008.847410    1.220551
 3009.541260    1.133224
 3010.233400    1.050877
 3010.926270    0.973074
 3011.620360    0.899641
 3012.313230    0.830688
 3013.007810    0.765778
 3013.700930    0.705051
 3014.395750    0.648074
 3015.089360    0.594929
 3015.783200    0.545333
 3016.478270    0.499065
 3017.172610    0.456097
 3017.868160    0.416146
 3018.562260    0.379209
 3019.258540    0.344934
 3019.952880    0.313372
 3020.647950    0.284244
 3021.344480    0.257382
 3022.039310    0.232765
 3022.736330    0.210115
 3023.431640    0.189430
 3024.128660    0.170477
 3024.824460    0.153214
 3025.522220    0.137446
 3026.218020    0.123149
 3026.914310    0.110161
 3027.612300    0.098362
 3028.308840    0.087712
 3029.007080    0.078072
 3029.703860    0.069399
 3030.402590    0.061573
 3031.099850    0.054557
 3031.797120    0.048265
 3032.496090    0.042619
 3033.193600    0.037582
 3033.893310    0.033076
 3034.591060    0.029075
 3035.290770    0.025507
 3035.989010    0.022347
 3036.687740    0.019547
 3037.387700    0.017065
 3038.086670    0.014878
 3038.787350    0.012946
 3039.486080    0.011250
 3040.187260    0.009757
 3040.886470    0.008451
 3041.586180    0.007308
 3042.287350    0.006307
 3042.987550    0.005435
 3043.689210    0.004675
 3044.389160    0.004016
 3045.091060    0.003443
 3045.791750    0.002948
 3046.492430    0.002520
 3047.194820    0.002149
 3047.896000    0.001830
 3048.598880    0.001556
 3049.300050    0.001321
