 2653.384280    0.000000
 2653.996340    0.000000
 2654.606690    0.000000
 2655.217290    0.000000
 2655.829830    0.000000
 2656.440670    0.000000
 2657.053220    0.000000
 2657.664550    0.000000
 2658.277340    0.000000
 2658.888920    0.000000
 2659.500730    0.000000
 2660.114010    0.000000
 2660.725830    0.000000
 2661.339360    0.000000
 2661.951660    0.000000
 2662.565430    0.000000
 2663.177980    0.000000
 2663.790530    0.000000
 2664.404790    0.000000
 2665.017820    0.000000
 2665.632320    0.000000
 2666.245610    0.000000
 2666.860350    0.000000
 2667.473880    0.000000
 2668.089110    0.000000
 2668.702880    0.000000
 2669.316890    0.000000
 2669.932370    0.000000
 2670.546630    0.000000
 2671.162350    0.000000
 2671.776860    0.000000
 2672.393070    0.000000
 2673.007810    0.000000
 2673.622560    0.000000
 2674.239260    0.000000
 2674.854490    0.000000
 2675.471190    0.000000
 2676.086670    0.000000
 2676.703860    0.000000
 2677.319580    0.000000
 2677.935550    0.000000
 2678.552980    0.000000
 2679.169190    0.000000
 2679.786870    0.000000
 2680.403560    0.000000
 2681.021480    0.000000
 2681.638430    0.000000
 2682.255370    0.000000
 2682.873780    0.000000
 2683.490970    0.000000
 2684.109860    0.000000
 2684.727290    0.000000
 2685.346440    0.000000
 2685.964110    0.000000
 2686.582030    0.000000
 2687.201660    0.000000
 2687.819820    0.000000
 2688.439450    0.000000
 2689.057860    0.000000
 2689.677980    0.000000
 2690.296880    0.000000
 2690.915770    0.000000
 2691.536380    0.000000
 2692.155270    0.000000
 2692.776370    0.000000
 2693.395750    0.000000
 2694.016850    0.000000
 2694.636720    0.000000
 2695.256590    0.000000
 2695.877930    0.000000
 2696.498050    0.000000
 2697.119870    0.000000
 2697.740480    0.000000
 2698.362550    0.000000
 2698.983400    0.000000
 2699.604250    0.000000
 2700.226810    0.000000
 2700.847900    0.000000
 2701.470700    0.000000
 2702.092040    0.000000
 2702.715330    0.000000
 2703.337160    0.000000
 2703.958980    0.000000
 2704.582520    0.000000
 2705.204830    0.000000
 2705.828370    0.000000
 2706.450930    0.000000
 2707.074950    0.000000
 2707.697750    0.000000
 2708.320800    0.000000
 2708.945310    0.000000
 2709.568360    0.000000
 2710.193360    0.000000
 2710.816650    0.000000
 2711.441890    0.000000
 2712.065670    0.000000
 2712.689450    0.000000
 2713.314940    0.000000
 2713.939210    0.000000
 2714.565190    0.000000
 2715.189450    0.000000
 2715.815670    0.000000
 2716.440430    0.000000
 2717.066890    0.000000
 2717.691890    0.000000
 2718.317140    0.000000
 2718.943850    0.000000
 2719.569340    0.000000
 2720.196530    0.000000
 2720.822270    0.000000
 2721.449710    0.000000
 2722.075680    0.000000
 2722.702150    0.000000
 2723.329830    0.000000
 2723.956300    0.000000
 2724.584470    0.000000
 2725.211430    0.000000
 2725.839600    0.000000
 2726.466800    0.000000
 2727.093990    0.000000
 2727.722900    0.000000
 2728.350340    0.000000
 2728.979490    0.000000
 2729.607420    0.000000
 2730.236820    0.000000
 2730.864750    0.000000
 2731.493160    0.000000
 2732.122800    0.000000
 2732.751460    0.000000
 2733.381590    0.000000
 2734.010500    0.000000
 2734.640870    0.000000
 2735.270020    0.000000
 2735.899410    0.000000
 2736.530270    0.000000
 2737.159670    0.000000
 2737.790770    0.000000
 2738.420650    0.000000
 2739.052250    0.000000
 2739.682370    0.000000
 2740.312500    0.000000
 2740.944340    0.000000
 2741.575200    0.000000
 2742.207280    0.000000
 2742.838130    0.000000
 2743.470460    0.000000
 2744.101560    0.000000
 2744.732910    0.000000
 2745.365970    0.000000
 2745.997310    0.000000
 2746.630860    0.000000
 2747.262700    0.000000
 2747.896000    0.000000
 2748.528080    0.000000
 2749.160640    0.000000
 2749.794430    0.000000
 2750.427000    0.000000
 2751.061280    0.000000
 2751.694090    0.000000
 2752.328610    0.000000
 2752.961910    0.000000
 2753.595210    0.000000
 2754.230220    0.000000
 2754.863770    0.000000
 2755.499020    0.000000
 2756.132810    0.000000
 2756.768550    0.000000
 2757.402590    0.000000
 2758.036870    0.000000
 2758.673100    0.000000
 2759.307620    0.000000
 2759.943850    0.000000
 2760.578860    0.000000
 2761.215330    0.000000
 2761.850590    0.000000
 2762.487550    0.000000
 2763.123050    0.000000
 2763.758790    0.000000
 2764.396000    0.000000
 2765.031980    0.000000
 2765.669430    0.000000
 2766.305910    0.000000
 2766.943600    0.000000
 2767.580320    0.000000
 2768.216800    0.000000
 2768.855220    0.000000
 2769.492190    0.000000
 2770.130860    0.000000
 2770.768070    0.000000
 2771.407230    0.000000
 2772.044680    0.000000
 2772.682130    0.000000
 2773.321780    0.000000
 2773.959720    0.000000
 2774.599370    0.000000
 2775.237550    0.000000
 2775.877690    0.000000
 2776.516360    0.000000
 2777.155030    0.000000
 2777.795170    0.000000
 2778.434330    0.000000
 2779.074950    0.000000
 2779.714360    0.000000
 2780.355470    0.000000
 2780.995120    0.000000
 2781.634770    0.000000
 2782.276120    0.000000
 2782.916260    0.000000
 2783.558110    0.000000
 2784.198490    0.000000
 2784.840330    0.000000
 2785.480960    0.000000
 2786.121830    0.000000
 2786.764400    0.000000
 2787.405270    0.000000
 2788.048100    0.000000
 2788.689450    0.000000
 2789.332520    0.000000
 2789.974370    0.000000
 2790.615970    0.000000
 2791.259770    0.000000
 2791.901610    0.000000
 2792.545410    0.000000
 2793.187990    0.000000
 2793.832030    0.000000
 2794.474850    0.000000
 2795.117680    0.000000
 2795.762210    0.000000
 2796.405520    0.000000
 2797.050290    0.000000
 2797.693600    0.000000
 2798.338870    0.000000
 2798.982420    0.000000
 2799.626460    0.000000
 2800.272220    0.000000
 2800.916260    0.000000
 2801.562260    0.000000
 2802.206790    0.000000
 2802.852780    0.000000
 2803.497560    0.000000
 2804.142580    0.000000
 2804.789310    0.000000
 2805.434330    0.000000
 2806.081300    0.000000
 2806.726810    0.000000
 2807.374020    0.000000
 2808.020020    0.000000
 2808.666020    0.000000
 2809.313480    0.000000
 2809.959960    0.000000
 2810.607910    0.000000
 2811.254390    0.000000
 2811.902830    0.000000
 2812.549560    0.000000
 2813.198240    0.000000
 2813.845210    0.000000
 2814.492680    0.000000
 2815.141600    0.000000
 2815.789310    0.000000
 2816.438720    0.000000
 2817.086430    0.000000
 2817.736080    0.000000
 2818.384520    0.000000
 2819.032710    0.000000
 2819.682620    0.000000
 2820.331300    0.000000
 2820.981930    0.000000
 2821.630620    0.000000
 2822.281490    0.000000
 2822.930660    0.000000
 2823.580080    0.000000
 2824.231200    0.000000
 2824.880860    0.000000
 2825.532230    0.000000
 2826.182370    0.000000
 2826.833980    0.000000
 2827.484380    0.000000
 2828.134770    0.000000
 2828.786870    0.000000
 2829.437740    0.000000
 2830.090090    0.000000
 2830.741210    0.000000
 2831.394040    0.000000
 2832.045410    0.000000
 2832.697020    0.000000
 2833.350100    0.000000
 2834.001950    0.000000
 2834.655520    0.000000
 2835.307620    0.000000
 2835.961180    0.000000
 2836.613770    0.000000
 2837.266360    0.000000
 2837.920410    0.000000
 2838.573490    0.000000
 2839.228030    0.000000
 2839.881100    0.000000
 2840.535890    0.000000
 2841.189450    0.000001
 2841.843020    0.000001
 2842.498540    0.000001
 2843.152340    0.000001
 2843.807860    0.000001
 2844.462160    0.000001
 2845.118160    0.000001
 2845.772710    0.000002
 2846.427250    0.000002
 2847.083740    0.000002
 2847.738770    0.000003
 2848.395260    0.000003
 2849.050540    0.000004
 2849.707760    0.000005
 2850.363280    0.000006
 2851.018800    0.000007
 2851.676270    0.000008
 2852.332280    0.000009
 2852.989990    0.000010
 2853.646480    0.000012
 2854.304440    0.000014
 2854.960940    0.000016
 2855.617920    0.000019
 2856.276370    0.000023
 2856.933350    0.000027
 2857.592290    0.000031
 2858.249760    0.000036
 2858.908940    0.000042
 2859.566650    0.000049
 2860.224370    0.000056
 2860.883790    0.000066
 2861.541750    0.000076
 2862.201900    0.000088
 2862.860350    0.000102
 2863.520510    0.000117
 2864.179200    0.000135
 2864.839840    0.000156
 2865.498780    0.000179
 2866.157960    0.000207
 2866.818850    0.000237
 2867.478520    0.000273
 2868.139650    0.000313
 2868.799320    0.000359
 2869.460940    0.000410
 2870.121090    0.000469
 2870.781490    0.000535
 2871.443360    0.000611
 2872.103760    0.000696
 2872.766360    0.000792
 2873.427000    0.000901
 2874.089600    0.001024
 2874.750730    0.001163
 2875.412110    0.001317
 2876.075440    0.001492
 2876.736820    0.001688
 2877.400390    0.001908
 2878.062260    0.002154
 2878.725830    0.002430
 2879.388180    0.002737
 2880.050540    0.003079
 2880.714600    0.003463
 2881.377440    0.003889
 2882.041750    0.004363
 2882.704830    0.004889
 2883.369380    0.005475
 2884.032960    0.006123
 2884.696530    0.006840
 2885.361330    0.007634
 2886.025390    0.008511
 2886.690920    0.009480
 2887.354980    0.010546
 2888.020510    0.011722
 2888.685060    0.013013
 2889.349610    0.014430
 2890.015870    0.015990
 2890.680910    0.017695
 2891.347410    0.019567
 2892.012700    0.021608
 2892.679200    0.023842
 2893.344970    0.026276
 2894.010500    0.028927
 2894.677730    0.031818
 2895.343510    0.034955
 2896.011470    0.038372
 2896.677490    0.042068
 2897.345460    0.046082
 2898.011960    0.050416
 2898.678960    0.055103
 2899.347170    0.060172
 2900.014160    0.065629
 2900.682860    0.071520
 2901.350100    0.077845
 2902.019530    0.084662
 2902.687010    0.091960
 2903.354740    0.099785
 2904.024410    0.108190
 2904.692380    0.117156
 2905.361820    0.126757
 2906.030520    0.136992
 2906.700680    0.147924
 2907.369140    0.159536
 2908.038090    0.171893
 2908.708500    0.185049
 2909.377930    0.198989
 2910.048830    0.213796
 2910.718260    0.229439
 2911.389650    0.246029
 2912.059330    0.263510
 2912.729250    0.281960
 2913.400630    0.301450
 2914.070800    0.321931
 2914.742920    0.343534
 2915.413570    0.366179
 2916.085690    0.389996
 2916.756590    0.414916
 2917.429200    0.441079
 2918.100340    0.468389
 2918.771730    0.496935
 2919.444580    0.526799
 2920.116210    0.557887
 2920.789550    0.590358
 2921.461670    0.624091
 2922.135500    0.659257
 2922.807370    0.695680
 2923.479740    0.733505
 2924.154050    0.772840
 2924.826660    0.813485
 2925.500980    0.855661
 2926.174070    0.899199
 2926.848880    0.944302
 2927.522220    0.990768
 2928.195800    1.038724
 2928.870850    1.088269
 2929.544920    1.139237
 2930.220460    1.191823
 2930.894530    1.245808
 2931.570310    1.301454
 2932.244630    1.358511
 2932.919190    1.417130
 2933.595700    1.477479
 2934.270260    1.539220
 2934.947270    1.602769
 2935.622310    1.667730
 2936.299070    1.734473
 2936.974850    1.802751
 2937.650390    1.872654
 2938.327880    1.944439
 2939.003660    2.017742
 2939.681400    2.092989
 2940.357670    2.169833
 2941.035640    2.248666
 2941.712160    2.329157
 2942.389160    2.411571
 2943.067630    2.496076
 2943.744630    2.582350
 2944.423580    2.670877
 2945.100830    2.761230
 2945.780030    2.853949
 2946.457760    2.948620
 2947.135500    3.045497
 2947.815190    3.144922
 2948.493410    3.246455
 2949.173100    3.350591
 2949.851560    3.456975
 2950.531980    3.566164
 2951.210450    3.677587
 2951.889650    3.791727
 2952.570070    3.908728
 2953.249270    4.028215
 2953.930660    4.150836
 2954.610110    4.275882
 2955.291500    4.404101
 2955.971190    4.534828
 2956.651120    4.668444
 2957.333010    4.805305
 2958.013180    4.944673
 2958.695560    5.087337
 2959.376220    5.232458
 2960.058350    5.380672
 2960.739500    5.531401
 2961.420410    5.684734
 2962.103520    5.841152
 2962.784910    5.999668
 2963.468020    6.160966
 2964.149900    6.324228
 2964.833500    6.490015
 2965.515380    6.657335
 2966.197750    6.826543
 2966.881590    6.997692
 2967.564210    7.169896
 2968.248540    7.343663
 2968.931150    7.517875
 2969.615720    7.693203
 2970.299070    7.868548
 2970.984130    8.044366
 2971.667480    8.219463
 2972.351070    8.394013
 2973.036620    8.568108
 2973.720700    8.740520
 2974.406250    8.911624
 2975.090580    9.080371
 2975.776610    9.247096
 2976.461180    9.410635
 2977.146000    9.571006
 2977.832280    9.728081
 2978.517580    9.880895
 2979.204350    10.029581
 2979.889650    10.173103
 2980.576660    10.311725
 2981.262210    10.444409
 2981.948240    10.571160
 2982.635990    10.691793
 2983.322020    10.805346
 2984.010010    10.912065
 2984.696530    11.011070
 2985.384770    11.102497
 2986.071530    11.185610
 2986.758540    11.260356
 2987.447270    11.326592
 2988.134770    11.383788
 2988.823490    11.431928
 2989.510990    11.470650
 2990.200440    11.499950
 2990.888180    11.519531
 2991.576170    11.529369
 2992.266360    11.529357
 2992.954830    11.519430
 2993.644780    11.499524
 2994.333500    11.469720
 2995.023930    11.429914
 2995.713130    11.380330
 2996.402100    11.321024
 2997.093020    11.251892
 2997.782710    11.173389
 2998.473880    11.085385
 2999.163570    10.988455
 2999.855470    10.882302
 3000.545410    10.767816
 3001.235600    10.644938
 3001.927730    10.513630
 3002.618410    10.374848
 3003.310550    10.228347
 3004.001710    10.074991
 3004.694340    9.914607
 3005.385740    9.748199
 3006.076900    9.575952
 3006.770020    9.397705
 3007.461670    9.214751
 3008.155270    9.026608
 3008.847410    8.834628
 3009.541260    8.638365
 3010.233400    8.439220
 3010.926270    8.236935
 3011.620360    8.031791
 3012.313230    7.824938
 3013.007810    7.615929
 3013.700930    7.406137
 3014.395750    7.195014
 3015.089360    6.983853
 3015.783200    6.772603
 3016.478270    6.561347
 3017.172610    6.351048
 3017.868160    6.141475
 3018.562260    5.933774
 3019.258540    5.727180
 3019.952880    5.523237
 3020.647950    5.321443
 3021.344480    5.121874
 3022.039310    4.925699
 3022.736330    4.732060
 3023.431640    4.542271
 3024.128660    4.355606
 3024.824460    4.173041
 3025.522220    3.993922
 3026.218020    3.819403
 3026.914310    3.648995
 3027.612300    3.482539
 3028.308840    3.320893
 3029.007080    3.163410
 3029.703860    3.010875
 3030.402590    2.862599
 3031.099850    2.719350
 3031.797120    2.580835
 3032.496090    2.446742
 3033.193600    2.317679
 3033.893310    2.192959
 3034.591060    2.073298
 3035.290770    1.957985
 3035.989010    1.847540
 3036.687740    1.741585
 3037.387700    1.639956
 3038.086670    1.542900
 3038.787350    1.449967
 3039.486080    1.361548
 3040.187260    1.276997
 3040.886470    1.196744
 3041.586180    1.120390
 3042.287350    1.047734
 3042.987550    0.978919
 3043.689210    0.913591
 3044.389160    0.851925
 3045.091060    0.793477
 3045.791750    0.738398
 3046.492430    0.686457
 3047.194820    0.637417
 3047.896000    0.591363
 3048.598880    0.547983
 3049.300050    0.507368
