 2653.384280    0.000000
 2653.996340    0.000000
 2654.606690    0.000000
 2655.217290    0.000000
 2655.829830    0.000000
 2656.440670    0.000000
 2657.053220    0.000000
 2657.664550    0.000000
 2658.277340    0.000000
 2658.888920    0.000000
 2659.500730    0.000000
 2660.114010    0.000000
 2660.725830    0.000000
 2661.339360    0.000000
 2661.951660    0.000000
 2662.565430    0.000000
 2663.177980    0.000000
 2663.790530    0.000000
 2664.404790    0.000000
 2665.017820    0.000000
 2665.632320    0.000000
 2666.245610    0.000000
 2666.860350    0.000000
 2667.473880    0.000000
 2668.089110    0.000000
 2668.702880    0.000000
 2669.316890    0.000000
 2669.932370    0.000000
 2670.546630    0.000000
 2671.162350    0.000000
 2671.776860    0.000000
 2672.393070    0.000000
 2673.007810    0.000000
 2673.622560    0.000000
 2674.239260    0.000000
 2674.854490    0.000000
 2675.471190    0.000000
 2676.086670    0.000000
 2676.703860    0.000000
 2677.319580    0.000000
 2677.935550    0.000000
 2678.552980    0.000000
 2679.169190    0.000000
 2679.786870    0.000000
 2680.403560    0.000000
 2681.021480    0.000000
 2681.638430    0.000000
 2682.255370    0.000000
 2682.873780    0.000000
 2683.490970    0.000000
 2684.109860    0.000000
 2684.727290    0.000000
 2685.346440    0.000000
 2685.964110    0.000000
 2686.582030    0.000000
 2687.201660    0.000000
 2687.819820    0.000000
 2688.439450    0.000000
 2689.057860    0.000000
 2689.677980    0.000000
 2690.296880    0.000000
 2690.915770    0.000000
 2691.536380    0.000000
 2692.155270    0.000000
 2692.776370    0.000000
 2693.395750    0.000000
 2694.016850    0.000000
 2694.636720    0.000000
 2695.256590    0.000000
 2695.877930    0.000000
 2696.498050    0.000000
 2697.119870    0.000000
 2697.740480    0.000000
 2698.362550    0.000000
 2698.983400    0.000000
 2699.604250    0.000000
 2700.226810    0.000000
 2700.847900    0.000000
 2701.470700    0.000000
 2702.092040    0.000000
 2702.715330    0.000000
 2703.337160    0.000000
 2703.958980    0.000000
 2704.582520    0.000000
 2705.204830    0.000001
 2705.828370    0.000001
 2706.450930    0.000001
 2707.074950    0.000001
 2707.697750    0.000001
 2708.320800    0.000001
 2708.945310    0.000001
 2709.568360    0.000001
 2710.193360    0.000001
 2710.816650    0.000001
 2711.441890    0.000001
 2712.065670    0.000001
 2712.689450    0.000002
 2713.314940    0.000002
 2713.939210    0.000002
 2714.565190    0.000002
 2715.189450    0.000002
 2715.815670    0.000002
 2716.440430    0.000003
 2717.066890    0.000003
 2717.691890    0.000003
 2718.317140    0.000004
 2718.943850    0.000004
 2719.569340    0.000004
 2720.196530    0.000005
 2720.822270    0.000005
 2721.449710    0.000006
 2722.075680    0.000006
 2722.702150    0.000007
 2723.329830    0.000007
 2723.956300    0.000008
 2724.584470    0.000009
 2725.211430    0.000009
 2725.839600    0.000010
 2726.466800    0.000010
 2727.093990    0.000011
 2727.722900    0.000012
 2728.350340    0.000013
 2728.979490    0.000015
 2729.607420    0.000016
 2730.236820    0.000018
 2730.864750    0.000019
 2731.493160    0.000021
 2732.122800    0.000023
 2732.751460    0.000025
 2733.381590    0.000027
 2734.010500    0.000030
 2734.640870    0.000031
 2735.270020    0.000034
 2735.899410    0.000037
 2736.530270    0.000041
 2737.159670    0.000044
 2737.790770    0.000048
 2738.420650    0.000051
 2739.052250    0.000056
 2739.682370    0.000061
 2740.312500    0.000066
 2740.944340    0.000072
 2741.575200    0.000078
 2742.207280    0.000084
 2742.838130    0.000092
 2743.470460    0.000099
 2744.101560    0.000107
 2744.732910    0.000115
 2745.365970    0.000125
 2745.997310    0.000135
 2746.630860    0.000147
 2747.262700    0.000158
 2747.896000    0.000172
 2748.528080    0.000185
 2749.160640    0.000200
 2749.794430    0.000216
 2750.427000    0.000234
 2751.061280    0.000252
 2751.694090    0.000272
 2752.328610    0.000293
 2752.961910    0.000317
 2753.595210    0.000341
 2754.230220    0.000368
 2754.863770    0.000397
 2755.499020    0.000427
 2756.132810    0.000460
 2756.768550    0.000496
 2757.402590    0.000534
 2758.036870    0.000574
 2758.673100    0.000618
 2759.307620    0.000666
 2759.943850    0.000715
 2760.578860    0.000770
 2761.215330    0.000828
 2761.850590    0.000890
 2762.487550    0.000956
 2763.123050    0.001027
 2763.758790    0.001102
 2764.396000    0.001184
 2765.031980    0.001271
 2765.669430    0.001365
 2766.305910    0.001464
 2766.943600    0.001571
 2767.580320    0.001684
 2768.216800    0.001805
 2768.855220    0.001935
 2769.492190    0.002073
 2770.130860    0.002222
 2770.768070    0.002379
 2771.407230    0.002548
 2772.044680    0.002728
 2772.682130    0.002919
 2773.321780    0.003123
 2773.959720    0.003341
 2774.599370    0.003572
 2775.237550    0.003819
 2775.877690    0.004083
 2776.516360    0.004363
 2777.155030    0.004661
 2777.795170    0.004977
 2778.434330    0.005315
 2779.074950    0.005673
 2779.714360    0.006055
 2780.355470    0.006460
 2780.995120    0.006890
 2781.634770    0.007347
 2782.276120    0.007833
 2782.916260    0.008348
 2783.558110    0.008897
 2784.198490    0.009477
 2784.840330    0.010094
 2785.480960    0.010746
 2786.121830    0.011437
 2786.764400    0.012173
 2787.405270    0.012949
 2788.048100    0.013774
 2788.689450    0.014646
 2789.332520    0.015571
 2789.974370    0.016547
 2790.615970    0.017580
 2791.259770    0.018677
 2791.901610    0.019832
 2792.545410    0.021057
 2793.187990    0.022349
 2793.832030    0.023717
 2794.474850    0.025159
 2795.117680    0.026681
 2795.762210    0.028293
 2796.405520    0.029989
 2797.050290    0.031783
 2797.693600    0.033670
 2798.338870    0.035667
 2798.982420    0.037766
 2799.626460    0.039978
 2800.272220    0.042315
 2800.916260    0.044770
 2801.562260    0.047363
 2802.206790    0.050085
 2802.852780    0.052956
 2803.497560    0.055970
 2804.142580    0.059141
 2804.789310    0.062484
 2805.434330    0.065988
 2806.081300    0.069679
 2806.726810    0.073549
 2807.374020    0.077624
 2808.020020    0.081894
 2808.666020    0.086374
 2809.313480    0.091085
 2809.959960    0.096021
 2810.607910    0.101207
 2811.254390    0.106631
 2811.902830    0.112333
 2812.549560    0.118291
 2813.198240    0.124551
 2813.845210    0.131087
 2814.492680    0.137935
 2815.141600    0.145117
 2815.789310    0.152616
 2816.438720    0.160480
 2817.086430    0.168680
 2817.736080    0.177278
 2818.384520    0.186245
 2819.032710    0.195609
 2819.682620    0.205414
 2820.331300    0.215631
 2820.981930    0.226327
 2821.630620    0.237453
 2822.281490    0.249100
 2822.930660    0.261212
 2823.580080    0.273845
 2824.231200    0.287044
 2824.880860    0.300765
 2825.532230    0.315094
 2826.182370    0.329988
 2826.833980    0.345525
 2827.484380    0.361665
 2828.134770    0.378454
 2828.786870    0.395961
 2829.437740    0.414130
 2830.090090    0.433058
 2830.741210    0.452688
 2831.394040    0.473134
 2832.045410    0.494320
 2832.697020    0.516321
 2833.350100    0.539206
 2834.001950    0.562906
 2834.655520    0.587554
 2835.307620    0.613053
 2835.961180    0.639546
 2836.613770    0.666960
 2837.266360    0.695358
 2837.920410    0.724835
 2838.573490    0.755310
 2839.228030    0.786922
 2839.881100    0.819559
 2840.535890    0.853408
 2841.189450    0.888346
 2841.843020    0.924461
 2842.498540    0.961898
 2843.152340    1.000474
 2843.807860    1.040421
 2844.462160    1.081589
 2845.118160    1.124193
 2845.772710    1.168058
 2846.427250    1.213305
 2847.083740    1.260104
 2847.738770    1.308243
 2848.395260    1.357965
 2849.050540    1.409099
 2849.707760    1.461920
 2850.363280    1.516165
 2851.018800    1.571998
 2851.676270    1.629620
 2852.332280    1.688762
 2852.989990    1.749738
 2853.646480    1.812307
 2854.304440    1.876752
 2854.960940    1.942813
 2855.617920    2.010708
 2856.276370    2.080573
 2856.933350    2.152122
 2857.592290    2.225753
 2858.249760    2.301112
 2858.908940    2.378587
 2859.566650    2.457827
 2860.224370    2.539025
 2860.883790    2.622422
 2861.541750    2.707636
 2862.201900    2.795166
 2862.860350    2.884514
 2863.520510    2.976161
 2864.179200    3.069686
 2864.839840    3.165589
 2865.498780    3.263358
 2866.157960    3.363285
 2866.818850    3.465615
 2867.478520    3.569908
 2868.139650    3.676599
 2868.799320    3.785223
 2869.460940    3.896351
 2870.121090    4.009419
 2870.781490    4.124714
 2871.443360    4.242463
 2872.103760    4.362142
 2872.766360    4.484421
 2873.427000    4.608530
 2874.089600    4.735198
 2874.750730    4.863770
 2875.412110    4.994562
 2876.075440    5.127914
 2876.736820    5.263029
 2877.400390    5.400743
 2878.062260    5.540230
 2878.725830    5.682196
 2879.388180    5.825994
 2880.050540    5.971863
 2880.714600    6.120164
 2881.377440    6.270220
 2882.041750    6.422610
 2882.704830    6.576692
 2883.369380    6.733058
 2884.032960    6.891100
 2884.696530    7.051010
 2885.361330    7.213052
 2886.025390    7.376709
 2886.690920    7.542481
 2887.354980    7.709598
 2888.020510    7.878745
 2888.685060    8.049255
 2889.349610    8.221326
 2890.015870    8.395350
 2890.680910    8.570509
 2891.347410    8.747455
 2892.012700    8.925407
 2892.679200    9.104966
 2893.344970    9.285537
 2894.010500    9.467187
 2894.677730    9.650378
 2895.343510    9.834174
 2896.011470    10.019516
 2896.677490    10.205172
 2897.345460    10.392160
 2898.011960    10.579445
 2898.678960    10.767494
 2899.347170    10.956432
 2900.014160    11.145488
 2900.682860    11.335407
 2901.350100    11.525201
 2902.019530    11.715822
 2902.687010    11.906000
 2903.354740    12.096270
 2904.024410    12.287027
 2904.692380    12.477133
 2905.361820    12.667395
 2906.030520    12.857097
 2906.700680    13.046759
 2907.369140    13.235386
 2908.038090    13.423504
 2908.708500    13.611282
 2909.377930    13.797936
 2910.048830    13.984046
 2910.718260    14.168697
 2911.389650    14.352727
 2912.059330    14.535027
 2912.729250    14.716036
 2913.400630    14.895975
 2914.070800    15.074018
 2914.742920    15.250901
 2915.413570    15.425627
 2916.085690    15.598851
 2916.756590    15.769778
 2917.429200    15.939054
 2918.100340    16.105774
 2918.771730    16.270269
 2919.444580    16.432732
 2920.116210    16.592413
 2920.789550    16.749907
 2921.461670    16.904430
 2922.135500    17.056557
 2922.807370    17.205366
 2923.479740    17.351318
 2924.154050    17.494617
 2924.826660    17.634399
 2925.500980    17.771284
 2926.174070    17.904583
 2926.848880    18.034792
 2927.522220    18.161211
 2928.195800    18.284088
 2928.870850    18.403555
 2929.544920    18.519100
 2930.220460    18.631058
 2930.894530    18.738878
 2931.570310    18.842987
 2932.244630    18.942833
 2932.919190    19.038610
 2933.595700    19.130484
 2934.270260    19.217863
 2934.947270    19.301249
 2935.622310    19.380049
 2936.299070    19.454632
 2936.974850    19.524656
 2937.650390    19.590160
 2938.327880    19.651300
 2939.003660    19.707703
 2939.681400    19.759632
 2940.357670    19.806789
 2941.035640    19.849363
 2941.712160    19.887127
 2942.389160    19.920181
 2943.067630    19.948521
 2943.744630    19.972015
 2944.423580    19.990767
 2945.100830    20.004656
 2945.780030    20.013750
 2946.457760    20.017998
 2947.135500    20.017422
 2947.815190    20.011999
 2948.493410    20.001768
 2949.173100    19.986687
 2949.851560    19.966827
 2950.531980    19.942110
 2951.210450    19.912691
 2951.889650    19.878494
 2952.570070    19.839499
 2953.249270    19.795877
 2953.930660    19.747435
 2954.610110    19.694494
 2955.291500    19.636797
 2955.971190    19.574688
 2956.651120    19.508055
 2957.333010    19.436752
 2958.013180    19.361216
 2958.695560    19.281059
 2959.376220    19.196796
 2960.058350    19.108093
 2960.739500    19.015331
 2961.420410    18.918484
 2962.103520    18.817255
 2962.784910    18.712282
 2963.468020    18.603123
 2964.149900    18.490316
 2964.833500    18.373446
 2965.515380    18.253176
 2966.197750    18.129215
 2966.881590    18.001448
 2967.564210    17.870468
 2968.248540    17.735790
 2968.931150    17.598183
 2969.615720    17.456997
 2970.299070    17.312967
 2970.984130    17.165575
 2971.667480    17.015648
 2972.351070    16.862865
 2973.036620    16.706930
 2973.720700    16.548714
 2974.406250    16.387638
 2975.090580    16.224438
 2975.776610    16.058514
 2976.461180    15.890732
 2977.146000    15.720783
 2977.832280    15.548462
 2978.517580    15.374481
 2979.204350    15.198326
 2979.889650    15.020853
 2980.576660    14.841340
 2981.262210    14.660725
 2981.948240    14.478598
 2982.635990    14.294732
 2983.322020    14.110149
 2984.010010    13.923966
 2984.696530    13.737209
 2985.384770    13.549115
 2986.071530    13.360659
 2986.758540    13.171470
 2987.447270    12.981245
 2988.134770    12.790893
 2988.823490    12.599835
 2989.510990    12.408849
 2990.200440    12.217148
 2990.888180    12.025844
 2991.576170    11.834491
 2992.266360    11.642636
 2992.954830    11.451461
 2993.644780    11.260169
 2994.333500    11.069597
 2995.023930    10.879021
 2995.713130    10.689333
 2996.402100    10.500348
 2997.093020    10.311547
 2997.782710    10.123878
 2998.473880    9.936689
 2999.163570    9.750851
 2999.855470    9.565450
 3000.545410    9.381670
 3001.235600    9.198996
 3001.927730    9.017045
 3002.618410    8.836785
 3003.310550    8.657516
 3004.001710    8.479929
 3004.694340    8.303463
 3005.385740    8.128857
 3006.076900    7.955914
 3006.770020    7.784145
 3007.461670    7.614448
 3008.155270    7.446034
 3008.847410    7.279782
 3009.541260    7.114974
 3010.233400    6.952463
 3010.926270    6.791711
 3011.620360    6.632650
 3012.313230    6.475875
 3013.007810    6.320755
 3013.700930    6.168034
 3014.395750    6.017039
 3015.089360    5.868437
 3015.783200    5.721931
 3016.478270    5.577345
 3017.172610    5.435106
 3017.868160    5.294834
 3018.562260    5.157086
 3019.258540    5.021150
 3019.952880    4.887850
 3020.647950    4.756674
 3021.344480    4.627501
 3022.039310    4.500925
 3022.736330    4.376240
 3023.431640    4.254149
 3024.128660    4.134052
 3024.824460    4.016454
 3025.522220    3.900820
 3026.218020    3.787791
 3026.914310    3.676959
 3027.612300    3.568130
 3028.308840    3.461791
 3029.007080    3.357448
 3029.703860    3.255564
 3030.402590    3.155627
 3031.099850    3.058114
 3031.797120    2.962797
 3032.496090    2.869432
 3033.193600    2.778425
 3033.893310    2.689283
 3034.591060    2.602514
 3035.290770    2.517612
 3035.989010    2.434968
 3036.687740    2.354325
 3037.387700    2.275581
 3038.086670    2.198958
 3038.787350    2.124141
 3039.486080    2.051489
 3040.187260    1.980523
 3040.886470    1.911660
 3041.586180    1.844626
 3042.287350    1.779305
 3042.987550    1.715897
 3043.689210    1.654152
 3044.389160    1.594318
 3045.091060    1.536055
 3045.791750    1.479593
 3046.492430    1.424801
 3047.194820    1.371519
 3047.896000    1.319939
 3048.598880    1.269814
 3049.300050    1.221359
