 2653.384280    0.005519
 2653.996340    0.005935
 2654.606690    0.006377
 2655.217290    0.006852
 2655.829830    0.007362
 2656.440670    0.007907
 2657.053220    0.008492
 2657.664550    0.009120
 2658.277340    0.009795
 2658.888920    0.010519
 2659.500730    0.011298
 2660.114010    0.012140
 2660.725830    0.013045
 2661.339360    0.014025
 2661.951660    0.015081
 2662.565430    0.016227
 2663.177980    0.017466
 2663.790530    0.018809
 2664.404790    0.020271
 2665.017820    0.021857
 2665.632320    0.023587
 2666.245610    0.025468
 2666.860350    0.027523
 2667.473880    0.029762
 2668.089110    0.032214
 2668.702880    0.034889
 2669.316890    0.037815
 2669.932370    0.041027
 2670.546630    0.044538
 2671.162350    0.048393
 2671.776860    0.052611
 2672.393070    0.057250
 2673.007810    0.062325
 2673.622560    0.067891
 2674.239260    0.074017
 2674.854490    0.080719
 2675.471190    0.088089
 2676.086670    0.096153
 2676.703860    0.105021
 2677.319580    0.114715
 2677.935550    0.125340
 2678.552980    0.137001
 2679.169190    0.149741
 2679.786870    0.163711
 2680.403560    0.178960
 2681.021480    0.195655
 2681.638430    0.213855
 2682.255370    0.233711
 2682.873780    0.255411
 2683.490970    0.279005
 2684.109860    0.304758
 2684.727290    0.332702
 2685.346440    0.363151
 2685.964110    0.396129
 2686.582030    0.431910
 2687.201660    0.470790
 2687.819820    0.512781
 2688.439450    0.558300
 2689.057860    0.607382
 2689.677980    0.660501
 2690.296880    0.717659
 2690.915770    0.779214
 2691.536380    0.845621
 2692.155270    0.916788
 2692.776370    0.993456
 2693.395750    1.075439
 2694.016850    1.163491
 2694.636720    1.257506
 2695.256590    1.357963
 2695.877930    1.465437
 2696.498050    1.579785
 2697.119870    1.701880
 2697.740480    1.831478
 2698.362550    1.969465
 2698.983400    2.115572
 2699.604250    2.270378
 2700.226810    2.434657
 2700.847900    2.607882
 2701.470700    2.791241
 2702.092040    2.984089
 2702.715330    3.187772
 2703.337160    3.401441
 2703.958980    3.625801
 2704.582520    3.861732
 2705.204830    4.108335
 2705.828370    4.366749
 2706.450930    4.636213
 2707.074950    4.917914
 2707.697750    5.210725
 2708.320800    5.515356
 2708.945310    5.832458
 2709.568360    6.160517
 2710.193360    6.501271
 2710.816650    6.852614
 2711.441890    7.216454
 2712.065670    7.590603
 2712.689450    7.975640
 2713.314940    8.372353
 2713.939210    8.778526
 2714.565190    9.195662
 2715.189450    9.621005
 2715.815670    10.056525
 2716.440430    10.499271
 2717.066890    10.950852
 2717.691890    11.408289
 2718.317140    11.872065
 2718.943850    12.342300
 2719.569340    12.816129
 2720.196530    13.294864
 2720.822270    13.775129
 2721.449710    14.258358
 2722.075680    14.741063
 2722.702150    15.223664
 2723.329830    15.705602
 2723.956300    16.183849
 2724.584470    16.659452
 2725.211430    17.128986
 2725.839600    17.593052
 2726.466800    18.048782
 2727.093990    18.495666
 2727.722900    18.933626
 2728.350340    19.359207
 2728.979490    19.773312
 2729.607420    20.172775
 2730.236820    20.558094
 2730.864750    20.926298
 2731.493160    21.277428
 2732.122800    21.610716
 2732.751460    21.923931
 2733.381590    22.217249
 2734.010500    22.488457
 2734.640870    22.737804
 2735.270020    22.963386
 2735.899410    23.165024
 2736.530270    23.342329
 2737.159670    23.493872
 2737.790770    23.619883
 2738.420650    23.719305
 2739.052250    23.792225
 2739.682370    23.838001
 2740.312500    23.856668
 2740.944340    23.848093
 2741.575200    23.812283
 2742.207280    23.749216
 2742.838130    23.659340
 2743.470460    23.542557
 2744.101560    23.399735
 2744.732910    23.231087
 2745.365970    23.036661
 2745.997310    22.818161
 2746.630860    22.574932
 2747.262700    22.309250
 2747.896000    22.020672
 2748.528080    21.711344
 2749.160640    21.381470
 2749.794430    21.031650
 2750.427000    20.664333
 2751.061280    20.278961
 2751.694090    19.878639
 2752.328610    19.462582
 2752.961910    19.033941
 2753.595210    18.593208
 2754.230220    18.140429
 2754.863770    17.679153
 2755.499020    17.208364
 2756.132810    16.731705
 2756.768550    16.247879
 2757.402590    15.760939
 2758.036870    15.270641
 2758.673100    14.776875
 2759.307620    14.283666
 2759.943850    13.789516
 2760.578860    13.297818
 2761.215330    12.807567
 2761.850590    12.321854
 2762.487550    11.839426
 2763.123050    11.363609
 2763.758790    10.893977
 2764.396000    10.430468
 2765.031980    9.975791
 2765.669430    9.528728
 2766.305910    9.091641
 2766.943600    8.663599
 2767.580320    8.246601
 2768.216800    7.840590
 2768.855220    7.444608
 2769.492190    7.061124
 2770.130860    6.688519
 2770.768070    6.328878
 2771.407230    5.980462
 2772.044680    5.645394
 2772.682130    5.322801
 2773.321780    5.011659
 2773.959720    4.713866
 2774.599370    4.427767
 2775.237550    4.154687
 2775.877690    3.893044
 2776.516360    3.644078
 2777.155030    3.406976
 2777.795170    3.181007
 2778.434330    2.966794
 2779.074950    2.763252
 2779.714360    2.570949
 2780.355470    2.388699
 2780.995120    2.217084
 2781.634770    2.055337
 2782.276120    1.902716
 2782.916260    1.759573
 2783.558110    1.624900
 2784.198490    1.499002
 2784.840330    1.380939
 2785.480960    1.270840
 2786.121830    1.168075
 2786.764400    1.072080
 2787.405270    0.983011
 2788.048100    0.900013
 2788.689450    0.823191
 2789.332520    0.751834
 2789.974370    0.685949
 2790.615970    0.625102
 2791.259770    0.568777
 2791.901610    0.517048
 2792.545410    0.469315
 2793.187990    0.425548
 2793.832030    0.385305
 2794.474850    0.348509
 2795.117680    0.314842
 2795.762210    0.284002
 2796.405520    0.255920
 2797.050290    0.230278
 2797.693600    0.207002
 2798.338870    0.185788
 2798.982420    0.166593
 2799.626460    0.149184
 2800.272220    0.133392
 2800.916260    0.119160
 2801.562260    0.106278
 2802.206790    0.094697
 2802.852780    0.084251
 2803.497560    0.074883
 2804.142580    0.066469
 2804.789310    0.058910
 2805.434330    0.052163
 2806.081300    0.046114
 2806.726810    0.040728
 2807.374020    0.035913
 2808.020020    0.031636
 2808.666020    0.027834
 2809.313480    0.024451
 2809.959960    0.021458
 2810.607910    0.018801
 2811.254390    0.016458
 2811.902830    0.014382
 2812.549560    0.012557
 2813.198240    0.010946
 2813.845210    0.009533
 2814.492680    0.008291
 2815.141600    0.007199
 2815.789310    0.006246
 2816.438720    0.005409
 2817.086430    0.004681
 2817.736080    0.004044
 2818.384520    0.003489
 2819.032710    0.003008
 2819.682620    0.002588
 2820.331300    0.002225
 2820.981930    0.001909
 2821.630620    0.001637
 2822.281490    0.001402
 2822.930660    0.001199
 2823.580080    0.001023
 2824.231200    0.000873
 2824.880860    0.000744
 2825.532230    0.000632
 2826.182370    0.000537
 2826.833980    0.000456
 2827.484380    0.000386
 2828.134770    0.000327
 2828.786870    0.000277
 2829.437740    0.000233
 2830.090090    0.000196
 2830.741210    0.000165
 2831.394040    0.000139
 2832.045410    0.000116
 2832.697020    0.000098
 2833.350100    0.000082
 2834.001950    0.000069
 2834.655520    0.000057
 2835.307620    0.000048
 2835.961180    0.000040
 2836.613770    0.000033
 2837.266360    0.000028
 2837.920410    0.000023
 2838.573490    0.000019
 2839.228030    0.000015
 2839.881100    0.000013
 2840.535890    0.000010
 2841.189450    0.000009
 2841.843020    0.000008
 2842.498540    0.000006
 2843.152340    0.000005
 2843.807860    0.000004
 2844.462160    0.000003
 2845.118160    0.000003
 2845.772710    0.000002
 2846.427250    0.000002
 2847.083740    0.000002
 2847.738770    0.000001
 2848.395260    0.000001
 2849.050540    0.000001
 2849.707760    0.000001
 2850.363280    0.000001
 2851.018800    0.000000
 2851.676270    0.000000
 2852.332280    0.000000
 2852.989990    0.000000
 2853.646480    0.000000
 2854.304440    0.000000
 2854.960940    0.000000
 2855.617920    0.000000
 2856.276370    0.000000
 2856.933350    0.000000
 2857.592290    0.000000
 2858.249760    0.000000
 2858.908940    0.000000
 2859.566650    0.000000
 2860.224370    0.000000
 2860.883790    0.000000
 2861.541750    0.000000
 2862.201900    0.000000
 2862.860350    0.000000
 2863.520510    0.000000
 2864.179200    0.000000
 2864.839840    0.000000
 2865.498780    0.000000
 2866.157960    0.000000
 2866.818850    0.000000
 2867.478520    0.000000
 2868.139650    0.000000
 2868.799320    0.000000
 2869.460940    0.000000
 2870.121090    0.000000
 2870.781490    0.000000
 2871.443360    0.000000
 2872.103760    0.000000
 2872.766360    0.000000
 2873.427000    0.000000
 2874.089600    0.000000
 2874.750730    0.000000
 2875.412110    0.000000
 2876.075440    0.000000
 2876.736820    0.000000
 2877.400390    0.000000
 2878.062260    0.000000
 2878.725830    0.000000
 2879.388180    0.000000
 2880.050540    0.000000
 2880.714600    0.000000
 2881.377440    0.000000
 2882.041750    0.000000
 2882.704830    0.000000
 2883.369380    0.000000
 2884.032960    0.000000
 2884.696530    0.000000
 2885.361330    0.000000
 2886.025390    0.000000
 2886.690920    0.000000
 2887.354980    0.000000
 2888.020510    0.000000
 2888.685060    0.000000
 2889.349610    0.000000
 2890.015870    0.000000
 2890.680910    0.000000
 2891.347410    0.000000
 2892.012700    0.000000
 2892.679200    0.000000
 2893.344970    0.000000
 2894.010500    0.000000
 2894.677730    0.000000
 2895.343510    0.000000
 2896.011470    0.000000
 2896.677490    0.000000
 2897.345460    0.000000
 2898.011960    0.000000
 2898.678960    0.000000
 2899.347170    0.000000
 2900.014160    0.000000
 2900.682860    0.000000
 2901.350100    0.000000
 2902.019530    0.000000
 2902.687010    0.000000
 2903.354740    0.000000
 2904.024410    0.000000
 2904.692380    0.000000
 2905.361820    0.000000
 2906.030520    0.000000
 2906.700680    0.000000
 2907.369140    0.000000
 2908.038090    0.000000
 2908.708500    0.000000
 2909.377930    0.000000
 2910.048830    0.000000
 2910.718260    0.000000
 2911.389650    0.000000
 2912.059330    0.000000
 2912.729250    0.000000
 2913.400630    0.000000
 2914.070800    0.000000
 2914.742920    0.000000
 2915.413570    0.000000
 2916.085690    0.000000
 2916.756590    0.000000
 2917.429200    0.000000
 2918.100340    0.000000
 2918.771730    0.000000
 2919.444580    0.000000
 2920.116210    0.000000
 2920.789550    0.000000
 2921.461670    0.000000
 2922.135500    0.000000
 2922.807370    0.000000
 2923.479740    0.000000
 2924.154050    0.000000
 2924.826660    0.000000
 2925.500980    0.000000
 2926.174070    0.000000
 2926.848880    0.000000
 2927.522220    0.000000
 2928.195800    0.000000
 2928.870850    0.000000
 2929.544920    0.000000
 2930.220460    0.000000
 2930.894530    0.000000
 2931.570310    0.000000
 2932.244630    0.000000
 2932.919190    0.000000
 2933.595700    0.000000
 2934.270260    0.000000
 2934.947270    0.000000
 2935.622310    0.000000
 2936.299070    0.000000
 2936.974850    0.000000
 2937.650390    0.000000
 2938.327880    0.000000
 2939.003660    0.000000
 2939.681400    0.000000
 2940.357670    0.000000
 2941.035640    0.000000
 2941.712160    0.000000
 2942.389160    0.000000
 2943.067630    0.000000
 2943.744630    0.000000
 2944.423580    0.000000
 2945.100830    0.000000
 2945.780030    0.000000
 2946.457760    0.000000
 2947.135500    0.000000
 2947.815190    0.000000
 2948.493410    0.000000
 2949.173100    0.000000
 2949.851560    0.000000
 2950.531980    0.000000
 2951.210450    0.000000
 2951.889650    0.000000
 2952.570070    0.000000
 2953.249270    0.000000
 2953.930660    0.000000
 2954.610110    0.000000
 2955.291500    0.000000
 2955.971190    0.000000
 2956.651120    0.000000
 2957.333010    0.000000
 2958.013180    0.000000
 2958.695560    0.000000
 2959.376220    0.000000
 2960.058350    0.000000
 2960.739500    0.000000
 2961.420410    0.000000
 2962.103520    0.000000
 2962.784910    0.000000
 2963.468020    0.000000
 2964.149900    0.000000
 2964.833500    0.000000
 2965.515380    0.000000
 2966.197750    0.000000
 2966.881590    0.000000
 2967.564210    0.000000
 2968.248540    0.000000
 2968.931150    0.000000
 2969.615720    0.000000
 2970.299070    0.000000
 2970.984130    0.000000
 2971.667480    0.000000
 2972.351070    0.000000
 2973.036620    0.000000
 2973.720700    0.000000
 2974.406250    0.000000
 2975.090580    0.000000
 2975.776610    0.000000
 2976.461180    0.000000
 2977.146000    0.000000
 2977.832280    0.000000
 2978.517580    0.000000
 2979.204350    0.000000
 2979.889650    0.000000
 2980.576660    0.000000
 2981.262210    0.000000
 2981.948240    0.000000
 2982.635990    0.000000
 2983.322020    0.000000
 2984.010010    0.000000
 2984.696530    0.000000
 2985.384770    0.000000
 2986.071530    0.000000
 2986.758540    0.000000
 2987.447270    0.000000
 2988.134770    0.000000
 2988.823490    0.000000
 2989.510990    0.000000
 2990.200440    0.000000
 2990.888180    0.000000
 2991.576170    0.000000
 2992.266360    0.000000
 2992.954830    0.000000
 2993.644780    0.000000
 2994.333500    0.000000
 2995.023930    0.000000
 2995.713130    0.000000
 2996.402100    0.000000
 2997.093020    0.000000
 2997.782710    0.000000
 2998.473880    0.000000
 2999.163570    0.000000
 2999.855470    0.000000
 3000.545410    0.000000
 3001.235600    0.000000
 3001.927730    0.000000
 3002.618410    0.000000
 3003.310550    0.000000
 3004.001710    0.000000
 3004.694340    0.000000
 3005.385740    0.000000
 3006.076900    0.000000
 3006.770020    0.000000
 3007.461670    0.000000
 3008.155270    0.000000
 3008.847410    0.000000
 3009.541260    0.000000
 3010.233400    0.000000
 3010.926270    0.000000
 3011.620360    0.000000
 3012.313230    0.000000
 3013.007810    0.000000
 3013.700930    0.000000
 3014.395750    0.000000
 3015.089360    0.000000
 3015.783200    0.000000
 3016.478270    0.000000
 3017.172610    0.000000
 3017.868160    0.000000
 3018.562260    0.000000
 3019.258540    0.000000
 3019.952880    0.000000
 3020.647950    0.000000
 3021.344480    0.000000
 3022.039310    0.000000
 3022.736330    0.000000
 3023.431640    0.000000
 3024.128660    0.000000
 3024.824460    0.000000
 3025.522220    0.000000
 3026.218020    0.000000
 3026.914310    0.000000
 3027.612300    0.000000
 3028.308840    0.000000
 3029.007080    0.000000
 3029.703860    0.000000
 3030.402590    0.000000
 3031.099850    0.000000
 3031.797120    0.000000
 3032.496090    0.000000
 3033.193600    0.000000
 3033.893310    0.000000
 3034.591060    0.000000
 3035.290770    0.000000
 3035.989010    0.000000
 3036.687740    0.000000
 3037.387700    0.000000
 3038.086670    0.000000
 3038.787350    0.000000
 3039.486080    0.000000
 3040.187260    0.000000
 3040.886470    0.000000
 3041.586180    0.000000
 3042.287350    0.000000
 3042.987550    0.000000
 3043.689210    0.000000
 3044.389160    0.000000
 3045.091060    0.000000
 3045.791750    0.000000
 3046.492430    0.000000
 3047.194820    0.000000
 3047.896000    0.000000
 3048.598880    0.000000
 3049.300050    0.000000
