 2653.384280    0.010202
 2653.996340    0.011339
 2654.606690    0.012586
 2655.217290    0.013955
 2655.829830    0.015463
 2656.440670    0.017112
 2657.053220    0.018922
 2657.664550    0.020898
 2658.277340    0.023062
 2658.888920    0.025420
 2659.500730    0.027992
 2660.114010    0.030801
 2660.725830    0.033851
 2661.339360    0.037176
 2661.951660    0.040780
 2662.565430    0.044700
 2663.177980    0.048941
 2663.790530    0.053533
 2664.404790    0.058516
 2665.017820    0.063890
 2665.632320    0.069708
 2666.245610    0.075973
 2666.860350    0.082742
 2667.473880    0.090016
 2668.089110    0.097866
 2668.702880    0.106285
 2669.316890    0.115330
 2669.932370    0.125060
 2670.546630    0.135472
 2671.162350    0.146654
 2671.776860    0.158600
 2672.393070    0.171412
 2673.007810    0.185072
 2673.622560    0.199657
 2674.239260    0.215270
 2674.854490    0.231876
 2675.471190    0.249611
 2676.086670    0.268453
 2676.703860    0.288551
 2677.319580    0.309866
 2677.935550    0.332513
 2678.552980    0.356608
 2679.169190    0.382115
 2679.786870    0.409215
 2680.403560    0.437873
 2681.021480    0.468266
 2681.638430    0.500361
 2682.255370    0.534284
 2682.873780    0.570200
 2683.490970    0.608036
 2684.109860    0.648056
 2684.727290    0.690141
 2685.346440    0.734595
 2685.964110    0.781281
 2686.582030    0.830406
 2687.201660    0.882191
 2687.819820    0.936461
 2688.439450    0.993567
 2689.057860    1.053352
 2689.677980    1.116197
 2690.296880    1.181897
 2690.915770    1.250665
 2691.536380    1.322793
 2692.155270    1.397971
 2692.776370    1.476764
 2693.395750    1.558763
 2694.016850    1.644502
 2694.636720    1.733657
 2695.256590    1.826465
 2695.877930    1.923224
 2696.498050    2.023582
 2697.119870    2.128074
 2697.740480    2.236259
 2698.362550    2.348648
 2698.983400    2.464791
 2699.604250    2.584928
 2700.226810    2.709418
 2700.847900    2.837631
 2701.470700    2.970215
 2702.092040    3.106475
 2702.715330    3.247128
 2703.337160    3.391357
 2703.958980    3.539427
 2704.582520    3.691677
 2705.204830    3.847303
 2705.828370    4.006800
 2706.450930    4.169480
 2707.074950    4.335836
 2707.697750    4.504987
 2708.320800    4.677141
 2708.945310    4.852440
 2709.568360    5.029844
 2710.193360    5.210085
 2710.816650    5.391847
 2711.441890    5.575921
 2712.065670    5.761004
 2712.689450    5.947212
 2713.314940    6.134725
 2713.939210    6.322318
 2714.565190    6.510500
 2715.189450    6.697867
 2715.815670    6.885120
 2716.440430    7.070828
 2717.066890    7.255514
 2717.691890    7.437810
 2718.317140    7.617783
 2718.943850    7.795330
 2719.569340    7.969237
 2720.196530    8.139859
 2720.822270    8.305877
 2721.449710    8.467674
 2722.075680    8.623977
 2722.702150    8.774837
 2723.329830    8.919970
 2723.956300    9.058381
 2724.584470    9.190287
 2725.211430    9.314658
 2725.839600    9.431591
 2726.466800    9.540295
 2727.093990    9.640607
 2727.722900    9.732435
 2728.350340    9.815000
 2728.979490    9.888434
 2729.607420    9.952128
 2730.236820    10.006124
 2730.864750    10.049968
 2731.493160    10.083658
 2732.122800    10.107058
 2732.751460    10.119980
 2733.381590    10.122393
 2734.010500    10.114249
 2734.640870    10.095512
 2735.270020    10.066289
 2735.899410    10.026613
 2736.530270    9.976465
 2737.159670    9.916223
 2737.790770    9.845751
 2738.420650    9.765569
 2739.052250    9.675530
 2739.682370    9.576350
 2740.312500    9.468128
 2740.944340    9.350856
 2741.575200    9.225369
 2742.207280    9.091599
 2742.838130    8.950461
 2743.470460    8.801761
 2744.101560    8.646563
 2744.732910    8.484968
 2745.365970    8.317039
 2745.997310    8.144153
 2746.630860    7.965718
 2747.262700    7.783319
 2747.896000    7.596533
 2748.528080    7.406648
 2749.160640    7.213650
 2749.794430    7.017794
 2750.427000    6.820323
 2751.061280    6.620802
 2751.694090    6.420702
 2752.328610    6.219480
 2752.961910    6.018513
 2753.595210    5.817850
 2754.230220    5.617372
 2754.863770    5.418484
 2755.499020    5.220579
 2756.132810    5.025011
 2756.768550    4.831075
 2757.402590    4.640220
 2758.036870    4.452148
 2758.673100    4.266654
 2759.307620    4.085070
 2759.943850    3.906653
 2760.578860    3.732450
 2761.215330    3.561917
 2761.850590    3.395948
 2762.487550    3.233936
 2763.123050    3.076816
 2763.758790    2.924261
 2764.396000    2.776083
 2765.031980    2.632977
 2765.669430    2.494389
 2766.305910    2.360885
 2766.943600    2.232021
 2767.580320    2.108239
 2768.216800    1.989363
 2768.855220    1.874968
 2769.492190    1.765623
 2770.130860    1.660729
 2770.768070    1.560738
 2771.407230    1.465034
 2772.044680    1.374080
 2772.682130    1.287513
 2773.321780    1.204948
 2773.959720    1.126784
 2774.599370    1.052480
 2775.237550    0.982284
 2775.877690    0.915695
 2776.516360    0.852943
 2777.155030    0.793739
 2777.795170    0.737824
 2778.434330    0.685280
 2779.074950    0.635773
 2779.714360    0.589376
 2780.355470    0.545749
 2780.995120    0.504972
 2781.634770    0.466815
 2782.276120    0.431055
 2782.916260    0.397733
 2783.558110    0.366574
 2784.198490    0.337616
 2784.840330    0.310607
 2785.480960    0.285548
 2786.121830    0.262270
 2786.764400    0.240621
 2787.405270    0.220614
 2788.048100    0.202040
 2788.689450    0.184904
 2789.332520    0.169034
 2789.974370    0.154418
 2790.615970    0.140948
 2791.259770    0.128502
 2791.901610    0.117086
 2792.545410    0.106563
 2793.187990    0.096919
 2793.832030    0.088054
 2794.474850    0.079946
 2795.117680    0.072522
 2795.762210    0.065714
 2796.405520    0.059505
 2797.050290    0.053826
 2797.693600    0.048657
 2798.338870    0.043935
 2798.982420    0.039647
 2799.626460    0.035745
 2800.272220    0.032190
 2800.916260    0.028973
 2801.562260    0.026045
 2802.206790    0.023399
 2802.852780    0.020999
 2803.497560    0.018833
 2804.142580    0.016875
 2804.789310    0.015102
 2805.434330    0.013509
 2806.081300    0.012069
 2806.726810    0.010776
 2807.374020    0.009609
 2808.020020    0.008563
 2808.666020    0.007625
 2809.313480    0.006781
 2809.959960    0.006026
 2810.607910    0.005349
 2811.254390    0.004745
 2811.902830    0.004205
 2812.549560    0.003723
 2813.198240    0.003292
 2813.845210    0.002910
 2814.492680    0.002568
 2815.141600    0.002265
 2815.789310    0.001996
 2816.438720    0.001757
 2817.086430    0.001545
 2817.736080    0.001357
 2818.384520    0.001191
 2819.032710    0.001044
 2819.682620    0.000915
 2820.331300    0.000800
 2820.981930    0.000699
 2821.630620    0.000610
 2822.281490    0.000532
 2822.930660    0.000463
 2823.580080    0.000403
 2824.231200    0.000351
 2824.880860    0.000305
 2825.532230    0.000264
 2826.182370    0.000229
 2826.833980    0.000198
 2827.484380    0.000172
 2828.134770    0.000149
 2828.786870    0.000128
 2829.437740    0.000111
 2830.090090    0.000095
 2830.741210    0.000082
 2831.394040    0.000071
 2832.045410    0.000060
 2832.697020    0.000051
 2833.350100    0.000044
 2834.001950    0.000038
 2834.655520    0.000032
 2835.307620    0.000028
 2835.961180    0.000024
 2836.613770    0.000020
 2837.266360    0.000017
 2837.920410    0.000014
 2838.573490    0.000012
 2839.228030    0.000010
 2839.881100    0.000009
 2840.535890    0.000008
 2841.189450    0.000007
 2841.843020    0.000006
 2842.498540    0.000005
 2843.152340    0.000004
 2843.807860    0.000003
 2844.462160    0.000003
 2845.118160    0.000002
 2845.772710    0.000002
 2846.427250    0.000002
 2847.083740    0.000001
 2847.738770    0.000001
 2848.395260    0.000001
 2849.050540    0.000001
 2849.707760    0.000001
 2850.363280    0.000001
 2851.018800    0.000000
 2851.676270    0.000000
 2852.332280    0.000000
 2852.989990    0.000000
 2853.646480    0.000000
 2854.304440    0.000000
 2854.960940    0.000000
 2855.617920    0.000000
 2856.276370    0.000000
 2856.933350    0.000000
 2857.592290    0.000000
 2858.249760    0.000000
 2858.908940    0.000000
 2859.566650    0.000000
 2860.224370    0.000000
 2860.883790    0.000000
 2861.541750    0.000000
 2862.201900    0.000000
 2862.860350    0.000000
 2863.520510    0.000000
 2864.179200    0.000000
 2864.839840    0.000000
 2865.498780    0.000000
 2866.157960    0.000000
 2866.818850    0.000000
 2867.478520    0.000000
 2868.139650    0.000000
 2868.799320    0.000000
 2869.460940    0.000000
 2870.121090    0.000000
 2870.781490    0.000000
 2871.443360    0.000000
 2872.103760    0.000000
 2872.766360    0.000000
 2873.427000    0.000000
 2874.089600    0.000000
 2874.750730    0.000000
 2875.412110    0.000000
 2876.075440    0.000000
 2876.736820    0.000000
 2877.400390    0.000000
 2878.062260    0.000000
 2878.725830    0.000000
 2879.388180    0.000000
 2880.050540    0.000000
 2880.714600    0.000000
 2881.377440    0.000000
 2882.041750    0.000000
 2882.704830    0.000000
 2883.369380    0.000000
 2884.032960    0.000000
 2884.696530    0.000000
 2885.361330    0.000000
 2886.025390    0.000000
 2886.690920    0.000000
 2887.354980    0.000000
 2888.020510    0.000000
 2888.685060    0.000000
 2889.349610    0.000000
 2890.015870    0.000000
 2890.680910    0.000000
 2891.347410    0.000000
 2892.012700    0.000000
 2892.679200    0.000000
 2893.344970    0.000000
 2894.010500    0.000000
 2894.677730    0.000000
 2895.343510    0.000000
 2896.011470    0.000000
 2896.677490    0.000000
 2897.345460    0.000000
 2898.011960    0.000000
 2898.678960    0.000000
 2899.347170    0.000000
 2900.014160    0.000000
 2900.682860    0.000000
 2901.350100    0.000000
 2902.019530    0.000000
 2902.687010    0.000000
 2903.354740    0.000000
 2904.024410    0.000000
 2904.692380    0.000000
 2905.361820    0.000000
 2906.030520    0.000000
 2906.700680    0.000000
 2907.369140    0.000000
 2908.038090    0.000000
 2908.708500    0.000000
 2909.377930    0.000000
 2910.048830    0.000000
 2910.718260    0.000000
 2911.389650    0.000000
 2912.059330    0.000000
 2912.729250    0.000000
 2913.400630    0.000000
 2914.070800    0.000000
 2914.742920    0.000000
 2915.413570    0.000000
 2916.085690    0.000000
 2916.756590    0.000000
 2917.429200    0.000000
 2918.100340    0.000000
 2918.771730    0.000000
 2919.444580    0.000000
 2920.116210    0.000000
 2920.789550    0.000000
 2921.461670    0.000000
 2922.135500    0.000000
 2922.807370    0.000000
 2923.479740    0.000000
 2924.154050    0.000000
 2924.826660    0.000000
 2925.500980    0.000000
 2926.174070    0.000000
 2926.848880    0.000000
 2927.522220    0.000000
 2928.195800    0.000000
 2928.870850    0.000000
 2929.544920    0.000000
 2930.220460    0.000000
 2930.894530    0.000000
 2931.570310    0.000000
 2932.244630    0.000000
 2932.919190    0.000000
 2933.595700    0.000000
 2934.270260    0.000000
 2934.947270    0.000000
 2935.622310    0.000000
 2936.299070    0.000000
 2936.974850    0.000000
 2937.650390    0.000000
 2938.327880    0.000000
 2939.003660    0.000000
 2939.681400    0.000000
 2940.357670    0.000000
 2941.035640    0.000000
 2941.712160    0.000000
 2942.389160    0.000000
 2943.067630    0.000000
 2943.744630    0.000000
 2944.423580    0.000000
 2945.100830    0.000000
 2945.780030    0.000000
 2946.457760    0.000000
 2947.135500    0.000000
 2947.815190    0.000000
 2948.493410    0.000000
 2949.173100    0.000000
 2949.851560    0.000000
 2950.531980    0.000000
 2951.210450    0.000000
 2951.889650    0.000000
 2952.570070    0.000000
 2953.249270    0.000000
 2953.930660    0.000000
 2954.610110    0.000000
 2955.291500    0.000000
 2955.971190    0.000000
 2956.651120    0.000000
 2957.333010    0.000000
 2958.013180    0.000000
 2958.695560    0.000000
 2959.376220    0.000000
 2960.058350    0.000000
 2960.739500    0.000000
 2961.420410    0.000000
 2962.103520    0.000000
 2962.784910    0.000000
 2963.468020    0.000000
 2964.149900    0.000000
 2964.833500    0.000000
 2965.515380    0.000000
 2966.197750    0.000000
 2966.881590    0.000000
 2967.564210    0.000000
 2968.248540    0.000000
 2968.931150    0.000000
 2969.615720    0.000000
 2970.299070    0.000000
 2970.984130    0.000000
 2971.667480    0.000000
 2972.351070    0.000000
 2973.036620    0.000000
 2973.720700    0.000000
 2974.406250    0.000000
 2975.090580    0.000000
 2975.776610    0.000000
 2976.461180    0.000000
 2977.146000    0.000000
 2977.832280    0.000000
 2978.517580    0.000000
 2979.204350    0.000000
 2979.889650    0.000000
 2980.576660    0.000000
 2981.262210    0.000000
 2981.948240    0.000000
 2982.635990    0.000000
 2983.322020    0.000000
 2984.010010    0.000000
 2984.696530    0.000000
 2985.384770    0.000000
 2986.071530    0.000000
 2986.758540    0.000000
 2987.447270    0.000000
 2988.134770    0.000000
 2988.823490    0.000000
 2989.510990    0.000000
 2990.200440    0.000000
 2990.888180    0.000000
 2991.576170    0.000000
 2992.266360    0.000000
 2992.954830    0.000000
 2993.644780    0.000000
 2994.333500    0.000000
 2995.023930    0.000000
 2995.713130    0.000000
 2996.402100    0.000000
 2997.093020    0.000000
 2997.782710    0.000000
 2998.473880    0.000000
 2999.163570    0.000000
 2999.855470    0.000000
 3000.545410    0.000000
 3001.235600    0.000000
 3001.927730    0.000000
 3002.618410    0.000000
 3003.310550    0.000000
 3004.001710    0.000000
 3004.694340    0.000000
 3005.385740    0.000000
 3006.076900    0.000000
 3006.770020    0.000000
 3007.461670    0.000000
 3008.155270    0.000000
 3008.847410    0.000000
 3009.541260    0.000000
 3010.233400    0.000000
 3010.926270    0.000000
 3011.620360    0.000000
 3012.313230    0.000000
 3013.007810    0.000000
 3013.700930    0.000000
 3014.395750    0.000000
 3015.089360    0.000000
 3015.783200    0.000000
 3016.478270    0.000000
 3017.172610    0.000000
 3017.868160    0.000000
 3018.562260    0.000000
 3019.258540    0.000000
 3019.952880    0.000000
 3020.647950    0.000000
 3021.344480    0.000000
 3022.039310    0.000000
 3022.736330    0.000000
 3023.431640    0.000000
 3024.128660    0.000000
 3024.824460    0.000000
 3025.522220    0.000000
 3026.218020    0.000000
 3026.914310    0.000000
 3027.612300    0.000000
 3028.308840    0.000000
 3029.007080    0.000000
 3029.703860    0.000000
 3030.402590    0.000000
 3031.099850    0.000000
 3031.797120    0.000000
 3032.496090    0.000000
 3033.193600    0.000000
 3033.893310    0.000000
 3034.591060    0.000000
 3035.290770    0.000000
 3035.989010    0.000000
 3036.687740    0.000000
 3037.387700    0.000000
 3038.086670    0.000000
 3038.787350    0.000000
 3039.486080    0.000000
 3040.187260    0.000000
 3040.886470    0.000000
 3041.586180    0.000000
 3042.287350    0.000000
 3042.987550    0.000000
 3043.689210    0.000000
 3044.389160    0.000000
 3045.091060    0.000000
 3045.791750    0.000000
 3046.492430    0.000000
 3047.194820    0.000000
 3047.896000    0.000000
 3048.598880    0.000000
 3049.300050    0.000000
