 2653.384280    0.000000
 2653.996340    0.000000
 2654.606690    0.000000
 2655.217290    0.000000
 2655.829830    0.000000
 2656.440670    0.000000
 2657.053220    0.000000
 2657.664550    0.000000
 2658.277340    0.000000
 2658.888920    0.000000
 2659.500730    0.000000
 2660.114010    0.000000
 2660.725830    0.000000
 2661.339360    0.000000
 2661.951660    0.000000
 2662.565430    0.000000
 2663.177980    0.000000
 2663.790530    0.000000
 2664.404790    0.000000
 2665.017820    0.000000
 2665.632320    0.000000
 2666.245610    0.000000
 2666.860350    0.000000
 2667.473880    0.000000
 2668.089110    0.000000
 2668.702880    0.000000
 2669.316890    0.000000
 2669.932370    0.000000
 2670.546630    0.000000
 2671.162350    0.000000
 2671.776860    0.000000
 2672.393070    0.000000
 2673.007810    0.000000
 2673.622560    0.000000
 2674.239260    0.000000
 2674.854490    0.000000
 2675.471190    0.000000
 2676.086670    0.000000
 2676.703860    0.000000
 2677.319580    0.000000
 2677.935550    0.000000
 2678.552980    0.000000
 2679.169190    0.000000
 2679.786870    0.000000
 2680.403560    0.000000
 2681.021480    0.000000
 2681.638430    0.000000
 2682.255370    0.000000
 2682.873780    0.000000
 2683.490970    0.000000
 2684.109860    0.000000
 2684.727290    0.000000
 2685.346440    0.000000
 2685.964110    0.000000
 2686.582030    0.000000
 2687.201660    0.000000
 2687.819820    0.000000
 2688.439450    0.000000
 2689.057860    0.000000
 2689.677980    0.000000
 2690.296880    0.000000
 2690.915770    0.000000
 2691.536380    0.000000
 2692.155270    0.000000
 2692.776370    0.000000
 2693.395750    0.000000
 2694.016850    0.000000
 2694.636720    0.000000
 2695.256590    0.000000
 2695.877930    0.000000
 2696.498050    0.000000
 2697.119870    0.000000
 2697.740480    0.000000
 2698.362550    0.000000
 2698.983400    0.000000
 2699.604250    0.000000
 2700.226810    0.000000
 2700.847900    0.000000
 2701.470700    0.000000
 2702.092040    0.000000
 2702.715330    0.000000
 2703.337160    0.000000
 2703.958980    0.000000
 2704.582520    0.000000
 2705.204830    0.000000
 2705.828370    0.000000
 2706.450930    0.000000
 2707.074950    0.000000
 2707.697750    0.000000
 2708.320800    0.000000
 2708.945310    0.000000
 2709.568360    0.000000
 2710.193360    0.000000
 2710.816650    0.000000
 2711.441890    0.000000
 2712.065670    0.000000
 2712.689450    0.000000
 2713.314940    0.000000
 2713.939210    0.000000
 2714.565190    0.000000
 2715.189450    0.000001
 2715.815670    0.000001
 2716.440430    0.000001
 2717.066890    0.000001
 2717.691890    0.000001
 2718.317140    0.000001
 2718.943850    0.000001
 2719.569340    0.000001
 2720.196530    0.000001
 2720.822270    0.000001
 2721.449710    0.000001
 2722.075680    0.000001
 2722.702150    0.000002
 2723.329830    0.000002
 2723.956300    0.000002
 2724.584470    0.000002
 2725.211430    0.000002
 2725.839600    0.000002
 2726.466800    0.000003
 2727.093990    0.000003
 2727.722900    0.000003
 2728.350340    0.000003
 2728.979490    0.000004
 2729.607420    0.000004
 2730.236820    0.000004
 2730.864750    0.000005
 2731.493160    0.000005
 2732.122800    0.000006
 2732.751460    0.000006
 2733.381590    0.000007
 2734.010500    0.000007
 2734.640870    0.000008
 2735.270020    0.000009
 2735.899410    0.000009
 2736.530270    0.000010
 2737.159670    0.000010
 2737.790770    0.000011
 2738.420650    0.000012
 2739.052250    0.000013
 2739.682370    0.000014
 2740.312500    0.000015
 2740.944340    0.000017
 2741.575200    0.000018
 2742.207280    0.000020
 2742.838130    0.000022
 2743.470460    0.000024
 2744.101560    0.000026
 2744.732910    0.000028
 2745.365970    0.000031
 2745.997310    0.000032
 2746.630860    0.000035
 2747.262700    0.000038
 2747.896000    0.000041
 2748.528080    0.000045
 2749.160640    0.000049
 2749.794430    0.000052
 2750.427000    0.000056
 2751.061280    0.000061
 2751.694090    0.000066
 2752.328610    0.000072
 2752.961910    0.000077
 2753.595210    0.000083
 2754.230220    0.000090
 2754.863770    0.000097
 2755.499020    0.000105
 2756.132810    0.000113
 2756.768550    0.000122
 2757.402590    0.000132
 2758.036870    0.000142
 2758.673100    0.000154
 2759.307620    0.000165
 2759.943850    0.000178
 2760.578860    0.000192
 2761.215330    0.000207
 2761.850590    0.000222
 2762.487550    0.000239
 2763.123050    0.000257
 2763.758790    0.000278
 2764.396000    0.000298
 2765.031980    0.000321
 2765.669430    0.000345
 2766.305910    0.000371
 2766.943600    0.000399
 2767.580320    0.000429
 2768.216800    0.000461
 2768.855220    0.000495
 2769.492190    0.000531
 2770.130860    0.000570
 2770.768070    0.000612
 2771.407230    0.000657
 2772.044680    0.000705
 2772.682130    0.000756
 2773.321780    0.000812
 2773.959720    0.000870
 2774.599370    0.000933
 2775.237550    0.000999
 2775.877690    0.001070
 2776.516360    0.001146
 2777.155030    0.001227
 2777.795170    0.001314
 2778.434330    0.001407
 2779.074950    0.001506
 2779.714360    0.001611
 2780.355470    0.001723
 2780.995120    0.001843
 2781.634770    0.001969
 2782.276120    0.002106
 2782.916260    0.002250
 2783.558110    0.002404
 2784.198490    0.002567
 2784.840330    0.002742
 2785.480960    0.002927
 2786.121830    0.003124
 2786.764400    0.003334
 2787.405270    0.003556
 2788.048100    0.003794
 2788.689450    0.004045
 2789.332520    0.004313
 2789.974370    0.004597
 2790.615970    0.004897
 2791.259770    0.005218
 2791.901610    0.005557
 2792.545410    0.005918
 2793.187990    0.006299
 2793.832030    0.006704
 2794.474850    0.007133
 2795.117680    0.007588
 2795.762210    0.008071
 2796.405520    0.008581
 2797.050290    0.009123
 2797.693600    0.009695
 2798.338870    0.010302
 2798.982420    0.010942
 2799.626460    0.011621
 2800.272220    0.012339
 2800.916260    0.013097
 2801.562260    0.013900
 2802.206790    0.014748
 2802.852780    0.015644
 2803.497560    0.016589
 2804.142580    0.017587
 2804.789310    0.018643
 2805.434330    0.019755
 2806.081300    0.020932
 2806.726810    0.022170
 2807.374020    0.023479
 2808.020020    0.024856
 2808.666020    0.026306
 2809.313480    0.027839
 2809.959960    0.029450
 2810.607910    0.031151
 2811.254390    0.032938
 2811.902830    0.034823
 2812.549560    0.036803
 2813.198240    0.038891
 2813.845210    0.041081
 2814.492680    0.043386
 2815.141600    0.045814
 2815.789310    0.048360
 2816.438720    0.051043
 2817.086430    0.053851
 2817.736080    0.056810
 2818.384520    0.059911
 2819.032710    0.063163
 2819.682620    0.066584
 2820.331300    0.070165
 2820.981930    0.073932
 2821.630620    0.077868
 2822.281490    0.082008
 2822.930660    0.086334
 2823.580080    0.090868
 2824.231200    0.095628
 2824.880860    0.100599
 2825.532230    0.105817
 2826.182370    0.111266
 2826.833980    0.116980
 2827.484380    0.122943
 2828.134770    0.129178
 2828.786870    0.135713
 2829.437740    0.142528
 2830.090090    0.149663
 2830.741210    0.157102
 2831.394040    0.164889
 2832.045410    0.172999
 2832.697020    0.181466
 2833.350100    0.190319
 2834.001950    0.199534
 2834.655520    0.209169
 2835.307620    0.219191
 2835.961180    0.229657
 2836.613770    0.240546
 2837.266360    0.251886
 2837.920410    0.263721
 2838.573490    0.276024
 2839.228030    0.288857
 2839.881100    0.302177
 2840.535890    0.316069
 2841.189450    0.330488
 2841.843020    0.345476
 2842.498540    0.361101
 2843.152340    0.377293
 2843.807860    0.394156
 2844.462160    0.411633
 2845.118160    0.429825
 2845.772710    0.448664
 2846.427250    0.468209
 2847.083740    0.488544
 2847.738770    0.509583
 2848.395260    0.531445
 2849.050540    0.554059
 2849.707760    0.577561
 2850.363280    0.601842
 2851.018800    0.626985
 2851.676270    0.653091
 2852.332280    0.680051
 2852.989990    0.708018
 2853.646480    0.736893
 2854.304440    0.766819
 2854.960940    0.797688
 2855.617920    0.829614
 2856.276370    0.862674
 2856.933350    0.896746
 2857.592290    0.932034
 2858.249760    0.968384
 2858.908940    1.005996
 2859.566650    1.044716
 2860.224370    1.084652
 2860.883790    1.125938
 2861.541750    1.168406
 2862.201900    1.212317
 2862.860350    1.257441
 2863.520510    1.304037
 2864.179200    1.351912
 2864.839840    1.401337
 2865.498780    1.452069
 2866.157960    1.504279
 2866.818850    1.558115
 2867.478520    1.613367
 2868.139650    1.670286
 2868.799320    1.728645
 2869.460940    1.788774
 2870.121090    1.850389
 2870.781490    1.913670
 2871.443360    1.978764
 2872.103760    2.045406
 2872.766360    2.113995
 2873.427000    2.184123
 2874.089600    2.256227
 2874.750730    2.329961
 2875.412110    2.405532
 2876.075440    2.483163
 2876.736820    2.562418
 2877.400390    2.643817
 2878.062260    2.726900
 2878.725830    2.812113
 2879.388180    2.899101
 2880.050540    2.988035
 2880.714600    3.079166
 2881.377440    3.172111
 2882.041750    3.267260
 2882.704830    3.364241
 2883.369380    3.463462
 2884.032960    3.564569
 2884.696530    3.667716
 2885.361330    3.773106
 2886.025390    3.880440
 2886.690920    3.990082
 2887.354980    4.101551
 2888.020510    4.215344
 2888.685060    4.331048
 2889.349610    4.448827
 2890.015870    4.568990
 2890.680910    4.691010
 2891.347410    4.815374
 2892.012700    4.941580
 2892.679200    5.070080
 2893.344970    5.200492
 2894.010500    5.332894
 2894.677730    5.467673
 2895.343510    5.604173
 2896.011470    5.743132
 2896.677490    5.883668
 2897.345460    6.026587
 2898.011960    6.171140
 2898.678960    6.317720
 2899.347170    6.466474
 2900.014160    6.616827
 2900.682860    6.769416
 2901.350100    6.923486
 2902.019530    7.079852
 2902.687010    7.237512
 2903.354740    7.396940
 2904.024410    7.558516
 2904.692380    7.721314
 2905.361820    7.886068
 2906.030520    8.052191
 2906.700680    8.220187
 2907.369140    8.389212
 2908.038090    8.559765
 2908.708500    8.732049
 2909.377930    8.905387
 2910.048830    9.080353
 2910.718260    9.256127
 2911.389650    9.433546
 2912.059330    9.611581
 2912.729250    9.790686
 2913.400630    9.971125
 2914.070800    10.152109
 2914.742920    10.334429
 2915.413570    10.517086
 2916.085690    10.700806
 2916.756590    10.884783
 2917.429200    11.069743
 2918.100340    11.254740
 2918.771730    11.440160
 2919.444580    11.626267
 2920.116210    11.812237
 2920.789550    11.998792
 2921.461670    12.185040
 2922.135500    12.371710
 2922.807370    12.557699
 2923.479740    12.743595
 2924.154050    12.929714
 2924.826660    13.114960
 2925.500980    13.300175
 2926.174070    13.484468
 2926.848880    13.668547
 2927.522220    13.851456
 2928.195800    14.033563
 2928.870850    14.215103
 2929.544920    14.395327
 2930.220460    14.574788
 2930.894530    14.752613
 2931.570310    14.929545
 2932.244630    15.104657
 2932.919190    15.278298
 2933.595700    15.450810
 2934.270260    15.621101
 2934.947270    15.790180
 2935.622310    15.956857
 2936.299070    16.121941
 2936.974850    16.284676
 2937.650390    16.445160
 2938.327880    16.603804
 2939.003660    16.759665
 2939.681400    16.913490
 2940.357670    17.064415
 2941.035640    17.213057
 2941.712160    17.358629
 2942.389160    17.501472
 2943.067630    17.641691
 2943.744630    17.778603
 2944.423580    17.912804
 2945.100830    18.043497
 2945.780030    18.171299
 2946.457760    18.295494
 2947.135500    18.416277
 2947.815190    18.533913
 2948.493410    18.647736
 2949.173100    18.758158
 2949.851560    18.864681
 2950.531980    18.967730
 2951.210450    19.066643
 2951.889650    19.161770
 2952.570070    19.253098
 2953.249270    19.340242
 2953.930660    19.423584
 2954.610110    19.502552
 2955.291500    19.577559
 2955.971190    19.648148
 2956.651120    19.714489
 2957.333010    19.776701
 2958.013180    19.834398
 2958.695560    19.887873
 2959.376220    19.936779
 2960.058350    19.981327
 2960.739500    20.021309
 2961.420410    20.056772
 2962.103520    20.087795
 2962.784910    20.114183
 2963.468020    20.136047
 2964.149900    20.153282
 2964.833500    20.165943
 2965.515380    20.173967
 2966.197750    20.177383
 2966.881590    20.176182
 2967.564210    20.170364
 2968.248540    20.159912
 2968.931150    20.144884
 2969.615720    20.125214
 2970.299070    20.100994
 2970.984130    20.072138
 2971.667480    20.038811
 2972.351070    20.000957
 2973.036620    19.958492
 2973.720700    19.911648
 2974.406250    19.860260
 2975.090580    19.804560
 2975.776610    19.744352
 2976.461180    19.679945
 2977.146000    19.611240
 2977.832280    19.538145
 2978.517580    19.460968
 2979.204350    19.379478
 2979.889650    19.294081
 2980.576660    19.204433
 2981.262210    19.111012
 2981.948240    19.013622
 2982.635990    18.912130
 2983.322020    18.807114
 2984.010010    18.698078
 2984.696530    18.585630
 2985.384770    18.469328
 2986.071530    18.349775
 2986.758540    18.226763
 2987.447270    18.100096
 2988.134770    17.970381
 2988.823490    17.837254
 2989.510990    17.701263
 2990.200440    17.561863
 2990.888180    17.419878
 2991.576170    17.275003
 2992.266360    17.126904
 2992.954830    16.976503
 2993.644780    16.823202
 2994.333500    16.667688
 2995.023930    16.509396
 2995.713130    16.349083
 2996.402100    16.186626
 2997.093020    16.021595
 2997.782710    15.854842
 2998.473880    15.685814
 2999.163570    15.515324
 2999.855470    15.342557
 3000.545410    15.168653
 3001.235600    14.993159
 3001.927730    14.815731
 3002.618410    14.637343
 3003.310550    14.457332
 3004.001710    14.276431
 3004.694340    14.094097
 3005.385740    13.911135
 3006.076900    13.727382
 3006.770020    13.542348
 3007.461670    13.357038
 3008.155270    13.170631
 3008.847410    12.984142
 3009.541260    12.796802
 3010.233400    12.609628
 3010.926270    12.422050
 3011.620360    12.234028
 3012.313230    12.046307
 3013.007810    11.858181
 3013.700930    11.670597
 3014.395750    11.482783
 3015.089360    11.295611
 3015.783200    11.108768
 3016.478270    10.922070
 3017.172610    10.736125
 3017.868160    10.550485
 3018.562260    10.365940
 3019.258540    10.181597
 3019.952880    9.998622
 3020.647950    9.816378
 3021.344480    9.634743
 3022.039310    9.454614
 3022.736330    9.275043
 3023.431640    9.097101
 3024.128660    8.919972
 3024.824460    8.744465
 3025.522220    8.569836
 3026.218020    8.397116
 3026.914310    8.225749
 3027.612300    8.055495
 3028.308840    7.887175
 3029.007080    7.720071
 3029.703860    7.554989
 3030.402590    7.391163
 3031.099850    7.229438
 3031.797120    7.069505
 3032.496090    6.911019
 3033.193600    6.754734
 3033.893310    6.599864
 3034.591060    6.447361
 3035.290770    6.296398
 3035.989010    6.147744
 3036.687740    6.001001
 3037.387700    5.856047
 3038.086670    5.713358
 3038.787350    5.572409
 3039.486080    5.433952
 3040.187260    5.297134
 3040.886470    5.162827
 3041.586180    5.030569
 3042.287350    4.900190
 3042.987550    4.772159
 3043.689210    4.646035
 3044.389160    4.522393
 3045.091060    4.400589
 3045.791750    4.281179
 3046.492430    4.163951
 3047.194820    4.048622
 3047.896000    3.935673
 3048.598880    3.824630
 3049.300050    3.716027
