 2653.384280    0.245481
 2653.996340    0.256308
 2654.606690    0.267515
 2655.217290    0.279149
 2655.829830    0.291258
 2656.440670    0.303782
 2657.053220    0.316806
 2657.664550    0.330278
 2658.277340    0.344275
 2658.888920    0.358747
 2659.500730    0.373744
 2660.114010    0.389310
 2660.725830    0.405385
 2661.339360    0.422070
 2661.951660    0.439297
 2662.565430    0.457160
 2663.177980    0.475595
 2663.790530    0.494652
 2664.404790    0.514403
 2665.017820    0.534770
 2665.632320    0.555858
 2666.245610    0.577592
 2666.860350    0.600082
 2667.473880    0.623248
 2668.089110    0.647217
 2668.702880    0.671881
 2669.316890    0.697325
 2669.932370    0.723617
 2670.546630    0.750660
 2671.162350    0.778589
 2671.776860    0.807301
 2672.393070    0.836947
 2673.007810    0.867393
 2673.622560    0.898726
 2674.239260    0.931063
 2674.854490    0.964243
 2675.471190    0.998442
 2676.086670    1.033525
 2676.703860    1.069678
 2677.319580    1.106730
 2677.935550    1.144796
 2678.552980    1.183972
 2679.169190    1.224103
 2679.786870    1.265377
 2680.403560    1.307649
 2681.021480    1.351082
 2681.638430    1.395537
 2682.255370    1.441095
 2682.873780    1.487882
 2683.490970    1.535706
 2684.109860    1.584807
 2684.727290    1.634948
 2685.346440    1.686397
 2685.964110    1.738899
 2686.582030    1.792609
 2687.201660    1.847668
 2687.819820    1.903802
 2688.439450    1.961286
 2689.057860    2.019878
 2689.677980    2.079865
 2690.296880    2.140969
 2690.915770    2.203313
 2691.536380    2.267077
 2692.155270    2.331915
 2692.776370    2.398238
 2693.395750    2.465632
 2694.016850    2.534471
 2694.636720    2.604430
 2695.256590    2.675641
 2695.877930    2.748275
 2696.498050    2.822015
 2697.119870    2.897206
 2697.740480    2.973490
 2698.362550    3.051190
 2698.983400    3.129964
 2699.604250    3.209954
 2700.226810    3.291374
 2700.847900    3.373797
 2701.470700    3.457634
 2702.092040    3.542444
 2702.715330    3.628678
 2703.337160    3.715848
 2703.958980    3.804138
 2704.582520    3.893774
 2705.204830    3.984317
 2705.828370    4.076100
 2706.450930    4.168774
 2707.074950    4.262681
 2707.697750    4.357391
 2708.320800    4.453095
 2708.945310    4.549958
 2709.568360    4.647491
 2710.193360    4.746201
 2710.816650    4.845476
 2711.441890    4.945864
 2712.065670    5.046781
 2712.689450    5.148425
 2713.314940    5.251037
 2713.939210    5.354097
 2714.565190    5.458047
 2715.189450    5.562279
 2715.815670    5.667356
 2716.440430    5.772663
 2717.066890    5.878685
 2717.691890    5.984839
 2718.317140    6.091364
 2718.943850    6.198417
 2719.569340    6.305490
 2720.196530    6.413031
 2720.822270    6.520439
 2721.449710    6.628207
 2722.075680    6.735731
 2722.702150    6.843290
 2723.329830    6.950952
 2723.956300    7.058238
 2724.584470    7.165590
 2725.211430    7.272446
 2725.839600    7.379160
 2726.466800    7.485297
 2727.093990    7.590959
 2727.722900    7.696370
 2728.350340    7.800933
 2728.979490    7.905112
 2729.607420    8.008356
 2730.236820    8.111041
 2730.864750    8.212622
 2731.493160    8.313354
 2732.122800    8.413283
 2732.751460    8.511995
 2733.381590    8.609805
 2734.010500    8.706229
 2734.640870    8.801613
 2735.270020    8.895486
 2735.899410    8.988002
 2736.530270    9.079271
 2737.159670    9.168805
 2737.790770    9.256990
 2738.420650    9.343351
 2739.052250    9.428227
 2739.682370    9.511128
 2740.312500    9.592193
 2740.944340    9.671573
 2741.575200    9.748866
 2742.207280    9.824286
 2742.838130    9.897482
 2743.470460    9.968710
 2744.101560    10.037612
 2744.732910    10.104300
 2745.365970    10.168865
 2745.997310    10.230911
 2746.630860    10.290768
 2747.262700    10.348017
 2747.896000    10.402905
 2748.528080    10.455149
 2749.160640    10.504858
 2749.794430    10.552035
 2750.427000    10.596464
 2751.061280    10.638309
 2751.694090    10.677326
 2752.328610    10.713677
 2752.961910    10.747163
 2753.595210    10.777824
 2754.230220    10.805712
 2754.863770    10.830661
 2755.499020    10.852772
 2756.132810    10.871912
 2756.768550    10.888170
 2757.402590    10.901435
 2758.036870    10.911744
 2758.673100    10.919105
 2759.307620    10.923462
 2759.943850    10.924840
 2760.578860    10.923222
 2761.215330    10.918603
 2761.850590    10.911006
 2762.487550    10.900395
 2763.123050    10.886831
 2763.758790    10.870296
 2764.396000    10.850761
 2765.031980    10.828319
 2765.669430    10.802896
 2766.305910    10.774600
 2766.943600    10.743361
 2767.580320    10.709308
 2768.216800    10.672436
 2768.855220    10.632636
 2769.492190    10.590152
 2770.130860    10.544803
 2770.768070    10.496850
 2771.407230    10.446071
 2772.044680    10.392795
 2772.682130    10.336934
 2773.321780    10.278324
 2773.959720    10.217372
 2774.599370    10.153792
 2775.237550    10.087954
 2775.877690    10.019552
 2776.516360    9.949001
 2777.155030    9.876206
 2777.795170    9.801047
 2778.434330    9.723866
 2779.074950    9.644423
 2779.714360    9.563115
 2780.355470    9.479626
 2780.995120    9.394432
 2781.634770    9.307409
 2782.276120    9.218382
 2782.916260    9.127823
 2783.558110    9.035380
 2784.198490    8.941581
 2784.840330    8.846064
 2785.480960    8.749294
 2786.121830    8.651125
 2786.764400    8.551395
 2787.405270    8.450706
 2788.048100    8.348553
 2788.689450    8.245546
 2789.332520    8.141251
 2789.974370    8.036207
 2790.615970    7.930331
 2791.259770    7.823286
 2791.901610    7.715832
 2792.545410    7.607388
 2793.187990    7.498554
 2793.832030    7.388946
 2794.474850    7.279089
 2795.117680    7.168845
 2795.762210    7.057986
 2796.405520    6.947083
 2797.050290    6.835739
 2797.693600    6.724524
 2798.338870    6.612916
 2798.982420    6.501606
 2799.626460    6.390281
 2800.272220    6.278790
 2800.916260    6.167783
 2801.562260    6.056689
 2802.206790    5.946154
 2802.852780    5.835732
 2803.497560    5.725936
 2804.142580    5.616572
 2804.789310    5.507446
 2805.434330    5.399185
 2806.081300    5.291224
 2806.726810    5.184185
 2807.374020    5.077587
 2808.020020    4.971957
 2808.666020    4.867140
 2809.313480    4.762942
 2809.959960    4.659796
 2810.607910    4.557354
 2811.254390    4.456117
 2811.902830    4.355585
 2812.549560    4.256361
 2813.198240    4.157917
 2813.845210    4.060838
 2814.492680    3.964823
 2815.141600    3.869758
 2815.789310    3.776062
 2816.438720    3.683341
 2817.086430    3.592101
 2817.736080    3.501850
 2818.384520    3.413051
 2819.032710    3.325583
 2819.682620    3.239203
 2820.331300    3.154318
 2820.981930    3.070526
 2821.630620    2.988343
 2822.281490    2.907256
 2822.930660    2.827759
 2823.580080    2.749618
 2824.231200    2.672668
 2824.880860    2.597289
 2825.532230    2.523118
 2826.182370    2.450492
 2826.833980    2.379113
 2827.484380    2.309275
 2828.134770    2.240842
 2828.786870    2.173636
 2829.437740    2.107958
 2830.090090    2.043531
 2830.741210    1.980618
 2831.394040    1.918927
 2832.045410    1.858752
 2832.697020    1.799924
 2833.350100    1.742327
 2834.001950    1.686187
 2834.655520    1.631242
 2835.307620    1.577749
 2835.961180    1.525453
 2836.613770    1.474537
 2837.266360    1.424909
 2837.920410    1.376445
 2838.573490    1.329313
 2839.228030    1.283321
 2839.881100    1.238659
 2840.535890    1.195093
 2841.189450    1.152802
 2841.843020    1.111684
 2842.498540    1.071605
 2843.152340    1.032769
 2843.807860    0.994956
 2844.462160    0.958315
 2845.118160    0.922663
 2845.772710    0.888155
 2846.427250    0.854690
 2847.083740    0.822150
 2847.738770    0.790689
 2848.395260    0.760142
 2849.050540    0.730618
 2849.707760    0.701951
 2850.363280    0.674283
 2851.018800    0.647517
 2851.676270    0.621557
 2852.332280    0.596519
 2852.989990    0.572260
 2853.646480    0.548870
 2854.304440    0.526233
 2854.960940    0.504430
 2855.617920    0.483374
 2856.276370    0.463017
 2856.933350    0.443431
 2857.592290    0.424494
 2858.249760    0.406286
 2858.908940    0.388701
 2859.566650    0.371806
 2860.224370    0.355540
 2860.883790    0.339848
 2861.541750    0.324785
 2862.201900    0.310252
 2862.860350    0.296318
 2863.520510    0.282893
 2864.179200    0.270025
 2864.839840    0.257630
 2865.498780    0.245764
 2866.157960    0.234370
 2866.818850    0.223412
 2867.478520    0.212922
 2868.139650    0.202844
 2868.799320    0.193207
 2869.460940    0.183948
 2870.121090    0.175099
 2870.781490    0.166624
 2871.443360    0.158496
 2872.103760    0.150737
 2872.766360    0.143291
 2873.427000    0.136193
 2874.089600    0.129390
 2874.750730    0.122904
 2875.412110    0.116707
 2876.075440    0.110772
 2876.736820    0.105125
 2877.400390    0.099719
 2878.062260    0.094576
 2878.725830    0.089660
 2879.388180    0.084983
 2880.050540    0.080525
 2880.714600    0.076269
 2881.377440    0.072224
 2882.041750    0.068364
 2882.704830    0.064699
 2883.369380    0.061204
 2884.032960    0.057886
 2884.696530    0.054732
 2885.361330    0.051729
 2886.025390    0.048880
 2886.690920    0.046167
 2887.354980    0.043598
 2888.020510    0.041155
 2888.685060    0.038840
 2889.349610    0.036646
 2890.015870    0.034559
 2890.680910    0.032585
 2891.347410    0.030711
 2892.012700    0.028939
 2892.679200    0.027259
 2893.344970    0.025670
 2894.010500    0.024167
 2894.677730    0.022742
 2895.343510    0.021398
 2896.011470    0.020123
 2896.677490    0.018922
 2897.345460    0.017784
 2898.011960    0.016711
 2898.678960    0.015698
 2899.347170    0.014741
 2900.014160    0.013840
 2900.682860    0.012987
 2901.350100    0.012185
 2902.019530    0.011427
 2902.687010    0.010715
 2903.354740    0.010044
 2904.024410    0.009411
 2904.692380    0.008816
 2905.361820    0.008256
 2906.030520    0.007729
 2906.700680    0.007233
 2907.369140    0.006767
 2908.038090    0.006330
 2908.708500    0.005918
 2909.377930    0.005531
 2910.048830    0.005168
 2910.718260    0.004828
 2911.389650    0.004508
 2912.059330    0.004209
 2912.729250    0.003928
 2913.400630    0.003665
 2914.070800    0.003418
 2914.742920    0.003186
 2915.413570    0.002971
 2916.085690    0.002768
 2916.756590    0.002578
 2917.429200    0.002400
 2918.100340    0.002235
 2918.771730    0.002080
 2919.444580    0.001935
 2920.116210    0.001800
 2920.789550    0.001674
 2921.461670    0.001555
 2922.135500    0.001445
 2922.807370    0.001343
 2923.479740    0.001246
 2924.154050    0.001157
 2924.826660    0.001074
 2925.500980    0.000997
 2926.174070    0.000924
 2926.848880    0.000856
 2927.522220    0.000794
 2928.195800    0.000735
 2928.870850    0.000682
 2929.544920    0.000631
 2930.220460    0.000584
 2930.894530    0.000541
 2931.570310    0.000500
 2932.244630    0.000463
 2932.919190    0.000427
 2933.595700    0.000395
 2934.270260    0.000365
 2934.947270    0.000338
 2935.622310    0.000312
 2936.299070    0.000287
 2936.974850    0.000265
 2937.650390    0.000245
 2938.327880    0.000226
 2939.003660    0.000208
 2939.681400    0.000192
 2940.357670    0.000176
 2941.035640    0.000163
 2941.712160    0.000150
 2942.389160    0.000138
 2943.067630    0.000127
 2943.744630    0.000116
 2944.423580    0.000108
 2945.100830    0.000098
 2945.780030    0.000091
 2946.457760    0.000083
 2947.135500    0.000076
 2947.815190    0.000071
 2948.493410    0.000065
 2949.173100    0.000059
 2949.851560    0.000054
 2950.531980    0.000050
 2951.210450    0.000046
 2951.889650    0.000042
 2952.570070    0.000038
 2953.249270    0.000035
 2953.930660    0.000032
 2954.610110    0.000030
 2955.291500    0.000027
 2955.971190    0.000025
 2956.651120    0.000023
 2957.333010    0.000021
 2958.013180    0.000019
 2958.695560    0.000017
 2959.376220    0.000015
 2960.058350    0.000014
 2960.739500    0.000013
 2961.420410    0.000011
 2962.103520    0.000010
 2962.784910    0.000010
 2963.468020    0.000009
 2964.149900    0.000009
 2964.833500    0.000008
 2965.515380    0.000007
 2966.197750    0.000007
 2966.881590    0.000006
 2967.564210    0.000005
 2968.248540    0.000005
 2968.931150    0.000004
 2969.615720    0.000004
 2970.299070    0.000004
 2970.984130    0.000003
 2971.667480    0.000003
 2972.351070    0.000003
 2973.036620    0.000002
 2973.720700    0.000002
 2974.406250    0.000002
 2975.090580    0.000002
 2975.776610    0.000002
 2976.461180    0.000002
 2977.146000    0.000001
 2977.832280    0.000001
 2978.517580    0.000001
 2979.204350    0.000001
 2979.889650    0.000001
 2980.576660    0.000001
 2981.262210    0.000001
 2981.948240    0.000001
 2982.635990    0.000001
 2983.322020    0.000001
 2984.010010    0.000001
 2984.696530    0.000000
 2985.384770    0.000000
 2986.071530    0.000000
 2986.758540    0.000000
 2987.447270    0.000000
 2988.134770    0.000000
 2988.823490    0.000000
 2989.510990    0.000000
 2990.200440    0.000000
 2990.888180    0.000000
 2991.576170    0.000000
 2992.266360    0.000000
 2992.954830    0.000000
 2993.644780    0.000000
 2994.333500    0.000000
 2995.023930    0.000000
 2995.713130    0.000000
 2996.402100    0.000000
 2997.093020    0.000000
 2997.782710    0.000000
 2998.473880    0.000000
 2999.163570    0.000000
 2999.855470    0.000000
 3000.545410    0.000000
 3001.235600    0.000000
 3001.927730    0.000000
 3002.618410    0.000000
 3003.310550    0.000000
 3004.001710    0.000000
 3004.694340    0.000000
 3005.385740    0.000000
 3006.076900    0.000000
 3006.770020    0.000000
 3007.461670    0.000000
 3008.155270    0.000000
 3008.847410    0.000000
 3009.541260    0.000000
 3010.233400    0.000000
 3010.926270    0.000000
 3011.620360    0.000000
 3012.313230    0.000000
 3013.007810    0.000000
 3013.700930    0.000000
 3014.395750    0.000000
 3015.089360    0.000000
 3015.783200    0.000000
 3016.478270    0.000000
 3017.172610    0.000000
 3017.868160    0.000000
 3018.562260    0.000000
 3019.258540    0.000000
 3019.952880    0.000000
 3020.647950    0.000000
 3021.344480    0.000000
 3022.039310    0.000000
 3022.736330    0.000000
 3023.431640    0.000000
 3024.128660    0.000000
 3024.824460    0.000000
 3025.522220    0.000000
 3026.218020    0.000000
 3026.914310    0.000000
 3027.612300    0.000000
 3028.308840    0.000000
 3029.007080    0.000000
 3029.703860    0.000000
 3030.402590    0.000000
 3031.099850    0.000000
 3031.797120    0.000000
 3032.496090    0.000000
 3033.193600    0.000000
 3033.893310    0.000000
 3034.591060    0.000000
 3035.290770    0.000000
 3035.989010    0.000000
 3036.687740    0.000000
 3037.387700    0.000000
 3038.086670    0.000000
 3038.787350    0.000000
 3039.486080    0.000000
 3040.187260    0.000000
 3040.886470    0.000000
 3041.586180    0.000000
 3042.287350    0.000000
 3042.987550    0.000000
 3043.689210    0.000000
 3044.389160    0.000000
 3045.091060    0.000000
 3045.791750    0.000000
 3046.492430    0.000000
 3047.194820    0.000000
 3047.896000    0.000000
 3048.598880    0.000000
 3049.300050    0.000000
