 2653.384280    0.000551
 2653.996340    0.000636
 2654.606690    0.000734
 2655.217290    0.000845
 2655.829830    0.000972
 2656.440670    0.001117
 2657.053220    0.001281
 2657.664550    0.001468
 2658.277340    0.001679
 2658.888920    0.001918
 2659.500730    0.002189
 2660.114010    0.002494
 2660.725830    0.002838
 2661.339360    0.003225
 2661.951660    0.003660
 2662.565430    0.004149
 2663.177980    0.004697
 2663.790530    0.005309
 2664.404790    0.005995
 2665.017820    0.006760
 2665.632320    0.007613
 2666.245610    0.008561
 2666.860350    0.009617
 2667.473880    0.010787
 2668.089110    0.012087
 2668.702880    0.013522
 2669.316890    0.015110
 2669.932370    0.016866
 2670.546630    0.018798
 2671.162350    0.020930
 2671.776860    0.023270
 2672.393070    0.025846
 2673.007810    0.028664
 2673.622560    0.031750
 2674.239260    0.035135
 2674.854490    0.038825
 2675.471190    0.042861
 2676.086670    0.047249
 2676.703860    0.052038
 2677.319580    0.057231
 2677.935550    0.062871
 2678.552980    0.069001
 2679.169190    0.075627
 2679.786870    0.082813
 2680.403560    0.090566
 2681.021480    0.098951
 2681.638430    0.107977
 2682.255370    0.117698
 2682.873780    0.128180
 2683.490970    0.139425
 2684.109860    0.151530
 2684.727290    0.164483
 2685.346440    0.178401
 2685.964110    0.193263
 2686.582030    0.209162
 2687.201660    0.226196
 2687.819820    0.244337
 2688.439450    0.263730
 2689.057860    0.284354
 2689.677980    0.306374
 2690.296880    0.329752
 2690.915770    0.354601
 2691.536380    0.381067
 2692.155270    0.409079
 2692.776370    0.438892
 2693.395750    0.470400
 2694.016850    0.503860
 2694.636720    0.539199
 2695.256590    0.576570
 2695.877930    0.616158
 2696.498050    0.657885
 2697.119870    0.702046
 2697.740480    0.748536
 2698.362550    0.797655
 2698.983400    0.849297
 2699.604250    0.903657
 2700.226810    0.961006
 2700.847900    1.021159
 2701.470700    1.084536
 2702.092040    1.150924
 2702.715330    1.220804
 2703.337160    1.293909
 2703.958980    1.370508
 2704.582520    1.450936
 2705.204830    1.534927
 2705.828370    1.622915
 2706.450930    1.714696
 2707.074950    1.810732
 2707.697750    1.910705
 2708.320800    2.014926
 2708.945310    2.123700
 2709.568360    2.236586
 2710.193360    2.354271
 2710.816650    2.476123
 2711.441890    2.602900
 2712.065670    2.733941
 2712.689450    2.869552
 2713.314940    3.010121
 2713.939210    3.154977
 2714.565190    3.304767
 2715.189450    3.458617
 2715.815670    3.617357
 2716.440430    3.780025
 2717.066890    3.947331
 2717.691890    4.118284
 2718.317140    4.293170
 2718.943850    4.472151
 2719.569340    4.654244
 2720.196530    4.840055
 2720.822270    5.028372
 2721.449710    5.219853
 2722.075680    5.413199
 2722.702150    5.608657
 2723.329830    5.806079
 2723.956300    6.004292
 2724.584470    6.203793
 2725.211430    6.403193
 2725.839600    6.602794
 2726.466800    6.801399
 2727.093990    6.998801
 2727.722900    7.194997
 2728.350340    7.388450
 2728.979490    7.579572
 2729.607420    7.766899
 2730.236820    7.950650
 2730.864750    8.129387
 2731.493160    8.303097
 2732.122800    8.471376
 2732.751460    8.633059
 2733.381590    8.788199
 2734.010500    8.935573
 2734.640870    9.075266
 2735.270020    9.206158
 2735.899410    9.328076
 2736.530270    9.440745
 2737.159670    9.543200
 2737.790770    9.635531
 2738.420650    9.716925
 2739.052250    9.787404
 2739.682370    9.846303
 2740.312500    9.893541
 2740.944340    9.928978
 2741.575200    9.952274
 2742.207280    9.963376
 2742.838130    9.962164
 2743.470460    9.948596
 2744.101560    9.922742
 2744.732910    9.884636
 2745.365970    9.834256
 2745.997310    9.772032
 2746.630860    9.697783
 2747.262700    9.612206
 2747.896000    9.515183
 2748.528080    9.407463
 2749.160640    9.289154
 2749.794430    9.160501
 2750.427000    9.022458
 2751.061280    8.874865
 2751.694090    8.718969
 2752.328610    8.554536
 2752.961910    8.382877
 2753.595210    8.204273
 2754.230220    8.018818
 2754.863770    7.828047
 2755.499020    7.631629
 2756.132810    7.431170
 2756.768550    7.226217
 2757.402590    7.018579
 2758.036870    6.808248
 2758.673100    6.595263
 2759.307620    6.381455
 2759.943850    6.166263
 2760.578860    5.951254
 2761.215330    5.736075
 2761.850590    5.522167
 2762.487550    5.309059
 2763.123050    5.098298
 2763.758790    4.889770
 2764.396000    4.683516
 2765.031980    4.480810
 2765.669430    4.281168
 2766.305910    4.085702
 2766.943600    3.894048
 2767.580320    3.707150
 2768.216800    3.525027
 2768.855220    3.347286
 2769.492190    3.175072
 2770.130860    3.007687
 2770.768070    2.846094
 2771.407230    2.689533
 2772.044680    2.538977
 2772.682130    2.394050
 2773.321780    2.254301
 2773.959720    2.120592
 2774.599370    1.992186
 2775.237550    1.869681
 2775.877690    1.752367
 2776.516360    1.640800
 2777.155030    1.534612
 2777.795170    1.433471
 2778.434330    1.337650
 2779.074950    1.246660
 2779.714360    1.160744
 2780.355470    1.079365
 2780.995120    1.002776
 2781.634770    0.930626
 2782.276120    0.862574
 2782.916260    0.798771
 2783.558110    0.738758
 2784.198490    0.682665
 2784.840330    0.630064
 2785.480960    0.581010
 2786.121830    0.535213
 2786.764400    0.492418
 2787.405270    0.452691
 2788.048100    0.415648
 2788.689450    0.381330
 2789.332520    0.349422
 2789.974370    0.319923
 2790.615970    0.292640
 2791.259770    0.267343
 2791.901610    0.244064
 2792.545410    0.222537
 2793.187990    0.202751
 2793.832030    0.184510
 2794.474850    0.167781
 2795.117680    0.152425
 2795.762210    0.138309
 2796.405520    0.125405
 2797.050290    0.113574
 2797.693600    0.102786
 2798.338870    0.092908
 2798.982420    0.083922
 2799.626460    0.075729
 2800.272220    0.068254
 2800.916260    0.061476
 2801.562260    0.055301
 2802.206790    0.049711
 2802.852780    0.044634
 2803.497560    0.040046
 2804.142580    0.035892
 2804.789310    0.032131
 2805.434330    0.028744
 2806.081300    0.025681
 2806.726810    0.022927
 2807.374020    0.020442
 2808.020020    0.018213
 2808.666020    0.016212
 2809.313480    0.014411
 2809.959960    0.012799
 2810.607910    0.011354
 2811.254390    0.010064
 2811.902830    0.008908
 2812.549560    0.007879
 2813.198240    0.006960
 2813.845210    0.006143
 2814.492680    0.005415
 2815.141600    0.004767
 2815.789310    0.004194
 2816.438720    0.003684
 2817.086430    0.003233
 2817.736080    0.002833
 2818.384520    0.002481
 2819.032710    0.002170
 2819.682620    0.001895
 2820.331300    0.001654
 2820.981930    0.001440
 2821.630620    0.001254
 2822.281490    0.001090
 2822.930660    0.000946
 2823.580080    0.000820
 2824.231200    0.000710
 2824.880860    0.000615
 2825.532230    0.000531
 2826.182370    0.000458
 2826.833980    0.000395
 2827.484380    0.000340
 2828.134770    0.000292
 2828.786870    0.000251
 2829.437740    0.000215
 2830.090090    0.000184
 2830.741210    0.000157
 2831.394040    0.000134
 2832.045410    0.000114
 2832.697020    0.000097
 2833.350100    0.000083
 2834.001950    0.000071
 2834.655520    0.000059
 2835.307620    0.000051
 2835.961180    0.000043
 2836.613770    0.000036
 2837.266360    0.000031
 2837.920410    0.000026
 2838.573490    0.000022
 2839.228030    0.000018
 2839.881100    0.000015
 2840.535890    0.000012
 2841.189450    0.000010
 2841.843020    0.000009
 2842.498540    0.000008
 2843.152340    0.000006
 2843.807860    0.000005
 2844.462160    0.000004
 2845.118160    0.000004
 2845.772710    0.000003
 2846.427250    0.000003
 2847.083740    0.000002
 2847.738770    0.000002
 2848.395260    0.000001
 2849.050540    0.000001
 2849.707760    0.000001
 2850.363280    0.000001
 2851.018800    0.000001
 2851.676270    0.000001
 2852.332280    0.000000
 2852.989990    0.000000
 2853.646480    0.000000
 2854.304440    0.000000
 2854.960940    0.000000
 2855.617920    0.000000
 2856.276370    0.000000
 2856.933350    0.000000
 2857.592290    0.000000
 2858.249760    0.000000
 2858.908940    0.000000
 2859.566650    0.000000
 2860.224370    0.000000
 2860.883790    0.000000
 2861.541750    0.000000
 2862.201900    0.000000
 2862.860350    0.000000
 2863.520510    0.000000
 2864.179200    0.000000
 2864.839840    0.000000
 2865.498780    0.000000
 2866.157960    0.000000
 2866.818850    0.000000
 2867.478520    0.000000
 2868.139650    0.000000
 2868.799320    0.000000
 2869.460940    0.000000
 2870.121090    0.000000
 2870.781490    0.000000
 2871.443360    0.000000
 2872.103760    0.000000
 2872.766360    0.000000
 2873.427000    0.000000
 2874.089600    0.000000
 2874.750730    0.000000
 2875.412110    0.000000
 2876.075440    0.000000
 2876.736820    0.000000
 2877.400390    0.000000
 2878.062260    0.000000
 2878.725830    0.000000
 2879.388180    0.000000
 2880.050540    0.000000
 2880.714600    0.000000
 2881.377440    0.000000
 2882.041750    0.000000
 2882.704830    0.000000
 2883.369380    0.000000
 2884.032960    0.000000
 2884.696530    0.000000
 2885.361330    0.000000
 2886.025390    0.000000
 2886.690920    0.000000
 2887.354980    0.000000
 2888.020510    0.000000
 2888.685060    0.000000
 2889.349610    0.000000
 2890.015870    0.000000
 2890.680910    0.000000
 2891.347410    0.000000
 2892.012700    0.000000
 2892.679200    0.000000
 2893.344970    0.000000
 2894.010500    0.000000
 2894.677730    0.000000
 2895.343510    0.000000
 2896.011470    0.000000
 2896.677490    0.000000
 2897.345460    0.000000
 2898.011960    0.000000
 2898.678960    0.000000
 2899.347170    0.000000
 2900.014160    0.000000
 2900.682860    0.000000
 2901.350100    0.000000
 2902.019530    0.000000
 2902.687010    0.000000
 2903.354740    0.000000
 2904.024410    0.000000
 2904.692380    0.000000
 2905.361820    0.000000
 2906.030520    0.000000
 2906.700680    0.000000
 2907.369140    0.000000
 2908.038090    0.000000
 2908.708500    0.000000
 2909.377930    0.000000
 2910.048830    0.000000
 2910.718260    0.000000
 2911.389650    0.000000
 2912.059330    0.000000
 2912.729250    0.000000
 2913.400630    0.000000
 2914.070800    0.000000
 2914.742920    0.000000
 2915.413570    0.000000
 2916.085690    0.000000
 2916.756590    0.000000
 2917.429200    0.000000
 2918.100340    0.000000
 2918.771730    0.000000
 2919.444580    0.000000
 2920.116210    0.000000
 2920.789550    0.000000
 2921.461670    0.000000
 2922.135500    0.000000
 2922.807370    0.000000
 2923.479740    0.000000
 2924.154050    0.000000
 2924.826660    0.000000
 2925.500980    0.000000
 2926.174070    0.000000
 2926.848880    0.000000
 2927.522220    0.000000
 2928.195800    0.000000
 2928.870850    0.000000
 2929.544920    0.000000
 2930.220460    0.000000
 2930.894530    0.000000
 2931.570310    0.000000
 2932.244630    0.000000
 2932.919190    0.000000
 2933.595700    0.000000
 2934.270260    0.000000
 2934.947270    0.000000
 2935.622310    0.000000
 2936.299070    0.000000
 2936.974850    0.000000
 2937.650390    0.000000
 2938.327880    0.000000
 2939.003660    0.000000
 2939.681400    0.000000
 2940.357670    0.000000
 2941.035640    0.000000
 2941.712160    0.000000
 2942.389160    0.000000
 2943.067630    0.000000
 2943.744630    0.000000
 2944.423580    0.000000
 2945.100830    0.000000
 2945.780030    0.000000
 2946.457760    0.000000
 2947.135500    0.000000
 2947.815190    0.000000
 2948.493410    0.000000
 2949.173100    0.000000
 2949.851560    0.000000
 2950.531980    0.000000
 2951.210450    0.000000
 2951.889650    0.000000
 2952.570070    0.000000
 2953.249270    0.000000
 2953.930660    0.000000
 2954.610110    0.000000
 2955.291500    0.000000
 2955.971190    0.000000
 2956.651120    0.000000
 2957.333010    0.000000
 2958.013180    0.000000
 2958.695560    0.000000
 2959.376220    0.000000
 2960.058350    0.000000
 2960.739500    0.000000
 2961.420410    0.000000
 2962.103520    0.000000
 2962.784910    0.000000
 2963.468020    0.000000
 2964.149900    0.000000
 2964.833500    0.000000
 2965.515380    0.000000
 2966.197750    0.000000
 2966.881590    0.000000
 2967.564210    0.000000
 2968.248540    0.000000
 2968.931150    0.000000
 2969.615720    0.000000
 2970.299070    0.000000
 2970.984130    0.000000
 2971.667480    0.000000
 2972.351070    0.000000
 2973.036620    0.000000
 2973.720700    0.000000
 2974.406250    0.000000
 2975.090580    0.000000
 2975.776610    0.000000
 2976.461180    0.000000
 2977.146000    0.000000
 2977.832280    0.000000
 2978.517580    0.000000
 2979.204350    0.000000
 2979.889650    0.000000
 2980.576660    0.000000
 2981.262210    0.000000
 2981.948240    0.000000
 2982.635990    0.000000
 2983.322020    0.000000
 2984.010010    0.000000
 2984.696530    0.000000
 2985.384770    0.000000
 2986.071530    0.000000
 2986.758540    0.000000
 2987.447270    0.000000
 2988.134770    0.000000
 2988.823490    0.000000
 2989.510990    0.000000
 2990.200440    0.000000
 2990.888180    0.000000
 2991.576170    0.000000
 2992.266360    0.000000
 2992.954830    0.000000
 2993.644780    0.000000
 2994.333500    0.000000
 2995.023930    0.000000
 2995.713130    0.000000
 2996.402100    0.000000
 2997.093020    0.000000
 2997.782710    0.000000
 2998.473880    0.000000
 2999.163570    0.000000
 2999.855470    0.000000
 3000.545410    0.000000
 3001.235600    0.000000
 3001.927730    0.000000
 3002.618410    0.000000
 3003.310550    0.000000
 3004.001710    0.000000
 3004.694340    0.000000
 3005.385740    0.000000
 3006.076900    0.000000
 3006.770020    0.000000
 3007.461670    0.000000
 3008.155270    0.000000
 3008.847410    0.000000
 3009.541260    0.000000
 3010.233400    0.000000
 3010.926270    0.000000
 3011.620360    0.000000
 3012.313230    0.000000
 3013.007810    0.000000
 3013.700930    0.000000
 3014.395750    0.000000
 3015.089360    0.000000
 3015.783200    0.000000
 3016.478270    0.000000
 3017.172610    0.000000
 3017.868160    0.000000
 3018.562260    0.000000
 3019.258540    0.000000
 3019.952880    0.000000
 3020.647950    0.000000
 3021.344480    0.000000
 3022.039310    0.000000
 3022.736330    0.000000
 3023.431640    0.000000
 3024.128660    0.000000
 3024.824460    0.000000
 3025.522220    0.000000
 3026.218020    0.000000
 3026.914310    0.000000
 3027.612300    0.000000
 3028.308840    0.000000
 3029.007080    0.000000
 3029.703860    0.000000
 3030.402590    0.000000
 3031.099850    0.000000
 3031.797120    0.000000
 3032.496090    0.000000
 3033.193600    0.000000
 3033.893310    0.000000
 3034.591060    0.000000
 3035.290770    0.000000
 3035.989010    0.000000
 3036.687740    0.000000
 3037.387700    0.000000
 3038.086670    0.000000
 3038.787350    0.000000
 3039.486080    0.000000
 3040.187260    0.000000
 3040.886470    0.000000
 3041.586180    0.000000
 3042.287350    0.000000
 3042.987550    0.000000
 3043.689210    0.000000
 3044.389160    0.000000
 3045.091060    0.000000
 3045.791750    0.000000
 3046.492430    0.000000
 3047.194820    0.000000
 3047.896000    0.000000
 3048.598880    0.000000
 3049.300050    0.000000
