 2653.384280    0.000000
 2653.996340    0.000000
 2654.606690    0.000000
 2655.217290    0.000000
 2655.829830    0.000000
 2656.440670    0.000000
 2657.053220    0.000000
 2657.664550    0.000000
 2658.277340    0.000000
 2658.888920    0.000000
 2659.500730    0.000000
 2660.114010    0.000000
 2660.725830    0.000000
 2661.339360    0.000000
 2661.951660    0.000000
 2662.565430    0.000000
 2663.177980    0.000000
 2663.790530    0.000000
 2664.404790    0.000000
 2665.017820    0.000000
 2665.632320    0.000000
 2666.245610    0.000000
 2666.860350    0.000000
 2667.473880    0.000000
 2668.089110    0.000000
 2668.702880    0.000000
 2669.316890    0.000000
 2669.932370    0.000000
 2670.546630    0.000000
 2671.162350    0.000000
 2671.776860    0.000000
 2672.393070    0.000000
 2673.007810    0.000000
 2673.622560    0.000000
 2674.239260    0.000000
 2674.854490    0.000000
 2675.471190    0.000000
 2676.086670    0.000000
 2676.703860    0.000000
 2677.319580    0.000000
 2677.935550    0.000000
 2678.552980    0.000000
 2679.169190    0.000000
 2679.786870    0.000000
 2680.403560    0.000000
 2681.021480    0.000000
 2681.638430    0.000000
 2682.255370    0.000000
 2682.873780    0.000000
 2683.490970    0.000000
 2684.109860    0.000000
 2684.727290    0.000000
 2685.346440    0.000000
 2685.964110    0.000000
 2686.582030    0.000000
 2687.201660    0.000000
 2687.819820    0.000000
 2688.439450    0.000000
 2689.057860    0.000000
 2689.677980    0.000000
 2690.296880    0.000000
 2690.915770    0.000000
 2691.536380    0.000000
 2692.155270    0.000000
 2692.776370    0.000000
 2693.395750    0.000000
 2694.016850    0.000000
 2694.636720    0.000000
 2695.256590    0.000000
 2695.877930    0.000000
 2696.498050    0.000000
 2697.119870    0.000000
 2697.740480    0.000000
 2698.362550    0.000000
 2698.983400    0.000000
 2699.604250    0.000000
 2700.226810    0.000000
 2700.847900    0.000000
 2701.470700    0.000000
 2702.092040    0.000000
 2702.715330    0.000000
 2703.337160    0.000000
 2703.958980    0.000000
 2704.582520    0.000000
 2705.204830    0.000000
 2705.828370    0.000000
 2706.450930    0.000000
 2707.074950    0.000000
 2707.697750    0.000000
 2708.320800    0.000000
 2708.945310    0.000000
 2709.568360    0.000000
 2710.193360    0.000000
 2710.816650    0.000000
 2711.441890    0.000000
 2712.065670    0.000000
 2712.689450    0.000000
 2713.314940    0.000000
 2713.939210    0.000000
 2714.565190    0.000000
 2715.189450    0.000000
 2715.815670    0.000000
 2716.440430    0.000000
 2717.066890    0.000000
 2717.691890    0.000000
 2718.317140    0.000000
 2718.943850    0.000000
 2719.569340    0.000000
 2720.196530    0.000000
 2720.822270    0.000000
 2721.449710    0.000000
 2722.075680    0.000000
 2722.702150    0.000000
 2723.329830    0.000000
 2723.956300    0.000000
 2724.584470    0.000000
 2725.211430    0.000000
 2725.839600    0.000000
 2726.466800    0.000000
 2727.093990    0.000000
 2727.722900    0.000000
 2728.350340    0.000000
 2728.979490    0.000000
 2729.607420    0.000000
 2730.236820    0.000000
 2730.864750    0.000000
 2731.493160    0.000000
 2732.122800    0.000000
 2732.751460    0.000000
 2733.381590    0.000000
 2734.010500    0.000000
 2734.640870    0.000000
 2735.270020    0.000000
 2735.899410    0.000000
 2736.530270    0.000000
 2737.159670    0.000000
 2737.790770    0.000000
 2738.420650    0.000000
 2739.052250    0.000000
 2739.682370    0.000000
 2740.312500    0.000000
 2740.944340    0.000000
 2741.575200    0.000000
 2742.207280    0.000000
 2742.838130    0.000000
 2743.470460    0.000000
 2744.101560    0.000000
 2744.732910    0.000000
 2745.365970    0.000000
 2745.997310    0.000000
 2746.630860    0.000000
 2747.262700    0.000000
 2747.896000    0.000000
 2748.528080    0.000001
 2749.160640    0.000001
 2749.794430    0.000001
 2750.427000    0.000001
 2751.061280    0.000001
 2751.694090    0.000001
 2752.328610    0.000002
 2752.961910    0.000002
 2753.595210    0.000002
 2754.230220    0.000003
 2754.863770    0.000003
 2755.499020    0.000004
 2756.132810    0.000005
 2756.768550    0.000006
 2757.402590    0.000007
 2758.036870    0.000008
 2758.673100    0.000010
 2759.307620    0.000010
 2759.943850    0.000012
 2760.578860    0.000015
 2761.215330    0.000017
 2761.850590    0.000021
 2762.487550    0.000024
 2763.123050    0.000029
 2763.758790    0.000033
 2764.396000    0.000039
 2765.031980    0.000045
 2765.669430    0.000052
 2766.305910    0.000061
 2766.943600    0.000072
 2767.580320    0.000083
 2768.216800    0.000096
 2768.855220    0.000111
 2769.492190    0.000129
 2770.130860    0.000148
 2770.768070    0.000171
 2771.407230    0.000196
 2772.044680    0.000226
 2772.682130    0.000259
 2773.321780    0.000298
 2773.959720    0.000340
 2774.599370    0.000389
 2775.237550    0.000443
 2775.877690    0.000505
 2776.516360    0.000575
 2777.155030    0.000654
 2777.795170    0.000743
 2778.434330    0.000841
 2779.074950    0.000953
 2779.714360    0.001077
 2780.355470    0.001216
 2780.995120    0.001370
 2781.634770    0.001543
 2782.276120    0.001735
 2782.916260    0.001947
 2783.558110    0.002184
 2784.198490    0.002445
 2784.840330    0.002735
 2785.480960    0.003054
 2786.121830    0.003406
 2786.764400    0.003793
 2787.405270    0.004218
 2788.048100    0.004686
 2788.689450    0.005198
 2789.332520    0.005759
 2789.974370    0.006372
 2790.615970    0.007040
 2791.259770    0.007771
 2791.901610    0.008564
 2792.545410    0.009429
 2793.187990    0.010365
 2793.832030    0.011383
 2794.474850    0.012484
 2795.117680    0.013673
 2795.762210    0.014962
 2796.405520    0.016350
 2797.050290    0.017848
 2797.693600    0.019458
 2798.338870    0.021194
 2798.982420    0.023055
 2799.626460    0.025053
 2800.272220    0.027202
 2800.916260    0.029497
 2801.562260    0.031961
 2802.206790    0.034593
 2802.852780    0.037411
 2803.497560    0.040416
 2804.142580    0.043626
 2804.789310    0.047060
 2805.434330    0.050714
 2806.081300    0.054624
 2806.726810    0.058783
 2807.374020    0.063228
 2808.020020    0.067958
 2808.666020    0.073000
 2809.313480    0.078388
 2809.959960    0.084126
 2810.607910    0.090260
 2811.254390    0.096789
 2811.902830    0.103781
 2812.549560    0.111229
 2813.198240    0.119212
 2813.845210    0.127726
 2814.492680    0.136841
 2815.141600    0.146623
 2815.789310    0.157084
 2816.438720    0.168330
 2817.086430    0.180367
 2817.736080    0.193330
 2818.384520    0.207234
 2819.032710    0.222180
 2819.682620    0.238305
 2820.331300    0.255634
 2820.981930    0.274360
 2821.630620    0.294483
 2822.281490    0.316257
 2822.930660    0.339685
 2823.580080    0.364973
 2824.231200    0.392339
 2824.880860    0.421812
 2825.532230    0.453714
 2826.182370    0.488089
 2826.833980    0.525276
 2827.484380    0.565333
 2828.134770    0.608546
 2828.786870    0.655274
 2829.437740    0.705555
 2830.090090    0.759855
 2830.741210    0.818221
 2831.394040    0.881198
 2832.045410    0.948774
 2832.697020    1.021412
 2833.350100    1.099580
 2834.001950    1.183277
 2834.655520    1.273213
 2835.307620    1.369292
 2835.961180    1.472284
 2836.613770    1.582157
 2837.266360    1.699408
 2837.920410    1.824672
 2838.573490    1.957841
 2839.228030    2.099769
 2839.881100    2.250162
 2840.535890    2.410092
 2841.189450    2.579179
 2841.843020    2.758025
 2842.498540    2.947510
 2843.152340    3.146863
 2843.807860    3.357388
 2844.462160    3.578398
 2845.118160    3.811106
 2845.772710    4.054576
 2846.427250    4.309469
 2847.083740    4.576710
 2847.738770    4.854998
 2848.395260    5.145614
 2849.050540    5.447367
 2849.707760    5.761678
 2850.363280    6.086698
 2851.018800    6.423064
 2851.676270    6.771619
 2852.332280    7.130280
 2852.989990    7.500461
 2853.646480    7.880123
 2854.304440    8.270368
 2854.960940    8.668932
 2855.617920    9.076395
 2856.276370    9.492745
 2856.933350    9.915416
 2857.592290    10.345823
 2858.249760    10.780901
 2858.908940    11.221841
 2859.566650    11.665554
 2860.224370    12.111998
 2860.883790    12.561255
 2861.541750    13.010045
 2862.201900    13.459683
 2862.860350    13.906289
 2863.520510    14.350926
 2864.179200    14.790167
 2864.839840    15.224974
 2865.498780    15.651598
 2866.157960    16.069988
 2866.818850    16.479681
 2867.478520    16.877504
 2868.139650    17.263731
 2868.799320    17.635324
 2869.460940    17.992888
 2870.121090    18.333294
 2870.781490    18.656244
 2871.443360    18.961084
 2872.103760    19.245337
 2872.766360    19.509480
 2873.427000    19.750854
 2874.089600    19.969967
 2874.750730    20.164820
 2875.412110    20.335243
 2876.075440    20.480890
 2876.736820    20.600347
 2877.400390    20.693897
 2878.062260    20.760605
 2878.725830    20.800571
 2879.388180    20.813461
 2880.050540    20.799349
 2880.714600    20.758192
 2881.377440    20.690336
 2882.041750    20.595808
 2882.704830    20.475401
 2883.369380    20.329136
 2884.032960    20.158153
 2884.696530    19.962992
 2885.361330    19.744041
 2886.025390    19.502834
 2886.690920    19.239532
 2887.354980    18.956362
 2888.020510    18.653221
 2888.685060    18.332390
 2889.349610    17.994698
 2890.015870    17.640512
 2890.680910    17.272711
 2891.347410    16.891171
 2892.012700    16.498810
 2892.679200    16.095593
 2893.344970    15.684093
 2894.010500    15.265428
 2894.677730    14.839734
 2895.343510    14.410406
 2896.011470    13.976416
 2896.677490    13.541771
 2897.345460    13.105191
 2898.011960    12.670133
 2898.678960    12.236491
 2899.347170    11.804911
 2900.014160    11.378025
 2900.682860    10.954952
 2901.350100    10.538627
 2902.019530    10.127627
 2902.687010    9.725286
 2903.354740    9.330957
 2904.024410    8.944304
 2904.692380    8.568008
 2905.361820    8.200762
 2906.030520    7.844200
 2906.700680    7.497514
 2907.369140    7.162611
 2908.038090    6.838569
 2908.708500    6.525108
 2909.377930    6.223464
 2910.048830    5.932573
 2910.718260    5.653681
 2911.389650    5.385294
 2912.059330    5.128759
 2912.729250    4.883122
 2913.400630    4.647776
 2914.070800    4.423427
 2914.742920    4.208761
 2915.413570    4.004587
 2916.085690    3.809698
 2916.756590    3.624542
 2917.429200    3.447973
 2918.100340    3.280472
 2918.771730    3.121221
 2919.444580    2.969594
 2920.116210    2.825830
 2920.789550    2.688940
 2921.461670    2.559162
 2922.135500    2.435577
 2922.807370    2.318504
 2923.479740    2.207158
 2924.154050    2.100996
 2924.826660    2.000282
 2925.500980    1.904202
 2926.174070    1.812887
 2926.848880    1.725672
 2927.522220    1.642711
 2928.195800    1.563538
 2928.870850    1.487797
 2929.544920    1.415554
 2930.220460    1.346352
 2930.894530    1.280309
 2931.570310    1.216948
 2932.244630    1.156410
 2932.919190    1.098396
 2933.595700    1.042640
 2934.270260    0.989345
 2934.947270    0.938057
 2935.622310    0.889015
 2936.299070    0.841861
 2936.974850    0.796704
 2937.650390    0.753417
 2938.327880    0.711798
 2939.003660    0.672010
 2939.681400    0.633784
 2940.357670    0.597260
 2941.035640    0.562220
 2941.712160    0.528781
 2942.389160    0.496801
 2943.067630    0.466201
 2943.744630    0.437071
 2944.423580    0.409229
 2945.100830    0.382788
 2945.780030    0.357568
 2946.457760    0.333661
 2947.135500    0.310976
 2947.815190    0.289416
 2948.493410    0.269055
 2949.173100    0.249768
 2949.851560    0.231596
 2950.531980    0.214417
 2951.210450    0.198294
 2951.889650    0.183123
 2952.570070    0.168859
 2953.249270    0.155516
 2953.930660    0.142991
 2954.610110    0.131324
 2955.291500    0.120411
 2955.971190    0.110272
 2956.651120    0.100842
 2957.333010    0.092061
 2958.013180    0.083943
 2958.695560    0.076408
 2959.376220    0.069466
 2960.058350    0.063047
 2960.739500    0.057147
 2961.420410    0.051724
 2962.103520    0.046732
 2962.784910    0.042170
 2963.468020    0.037986
 2964.149900    0.034173
 2964.833500    0.030688
 2965.515380    0.027525
 2966.197750    0.024649
 2966.881590    0.022035
 2967.564210    0.019671
 2968.248540    0.017530
 2968.931150    0.015603
 2969.615720    0.013863
 2970.299070    0.012300
 2970.984130    0.010893
 2971.667480    0.009635
 2972.351070    0.008509
 2973.036620    0.007501
 2973.720700    0.006603
 2974.406250    0.005802
 2975.090580    0.005093
 2975.776610    0.004461
 2976.461180    0.003902
 2977.146000    0.003408
 2977.832280    0.002972
 2978.517580    0.002587
 2979.204350    0.002249
 2979.889650    0.001952
 2980.576660    0.001691
 2981.262210    0.001463
 2981.948240    0.001264
 2982.635990    0.001090
 2983.322020    0.000938
 2984.010010    0.000807
 2984.696530    0.000692
 2985.384770    0.000593
 2986.071530    0.000507
 2986.758540    0.000434
 2987.447270    0.000370
 2988.134770    0.000315
 2988.823490    0.000267
 2989.510990    0.000227
 2990.200440    0.000193
 2990.888180    0.000163
 2991.576170    0.000137
 2992.266360    0.000115
 2992.954830    0.000097
 2993.644780    0.000082
 2994.333500    0.000069
 2995.023930    0.000057
 2995.713130    0.000049
 2996.402100    0.000040
 2997.093020    0.000033
 2997.782710    0.000028
 2998.473880    0.000023
 2999.163570    0.000019
 2999.855470    0.000016
 3000.545410    0.000013
 3001.235600    0.000010
 3001.927730    0.000009
 3002.618410    0.000008
 3003.310550    0.000006
 3004.001710    0.000005
 3004.694340    0.000004
 3005.385740    0.000003
 3006.076900    0.000003
 3006.770020    0.000002
 3007.461670    0.000002
 3008.155270    0.000002
 3008.847410    0.000001
 3009.541260    0.000001
 3010.233400    0.000001
 3010.926270    0.000001
 3011.620360    0.000001
 3012.313230    0.000000
 3013.007810    0.000000
 3013.700930    0.000000
 3014.395750    0.000000
 3015.089360    0.000000
 3015.783200    0.000000
 3016.478270    0.000000
 3017.172610    0.000000
 3017.868160    0.000000
 3018.562260    0.000000
 3019.258540    0.000000
 3019.952880    0.000000
 3020.647950    0.000000
 3021.344480    0.000000
 3022.039310    0.000000
 3022.736330    0.000000
 3023.431640    0.000000
 3024.128660    0.000000
 3024.824460    0.000000
 3025.522220    0.000000
 3026.218020    0.000000
 3026.914310    0.000000
 3027.612300    0.000000
 3028.308840    0.000000
 3029.007080    0.000000
 3029.703860    0.000000
 3030.402590    0.000000
 3031.099850    0.000000
 3031.797120    0.000000
 3032.496090    0.000000
 3033.193600    0.000000
 3033.893310    0.000000
 3034.591060    0.000000
 3035.290770    0.000000
 3035.989010    0.000000
 3036.687740    0.000000
 3037.387700    0.000000
 3038.086670    0.000000
 3038.787350    0.000000
 3039.486080    0.000000
 3040.187260    0.000000
 3040.886470    0.000000
 3041.586180    0.000000
 3042.287350    0.000000
 3042.987550    0.000000
 3043.689210    0.000000
 3044.389160    0.000000
 3045.091060    0.000000
 3045.791750    0.000000
 3046.492430    0.000000
 3047.194820    0.000000
 3047.896000    0.000000
 3048.598880    0.000000
 3049.300050    0.000000
