 2653.384280    0.000000
 2653.996340    0.000000
 2654.606690    0.000000
 2655.217290    0.000000
 2655.829830    0.000000
 2656.440670    0.000000
 2657.053220    0.000000
 2657.664550    0.000000
 2658.277340    0.000000
 2658.888920    0.000000
 2659.500730    0.000000
 2660.114010    0.000000
 2660.725830    0.000000
 2661.339360    0.000000
 2661.951660    0.000000
 2662.565430    0.000000
 2663.177980    0.000000
 2663.790530    0.000000
 2664.404790    0.000000
 2665.017820    0.000000
 2665.632320    0.000000
 2666.245610    0.000000
 2666.860350    0.000000
 2667.473880    0.000000
 2668.089110    0.000000
 2668.702880    0.000000
 2669.316890    0.000000
 2669.932370    0.000000
 2670.546630    0.000000
 2671.162350    0.000000
 2671.776860    0.000000
 2672.393070    0.000000
 2673.007810    0.000000
 2673.622560    0.000000
 2674.239260    0.000000
 2674.854490    0.000000
 2675.471190    0.000000
 2676.086670    0.000000
 2676.703860    0.000000
 2677.319580    0.000000
 2677.935550    0.000000
 2678.552980    0.000000
 2679.169190    0.000000
 2679.786870    0.000000
 2680.403560    0.000000
 2681.021480    0.000000
 2681.638430    0.000000
 2682.255370    0.000000
 2682.873780    0.000000
 2683.490970    0.000000
 2684.109860    0.000000
 2684.727290    0.000000
 2685.346440    0.000000
 2685.964110    0.000000
 2686.582030    0.000000
 2687.201660    0.000000
 2687.819820    0.000000
 2688.439450    0.000000
 2689.057860    0.000000
 2689.677980    0.000000
 2690.296880    0.000000
 2690.915770    0.000000
 2691.536380    0.000000
 2692.155270    0.000000
 2692.776370    0.000000
 2693.395750    0.000000
 2694.016850    0.000000
 2694.636720    0.000000
 2695.256590    0.000000
 2695.877930    0.000000
 2696.498050    0.000000
 2697.119870    0.000000
 2697.740480    0.000000
 2698.362550    0.000000
 2698.983400    0.000000
 2699.604250    0.000000
 2700.226810    0.000000
 2700.847900    0.000000
 2701.470700    0.000000
 2702.092040    0.000000
 2702.715330    0.000000
 2703.337160    0.000000
 2703.958980    0.000000
 2704.582520    0.000000
 2705.204830    0.000000
 2705.828370    0.000000
 2706.450930    0.000000
 2707.074950    0.000000
 2707.697750    0.000000
 2708.320800    0.000000
 2708.945310    0.000000
 2709.568360    0.000000
 2710.193360    0.000000
 2710.816650    0.000000
 2711.441890    0.000000
 2712.065670    0.000000
 2712.689450    0.000000
 2713.314940    0.000000
 2713.939210    0.000000
 2714.565190    0.000000
 2715.189450    0.000000
 2715.815670    0.000000
 2716.440430    0.000000
 2717.066890    0.000000
 2717.691890    0.000000
 2718.317140    0.000000
 2718.943850    0.000000
 2719.569340    0.000000
 2720.196530    0.000000
 2720.822270    0.000000
 2721.449710    0.000000
 2722.075680    0.000000
 2722.702150    0.000000
 2723.329830    0.000000
 2723.956300    0.000000
 2724.584470    0.000000
 2725.211430    0.000000
 2725.839600    0.000000
 2726.466800    0.000000
 2727.093990    0.000000
 2727.722900    0.000000
 2728.350340    0.000000
 2728.979490    0.000000
 2729.607420    0.000000
 2730.236820    0.000000
 2730.864750    0.000000
 2731.493160    0.000000
 2732.122800    0.000000
 2732.751460    0.000000
 2733.381590    0.000000
 2734.010500    0.000000
 2734.640870    0.000000
 2735.270020    0.000000
 2735.899410    0.000000
 2736.530270    0.000000
 2737.159670    0.000000
 2737.790770    0.000000
 2738.420650    0.000000
 2739.052250    0.000000
 2739.682370    0.000000
 2740.312500    0.000000
 2740.944340    0.000000
 2741.575200    0.000000
 2742.207280    0.000000
 2742.838130    0.000000
 2743.470460    0.000000
 2744.101560    0.000000
 2744.732910    0.000000
 2745.365970    0.000000
 2745.997310    0.000000
 2746.630860    0.000000
 2747.262700    0.000000
 2747.896000    0.000000
 2748.528080    0.000000
 2749.160640    0.000000
 2749.794430    0.000000
 2750.427000    0.000000
 2751.061280    0.000000
 2751.694090    0.000000
 2752.328610    0.000000
 2752.961910    0.000000
 2753.595210    0.000000
 2754.230220    0.000000
 2754.863770    0.000000
 2755.499020    0.000000
 2756.132810    0.000000
 2756.768550    0.000000
 2757.402590    0.000000
 2758.036870    0.000000
 2758.673100    0.000000
 2759.307620    0.000000
 2759.943850    0.000000
 2760.578860    0.000000
 2761.215330    0.000000
 2761.850590    0.000000
 2762.487550    0.000000
 2763.123050    0.000000
 2763.758790    0.000000
 2764.396000    0.000000
 2765.031980    0.000000
 2765.669430    0.000000
 2766.305910    0.000000
 2766.943600    0.000000
 2767.580320    0.000000
 2768.216800    0.000000
 2768.855220    0.000000
 2769.492190    0.000000
 2770.130860    0.000000
 2770.768070    0.000000
 2771.407230    0.000000
 2772.044680    0.000000
 2772.682130    0.000000
 2773.321780    0.000000
 2773.959720    0.000000
 2774.599370    0.000000
 2775.237550    0.000000
 2775.877690    0.000000
 2776.516360    0.000000
 2777.155030    0.000000
 2777.795170    0.000000
 2778.434330    0.000000
 2779.074950    0.000000
 2779.714360    0.000000
 2780.355470    0.000000
 2780.995120    0.000000
 2781.634770    0.000000
 2782.276120    0.000000
 2782.916260    0.000000
 2783.558110    0.000000
 2784.198490    0.000000
 2784.840330    0.000000
 2785.480960    0.000000
 2786.121830    0.000000
 2786.764400    0.000000
 2787.405270    0.000000
 2788.048100    0.000000
 2788.689450    0.000000
 2789.332520    0.000000
 2789.974370    0.000000
 2790.615970    0.000000
 2791.259770    0.000000
 2791.901610    0.000000
 2792.545410    0.000000
 2793.187990    0.000000
 2793.832030    0.000000
 2794.474850    0.000000
 2795.117680    0.000000
 2795.762210    0.000000
 2796.405520    0.000000
 2797.050290    0.000000
 2797.693600    0.000000
 2798.338870    0.000000
 2798.982420    0.000000
 2799.626460    0.000000
 2800.272220    0.000000
 2800.916260    0.000000
 2801.562260    0.000000
 2802.206790    0.000000
 2802.852780    0.000000
 2803.497560    0.000000
 2804.142580    0.000000
 2804.789310    0.000000
 2805.434330    0.000000
 2806.081300    0.000000
 2806.726810    0.000000
 2807.374020    0.000000
 2808.020020    0.000000
 2808.666020    0.000000
 2809.313480    0.000000
 2809.959960    0.000000
 2810.607910    0.000000
 2811.254390    0.000000
 2811.902830    0.000000
 2812.549560    0.000000
 2813.198240    0.000000
 2813.845210    0.000000
 2814.492680    0.000000
 2815.141600    0.000000
 2815.789310    0.000000
 2816.438720    0.000000
 2817.086430    0.000000
 2817.736080    0.000000
 2818.384520    0.000000
 2819.032710    0.000000
 2819.682620    0.000000
 2820.331300    0.000000
 2820.981930    0.000000
 2821.630620    0.000000
 2822.281490    0.000000
 2822.930660    0.000000
 2823.580080    0.000000
 2824.231200    0.000000
 2824.880860    0.000000
 2825.532230    0.000000
 2826.182370    0.000000
 2826.833980    0.000000
 2827.484380    0.000000
 2828.134770    0.000000
 2828.786870    0.000000
 2829.437740    0.000000
 2830.090090    0.000000
 2830.741210    0.000000
 2831.394040    0.000000
 2832.045410    0.000000
 2832.697020    0.000000
 2833.350100    0.000000
 2834.001950    0.000000
 2834.655520    0.000000
 2835.307620    0.000000
 2835.961180    0.000000
 2836.613770    0.000000
 2837.266360    0.000000
 2837.920410    0.000000
 2838.573490    0.000000
 2839.228030    0.000000
 2839.881100    0.000000
 2840.535890    0.000000
 2841.189450    0.000000
 2841.843020    0.000000
 2842.498540    0.000000
 2843.152340    0.000000
 2843.807860    0.000000
 2844.462160    0.000000
 2845.118160    0.000000
 2845.772710    0.000000
 2846.427250    0.000000
 2847.083740    0.000000
 2847.738770    0.000000
 2848.395260    0.000000
 2849.050540    0.000000
 2849.707760    0.000000
 2850.363280    0.000000
 2851.018800    0.000000
 2851.676270    0.000000
 2852.332280    0.000000
 2852.989990    0.000000
 2853.646480    0.000000
 2854.304440    0.000000
 2854.960940    0.000000
 2855.617920    0.000000
 2856.276370    0.000000
 2856.933350    0.000000
 2857.592290    0.000000
 2858.249760    0.000000
 2858.908940    0.000000
 2859.566650    0.000000
 2860.224370    0.000000
 2860.883790    0.000000
 2861.541750    0.000000
 2862.201900    0.000000
 2862.860350    0.000000
 2863.520510    0.000000
 2864.179200    0.000000
 2864.839840    0.000000
 2865.498780    0.000000
 2866.157960    0.000000
 2866.818850    0.000000
 2867.478520    0.000000
 2868.139650    0.000000
 2868.799320    0.000000
 2869.460940    0.000000
 2870.121090    0.000000
 2870.781490    0.000001
 2871.443360    0.000001
 2872.103760    0.000001
 2872.766360    0.000002
 2873.427000    0.000003
 2874.089600    0.000005
 2874.750730    0.000008
 2875.412110    0.000012
 2876.075440    0.000018
 2876.736820    0.000028
 2877.400390    0.000041
 2878.062260    0.000060
 2878.725830    0.000088
 2879.388180    0.000127
 2880.050540    0.000181
 2880.714600    0.000256
 2881.377440    0.000359
 2882.041750    0.000497
 2882.704830    0.000682
 2883.369380    0.000927
 2884.032960    0.001246
 2884.696530    0.001660
 2885.361330    0.002191
 2886.025390    0.002861
 2886.690920    0.003702
 2887.354980    0.004741
 2888.020510    0.006015
 2888.685060    0.007556
 2889.349610    0.009401
 2890.015870    0.011596
 2890.680910    0.014166
 2891.347410    0.017159
 2892.012700    0.020600
 2892.679200    0.024536
 2893.344970    0.028994
 2894.010500    0.034017
 2894.677730    0.039674
 2895.343510    0.046005
 2896.011470    0.053145
 2896.677490    0.061186
 2897.345460    0.070372
 2898.011960    0.080933
 2898.678960    0.093279
 2899.347170    0.107950
 2900.014160    0.125583
 2900.682860    0.147150
 2901.350100    0.173686
 2902.019530    0.206760
 2902.687010    0.247886
 2903.354740    0.299208
 2904.024410    0.363297
 2904.692380    0.442526
 2905.361820    0.540287
 2906.030520    0.659561
 2906.700680    0.804227
 2907.369140    0.977072
 2908.038090    1.181971
 2908.708500    1.422480
 2909.377930    1.700380
 2910.048830    2.018635
 2910.718260    2.376795
 2911.389650    2.776478
 2912.059330    3.213869
 2912.729250    3.686877
 2913.400630    4.191556
 2914.070800    4.719229
 2914.742920    5.264031
 2915.413570    5.813284
 2916.085690    6.358125
 2916.756590    6.884192
 2917.429200    7.381010
 2918.100340    7.833477
 2918.771730    8.230653
 2919.444580    8.561868
 2920.116210    8.816197
 2920.789550    8.987154
 2921.461670    9.068851
 2922.135500    9.059216
 2922.807370    8.958883
 2923.479740    8.771157
 2924.154050    8.501245
 2924.826660    8.159076
 2925.500980    7.753478
 2926.174070    7.298252
 2926.848880    6.804574
 2927.522220    6.288429
 2928.195800    5.762257
 2928.870850    5.238340
 2929.544920    4.730987
 2930.220460    4.249669
 2930.894530    3.806367
 2931.570310    3.407454
 2932.244630    3.061728
 2932.919190    2.773579
 2933.595700    2.546583
 2934.270260    2.384762
 2934.947270    2.288665
 2935.622310    2.259426
 2936.299070    2.296274
 2936.974850    2.397628
 2937.650390    2.560916
 2938.327880    2.783402
 2939.003660    3.059391
 2939.681400    3.384787
 2940.357670    3.751282
 2941.035640    4.152757
 2941.712160    4.578447
 2942.389160    5.019659
 2943.067630    5.466418
 2943.744630    5.905625
 2944.423580    6.328083
 2945.100830    6.720334
 2945.780030    7.073895
 2946.457760    7.377453
 2947.135500    7.623830
 2947.815190    7.807345
 2948.493410    7.923055
 2949.173100    7.969903
 2949.851560    7.948611
 2950.531980    7.862384
 2951.210450    7.717423
 2951.889650    7.521045
 2952.570070    7.282267
 2953.249270    7.012475
 2953.930660    6.721462
 2954.610110    6.422260
 2955.291500    6.124018
 2955.971190    5.838241
 2956.651120    5.572616
 2957.333010    5.333479
 2958.013180    5.127129
 2958.695560    4.955430
 2959.376220    4.820416
 2960.058350    4.720570
 2960.739500    4.653747
 2961.420410    4.615849
 2962.103520    4.601826
 2962.784910    4.606020
 2963.468020    4.622296
 2964.149900    4.644402
 2964.833500    4.666479
 2965.515380    4.682975
 2966.197750    4.689213
 2966.881590    4.681226
 2967.564210    4.656009
 2968.248540    4.611311
 2968.931150    4.546126
 2969.615720    4.459671
 2970.299070    4.352617
 2970.984130    4.225398
 2971.667480    4.080056
 2972.351070    3.918029
 2973.036620    3.740912
 2973.720700    3.551843
 2974.406250    3.352405
 2975.090580    3.145814
 2975.776610    2.933633
 2976.461180    2.719248
 2977.146000    2.504466
 2977.832280    2.291142
 2978.517580    2.082135
 2979.204350    1.878653
 2979.889650    1.683308
 2980.576660    1.496736
 2981.262210    1.321091
 2981.948240    1.156878
 2982.635990    1.004622
 2983.322020    0.865561
 2984.010010    0.739167
 2984.696530    0.626035
 2985.384770    0.525362
 2986.071530    0.437123
 2986.758540    0.360401
 2987.447270    0.294273
 2988.134770    0.238132
 2988.823490    0.190816
 2989.510990    0.151508
 2990.200440    0.119063
 2990.888180    0.092716
 2991.576170    0.071490
 2992.266360    0.054535
 2992.954830    0.041218
 2993.644780    0.030824
 2994.333500    0.022832
 2995.023930    0.016730
 2995.713130    0.012142
 2996.402100    0.008724
 2997.093020    0.006199
 2997.782710    0.004362
 2998.473880    0.003037
 2999.163570    0.002093
 2999.855470    0.001427
 3000.545410    0.000963
 3001.235600    0.000644
 3001.927730    0.000425
 3002.618410    0.000278
 3003.310550    0.000180
 3004.001710    0.000115
 3004.694340    0.000073
 3005.385740    0.000046
 3006.076900    0.000029
 3006.770020    0.000017
 3007.461670    0.000010
 3008.155270    0.000007
 3008.847410    0.000004
 3009.541260    0.000002
 3010.233400    0.000001
 3010.926270    0.000001
 3011.620360    0.000000
 3012.313230    0.000000
 3013.007810    0.000000
 3013.700930    0.000000
 3014.395750    0.000000
 3015.089360    0.000000
 3015.783200    0.000000
 3016.478270    0.000000
 3017.172610    0.000000
 3017.868160    0.000000
 3018.562260    0.000000
 3019.258540    0.000000
 3019.952880    0.000000
 3020.647950    0.000000
 3021.344480    0.000000
 3022.039310    0.000000
 3022.736330    0.000000
 3023.431640    0.000000
 3024.128660    0.000000
 3024.824460    0.000000
 3025.522220    0.000000
 3026.218020    0.000000
 3026.914310    0.000000
 3027.612300    0.000000
 3028.308840    0.000000
 3029.007080    0.000000
 3029.703860    0.000000
 3030.402590    0.000000
 3031.099850    0.000000
 3031.797120    0.000000
 3032.496090    0.000000
 3033.193600    0.000000
 3033.893310    0.000000
 3034.591060    0.000000
 3035.290770    0.000000
 3035.989010    0.000000
 3036.687740    0.000000
 3037.387700    0.000000
 3038.086670    0.000000
 3038.787350    0.000000
 3039.486080    0.000000
 3040.187260    0.000000
 3040.886470    0.000000
 3041.586180    0.000000
 3042.287350    0.000000
 3042.987550    0.000000
 3043.689210    0.000000
 3044.389160    0.000000
 3045.091060    0.000000
 3045.791750    0.000000
 3046.492430    0.000000
 3047.194820    0.000000
 3047.896000    0.000000
 3048.598880    0.000000
 3049.300050    0.000000
