 2653.384280    3.648654
 2653.996340    3.738861
 2654.606690    3.829844
 2655.217290    3.921858
 2655.829830    4.015131
 2656.440670    4.109072
 2657.053220    4.204167
 2657.664550    4.299924
 2658.277340    4.396722
 2658.888920    4.494096
 2659.500730    4.592233
 2660.114010    4.691284
 2660.725830    4.790728
 2661.339360    4.891033
 2661.951660    4.991670
 2662.565430    5.093028
 2663.177980    5.194607
 2663.790530    5.296555
 2664.404790    5.399100
 2665.017820    5.501695
 2665.632320    5.604730
 2666.245610    5.707692
 2666.860350    5.810970
 2667.473880    5.914050
 2668.089110    6.017357
 2668.702880    6.120295
 2669.316890    6.223082
 2669.932370    6.325852
 2670.546630    6.428092
 2671.162350    6.530175
 2671.776860    6.631585
 2672.393070    6.732737
 2673.007810    6.833035
 2673.622560    6.932649
 2674.239260    7.031819
 2674.854490    7.129925
 2675.471190    7.227356
 2676.086670    7.323617
 2676.703860    7.419092
 2677.319580    7.513214
 2677.935550    7.606176
 2678.552980    7.698086
 2679.169190    7.788470
 2679.786870    7.877649
 2680.403560    7.965197
 2681.021480    8.051357
 2681.638430    8.135750
 2682.255370    8.218445
 2682.873780    8.299564
 2683.490970    8.378689
 2684.109860    8.456126
 2684.727290    8.531416
 2685.346440    8.604877
 2685.964110    8.676075
 2686.582030    8.745153
 2687.201660    8.812206
 2687.819820    8.876833
 2688.439450    8.939288
 2689.057860    8.999246
 2689.677980    9.056940
 2690.296880    9.112046
 2690.915770    9.164637
 2691.536380    9.214805
 2692.155270    9.262232
 2692.776370    9.307178
 2693.395750    9.349323
 2694.016850    9.388868
 2694.636720    9.425594
 2695.256590    9.459556
 2695.877930    9.490801
 2696.498050    9.519171
 2697.119870    9.544781
 2697.740480    9.567492
 2698.362550    9.587395
 2698.983400    9.604389
 2699.604250    9.618515
 2700.226810    9.629800
 2700.847900    9.638186
 2701.470700    9.643722
 2702.092040    9.646386
 2702.715330    9.646204
 2703.337160    9.643191
 2703.958980    9.637368
 2704.582520    9.628732
 2705.204830    9.617348
 2705.828370    9.603202
 2706.450930    9.586375
 2707.074950    9.566838
 2707.697750    9.544713
 2708.320800    9.519999
 2708.945310    9.492684
 2709.568360    9.462950
 2710.193360    9.430684
 2710.816650    9.396132
 2711.441890    9.359150
 2712.065670    9.320004
 2712.689450    9.278676
 2713.314940    9.235117
 2713.939210    9.189599
 2714.565190    9.141986
 2715.189450    9.092616
 2715.815670    9.041283
 2716.440430    8.988348
 2717.066890    8.933631
 2717.691890    8.877500
 2718.317140    8.819897
 2718.943850    8.760799
 2719.569340    8.700561
 2720.196530    8.638995
 2720.822270    8.576518
 2721.449710    8.512914
 2722.075680    8.448614
 2722.702150    8.383525
 2723.329830    8.317680
 2723.956300    8.251448
 2724.584470    8.184628
 2725.211430    8.117651
 2725.839600    8.050370
 2726.466800    7.983139
 2727.093990    7.915970
 2727.722900    7.848802
 2728.350340    7.782094
 2728.979490    7.715630
 2729.607420    7.649842
 2730.236820    7.584572
 2730.864750    7.520246
 2731.493160    7.456785
 2732.122800    7.394244
 2732.751460    7.332963
 2733.381590    7.272832
 2734.010500    7.214228
 2734.640870    7.157027
 2735.270020    7.101596
 2735.899410    7.047924
 2736.530270    6.996037
 2737.159670    6.946294
 2737.790770    6.898568
 2738.420650    6.853201
 2739.052250    6.810103
 2739.682370    6.769610
 2740.312500    6.731733
 2740.944340    6.696496
 2741.575200    6.664163
 2742.207280    6.634738
 2742.838130    6.608440
 2743.470460    6.585272
 2744.101560    6.565434
 2744.732910    6.548979
 2745.365970    6.535987
 2745.997310    6.526624
 2746.630860    6.520937
 2747.262700    6.519055
 2747.896000    6.521064
 2748.528080    6.527042
 2749.160640    6.537087
 2749.794430    6.551311
 2750.427000    6.569740
 2751.061280    6.592539
 2751.694090    6.619676
 2752.328610    6.651357
 2752.961910    6.687509
 2753.595210    6.728255
 2754.230220    6.773784
 2754.863770    6.823926
 2755.499020    6.878993
 2756.132810    6.938760
 2756.768550    7.003602
 2757.402590    7.073192
 2758.036870    7.147761
 2758.673100    7.227572
 2759.307620    7.312201
 2759.943850    7.402126
 2760.578860    7.496963
 2761.215330    7.597128
 2761.850590    7.702222
 2762.487550    7.812735
 2763.123050    7.928124
 2763.758790    8.048687
 2764.396000    8.174668
 2765.031980    8.305527
 2765.669430    8.441805
 2766.305910    8.582963
 2766.943600    8.729466
 2767.580320    8.880781
 2768.216800    9.037031
 2768.855220    9.198736
 2769.492190    9.364991
 2770.130860    9.536572
 2770.768070    9.712574
 2771.407230    9.893883
 2772.044680    10.079398
 2772.682130    10.269526
 2773.321780    10.464865
 2773.959720    10.664141
 2774.599370    10.868340
 2775.237550    11.076353
 2775.877690    11.289203
 2776.516360    11.505651
 2777.155030    11.726069
 2777.795170    11.950862
 2778.434330    12.179059
 2779.074950    12.411407
 2779.714360    12.646807
 2780.355470    12.886203
 2780.995120    13.128270
 2781.634770    13.373410
 2782.276120    13.622137
 2782.916260    13.873165
 2783.558110    14.127482
 2784.198490    14.383674
 2784.840330    14.642735
 2785.480960    14.903416
 2786.121830    15.166127
 2786.764400    15.431299
 2787.405270    15.697334
 2788.048100    15.965561
 2788.689450    16.234367
 2789.332520    16.504885
 2789.974370    16.775679
 2790.615970    17.046959
 2791.259770    17.319553
 2791.901610    17.591499
 2792.545410    17.864235
 2793.187990    18.136200
 2793.832030    18.408319
 2794.474850    18.679237
 2795.117680    18.949253
 2795.762210    19.218857
 2796.405520    19.486599
 2797.050290    19.753378
 2797.693600    20.017748
 2798.338870    20.280893
 2798.982420    20.541094
 2799.626460    20.799015
 2800.272220    21.054909
 2800.916260    21.307201
 2801.562260    21.557095
 2802.206790    21.803047
 2802.852780    22.045950
 2803.497560    22.284571
 2804.142580    22.519251
 2804.789310    22.750280
 2805.434330    22.976231
 2806.081300    23.198168
 2806.726810    23.414707
 2807.374020    23.626709
 2808.020020    23.833008
 2808.666020    24.033808
 2809.313480    24.229357
 2809.959960    24.418722
 2810.607910    24.602428
 2811.254390    24.779467
 2811.902830    24.950592
 2812.549560    25.114666
 2813.198240    25.272453
 2813.845210    25.422901
 2814.492680    25.566391
 2815.141600    25.702963
 2815.789310    25.831913
 2816.438720    25.953684
 2817.086430    26.067507
 2817.736080    26.173912
 2818.384520    26.272251
 2819.032710    26.362602
 2819.682620    26.445114
 2820.331300    26.519320
 2820.981930    26.585493
 2821.630620    26.643162
 2822.281490    26.692631
 2822.930660    26.733543
 2823.580080    26.766001
 2824.231200    26.790001
 2824.880860    26.805401
 2825.532230    26.812242
 2826.182370    26.810476
 2826.833980    26.800089
 2827.484380    26.781126
 2828.134770    26.753586
 2828.786870    26.717388
 2829.437740    26.672718
 2830.090090    26.619421
 2830.741210    26.557766
 2831.394040    26.487522
 2832.045410    26.409086
 2832.697020    26.322355
 2833.350100    26.227209
 2834.001950    26.124128
 2834.655520    26.012733
 2835.307620    25.893669
 2835.961180    25.766510
 2836.613770    25.631844
 2837.266360    25.489607
 2837.920410    25.339592
 2838.573490    25.182489
 2839.228030    25.017851
 2839.881100    24.846563
 2840.535890    24.667953
 2841.189450    24.482971
 2841.843020    24.291464
 2842.498540    24.093002
 2843.152340    23.888872
 2843.807860    23.678196
 2844.462160    23.462093
 2845.118160    23.239782
 2845.772710    23.012537
 2846.427250    22.780065
 2847.083740    22.541855
 2847.738770    22.299349
 2848.395260    22.051670
 2849.050540    21.800043
 2849.707760    21.543459
 2850.363280    21.283558
 2851.018800    21.019897
 2851.676270    20.751888
 2852.332280    20.481153
 2852.989990    20.206587
 2853.646480    19.929640
 2854.304440    19.649393
 2854.960940    19.367317
 2855.617920    19.082796
 2856.276370    18.795622
 2856.933350    18.507286
 2857.592290    18.216501
 2858.249760    17.924997
 2858.908940    17.631571
 2859.566650    17.337851
 2860.224370    17.043392
 2860.883790    16.747637
 2861.541750    16.452206
 2862.201900    16.155655
 2862.860350    15.859941
 2863.520510    15.563718
 2864.179200    15.268600
 2864.839840    14.973245
 2865.498780    14.679471
 2866.157960    14.386579
 2866.818850    14.094100
 2867.478520    13.803497
 2868.139650    13.513756
 2868.799320    13.226316
 2869.460940    12.939843
 2870.121090    12.655974
 2870.781490    12.374108
 2871.443360    12.093874
 2872.103760    11.816642
 2872.766360    11.541012
 2873.427000    11.268833
 2874.089600    10.998612
 2874.750730    10.731861
 2875.412110    10.467988
 2876.075440    10.206425
 2876.736820    9.948812
 2877.400390    9.693620
 2878.062260    9.442444
 2878.725830    9.194063
 2879.388180    8.949655
 2880.050540    8.708821
 2880.714600    8.471025
 2881.377440    8.237373
 2882.041750    8.006973
 2882.704830    7.780810
 2883.369380    7.558007
 2884.032960    7.339428
 2884.696530    7.124775
 2885.361330    6.913688
 2886.025390    6.706818
 2886.690920    6.503502
 2887.354980    6.304654
 2888.020510    6.109399
 2888.685060    5.918468
 2889.349610    5.731569
 2890.015870    5.548238
 2890.680910    5.369272
 2891.347410    5.193943
 2892.012700    5.022947
 2892.679200    4.855634
 2893.344970    4.692481
 2894.010500    4.533331
 2894.677730    4.377703
 2895.343510    4.226311
 2896.011470    4.078292
 2896.677490    3.934533
 2897.345460    3.794150
 2898.011960    3.657825
 2898.678960    3.525105
 2899.347170    3.395815
 2900.014160    3.270377
 2900.682860    3.148195
 2901.350100    3.029799
 2902.019530    2.914492
 2902.687010    2.802934
 2903.354740    2.694691
 2904.024410    2.589443
 2904.692380    2.487710
 2905.361820    2.388947
 2906.030520    2.293423
 2906.700680    2.200768
 2907.369140    2.111356
 2908.038090    2.024823
 2908.708500    1.940993
 2909.377930    1.860111
 2910.048830    1.781822
 2910.718260    1.706403
 2911.389650    1.633409
 2912.059330    1.563174
 2912.729250    1.495423
 2913.400630    1.429978
 2914.070800    1.367040
 2914.742920    1.306249
 2915.413570    1.247856
 2916.085690    1.191545
 2916.756590    1.137478
 2917.429200    1.085361
 2918.100340    1.035381
 2918.771730    0.987346
 2919.444580    0.941116
 2920.116210    0.896820
 2920.789550    0.854209
 2921.461670    0.813414
 2922.135500    0.774200
 2922.807370    0.736731
 2923.479740    0.700806
 2924.154050    0.666306
 2924.826660    0.633366
 2925.500980    0.601767
 2926.174070    0.571600
 2926.848880    0.542686
 2927.522220    0.515115
 2928.195800    0.488765
 2928.870850    0.463549
 2929.544920    0.439515
 2930.220460    0.416533
 2930.894530    0.394663
 2931.570310    0.373759
 2932.244630    0.353882
 2932.919190    0.334938
 2933.595700    0.316847
 2934.270260    0.299677
 2934.947270    0.283281
 2935.622310    0.267734
 2936.299070    0.252913
 2936.974850    0.238851
 2937.650390    0.225495
 2938.327880    0.212777
 2939.003660    0.200736
 2939.681400    0.189278
 2940.357670    0.178433
 2941.035640    0.168126
 2941.712160    0.158380
 2942.389160    0.149139
 2943.067630    0.140371
 2943.744630    0.132090
 2944.423580    0.124230
 2945.100830    0.116816
 2945.780030    0.109786
 2946.457760    0.103157
 2947.135500    0.096893
 2947.815190    0.090962
 2948.493410    0.085376
 2949.173100    0.080093
 2949.851560    0.075120
 2950.531980    0.070417
 2951.210450    0.065998
 2951.889650    0.061830
 2952.570070    0.057898
 2953.249270    0.054203
 2953.930660    0.050715
 2954.610110    0.047444
 2955.291500    0.044360
 2955.971190    0.041469
 2956.651120    0.038752
 2957.333010    0.036192
 2958.013180    0.033795
 2958.695560    0.031539
 2959.376220    0.029428
 2960.058350    0.027446
 2960.739500    0.025589
 2961.420410    0.023850
 2962.103520    0.022218
 2962.784910    0.020692
 2963.468020    0.019261
 2964.149900    0.017925
 2964.833500    0.016673
 2965.515380    0.015506
 2966.197750    0.014415
 2966.881590    0.013392
 2967.564210    0.012441
 2968.248540    0.011550
 2968.931150    0.010721
 2969.615720    0.009947
 2970.299070    0.009226
 2970.984130    0.008553
 2971.667480    0.007927
 2972.351070    0.007344
 2973.036620    0.006801
 2973.720700    0.006296
 2974.406250    0.005826
 2975.090580    0.005389
 2975.776610    0.004983
 2976.461180    0.004606
 2977.146000    0.004256
 2977.832280    0.003931
 2978.517580    0.003630
 2979.204350    0.003349
 2979.889650    0.003091
 2980.576660    0.002850
 2981.262210    0.002627
 2981.948240    0.002421
 2982.635990    0.002231
 2983.322020    0.002054
 2984.010010    0.001891
 2984.696530    0.001739
 2985.384770    0.001600
 2986.071530    0.001472
 2986.758540    0.001352
 2987.447270    0.001243
 2988.134770    0.001142
 2988.823490    0.001047
 2989.510990    0.000961
 2990.200440    0.000882
 2990.888180    0.000809
 2991.576170    0.000741
 2992.266360    0.000679
 2992.954830    0.000622
 2993.644780    0.000569
 2994.333500    0.000522
 2995.023930    0.000477
 2995.713130    0.000436
 2996.402100    0.000399
 2997.093020    0.000364
 2997.782710    0.000333
 2998.473880    0.000304
 2999.163570    0.000278
 2999.855470    0.000253
 3000.545410    0.000231
 3001.235600    0.000211
 3001.927730    0.000192
 3002.618410    0.000175
 3003.310550    0.000159
 3004.001710    0.000145
 3004.694340    0.000132
 3005.385740    0.000120
 3006.076900    0.000109
 3006.770020    0.000099
 3007.461670    0.000090
 3008.155270    0.000082
 3008.847410    0.000074
 3009.541260    0.000068
 3010.233400    0.000061
 3010.926270    0.000055
 3011.620360    0.000051
 3012.313230    0.000046
 3013.007810    0.000041
 3013.700930    0.000037
 3014.395750    0.000033
 3015.089360    0.000031
 3015.783200    0.000028
 3016.478270    0.000025
 3017.172610    0.000023
 3017.868160    0.000020
 3018.562260    0.000018
 3019.258540    0.000016
 3019.952880    0.000015
 3020.647950    0.000013
 3021.344480    0.000012
 3022.039310    0.000011
 3022.736330    0.000010
 3023.431640    0.000009
 3024.128660    0.000008
 3024.824460    0.000008
 3025.522220    0.000007
 3026.218020    0.000006
 3026.914310    0.000005
 3027.612300    0.000005
 3028.308840    0.000004
 3029.007080    0.000004
 3029.703860    0.000004
 3030.402590    0.000003
 3031.099850    0.000003
 3031.797120    0.000003
 3032.496090    0.000002
 3033.193600    0.000002
 3033.893310    0.000002
 3034.591060    0.000002
 3035.290770    0.000001
 3035.989010    0.000001
 3036.687740    0.000001
 3037.387700    0.000001
 3038.086670    0.000001
 3038.787350    0.000001
 3039.486080    0.000001
 3040.187260    0.000001
 3040.886470    0.000001
 3041.586180    0.000001
 3042.287350    0.000000
 3042.987550    0.000000
 3043.689210    0.000000
 3044.389160    0.000000
 3045.091060    0.000000
 3045.791750    0.000000
 3046.492430    0.000000
 3047.194820    0.000000
 3047.896000    0.000000
 3048.598880    0.000000
 3049.300050    0.000000
