 2653.384280    0.839973
 2653.996340    0.871834
 2654.606690    0.904550
 2655.217290    0.938239
 2655.829830    0.973019
 2656.440670    1.008696
 2657.053220    1.045485
 2657.664550    1.083230
 2658.277340    1.122110
 2658.888920    1.161970
 2659.500730    1.202919
 2660.114010    1.245055
 2660.725830    1.288192
 2661.339360    1.332566
 2661.951660    1.377979
 2662.565430    1.424644
 2663.177980    1.472368
 2663.790530    1.521255
 2664.404790    1.571452
 2665.017820    1.622734
 2665.632320    1.675335
 2666.245610    1.729032
 2666.860350    1.784069
 2667.473880    1.840213
 2668.089110    1.897737
 2668.702880    1.956351
 2669.316890    2.016217
 2669.932370    2.077463
 2670.546630    2.139824
 2671.162350    2.203572
 2671.776860    2.268432
 2672.393070    2.334711
 2673.007810    2.402066
 2673.622560    2.470649
 2674.239260    2.540678
 2674.854490    2.611761
 2675.471190    2.684229
 2676.086670    2.757757
 2676.703860    2.832686
 2677.319580    2.908622
 2677.935550    2.985757
 2678.552980    3.064236
 2679.169190    3.143700
 2679.786870    3.224482
 2680.403560    3.306243
 2681.021480    3.389256
 2681.638430    3.473206
 2682.255370    3.558197
 2682.873780    3.644412
 2683.490970    3.731451
 2684.109860    3.819701
 2684.727290    3.908680
 2685.346440    3.998816
 2685.964110    4.089614
 2686.582030    4.181292
 2687.201660    4.274032
 2687.819820    4.367325
 2688.439450    4.461575
 2689.057860    4.556333
 2689.677980    4.652009
 2690.296880    4.748107
 2690.915770    4.844773
 2691.536380    4.942229
 2692.155270    5.039893
 2692.776370    5.138331
 2693.395750    5.236877
 2694.016850    5.336024
 2694.636720    5.435249
 2695.256590    5.534698
 2695.877930    5.634549
 2696.498050    5.734316
 2697.119870    5.834413
 2697.740480    5.934310
 2698.362550    6.034382
 2698.983400    6.134135
 2699.604250    6.233707
 2700.226810    6.333309
 2700.847900    6.432370
 2701.470700    6.531333
 2702.092040    6.629631
 2702.715330    6.727738
 2703.337160    6.825054
 2703.958980    6.921742
 2704.582520    7.018001
 2705.204830    7.113312
 2705.828370    7.207984
 2706.450930    7.301616
 2707.074950    7.394508
 2707.697750    7.486195
 2708.320800    7.576828
 2708.945310    7.666515
 2709.568360    7.754771
 2710.193360    7.842013
 2710.816650    7.927666
 2711.441890    8.012167
 2712.065670    8.094992
 2712.689450    8.176276
 2713.314940    8.256177
 2713.939210    8.334256
 2714.565190    8.410821
 2715.189450    8.485394
 2715.815670    8.558355
 2716.440430    8.629249
 2717.066890    8.698380
 2717.691890    8.765345
 2718.317140    8.830282
 2718.943850    8.893262
 2719.569340    8.953964
 2720.196530    9.012626
 2720.822270    9.068906
 2721.449710    9.123046
 2722.075680    9.174733
 2722.702150    9.224096
 2723.329830    9.271149
 2723.956300    9.315676
 2724.584470    9.357851
 2725.211430    9.397449
 2725.839600    9.434599
 2726.466800    9.469147
 2727.093990    9.501133
 2727.722900    9.530617
 2728.350340    9.557434
 2728.979490    9.581708
 2729.607420    9.603314
 2730.236820    9.622339
 2730.864750    9.638690
 2731.493160    9.652424
 2732.122800    9.663552
 2732.751460    9.672041
 2733.381590    9.677929
 2734.010500    9.681203
 2734.640870    9.681890
 2735.270020    9.680007
 2735.899410    9.675578
 2736.530270    9.668607
 2737.159670    9.659158
 2737.790770    9.647213
 2738.420650    9.632859
 2739.052250    9.616066
 2739.682370    9.596957
 2740.312500    9.575541
 2740.944340    9.551797
 2741.575200    9.525874
 2742.207280    9.497732
 2742.838130    9.467541
 2743.470460    9.435225
 2744.101560    9.400987
 2744.732910    9.364814
 2745.365970    9.326685
 2745.997310    9.286874
 2746.630860    9.245208
 2747.262700    9.202017
 2747.896000    9.157165
 2748.528080    9.110923
 2749.160640    9.063251
 2749.794430    9.014174
 2750.427000    8.963973
 2751.061280    8.912502
 2751.694090    8.860112
 2752.328610    8.806635
 2752.961910    8.752413
 2753.595210    8.697442
 2754.230220    8.641674
 2754.863770    8.585486
 2755.499020    8.528704
 2756.132810    8.471715
 2756.768550    8.414319
 2757.402590    8.356954
 2758.036870    8.299553
 2758.673100    8.242073
 2759.307620    8.184955
 2759.943850    8.128005
 2760.578860    8.071598
 2761.215330    8.015612
 2761.850590    7.960394
 2762.487550    7.905809
 2763.123050    7.852244
 2763.758790    7.799666
 2764.396000    7.748097
 2765.031980    7.697868
 2765.669430    7.648885
 2766.305910    7.601451
 2766.943600    7.555521
 2767.580320    7.511367
 2768.216800    7.469048
 2768.855220    7.428539
 2769.492190    7.390172
 2770.130860    7.353868
 2770.768070    7.319920
 2771.407230    7.288260
 2772.044680    7.259179
 2772.682130    7.232696
 2773.321780    7.208838
 2773.959720    7.187860
 2774.599370    7.169751
 2775.237550    7.154707
 2775.877690    7.142746
 2776.516360    7.134035
 2777.155030    7.128637
 2777.795170    7.126645
 2778.434330    7.128162
 2779.074950    7.133286
 2779.714360    7.142080
 2780.355470    7.154676
 2780.995120    7.171095
 2781.634770    7.191438
 2782.276120    7.215850
 2782.916260    7.244294
 2783.558110    7.276978
 2784.198490    7.313807
 2784.840330    7.355012
 2785.480960    7.400481
 2786.121830    7.450368
 2786.764400    7.504854
 2787.405270    7.563704
 2788.048100    7.627298
 2788.689450    7.695347
 2789.332520    7.768226
 2789.974370    7.845642
 2790.615970    7.927726
 2791.259770    8.014842
 2791.901610    8.106446
 2792.545410    8.203117
 2793.187990    8.304399
 2793.832030    8.410727
 2794.474850    8.521661
 2795.117680    8.637403
 2795.762210    8.758270
 2796.405520    8.883715
 2797.050290    9.014246
 2797.693600    9.149249
 2798.338870    9.289432
 2798.982420    9.433966
 2799.626460    9.583302
 2800.272220    9.737708
 2800.916260    9.896324
 2801.562260    10.060011
 2802.206790    10.227850
 2802.852780    10.400549
 2803.497560    10.577333
 2804.142580    10.758524
 2804.789310    10.944481
 2805.434330    11.134145
 2806.081300    11.328514
 2806.726810    11.526479
 2807.374020    11.728921
 2808.020020    11.934836
 2808.666020    12.144499
 2809.313480    12.358290
 2809.959960    12.575298
 2810.607910    12.796228
 2811.254390    13.019966
 2811.902830    13.247569
 2812.549560    13.477627
 2813.198240    13.711304
 2813.845210    13.947149
 2814.492680    14.185814
 2815.141600    14.427519
 2815.789310    14.671114
 2816.438720    14.917554
 2817.086430    15.165375
 2817.736080    15.415821
 2818.384520    15.667501
 2819.032710    15.920620
 2819.682620    16.175774
 2820.331300    16.431633
 2820.981930    16.689276
 2821.630620    16.946964
 2822.281490    17.206169
 2822.930660    17.465139
 2823.580080    17.724466
 2824.231200    17.984539
 2824.880860    18.243898
 2825.532230    18.503609
 2826.182370    18.762300
 2826.833980    19.020845
 2827.484380    19.277967
 2828.134770    19.533955
 2828.786870    19.789272
 2829.437740    20.042557
 2830.090090    20.294651
 2830.741210    20.544310
 2831.394040    20.792450
 2832.045410    21.037647
 2832.697020    21.280357
 2833.350100    21.520811
 2834.001950    21.757818
 2834.655520    21.992235
 2835.307620    22.222719
 2835.961180    22.450104
 2836.613770    22.673340
 2837.266360    22.892567
 2837.920410    23.108076
 2838.573490    23.318861
 2839.228030    23.525520
 2839.881100    23.726938
 2840.535890    23.923906
 2841.189450    24.115362
 2841.843020    24.301502
 2842.498540    24.482689
 2843.152340    24.657730
 2843.807860    24.827387
 2844.462160    24.990732
 2845.118160    25.148336
 2845.772710    25.299284
 2846.427250    25.443792
 2847.083740    25.582125
 2847.738770    25.713423
 2848.395260    25.838142
 2849.050540    25.955654
 2849.707760    26.066397
 2850.363280    26.169643
 2851.018800    26.265589
 2851.676270    26.354393
 2852.332280    26.435493
 2852.989990    26.509199
 2853.646480    26.575098
 2854.304440    26.633388
 2854.960940    26.683752
 2855.617920    26.726301
 2856.276370    26.761015
 2856.933350    26.787708
 2857.592290    26.806475
 2858.249760    26.817188
 2858.908940    26.819878
 2859.566650    26.814516
 2860.224370    26.801121
 2860.883790    26.779633
 2861.541750    26.750164
 2862.201900    26.712563
 2862.860350    26.667067
 2863.520510    26.613481
 2864.179200    26.552103
 2864.839840    26.482655
 2865.498780    26.405577
 2866.157960    26.320736
 2866.818850    26.227980
 2867.478520    26.127796
 2868.139650    26.019852
 2868.799320    25.904728
 2869.460940    25.781914
 2870.121090    25.652151
 2870.781490    25.515226
 2871.443360    25.370987
 2872.103760    25.220194
 2872.766360    25.062132
 2873.427000    24.897922
 2874.089600    24.726738
 2874.750730    24.549601
 2875.412110    24.366224
 2876.075440    24.176260
 2876.736820    23.980989
 2877.400390    23.779350
 2878.062260    23.572693
 2878.725830    23.360121
 2879.388180    23.142748
 2880.050540    22.920368
 2880.714600    22.692568
 2881.377440    22.460539
 2882.041750    22.223528
 2882.704830    21.982678
 2883.369380    21.737207
 2884.032960    21.488209
 2884.696530    21.235519
 2885.361330    20.978867
 2886.025390    20.719196
 2886.690920    20.455845
 2887.354980    20.190172
 2888.020510    19.921209
 2888.685060    19.650137
 2889.349610    19.376766
 2890.015870    19.100582
 2890.680910    18.822998
 2891.347410    18.543091
 2892.012700    18.262184
 2892.679200    17.979444
 2893.344970    17.695896
 2894.010500    17.411516
 2894.677730    17.125664
 2895.343510    16.839888
 2896.011470    16.552797
 2896.677490    16.266363
 2897.345460    15.979082
 2898.011960    15.692601
 2898.678960    15.406256
 2899.347170    15.119905
 2900.014160    14.834761
 2900.682860    14.549733
 2901.350100    14.266336
 2902.019530    13.983173
 2902.687010    13.702152
 2903.354740    13.422489
 2904.024410    13.143621
 2904.692380    12.867212
 2905.361820    12.592081
 2906.030520    12.319264
 2906.700680    12.047996
 2907.369140    11.779680
 2908.038090    11.513543
 2908.708500    11.249321
 2909.377930    10.988083
 2910.048830    10.728981
 2910.718260    10.473246
 2911.389650    10.219666
 2912.059330    9.969711
 2912.729250    9.722728
 2913.400630    9.478356
 2914.070800    9.237646
 2914.742920    8.999528
 2915.413570    8.765288
 2916.085690    8.533953
 2916.756590    8.306509
 2917.429200    8.082011
 2918.100340    7.861569
 2918.771730    7.644651
 2919.444580    7.430908
 2920.116210    7.221234
 2920.789550    7.014740
 2921.461670    6.812348
 2922.135500    6.613208
 2922.807370    6.418406
 2923.479740    6.227239
 2924.154050    6.039312
 2924.826660    5.855656
 2925.500980    5.675334
 2926.174070    5.499131
 2926.848880    5.326274
 2927.522220    5.157570
 2928.195800    4.992566
 2928.870850    4.830959
 2929.544920    4.673317
 2930.220460    4.519050
 2930.894530    4.368803
 2931.570310    4.221841
 2932.244630    4.078823
 2932.919190    3.939348
 2933.595700    3.803041
 2934.270260    3.670652
 2934.947270    3.541284
 2935.622310    3.415737
 2936.299070    3.293285
 2936.974850    3.174374
 2937.650390    3.058818
 2938.327880    2.946209
 2939.003660    2.837106
 2939.681400    2.730867
 2940.357670    2.627981
 2941.035640    2.527913
 2941.712160    2.431080
 2942.389160    2.337139
 2943.067630    2.245914
 2943.744630    2.157743
 2944.423580    2.072124
 2945.100830    1.989468
 2945.780030    1.909266
 2946.457760    1.831873
 2947.135500    1.757050
 2947.815190    1.684537
 2948.493410    1.614642
 2949.173100    1.547007
 2949.851560    1.481839
 2950.531980    1.418783
 2951.210450    1.358140
 2951.889650    1.299608
 2952.570070    1.243098
 2953.249270    1.188756
 2953.930660    1.136256
 2954.610110    1.085864
 2955.291500    1.037234
 2955.971190    0.990576
 2956.651120    0.945694
 2957.333010    0.902432
 2958.013180    0.860971
 2958.695560    0.821024
 2959.376220    0.782767
 2960.058350    0.745975
 2960.739500    0.710730
 2961.420410    0.676942
 2962.103520    0.644448
 2962.784910    0.613390
 2963.468020    0.583567
 2964.149900    0.555061
 2964.833500    0.527710
 2965.515380    0.501605
 2966.197750    0.476620
 2966.881590    0.452682
 2967.564210    0.429844
 2968.248540    0.407973
 2968.931150    0.387138
 2969.615720    0.367192
 2970.299070    0.348193
 2970.984130    0.330024
 2971.667480    0.312743
 2972.351070    0.296264
 2973.036620    0.280518
 2973.720700    0.265553
 2974.406250    0.251273
 2975.090580    0.237707
 2975.776610    0.224769
 2976.461180    0.212490
 2977.146000    0.200812
 2977.832280    0.189691
 2978.517580    0.179140
 2979.204350    0.169101
 2979.889650    0.159591
 2980.576660    0.150543
 2981.262210    0.141981
 2981.948240    0.133855
 2982.635990    0.126134
 2983.322020    0.118837
 2984.010010    0.111906
 2984.696530    0.105358
 2985.384770    0.099146
 2986.071530    0.093281
 2986.758540    0.087731
 2987.447270    0.082473
 2988.134770    0.077512
 2988.823490    0.072817
 2989.510990    0.068392
 2990.200440    0.064202
 2990.888180    0.060259
 2991.576170    0.056539
 2992.266360    0.053019
 2992.954830    0.049709
 2993.644780    0.046585
 2994.333500    0.043648
 2995.023930    0.040874
 2995.713130    0.038270
 2996.402100    0.035820
 2997.093020    0.033509
 2997.782710    0.031342
 2998.473880    0.029300
 2999.163570    0.027386
 2999.855470    0.025582
 3000.545410    0.023894
 3001.235600    0.022310
 3001.927730    0.020820
 3002.618410    0.019425
 3003.310550    0.018115
 3004.001710    0.016890
 3004.694340    0.015739
 3005.385740    0.014665
 3006.076900    0.013659
 3006.770020    0.012715
 3007.461670    0.011835
 3008.155270    0.011009
 3008.847410    0.010240
 3009.541260    0.009519
 3010.233400    0.008847
 3010.926270    0.008220
 3011.620360    0.007633
 3012.313230    0.007087
 3013.007810    0.006577
 3013.700930    0.006102
 3014.395750    0.005658
 3015.089360    0.005245
 3015.783200    0.004861
 3016.478270    0.004503
 3017.172610    0.004170
 3017.868160    0.003860
 3018.562260    0.003572
 3019.258540    0.003304
 3019.952880    0.003057
 3020.647950    0.002826
 3021.344480    0.002611
 3022.039310    0.002412
 3022.736330    0.002227
 3023.431640    0.002056
 3024.128660    0.001897
 3024.824460    0.001750
 3025.522220    0.001614
 3026.218020    0.001488
 3026.914310    0.001370
 3027.612300    0.001263
 3028.308840    0.001163
 3029.007080    0.001070
 3029.703860    0.000984
 3030.402590    0.000906
 3031.099850    0.000833
 3031.797120    0.000766
 3032.496090    0.000703
 3033.193600    0.000646
 3033.893310    0.000593
 3034.591060    0.000545
 3035.290770    0.000500
 3035.989010    0.000458
 3036.687740    0.000420
 3037.387700    0.000385
 3038.086670    0.000353
 3038.787350    0.000323
 3039.486080    0.000296
 3040.187260    0.000271
 3040.886470    0.000247
 3041.586180    0.000226
 3042.287350    0.000207
 3042.987550    0.000189
 3043.689210    0.000173
 3044.389160    0.000157
 3045.091060    0.000144
 3045.791750    0.000132
 3046.492430    0.000120
 3047.194820    0.000110
 3047.896000    0.000099
 3048.598880    0.000091
 3049.300050    0.000083
