 2653.384280    0.000000
 2653.996340    0.000000
 2654.606690    0.000000
 2655.217290    0.000000
 2655.829830    0.000000
 2656.440670    0.000000
 2657.053220    0.000000
 2657.664550    0.000000
 2658.277340    0.000000
 2658.888920    0.000000
 2659.500730    0.000000
 2660.114010    0.000000
 2660.725830    0.000000
 2661.339360    0.000000
 2661.951660    0.000000
 2662.565430    0.000000
 2663.177980    0.000000
 2663.790530    0.000000
 2664.404790    0.000000
 2665.017820    0.000000
 2665.632320    0.000000
 2666.245610    0.000000
 2666.860350    0.000000
 2667.473880    0.000000
 2668.089110    0.000000
 2668.702880    0.000000
 2669.316890    0.000000
 2669.932370    0.000000
 2670.546630    0.000000
 2671.162350    0.000000
 2671.776860    0.000000
 2672.393070    0.000000
 2673.007810    0.000000
 2673.622560    0.000000
 2674.239260    0.000000
 2674.854490    0.000000
 2675.471190    0.000000
 2676.086670    0.000000
 2676.703860    0.000000
 2677.319580    0.000000
 2677.935550    0.000000
 2678.552980    0.000000
 2679.169190    0.000000
 2679.786870    0.000000
 2680.403560    0.000000
 2681.021480    0.000000
 2681.638430    0.000000
 2682.255370    0.000000
 2682.873780    0.000000
 2683.490970    0.000000
 2684.109860    0.000000
 2684.727290    0.000000
 2685.346440    0.000000
 2685.964110    0.000000
 2686.582030    0.000000
 2687.201660    0.000000
 2687.819820    0.000000
 2688.439450    0.000000
 2689.057860    0.000000
 2689.677980    0.000000
 2690.296880    0.000000
 2690.915770    0.000000
 2691.536380    0.000000
 2692.155270    0.000000
 2692.776370    0.000000
 2693.395750    0.000000
 2694.016850    0.000000
 2694.636720    0.000000
 2695.256590    0.000000
 2695.877930    0.000000
 2696.498050    0.000000
 2697.119870    0.000000
 2697.740480    0.000000
 2698.362550    0.000000
 2698.983400    0.000000
 2699.604250    0.000000
 2700.226810    0.000000
 2700.847900    0.000000
 2701.470700    0.000000
 2702.092040    0.000000
 2702.715330    0.000000
 2703.337160    0.000000
 2703.958980    0.000000
 2704.582520    0.000000
 2705.204830    0.000000
 2705.828370    0.000000
 2706.450930    0.000000
 2707.074950    0.000000
 2707.697750    0.000000
 2708.320800    0.000000
 2708.945310    0.000000
 2709.568360    0.000000
 2710.193360    0.000000
 2710.816650    0.000000
 2711.441890    0.000000
 2712.065670    0.000000
 2712.689450    0.000000
 2713.314940    0.000000
 2713.939210    0.000000
 2714.565190    0.000000
 2715.189450    0.000000
 2715.815670    0.000000
 2716.440430    0.000000
 2717.066890    0.000000
 2717.691890    0.000000
 2718.317140    0.000000
 2718.943850    0.000000
 2719.569340    0.000000
 2720.196530    0.000000
 2720.822270    0.000000
 2721.449710    0.000000
 2722.075680    0.000000
 2722.702150    0.000000
 2723.329830    0.000000
 2723.956300    0.000000
 2724.584470    0.000000
 2725.211430    0.000000
 2725.839600    0.000000
 2726.466800    0.000000
 2727.093990    0.000000
 2727.722900    0.000000
 2728.350340    0.000000
 2728.979490    0.000000
 2729.607420    0.000000
 2730.236820    0.000000
 2730.864750    0.000000
 2731.493160    0.000000
 2732.122800    0.000000
 2732.751460    0.000000
 2733.381590    0.000000
 2734.010500    0.000000
 2734.640870    0.000000
 2735.270020    0.000000
 2735.899410    0.000000
 2736.530270    0.000000
 2737.159670    0.000000
 2737.790770    0.000000
 2738.420650    0.000000
 2739.052250    0.000000
 2739.682370    0.000000
 2740.312500    0.000000
 2740.944340    0.000000
 2741.575200    0.000000
 2742.207280    0.000000
 2742.838130    0.000000
 2743.470460    0.000000
 2744.101560    0.000000
 2744.732910    0.000000
 2745.365970    0.000000
 2745.997310    0.000000
 2746.630860    0.000000
 2747.262700    0.000000
 2747.896000    0.000000
 2748.528080    0.000000
 2749.160640    0.000000
 2749.794430    0.000000
 2750.427000    0.000001
 2751.061280    0.000001
 2751.694090    0.000001
 2752.328610    0.000001
 2752.961910    0.000001
 2753.595210    0.000001
 2754.230220    0.000001
 2754.863770    0.000001
 2755.499020    0.000001
 2756.132810    0.000001
 2756.768550    0.000001
 2757.402590    0.000001
 2758.036870    0.000001
 2758.673100    0.000002
 2759.307620    0.000002
 2759.943850    0.000002
 2760.578860    0.000002
 2761.215330    0.000002
 2761.850590    0.000002
 2762.487550    0.000003
 2763.123050    0.000003
 2763.758790    0.000003
 2764.396000    0.000003
 2765.031980    0.000004
 2765.669430    0.000004
 2766.305910    0.000004
 2766.943600    0.000005
 2767.580320    0.000005
 2768.216800    0.000006
 2768.855220    0.000006
 2769.492190    0.000007
 2770.130860    0.000007
 2770.768070    0.000008
 2771.407230    0.000009
 2772.044680    0.000009
 2772.682130    0.000010
 2773.321780    0.000010
 2773.959720    0.000011
 2774.599370    0.000012
 2775.237550    0.000013
 2775.877690    0.000014
 2776.516360    0.000015
 2777.155030    0.000017
 2777.795170    0.000018
 2778.434330    0.000020
 2779.074950    0.000021
 2779.714360    0.000023
 2780.355470    0.000025
 2780.995120    0.000027
 2781.634770    0.000030
 2782.276120    0.000031
 2782.916260    0.000034
 2783.558110    0.000037
 2784.198490    0.000040
 2784.840330    0.000043
 2785.480960    0.000047
 2786.121830    0.000050
 2786.764400    0.000054
 2787.405270    0.000058
 2788.048100    0.000063
 2788.689450    0.000068
 2789.332520    0.000072
 2789.974370    0.000078
 2790.615970    0.000085
 2791.259770    0.000092
 2791.901610    0.000098
 2792.545410    0.000106
 2793.187990    0.000113
 2793.832030    0.000122
 2794.474850    0.000132
 2795.117680    0.000141
 2795.762210    0.000153
 2796.405520    0.000164
 2797.050290    0.000175
 2797.693600    0.000189
 2798.338870    0.000203
 2798.982420    0.000218
 2799.626460    0.000235
 2800.272220    0.000252
 2800.916260    0.000270
 2801.562260    0.000289
 2802.206790    0.000311
 2802.852780    0.000333
 2803.497560    0.000357
 2804.142580    0.000382
 2804.789310    0.000410
 2805.434330    0.000440
 2806.081300    0.000470
 2806.726810    0.000504
 2807.374020    0.000540
 2808.020020    0.000578
 2808.666020    0.000618
 2809.313480    0.000661
 2809.959960    0.000708
 2810.607910    0.000756
 2811.254390    0.000809
 2811.902830    0.000864
 2812.549560    0.000923
 2813.198240    0.000987
 2813.845210    0.001054
 2814.492680    0.001125
 2815.141600    0.001202
 2815.789310    0.001282
 2816.438720    0.001369
 2817.086430    0.001459
 2817.736080    0.001556
 2818.384520    0.001660
 2819.032710    0.001769
 2819.682620    0.001886
 2820.331300    0.002009
 2820.981930    0.002141
 2821.630620    0.002280
 2822.281490    0.002428
 2822.930660    0.002584
 2823.580080    0.002750
 2824.231200    0.002927
 2824.880860    0.003113
 2825.532230    0.003311
 2826.182370    0.003520
 2826.833980    0.003742
 2827.484380    0.003977
 2828.134770    0.004225
 2828.786870    0.004488
 2829.437740    0.004766
 2830.090090    0.005061
 2830.741210    0.005372
 2831.394040    0.005701
 2832.045410    0.006049
 2832.697020    0.006416
 2833.350100    0.006804
 2834.001950    0.007214
 2834.655520    0.007648
 2835.307620    0.008103
 2835.961180    0.008587
 2836.613770    0.009094
 2837.266360    0.009630
 2837.920410    0.010197
 2838.573490    0.010793
 2839.228030    0.011422
 2839.881100    0.012084
 2840.535890    0.012783
 2841.189450    0.013517
 2841.843020    0.014290
 2842.498540    0.015106
 2843.152340    0.015963
 2843.807860    0.016866
 2844.462160    0.017814
 2845.118160    0.018812
 2845.772710    0.019860
 2846.427250    0.020962
 2847.083740    0.022122
 2847.738770    0.023338
 2848.395260    0.024618
 2849.050540    0.025959
 2849.707760    0.027370
 2850.363280    0.028849
 2851.018800    0.030398
 2851.676270    0.032028
 2852.332280    0.033733
 2852.989990    0.035526
 2853.646480    0.037401
 2854.304440    0.039370
 2854.960940    0.041428
 2855.617920    0.043584
 2856.276370    0.045847
 2856.933350    0.048209
 2857.592290    0.050690
 2858.249760    0.053278
 2858.908940    0.055992
 2859.566650    0.058825
 2860.224370    0.061785
 2860.883790    0.064887
 2861.541750    0.068122
 2862.201900    0.071511
 2862.860350    0.075042
 2863.520510    0.078738
 2864.179200    0.082587
 2864.839840    0.086617
 2865.498780    0.090810
 2866.157960    0.095184
 2866.818850    0.099758
 2867.478520    0.104518
 2868.139650    0.109490
 2868.799320    0.114659
 2869.460940    0.120061
 2870.121090    0.125674
 2870.781490    0.131521
 2871.443360    0.137621
 2872.103760    0.143955
 2872.766360    0.150567
 2873.427000    0.157426
 2874.089600    0.164579
 2874.750730    0.172001
 2875.412110    0.179717
 2876.075440    0.187760
 2876.736820    0.196092
 2877.400390    0.204774
 2878.062260    0.213767
 2878.725830    0.223128
 2879.388180    0.232825
 2880.050540    0.242888
 2880.714600    0.253354
 2881.377440    0.264189
 2882.041750    0.275448
 2882.704830    0.287098
 2883.369380    0.299199
 2884.032960    0.311718
 2884.696530    0.324687
 2885.361330    0.338141
 2886.025390    0.352056
 2886.690920    0.366492
 2887.354980    0.381397
 2888.020510    0.396852
 2888.685060    0.412815
 2889.349610    0.429320
 2890.015870    0.446427
 2890.680910    0.464077
 2891.347410    0.482355
 2892.012700    0.501202
 2892.679200    0.520702
 2893.344970    0.540815
 2894.010500    0.561568
 2894.677730    0.583042
 2895.343510    0.605148
 2896.011470    0.628026
 2896.677490    0.651549
 2897.345460    0.675873
 2898.011960    0.700889
 2898.678960    0.726685
 2899.347170    0.753309
 2900.014160    0.780680
 2900.682860    0.808935
 2901.350100    0.837958
 2902.019530    0.867927
 2902.687010    0.898670
 2903.354740    0.930305
 2904.024410    0.962934
 2904.692380    0.996394
 2905.361820    1.030861
 2906.030520    1.066239
 2906.700680    1.102664
 2907.369140    1.139980
 2908.038090    1.178321
 2908.708500    1.217766
 2909.377930    1.258187
 2910.048830    1.299750
 2910.718260    1.342290
 2911.389650    1.386039
 2912.059330    1.430776
 2912.729250    1.476643
 2913.400630    1.523743
 2914.070800    1.571902
 2914.742920    1.621367
 2915.413570    1.671900
 2916.085690    1.723735
 2916.756590    1.776681
 2917.429200    1.830982
 2918.100340    1.886397
 2918.771730    1.943076
 2919.444580    2.001136
 2920.116210    2.060360
 2920.789550    2.121017
 2921.461670    2.182857
 2922.135500    2.246158
 2922.807370    2.310585
 2923.479740    2.376377
 2924.154050    2.443693
 2924.826660    2.512173
 2925.500980    2.582174
 2926.174070    2.653398
 2926.848880    2.726161
 2927.522220    2.800126
 2928.195800    2.875481
 2928.870850    2.952369
 2929.544920    3.030516
 2930.220460    3.110206
 2930.894530    3.191094
 2931.570310    3.273561
 2932.244630    3.357217
 2932.919190    3.442268
 2933.595700    3.528930
 2934.270260    3.616700
 2934.947270    3.706142
 2935.622310    3.796671
 2936.299070    3.888768
 2936.974850    3.982059
 2937.650390    4.076632
 2938.327880    4.172786
 2939.003660    4.269989
 2939.681400    4.368753
 2940.357670    4.468565
 2941.035640    4.569876
 2941.712160    4.672196
 2942.389160    4.775794
 2943.067630    4.880806
 2943.744630    4.986754
 2944.423580    5.094151
 2945.100830    5.202390
 2945.780030    5.312033
 2946.457760    5.422499
 2947.135500    5.533992
 2947.815190    5.646810
 2948.493410    5.760350
 2949.173100    5.875071
 2949.851560    5.990483
 2950.531980    6.107089
 2951.210450    6.224182
 2951.889650    6.342183
 2952.570070    6.461139
 2953.249270    6.580579
 2953.930660    6.701061
 2954.610110    6.821806
 2955.291500    6.943462
 2955.971190    7.065325
 2956.651120    7.187694
 2957.333010    7.310828
 2958.013180    7.434012
 2958.695560    7.557900
 2959.376220    7.681729
 2960.058350    7.806018
 2960.739500    7.930265
 2961.420410    8.054545
 2962.103520    8.179243
 2962.784910    8.303585
 2963.468020    8.428131
 2964.149900    8.552285
 2964.833500    8.676517
 2965.515380    8.800137
 2966.197750    8.923479
 2966.881590    9.046653
 2967.564210    9.169106
 2968.248540    9.291293
 2968.931150    9.412537
 2969.615720    9.533417
 2970.299070    9.653300
 2970.984130    9.772629
 2971.667480    9.890738
 2972.351070    10.007894
 2973.036620    10.124314
 2973.720700    10.239346
 2974.406250    10.353407
 2975.090580    10.465978
 2975.776610    10.577467
 2976.461180    10.687285
 2977.146000    10.795639
 2977.832280    10.902645
 2978.517580    11.007845
 2979.204350    11.111544
 2979.889650    11.213227
 2980.576660    11.313293
 2981.262210    11.411211
 2981.948240    11.507194
 2982.635990    11.601333
 2983.322020    11.693094
 2984.010010    11.782900
 2984.696530    11.870235
 2985.384770    11.955440
 2986.071530    12.038054
 2986.758540    12.118227
 2987.447270    12.196064
 2988.134770    12.271164
 2988.823490    12.343740
 2989.510990    12.413482
 2990.200440    12.480647
 2990.888180    12.544827
 2991.576170    12.606161
 2992.266360    12.664760
 2992.954830    12.720240
 2993.644780    12.772816
 2994.333500    12.822234
 2995.023930    12.868664
 2995.713130    12.911865
 2996.402100    12.951872
 2997.093020    12.988768
 2997.782710    13.022342
 2998.473880    13.052697
 2999.163570    13.079676
 2999.855470    13.103394
 3000.545410    13.123682
 3001.235600    13.140598
 3001.927730    13.154154
 3002.618410    13.164264
 3003.310550    13.170956
 3004.001710    13.174196
 3004.694340    13.173986
 3005.385740    13.170322
 3006.076900    13.163209
 3006.770020    13.152612
 3007.461670    13.138585
 3008.155270    13.121063
 3008.847410    13.100140
 3009.541260    13.075730
 3010.233400    13.047970
 3010.926270    13.016787
 3011.620360    12.982166
 3012.313230    12.944255
 3013.007810    12.902913
 3013.700930    12.858360
 3014.395750    12.810421
 3015.089360    12.759330
 3015.783200    12.705021
 3016.478270    12.647449
 3017.172610    12.586815
 3017.868160    12.522989
 3018.562260    12.456265
 3019.258540    12.386337
 3019.952880    12.313672
 3020.647950    12.238049
 3021.344480    12.159430
 3022.039310    12.078235
 3022.736330    11.994062
 3023.431640    11.907444
 3024.128660    11.818018
 3024.824460    11.726222
 3025.522220    11.631701
 3026.218020    11.535053
 3026.914310    11.436016
 3027.612300    11.334479
 3028.308840    11.230973
 3029.007080    11.125101
 3029.703860    11.017420
 3030.402590    10.907474
 3031.099850    10.795877
 3031.797120    10.682480
 3032.496090    10.567077
 3033.193600    10.450271
 3033.893310    10.331527
 3034.591060    10.211630
 3035.290770    10.089991
 3035.989010    9.967282
 3036.687740    9.843249
 3037.387700    9.717837
 3038.086670    9.591523
 3038.787350    9.463902
 3039.486080    9.335724
 3040.187260    9.206263
 3040.886470    9.076412
 3041.586180    8.945803
 3042.287350    8.814329
 3042.987550    8.682531
 3043.689210    8.550026
 3044.389160    8.417495
 3045.091060    8.284321
 3045.791750    8.151183
 3046.492430    8.017928
 3047.194820    7.884304
 3047.896000    7.750944
 3048.598880    7.617363
 3049.300050    7.484284
