 2653.384280    0.506148
 2653.996340    0.527835
 2654.606690    0.550231
 2655.217290    0.573425
 2655.829830    0.597507
 2656.440670    0.622351
 2657.053220    0.648118
 2657.664550    0.674706
 2658.277340    0.702251
 2658.888920    0.730657
 2659.500730    0.760007
 2660.114010    0.790385
 2660.725830    0.821667
 2661.339360    0.854034
 2661.951660    0.887357
 2662.565430    0.921799
 2663.177980    0.957232
 2663.790530    0.993745
 2664.404790    1.031461
 2665.017820    1.070223
 2665.632320    1.110221
 2666.245610    1.151299
 2666.860350    1.193657
 2667.473880    1.237130
 2668.089110    1.281944
 2668.702880    1.327887
 2669.316890    1.375099
 2669.932370    1.423698
 2670.546630    1.473488
 2671.162350    1.524702
 2671.776860    1.577135
 2672.393070    1.631050
 2673.007810    1.686186
 2673.622560    1.742681
 2674.239260    1.800735
 2674.854490    1.860038
 2675.471190    1.920883
 2676.086670    1.983015
 2676.703860    2.046741
 2677.319580    2.111740
 2677.935550    2.178197
 2678.552980    2.246254
 2679.169190    2.315620
 2679.786870    2.386602
 2680.403560    2.458923
 2681.021480    2.532842
 2681.638430    2.608096
 2682.255370    2.684799
 2682.873780    2.763135
 2683.490970    2.842760
 2684.109860    2.924047
 2684.727290    3.006573
 2685.346440    3.090754
 2685.964110    3.176146
 2686.582030    3.262970
 2687.201660    3.351427
 2687.819820    3.441045
 2688.439450    3.532233
 2689.057860    3.624576
 2689.677980    3.718494
 2690.296880    3.813520
 2690.915770    3.909816
 2691.536380    4.007623
 2692.155270    4.106376
 2692.776370    4.206670
 2693.395750    4.307841
 2694.016850    4.410417
 2694.636720    4.513876
 2695.256590    4.618383
 2695.877930    4.724148
 2696.498050    4.830674
 2697.119870    4.938421
 2697.740480    5.046836
 2698.362550    5.156345
 2698.983400    5.266423
 2699.604250    5.377235
 2700.226810    5.489036
 2700.847900    5.601201
 2701.470700    5.714247
 2702.092040    5.827543
 2702.715330    5.941648
 2703.337160    6.055879
 2703.958980    6.170439
 2704.582520    6.285581
 2705.204830    6.400696
 2705.828370    6.516170
 2706.450930    6.631523
 2707.074950    6.747140
 2707.697750    6.862452
 2708.320800    6.977654
 2708.945310    7.092898
 2709.568360    7.207572
 2710.193360    7.322220
 2710.816650    7.436098
 2711.441890    7.549795
 2712.065670    7.662609
 2712.689450    7.774728
 2713.314940    7.886374
 2713.939210    7.996943
 2714.565190    8.106874
 2715.189450    8.215480
 2715.815670    8.323318
 2716.440430    8.429714
 2717.066890    8.535127
 2717.691890    8.638937
 2718.317140    8.741353
 2718.943850    8.842486
 2719.569340    8.941821
 2720.196530    9.039738
 2720.822270    9.135661
 2721.449710    9.229997
 2722.075680    9.322186
 2722.702150    9.412445
 2723.329830    9.500792
 2723.956300    9.586807
 2724.584470    9.670819
 2725.211430    9.752358
 2725.839600    9.831667
 2726.466800    9.908402
 2727.093990    9.982615
 2727.722900    10.054436
 2728.350340    10.123432
 2728.979490    10.189889
 2729.607420    10.253435
 2730.236820    10.314281
 2730.864750    10.372085
 2731.493160    10.426984
 2732.122800    10.478975
 2732.751460    10.527827
 2733.381590    10.573680
 2734.010500    10.616297
 2734.640870    10.655807
 2735.270020    10.692014
 2735.899410    10.724968
 2736.530270    10.754688
 2737.159670    10.781008
 2737.790770    10.804035
 2738.420650    10.823630
 2739.052250    10.839869
 2739.682370    10.852643
 2740.312500    10.861986
 2740.944340    10.867900
 2741.575200    10.870342
 2742.207280    10.869322
 2742.838130    10.864840
 2743.470460    10.856878
 2744.101560    10.845477
 2744.732910    10.830627
 2745.365970    10.812291
 2745.997310    10.790587
 2746.630860    10.765393
 2747.262700    10.736887
 2747.896000    10.704950
 2748.528080    10.669750
 2749.160640    10.631229
 2749.794430    10.589364
 2750.427000    10.544355
 2751.061280    10.496032
 2751.694090    10.444680
 2752.328610    10.390089
 2752.961910    10.332557
 2753.595210    10.272035
 2754.230220    10.208404
 2754.863770    10.142037
 2755.499020    10.072662
 2756.132810    10.000691
 2756.768550    9.925795
 2757.402590    9.848470
 2758.036870    9.768559
 2758.673100    9.685907
 2759.307620    9.601060
 2759.943850    9.513638
 2760.578860    9.424115
 2761.215330    9.332195
 2761.850590    9.238342
 2762.487550    9.142204
 2763.123050    9.044340
 2763.758790    8.944579
 2764.396000    8.842802
 2765.031980    8.739530
 2765.669430    8.634406
 2766.305910    8.527920
 2766.943600    8.419794
 2767.580320    8.310484
 2768.216800    8.199960
 2768.855220    8.087923
 2769.492190    7.975057
 2770.130860    7.860890
 2770.768070    7.746077
 2771.407230    7.630089
 2772.044680    7.513678
 2772.682130    7.396621
 2773.321780    7.278598
 2773.959720    7.160414
 2774.599370    7.041522
 2775.237550    6.922595
 2775.877690    6.803077
 2776.516360    6.683691
 2777.155030    6.564240
 2777.795170    6.444532
 2778.434330    6.325101
 2779.074950    6.205566
 2779.714360    6.086505
 2780.355470    5.967443
 2780.995120    5.849045
 2781.634770    5.731105
 2782.276120    5.613380
 2782.916260    5.496473
 2783.558110    5.379914
 2784.198490    5.264343
 2784.840330    5.149291
 2785.480960    5.035298
 2786.121830    4.922158
 2786.764400    4.809671
 2787.405270    4.698486
 2788.048100    4.588020
 2788.689450    4.478907
 2789.332520    4.370656
 2789.974370    4.263801
 2790.615970    4.158219
 2791.259770    4.053553
 2791.901610    3.950514
 2792.545410    3.848510
 2793.187990    3.748078
 2793.832030    3.648830
 2794.474850    3.551209
 2795.117680    3.455050
 2795.762210    3.360127
 2796.405520    3.266896
 2797.050290    3.174987
 2797.693600    3.084836
 2798.338870    2.995979
 2798.982420    2.908937
 2799.626460    2.823420
 2800.272220    2.739282
 2800.916260    2.656976
 2801.562260    2.576043
 2802.206790    2.496915
 2802.852780    2.419235
 2803.497560    2.343328
 2804.142580    2.269018
 2804.789310    2.196139
 2805.434330    2.125074
 2806.081300    2.055413
 2806.726810    1.987520
 2807.374020    1.921054
 2808.020020    1.856308
 2808.666020    1.793142
 2809.313480    1.731409
 2809.959960    1.671330
 2810.607910    1.612662
 2811.254390    1.555658
 2811.902830    1.500001
 2812.549560    1.445990
 2813.198240    1.393298
 2813.845210    1.342208
 2814.492680    1.292521
 2815.141600    1.244148
 2815.789310    1.197269
 2816.438720    1.151651
 2817.086430    1.107513
 2817.736080    1.064582
 2818.384520    1.023046
 2819.032710    0.982816
 2819.682620    0.943749
 2820.331300    0.906000
 2820.981930    0.869360
 2821.630620    0.834024
 2822.281490    0.799743
 2822.930660    0.766696
 2823.580080    0.734756
 2824.231200    0.703831
 2824.880860    0.674045
 2825.532230    0.645227
 2826.182370    0.617485
 2826.833980    0.590676
 2827.484380    0.564889
 2828.134770    0.540046
 2828.786870    0.516059
 2829.437740    0.493013
 2830.090090    0.470789
 2830.741210    0.449454
 2831.394040    0.428888
 2832.045410    0.409168
 2832.697020    0.390217
 2833.350100    0.371978
 2834.001950    0.354503
 2834.655520    0.337692
 2835.307620    0.321605
 2835.961180    0.306147
 2836.613770    0.291355
 2837.266360    0.277184
 2837.920410    0.263583
 2838.573490    0.250585
 2839.228030    0.238119
 2839.881100    0.226223
 2840.535890    0.214820
 2841.189450    0.203942
 2841.843020    0.193549
 2842.498540    0.183596
 2843.152340    0.174119
 2843.807860    0.165052
 2844.462160    0.156421
 2845.118160    0.148170
 2845.772710    0.140324
 2846.427250    0.132848
 2847.083740    0.125707
 2847.738770    0.118924
 2848.395260    0.112456
 2849.050540    0.106315
 2849.707760    0.100457
 2850.363280    0.094905
 2851.018800    0.089629
 2851.676270    0.084603
 2852.332280    0.079843
 2852.989990    0.075313
 2853.646480    0.071024
 2854.304440    0.066948
 2854.960940    0.063092
 2855.617920    0.059436
 2856.276370    0.055965
 2856.933350    0.052687
 2857.592290    0.049575
 2858.249760    0.046637
 2858.908940    0.043851
 2859.566650    0.041224
 2860.224370    0.038740
 2860.883790    0.036388
 2861.541750    0.034172
 2862.201900    0.032074
 2862.860350    0.030099
 2863.520510    0.028232
 2864.179200    0.026474
 2864.839840    0.024814
 2865.498780    0.023253
 2866.157960    0.021783
 2866.818850    0.020395
 2867.478520    0.019092
 2868.139650    0.017863
 2868.799320    0.016710
 2869.460940    0.015623
 2870.121090    0.014605
 2870.781490    0.013647
 2871.443360    0.012746
 2872.103760    0.011903
 2872.766360    0.011108
 2873.427000    0.010365
 2874.089600    0.009667
 2874.750730    0.009015
 2875.412110    0.008403
 2876.075440    0.007829
 2876.736820    0.007293
 2877.400390    0.006789
 2878.062260    0.006320
 2878.725830    0.005879
 2879.388180    0.005468
 2880.050540    0.005085
 2880.714600    0.004725
 2881.377440    0.004391
 2882.041750    0.004078
 2882.704830    0.003786
 2883.369380    0.003514
 2884.032960    0.003261
 2884.696530    0.003024
 2885.361330    0.002804
 2886.025390    0.002599
 2886.690920    0.002407
 2887.354980    0.002230
 2888.020510    0.002064
 2888.685060    0.001910
 2889.349610    0.001767
 2890.015870    0.001635
 2890.680910    0.001511
 2891.347410    0.001396
 2892.012700    0.001290
 2892.679200    0.001191
 2893.344970    0.001100
 2894.010500    0.001015
 2894.677730    0.000937
 2895.343510    0.000863
 2896.011470    0.000796
 2896.677490    0.000733
 2897.345460    0.000675
 2898.011960    0.000622
 2898.678960    0.000573
 2899.347170    0.000527
 2900.014160    0.000484
 2900.682860    0.000445
 2901.350100    0.000410
 2902.019530    0.000377
 2902.687010    0.000346
 2903.354740    0.000318
 2904.024410    0.000292
 2904.692380    0.000268
 2905.361820    0.000245
 2906.030520    0.000225
 2906.700680    0.000206
 2907.369140    0.000189
 2908.038090    0.000174
 2908.708500    0.000158
 2909.377930    0.000145
 2910.048830    0.000133
 2910.718260    0.000121
 2911.389650    0.000111
 2912.059330    0.000101
 2912.729250    0.000093
 2913.400630    0.000085
 2914.070800    0.000077
 2914.742920    0.000071
 2915.413570    0.000064
 2916.085690    0.000059
 2916.756590    0.000053
 2917.429200    0.000049
 2918.100340    0.000045
 2918.771730    0.000040
 2919.444580    0.000037
 2920.116210    0.000033
 2920.789550    0.000031
 2921.461670    0.000028
 2922.135500    0.000025
 2922.807370    0.000023
 2923.479740    0.000021
 2924.154050    0.000019
 2924.826660    0.000017
 2925.500980    0.000015
 2926.174070    0.000014
 2926.848880    0.000012
 2927.522220    0.000011
 2928.195800    0.000010
 2928.870850    0.000010
 2929.544920    0.000009
 2930.220460    0.000008
 2930.894530    0.000007
 2931.570310    0.000007
 2932.244630    0.000006
 2932.919190    0.000005
 2933.595700    0.000005
 2934.270260    0.000004
 2934.947270    0.000004
 2935.622310    0.000004
 2936.299070    0.000003
 2936.974850    0.000003
 2937.650390    0.000003
 2938.327880    0.000002
 2939.003660    0.000002
 2939.681400    0.000002
 2940.357670    0.000002
 2941.035640    0.000002
 2941.712160    0.000001
 2942.389160    0.000001
 2943.067630    0.000001
 2943.744630    0.000001
 2944.423580    0.000001
 2945.100830    0.000001
 2945.780030    0.000001
 2946.457760    0.000001
 2947.135500    0.000001
 2947.815190    0.000001
 2948.493410    0.000000
 2949.173100    0.000000
 2949.851560    0.000000
 2950.531980    0.000000
 2951.210450    0.000000
 2951.889650    0.000000
 2952.570070    0.000000
 2953.249270    0.000000
 2953.930660    0.000000
 2954.610110    0.000000
 2955.291500    0.000000
 2955.971190    0.000000
 2956.651120    0.000000
 2957.333010    0.000000
 2958.013180    0.000000
 2958.695560    0.000000
 2959.376220    0.000000
 2960.058350    0.000000
 2960.739500    0.000000
 2961.420410    0.000000
 2962.103520    0.000000
 2962.784910    0.000000
 2963.468020    0.000000
 2964.149900    0.000000
 2964.833500    0.000000
 2965.515380    0.000000
 2966.197750    0.000000
 2966.881590    0.000000
 2967.564210    0.000000
 2968.248540    0.000000
 2968.931150    0.000000
 2969.615720    0.000000
 2970.299070    0.000000
 2970.984130    0.000000
 2971.667480    0.000000
 2972.351070    0.000000
 2973.036620    0.000000
 2973.720700    0.000000
 2974.406250    0.000000
 2975.090580    0.000000
 2975.776610    0.000000
 2976.461180    0.000000
 2977.146000    0.000000
 2977.832280    0.000000
 2978.517580    0.000000
 2979.204350    0.000000
 2979.889650    0.000000
 2980.576660    0.000000
 2981.262210    0.000000
 2981.948240    0.000000
 2982.635990    0.000000
 2983.322020    0.000000
 2984.010010    0.000000
 2984.696530    0.000000
 2985.384770    0.000000
 2986.071530    0.000000
 2986.758540    0.000000
 2987.447270    0.000000
 2988.134770    0.000000
 2988.823490    0.000000
 2989.510990    0.000000
 2990.200440    0.000000
 2990.888180    0.000000
 2991.576170    0.000000
 2992.266360    0.000000
 2992.954830    0.000000
 2993.644780    0.000000
 2994.333500    0.000000
 2995.023930    0.000000
 2995.713130    0.000000
 2996.402100    0.000000
 2997.093020    0.000000
 2997.782710    0.000000
 2998.473880    0.000000
 2999.163570    0.000000
 2999.855470    0.000000
 3000.545410    0.000000
 3001.235600    0.000000
 3001.927730    0.000000
 3002.618410    0.000000
 3003.310550    0.000000
 3004.001710    0.000000
 3004.694340    0.000000
 3005.385740    0.000000
 3006.076900    0.000000
 3006.770020    0.000000
 3007.461670    0.000000
 3008.155270    0.000000
 3008.847410    0.000000
 3009.541260    0.000000
 3010.233400    0.000000
 3010.926270    0.000000
 3011.620360    0.000000
 3012.313230    0.000000
 3013.007810    0.000000
 3013.700930    0.000000
 3014.395750    0.000000
 3015.089360    0.000000
 3015.783200    0.000000
 3016.478270    0.000000
 3017.172610    0.000000
 3017.868160    0.000000
 3018.562260    0.000000
 3019.258540    0.000000
 3019.952880    0.000000
 3020.647950    0.000000
 3021.344480    0.000000
 3022.039310    0.000000
 3022.736330    0.000000
 3023.431640    0.000000
 3024.128660    0.000000
 3024.824460    0.000000
 3025.522220    0.000000
 3026.218020    0.000000
 3026.914310    0.000000
 3027.612300    0.000000
 3028.308840    0.000000
 3029.007080    0.000000
 3029.703860    0.000000
 3030.402590    0.000000
 3031.099850    0.000000
 3031.797120    0.000000
 3032.496090    0.000000
 3033.193600    0.000000
 3033.893310    0.000000
 3034.591060    0.000000
 3035.290770    0.000000
 3035.989010    0.000000
 3036.687740    0.000000
 3037.387700    0.000000
 3038.086670    0.000000
 3038.787350    0.000000
 3039.486080    0.000000
 3040.187260    0.000000
 3040.886470    0.000000
 3041.586180    0.000000
 3042.287350    0.000000
 3042.987550    0.000000
 3043.689210    0.000000
 3044.389160    0.000000
 3045.091060    0.000000
 3045.791750    0.000000
 3046.492430    0.000000
 3047.194820    0.000000
 3047.896000    0.000000
 3048.598880    0.000000
 3049.300050    0.000000
