 2653.384280    0.290599
 2653.996340    0.307539
 2654.606690    0.325266
 2655.217290    0.343863
 2655.829830    0.363421
 2656.440670    0.383854
 2657.053220    0.405311
 2657.664550    0.427722
 2658.277340    0.451221
 2658.888920    0.475740
 2659.500730    0.501371
 2660.114010    0.528204
 2660.725830    0.556146
 2661.339360    0.585377
 2661.951660    0.615797
 2662.565430    0.647574
 2663.177980    0.680608
 2663.790530    0.714994
 2664.404790    0.750872
 2665.017820    0.788107
 2665.632320    0.826898
 2666.245610    0.867111
 2666.860350    0.908959
 2667.473880    0.952295
 2668.089110    0.997359
 2668.702880    1.043955
 2669.316890    1.092237
 2669.932370    1.142343
 2670.546630    1.194081
 2671.162350    1.247712
 2671.776860    1.303029
 2672.393070    1.360324
 2673.007810    1.419330
 2673.622560    1.480203
 2674.239260    1.543168
 2674.854490    1.607900
 2675.471190    1.674724
 2676.086670    1.743366
 2676.703860    1.814173
 2677.319580    1.886790
 2677.935550    1.961425
 2678.552980    2.038240
 2679.169190    2.116909
 2679.786870    2.197776
 2680.403560    2.280523
 2681.021480    2.365444
 2681.638430    2.452229
 2682.255370    2.541004
 2682.873780    2.631971
 2683.490970    2.724721
 2684.109860    2.819676
 2684.727290    2.916328
 2685.346440    3.015147
 2685.964110    3.115597
 2686.582030    3.217916
 2687.201660    3.322319
 2687.819820    3.428226
 2688.439450    3.536097
 2689.057860    3.645413
 2689.677980    3.756642
 2690.296880    3.869202
 2690.915770    3.983247
 2691.536380    4.099033
 2692.155270    4.215853
 2692.776370    4.334371
 2693.395750    4.453765
 2694.016850    4.574614
 2694.636720    4.696260
 2695.256590    4.818851
 2695.877930    4.942587
 2696.498050    5.066835
 2697.119870    5.192085
 2697.740480    5.317640
 2698.362550    5.443939
 2698.983400    5.570322
 2699.604250    5.696924
 2700.226810    5.823978
 2700.847900    5.950715
 2701.470700    6.077658
 2702.092040    6.204036
 2702.715330    6.330418
 2703.337160    6.455978
 2703.958980    6.580882
 2704.582520    6.705338
 2705.204830    6.828623
 2705.828370    6.951086
 2706.450930    7.072159
 2707.074950    7.192173
 2707.697750    7.310476
 2708.320800    7.427208
 2708.945310    7.542453
 2709.568360    7.655533
 2710.193360    7.766927
 2710.816650    7.875843
 2711.441890    7.982784
 2712.065670    8.087029
 2712.689450    8.188697
 2713.314940    8.287926
 2713.939210    8.384119
 2714.565190    8.477597
 2715.189450    8.567728
 2715.815670    8.654917
 2716.440430    8.738568
 2717.066890    8.818990
 2717.691890    8.895666
 2718.317140    8.968710
 2718.943850    9.038148
 2719.569340    9.103586
 2720.196530    9.165235
 2720.822270    9.222692
 2721.449710    9.276169
 2722.075680    9.325316
 2722.702150    9.370228
 2723.329830    9.410876
 2723.956300    9.447046
 2724.584470    9.478850
 2725.211430    9.506090
 2725.839600    9.528835
 2726.466800    9.546971
 2727.093990    9.560512
 2727.722900    9.569459
 2728.350340    9.573752
 2728.979490    9.573409
 2729.607420    9.568426
 2730.236820    9.558792
 2730.864750    9.544568
 2731.493160    9.525743
 2732.122800    9.502310
 2732.751460    9.474384
 2733.381590    9.441897
 2734.010500    9.405037
 2734.640870    9.363702
 2735.270020    9.318130
 2735.899410    9.268296
 2736.530270    9.214165
 2737.159670    9.156070
 2737.790770    9.093808
 2738.420650    9.027760
 2739.052250    8.957711
 2739.682370    8.884123
 2740.312500    8.806946
 2740.944340    8.726075
 2741.575200    8.641969
 2742.207280    8.554460
 2742.838130    8.464016
 2743.470460    8.370387
 2744.101560    8.274107
 2744.732910    8.175101
 2745.365970    8.073274
 2745.997310    7.969322
 2746.630860    7.862754
 2747.262700    7.754376
 2747.896000    7.643803
 2748.528080    7.531662
 2749.160640    7.417811
 2749.794430    7.302273
 2750.427000    7.185659
 2751.061280    7.067590
 2751.694090    6.948821
 2752.328610    6.828921
 2752.961910    6.708609
 2753.595210    6.587820
 2754.230220    6.466392
 2754.863770    6.345095
 2755.499020    6.223490
 2756.132810    6.102344
 2756.768550    5.981170
 2757.402590    5.860826
 2758.036870    5.741100
 2758.673100    5.621832
 2759.307620    5.503868
 2759.943850    5.386726
 2760.578860    5.271103
 2761.215330    5.156659
 2761.850590    5.044032
 2762.487550    4.932848
 2763.123050    4.823811
 2763.758790    4.716763
 2764.396000    4.611649
 2765.031980    4.509051
 2765.669430    4.408674
 2766.305910    4.311039
 2766.943600    4.215940
 2767.580320    4.123838
 2768.216800    4.034743
 2768.855220    3.948483
 2769.492190    3.865646
 2770.130860    3.785941
 2770.768070    3.709882
 2771.407230    3.637178
 2772.044680    3.568362
 2772.682130    3.503344
 2773.321780    3.442027
 2773.959720    3.384895
 2774.599370    3.331746
 2775.237550    3.282948
 2775.877690    3.238344
 2776.516360    3.198275
 2777.155030    3.162727
 2777.795170    3.131731
 2778.434330    3.105500
 2779.074950    3.084032
 2779.714360    3.067506
 2780.355470    3.055940
 2780.995120    3.049480
 2781.634770    3.048176
 2782.276120    3.052127
 2782.916260    3.061401
 2783.558110    3.076127
 2784.198490    3.096310
 2784.840330    3.122119
 2785.480960    3.153523
 2786.121830    3.190651
 2786.764400    3.233685
 2787.405270    3.282463
 2788.048100    3.337335
 2788.689450    3.398077
 2789.332520    3.465057
 2789.974370    3.538035
 2790.615970    3.617159
 2791.259770    3.702811
 2791.901610    3.794496
 2792.545410    3.892819
 2793.187990    3.997352
 2793.832030    4.108577
 2794.474850    4.226075
 2795.117680    4.350084
 2795.762210    4.480992
 2796.405520    4.618238
 2797.050290    4.762421
 2797.693600    4.912903
 2798.338870    5.070507
 2798.982420    5.234347
 2799.626460    5.404970
 2800.272220    5.582728
 2800.916260    5.766672
 2801.562260    5.957836
 2802.206790    6.155194
 2802.852780    6.359615
 2803.497560    6.570218
 2804.142580    6.787425
 2804.789310    7.011704
 2805.434330    7.241815
 2806.081300    7.479000
 2806.726810    7.721940
 2807.374020    7.971750
 2808.020020    8.227211
 2808.666020    8.488686
 2809.313480    8.756683
 2809.959960    9.030072
 2810.607910    9.309767
 2811.254390    9.594357
 2811.902830    9.885210
 2812.549560    10.180523
 2813.198240    10.481800
 2813.845210    10.787164
 2814.492680    11.097444
 2815.141600    11.412930
 2815.789310    11.732109
 2816.438720    12.056203
 2817.086430    12.383276
 2817.736080    12.714936
 2818.384520    13.049313
 2819.032710    13.386637
 2819.682620    13.727662
 2820.331300    14.070569
 2820.981930    14.416746
 2821.630620    14.763816
 2822.281490    15.113686
 2822.930660    15.463936
 2823.580080    15.815290
 2824.231200    16.168209
 2824.880860    16.520626
 2825.532230    16.873911
 2826.182370    17.226116
 2826.833980    17.578333
 2827.484380    17.928740
 2828.134770    18.277618
 2828.786870    18.625500
 2829.437740    18.970436
 2830.090090    19.313459
 2830.741210    19.652763
 2831.394040    19.989485
 2832.045410    20.321583
 2832.697020    20.649551
 2833.350100    20.973587
 2834.001950    21.291962
 2834.655520    21.605711
 2835.307620    21.912916
 2835.961180    22.214565
 2836.613770    22.509146
 2837.266360    22.796732
 2837.920410    23.077572
 2838.573490    23.350245
 2839.228030    23.615393
 2839.881100    23.871479
 2840.535890    24.119404
 2841.189450    24.357706
 2841.843020    24.586533
 2842.498540    24.806211
 2843.152340    25.015203
 2843.807860    25.214312
 2844.462160    25.402357
 2845.118160    25.579901
 2845.772710    25.745827
 2846.427250    25.900314
 2847.083740    26.043543
 2847.738770    26.174557
 2848.395260    26.293743
 2849.050540    26.400444
 2849.707760    26.494999
 2850.363280    26.576733
 2851.018800    26.645790
 2851.676270    26.702219
 2852.332280    26.745626
 2852.989990    26.776157
 2853.646480    26.793610
 2854.304440    26.798023
 2854.960940    26.789372
 2855.617920    26.767670
 2856.276370    26.732859
 2856.933350    26.685146
 2857.592290    26.624336
 2858.249760    26.550818
 2858.908940    26.464336
 2859.566650    26.365429
 2860.224370    26.254061
 2860.883790    26.130051
 2861.541750    25.994175
 2862.201900    25.845850
 2862.860350    25.686150
 2863.520510    25.514481
 2864.179200    25.331902
 2864.839840    25.137716
 2865.498780    24.933266
 2866.157960    24.718269
 2866.818850    24.492504
 2867.478520    24.257275
 2868.139650    24.011944
 2868.799320    23.757931
 2869.460940    23.494263
 2870.121090    23.222647
 2870.781490    22.942764
 2871.443360    22.654448
 2872.103760    22.359344
 2872.766360    22.056200
 2873.427000    21.747301
 2874.089600    21.431215
 2874.750730    21.109970
 2875.412110    20.783152
 2876.075440    20.450298
 2876.736820    20.113773
 2877.400390    19.771877
 2878.062260    19.427017
 2878.725830    19.077827
 2879.388180    18.726246
 2880.050540    18.372036
 2880.714600    18.014671
 2881.377440    17.656122
 2882.041750    17.295326
 2882.704830    16.934122
 2883.369380    16.571430
 2884.032960    16.208948
 2884.696530    15.846511
 2885.361330    15.483808
 2886.025390    15.122250
 2886.690920    14.760988
 2887.354980    14.401937
 2888.020510    14.043837
 2888.685060    13.688307
 2889.349610    13.335123
 2890.015870    12.983676
 2890.680910    12.635788
 2891.347410    12.290322
 2892.012700    11.948928
 2892.679200    11.610592
 2893.344970    11.276542
 2894.010500    10.946736
 2894.677730    10.620433
 2895.343510    10.299376
 2896.011470    9.981989
 2896.677490    9.670413
 2897.345460    9.362977
 2898.011960    9.061402
 2898.678960    8.764929
 2899.347170    8.473365
 2900.014160    8.187887
 2900.682860    7.907342
 2901.350100    7.633149
 2902.019530    7.363883
 2902.687010    7.101280
 2903.354740    6.844502
 2904.024410    6.592962
 2904.692380    6.348069
 2905.361820    6.108675
 2906.030520    5.875585
 2906.700680    5.648044
 2907.369140    5.427117
 2908.038090    5.212046
 2908.708500    5.002518
 2909.377930    4.799266
 2910.048830    4.601518
 2910.718260    4.410085
 2911.389650    4.223946
 2912.059330    4.044054
 2912.729250    3.869801
 2913.400630    3.700814
 2914.070800    3.537700
 2914.742920    3.379606
 2915.413570    3.227257
 2916.085690    3.079895
 2916.756590    2.938016
 2917.429200    2.800905
 2918.100340    2.669111
 2918.771730    2.542178
 2919.444580    2.419788
 2920.116210    2.302323
 2920.789550    2.189162
 2921.461670    2.080690
 2922.135500    1.976324
 2922.807370    1.876515
 2923.479740    1.780769
 2924.154050    1.688787
 2924.826660    1.600949
 2925.500980    1.516697
 2926.174070    1.436283
 2926.848880    1.359246
 2927.522220    1.285835
 2928.195800    1.215742
 2928.870850    1.148739
 2929.544920    1.084959
 2930.220460    1.024066
 2930.894530    0.966215
 2931.570310    0.911029
 2932.244630    0.858662
 2932.919190    0.808871
 2933.595700    0.761444
 2934.270260    0.716553
 2934.947270    0.673812
 2935.622310    0.633406
 2936.299070    0.595022
 2936.974850    0.558726
 2937.650390    0.524386
 2938.327880    0.491812
 2939.003660    0.461097
 2939.681400    0.431996
 2940.357670    0.404579
 2941.035640    0.378643
 2941.712160    0.354237
 2942.389160    0.331217
 2943.067630    0.309486
 2943.744630    0.289075
 2944.423580    0.269815
 2945.100830    0.251753
 2945.780030    0.234730
 2946.457760    0.218778
 2947.135500    0.203803
 2947.815190    0.189716
 2948.493410    0.176538
 2949.173100    0.164165
 2949.851560    0.152598
 2950.531980    0.141744
 2951.210450    0.131620
 2951.889650    0.122147
 2952.570070    0.113280
 2953.249270    0.105017
 2953.930660    0.097281
 2954.610110    0.090089
 2955.291500    0.083365
 2955.971190    0.077119
 2956.651120    0.071301
 2957.333010    0.065872
 2958.013180    0.060838
 2958.695560    0.056144
 2959.376220    0.051795
 2960.058350    0.047750
 2960.739500    0.044003
 2961.420410    0.040529
 2962.103520    0.037301
 2962.784910    0.034319
 2963.468020    0.031551
 2964.149900    0.028996
 2964.833500    0.026629
 2965.515380    0.024447
 2966.197750    0.022430
 2966.881590    0.020566
 2967.564210    0.018849
 2968.248540    0.017263
 2968.931150    0.015805
 2969.615720    0.014460
 2970.299070    0.013224
 2970.984130    0.012084
 2971.667480    0.011039
 2972.351070    0.010079
 2973.036620    0.009195
 2973.720700    0.008386
 2974.406250    0.007643
 2975.090580    0.006963
 2975.776610    0.006338
 2976.461180    0.005768
 2977.146000    0.005246
 2977.832280    0.004767
 2978.517580    0.004332
 2979.204350    0.003932
 2979.889650    0.003569
 2980.576660    0.003236
 2981.262210    0.002933
 2981.948240    0.002658
 2982.635990    0.002406
 2983.322020    0.002177
 2984.010010    0.001968
 2984.696530    0.001780
 2985.384770    0.001608
 2986.071530    0.001451
 2986.758540    0.001310
 2987.447270    0.001182
 2988.134770    0.001065
 2988.823490    0.000959
 2989.510990    0.000864
 2990.200440    0.000777
 2990.888180    0.000699
 2991.576170    0.000628
 2992.266360    0.000565
 2992.954830    0.000506
 2993.644780    0.000455
 2994.333500    0.000408
 2995.023930    0.000365
 2995.713130    0.000327
 2996.402100    0.000293
 2997.093020    0.000262
 2997.782710    0.000235
 2998.473880    0.000210
 2999.163570    0.000187
 2999.855470    0.000167
 3000.545410    0.000150
 3001.235600    0.000134
 3001.927730    0.000118
 3002.618410    0.000106
 3003.310550    0.000094
 3004.001710    0.000084
 3004.694340    0.000074
 3005.385740    0.000066
 3006.076900    0.000059
 3006.770020    0.000052
 3007.461670    0.000047
 3008.155270    0.000041
 3008.847410    0.000036
 3009.541260    0.000032
 3010.233400    0.000029
 3010.926270    0.000025
 3011.620360    0.000022
 3012.313230    0.000020
 3013.007810    0.000017
 3013.700930    0.000015
 3014.395750    0.000013
 3015.089360    0.000012
 3015.783200    0.000010
 3016.478270    0.000010
 3017.172610    0.000009
 3017.868160    0.000008
 3018.562260    0.000007
 3019.258540    0.000006
 3019.952880    0.000005
 3020.647950    0.000004
 3021.344480    0.000004
 3022.039310    0.000003
 3022.736330    0.000003
 3023.431640    0.000003
 3024.128660    0.000002
 3024.824460    0.000002
 3025.522220    0.000002
 3026.218020    0.000002
 3026.914310    0.000001
 3027.612300    0.000001
 3028.308840    0.000001
 3029.007080    0.000001
 3029.703860    0.000001
 3030.402590    0.000001
 3031.099850    0.000001
 3031.797120    0.000001
 3032.496090    0.000000
 3033.193600    0.000000
 3033.893310    0.000000
 3034.591060    0.000000
 3035.290770    0.000000
 3035.989010    0.000000
 3036.687740    0.000000
 3037.387700    0.000000
 3038.086670    0.000000
 3038.787350    0.000000
 3039.486080    0.000000
 3040.187260    0.000000
 3040.886470    0.000000
 3041.586180    0.000000
 3042.287350    0.000000
 3042.987550    0.000000
 3043.689210    0.000000
 3044.389160    0.000000
 3045.091060    0.000000
 3045.791750    0.000000
 3046.492430    0.000000
 3047.194820    0.000000
 3047.896000    0.000000
 3048.598880    0.000000
 3049.300050    0.000000
