 2653.384280    0.000000
 2653.996340    0.000000
 2654.606690    0.000000
 2655.217290    0.000000
 2655.829830    0.000000
 2656.440670    0.000000
 2657.053220    0.000000
 2657.664550    0.000000
 2658.277340    0.000000
 2658.888920    0.000000
 2659.500730    0.000000
 2660.114010    0.000000
 2660.725830    0.000000
 2661.339360    0.000000
 2661.951660    0.000000
 2662.565430    0.000000
 2663.177980    0.000000
 2663.790530    0.000000
 2664.404790    0.000000
 2665.017820    0.000000
 2665.632320    0.000000
 2666.245610    0.000000
 2666.860350    0.000000
 2667.473880    0.000000
 2668.089110    0.000000
 2668.702880    0.000000
 2669.316890    0.000000
 2669.932370    0.000000
 2670.546630    0.000000
 2671.162350    0.000000
 2671.776860    0.000000
 2672.393070    0.000000
 2673.007810    0.000000
 2673.622560    0.000000
 2674.239260    0.000000
 2674.854490    0.000000
 2675.471190    0.000000
 2676.086670    0.000000
 2676.703860    0.000000
 2677.319580    0.000000
 2677.935550    0.000000
 2678.552980    0.000000
 2679.169190    0.000000
 2679.786870    0.000000
 2680.403560    0.000000
 2681.021480    0.000000
 2681.638430    0.000000
 2682.255370    0.000000
 2682.873780    0.000000
 2683.490970    0.000000
 2684.109860    0.000000
 2684.727290    0.000000
 2685.346440    0.000000
 2685.964110    0.000000
 2686.582030    0.000000
 2687.201660    0.000000
 2687.819820    0.000000
 2688.439450    0.000000
 2689.057860    0.000000
 2689.677980    0.000000
 2690.296880    0.000000
 2690.915770    0.000000
 2691.536380    0.000000
 2692.155270    0.000000
 2692.776370    0.000000
 2693.395750    0.000000
 2694.016850    0.000000
 2694.636720    0.000000
 2695.256590    0.000000
 2695.877930    0.000000
 2696.498050    0.000000
 2697.119870    0.000000
 2697.740480    0.000000
 2698.362550    0.000000
 2698.983400    0.000000
 2699.604250    0.000000
 2700.226810    0.000000
 2700.847900    0.000000
 2701.470700    0.000000
 2702.092040    0.000000
 2702.715330    0.000000
 2703.337160    0.000000
 2703.958980    0.000000
 2704.582520    0.000000
 2705.204830    0.000000
 2705.828370    0.000000
 2706.450930    0.000000
 2707.074950    0.000000
 2707.697750    0.000000
 2708.320800    0.000000
 2708.945310    0.000000
 2709.568360    0.000000
 2710.193360    0.000000
 2710.816650    0.000000
 2711.441890    0.000000
 2712.065670    0.000000
 2712.689450    0.000000
 2713.314940    0.000000
 2713.939210    0.000000
 2714.565190    0.000000
 2715.189450    0.000000
 2715.815670    0.000000
 2716.440430    0.000000
 2717.066890    0.000000
 2717.691890    0.000000
 2718.317140    0.000000
 2718.943850    0.000000
 2719.569340    0.000000
 2720.196530    0.000000
 2720.822270    0.000000
 2721.449710    0.000000
 2722.075680    0.000000
 2722.702150    0.000000
 2723.329830    0.000000
 2723.956300    0.000000
 2724.584470    0.000000
 2725.211430    0.000000
 2725.839600    0.000000
 2726.466800    0.000000
 2727.093990    0.000000
 2727.722900    0.000000
 2728.350340    0.000000
 2728.979490    0.000000
 2729.607420    0.000000
 2730.236820    0.000000
 2730.864750    0.000000
 2731.493160    0.000000
 2732.122800    0.000000
 2732.751460    0.000000
 2733.381590    0.000000
 2734.010500    0.000000
 2734.640870    0.000000
 2735.270020    0.000000
 2735.899410    0.000000
 2736.530270    0.000000
 2737.159670    0.000000
 2737.790770    0.000000
 2738.420650    0.000000
 2739.052250    0.000000
 2739.682370    0.000000
 2740.312500    0.000000
 2740.944340    0.000000
 2741.575200    0.000000
 2742.207280    0.000000
 2742.838130    0.000000
 2743.470460    0.000000
 2744.101560    0.000000
 2744.732910    0.000000
 2745.365970    0.000000
 2745.997310    0.000000
 2746.630860    0.000000
 2747.262700    0.000000
 2747.896000    0.000000
 2748.528080    0.000000
 2749.160640    0.000000
 2749.794430    0.000000
 2750.427000    0.000000
 2751.061280    0.000000
 2751.694090    0.000000
 2752.328610    0.000000
 2752.961910    0.000000
 2753.595210    0.000000
 2754.230220    0.000000
 2754.863770    0.000000
 2755.499020    0.000000
 2756.132810    0.000000
 2756.768550    0.000000
 2757.402590    0.000000
 2758.036870    0.000000
 2758.673100    0.000000
 2759.307620    0.000000
 2759.943850    0.000000
 2760.578860    0.000000
 2761.215330    0.000000
 2761.850590    0.000000
 2762.487550    0.000000
 2763.123050    0.000000
 2763.758790    0.000000
 2764.396000    0.000000
 2765.031980    0.000000
 2765.669430    0.000000
 2766.305910    0.000000
 2766.943600    0.000000
 2767.580320    0.000000
 2768.216800    0.000000
 2768.855220    0.000000
 2769.492190    0.000000
 2770.130860    0.000000
 2770.768070    0.000000
 2771.407230    0.000000
 2772.044680    0.000000
 2772.682130    0.000000
 2773.321780    0.000000
 2773.959720    0.000000
 2774.599370    0.000000
 2775.237550    0.000000
 2775.877690    0.000000
 2776.516360    0.000000
 2777.155030    0.000000
 2777.795170    0.000000
 2778.434330    0.000000
 2779.074950    0.000000
 2779.714360    0.000000
 2780.355470    0.000000
 2780.995120    0.000000
 2781.634770    0.000001
 2782.276120    0.000001
 2782.916260    0.000001
 2783.558110    0.000001
 2784.198490    0.000001
 2784.840330    0.000001
 2785.480960    0.000001
 2786.121830    0.000001
 2786.764400    0.000001
 2787.405270    0.000002
 2788.048100    0.000002
 2788.689450    0.000002
 2789.332520    0.000002
 2789.974370    0.000003
 2790.615970    0.000003
 2791.259770    0.000003
 2791.901610    0.000004
 2792.545410    0.000004
 2793.187990    0.000005
 2793.832030    0.000005
 2794.474850    0.000006
 2795.117680    0.000007
 2795.762210    0.000008
 2796.405520    0.000009
 2797.050290    0.000010
 2797.693600    0.000010
 2798.338870    0.000012
 2798.982420    0.000013
 2799.626460    0.000015
 2800.272220    0.000017
 2800.916260    0.000019
 2801.562260    0.000022
 2802.206790    0.000024
 2802.852780    0.000027
 2803.497560    0.000031
 2804.142580    0.000034
 2804.789310    0.000038
 2805.434330    0.000043
 2806.081300    0.000048
 2806.726810    0.000053
 2807.374020    0.000059
 2808.020020    0.000067
 2808.666020    0.000074
 2809.313480    0.000083
 2809.959960    0.000093
 2810.607910    0.000103
 2811.254390    0.000114
 2811.902830    0.000128
 2812.549560    0.000142
 2813.198240    0.000158
 2813.845210    0.000176
 2814.492680    0.000196
 2815.141600    0.000217
 2815.789310    0.000241
 2816.438720    0.000268
 2817.086430    0.000298
 2817.736080    0.000330
 2818.384520    0.000365
 2819.032710    0.000405
 2819.682620    0.000448
 2820.331300    0.000497
 2820.981930    0.000549
 2821.630620    0.000607
 2822.281490    0.000671
 2822.930660    0.000742
 2823.580080    0.000819
 2824.231200    0.000904
 2824.880860    0.000998
 2825.532230    0.001100
 2826.182370    0.001212
 2826.833980    0.001335
 2827.484380    0.001471
 2828.134770    0.001617
 2828.786870    0.001780
 2829.437740    0.001957
 2830.090090    0.002151
 2830.741210    0.002361
 2831.394040    0.002593
 2832.045410    0.002845
 2832.697020    0.003119
 2833.350100    0.003420
 2834.001950    0.003746
 2834.655520    0.004104
 2835.307620    0.004491
 2835.961180    0.004913
 2836.613770    0.005372
 2837.266360    0.005871
 2837.920410    0.006413
 2838.573490    0.007003
 2839.228030    0.007643
 2839.881100    0.008336
 2840.535890    0.009089
 2841.189450    0.009903
 2841.843020    0.010785
 2842.498540    0.011742
 2843.152340    0.012774
 2843.807860    0.013894
 2844.462160    0.015101
 2845.118160    0.016409
 2845.772710    0.017817
 2846.427250    0.019335
 2847.083740    0.020978
 2847.738770    0.022743
 2848.395260    0.024650
 2849.050540    0.026698
 2849.707760    0.028909
 2850.363280    0.031280
 2851.018800    0.033827
 2851.676270    0.036572
 2852.332280    0.039511
 2852.989990    0.042673
 2853.646480    0.046059
 2854.304440    0.049695
 2854.960940    0.053581
 2855.617920    0.057745
 2856.276370    0.062210
 2856.933350    0.066975
 2857.592290    0.072083
 2858.249760    0.077526
 2858.908940    0.083354
 2859.566650    0.089559
 2860.224370    0.096175
 2860.883790    0.103247
 2861.541750    0.110762
 2862.201900    0.118791
 2862.860350    0.127312
 2863.520510    0.136398
 2864.179200    0.146034
 2864.839840    0.156301
 2865.498780    0.167174
 2866.157960    0.178715
 2866.818850    0.190986
 2867.478520    0.203967
 2868.139650    0.217751
 2868.799320    0.232310
 2869.460940    0.247763
 2870.121090    0.264068
 2870.781490    0.281306
 2871.443360    0.299557
 2872.103760    0.318781
 2872.766360    0.339133
 2873.427000    0.360532
 2874.089600    0.383150
 2874.750730    0.406922
 2875.412110    0.431955
 2876.075440    0.458371
 2876.736820    0.486066
 2877.400390    0.515266
 2878.062260    0.545857
 2878.725830    0.578051
 2879.388180    0.611762
 2880.050540    0.647106
 2880.714600    0.684237
 2881.377440    0.723051
 2882.041750    0.763766
 2882.704830    0.806277
 2883.369380    0.850818
 2884.032960    0.897285
 2884.696530    0.945806
 2885.361330    0.996534
 2886.025390    1.049384
 2886.690920    1.104595
 2887.354980    1.161984
 2888.020510    1.221867
 2888.685060    1.284083
 2889.349610    1.348781
 2890.015870    1.416192
 2890.680910    1.486083
 2891.347410    1.558794
 2892.012700    1.634089
 2892.679200    1.712298
 2893.344970    1.793249
 2894.010500    1.877047
 2894.677730    1.963996
 2895.343510    2.053732
 2896.011470    2.146799
 2896.677490    2.242665
 2897.345460    2.341931
 2898.011960    2.444134
 2898.678960    2.549600
 2899.347170    2.658490
 2900.014160    2.770437
 2900.682860    2.885962
 2901.350100    3.004539
 2902.019530    3.126848
 2902.687010    3.252146
 2903.354740    3.380843
 2904.024410    3.513294
 2904.692380    3.648780
 2905.361820    3.787941
 2906.030520    3.930321
 2906.700680    4.076382
 2907.369140    4.225418
 2908.038090    4.377889
 2908.708500    4.534009
 2909.377930    4.693180
 2910.048830    4.855955
 2910.718260    5.021580
 2911.389650    5.190862
 2912.059330    5.362828
 2912.729250    5.537913
 2913.400630    5.716386
 2914.070800    5.897472
 2914.742920    6.081956
 2915.413570    6.268829
 2916.085690    6.458826
 2916.756590    6.651097
 2917.429200    6.846394
 2918.100340    7.043695
 2918.771730    7.243398
 2919.444580    7.445762
 2920.116210    7.649867
 2920.789550    7.856486
 2921.461670    8.064602
 2922.135500    8.274996
 2922.807370    8.486385
 2923.479740    8.699401
 2924.154050    8.914374
 2924.826660    9.129988
 2925.500980    9.347194
 2926.174070    9.564898
 2926.848880    9.783887
 2927.522220    10.002977
 2928.195800    10.222560
 2928.870850    10.442868
 2929.544920    10.662939
 2930.220460    10.883400
 2930.894530    11.103125
 2931.570310    11.322970
 2932.244630    11.541734
 2932.919190    11.759793
 2933.595700    11.977520
 2934.270260    12.193478
 2934.947270    12.408896
 2935.622310    12.622199
 2936.299070    12.834361
 2936.974850    13.044361
 2937.650390    13.252257
 2938.327880    13.458539
 2939.003660    13.661916
 2939.681400    13.863316
 2940.357670    14.061546
 2941.035640    14.257366
 2941.712160    14.449690
 2942.389160    14.638915
 2943.067630    14.825135
 2943.744630    15.007383
 2944.423580    15.186427
 2945.100830    15.361136
 2945.780030    15.532306
 2946.457760    15.698925
 2947.135500    15.861220
 2947.815190    16.019506
 2948.493410    16.172840
 2949.173100    16.321762
 2949.851560    16.465549
 2950.531980    16.604750
 2951.210450    16.738441
 2951.889650    16.867060
 2952.570070    16.990562
 2953.249270    17.108408
 2953.930660    17.221083
 2954.610110    17.327805
 2955.291500    17.429096
 2955.971190    17.524330
 2956.651120    17.613733
 2957.333010    17.697416
 2958.013180    17.774872
 2958.695560    17.846476
 2959.376220    17.911762
 2960.058350    17.970985
 2960.739500    18.023888
 2961.420410    18.070505
 2962.103520    18.110945
 2962.784910    18.144949
 2963.468020    18.172665
 2964.149900    18.193951
 2964.833500    18.208889
 2965.515380    18.217396
 2966.197750    18.219522
 2966.881590    18.215250
 2967.564210    18.204613
 2968.248540    18.187567
 2968.931150    18.164228
 2969.615720    18.134501
 2970.299070    18.098541
 2970.984130    18.056234
 2971.667480    18.007837
 2972.351070    17.953283
 2973.036620    17.892464
 2973.720700    17.825727
 2974.406250    17.752867
 2975.090580    17.674234
 2975.776610    17.589558
 2976.461180    17.499313
 2977.146000    17.403374
 2977.832280    17.301638
 2978.517580    17.194557
 2979.204350    17.081841
 2979.889650    16.964083
 2980.576660    16.840834
 2981.262210    16.712776
 2981.948240    16.579674
 2982.635990    16.441387
 2983.322020    16.298723
 2984.010010    16.151052
 2984.696530    15.999231
 2985.384770    15.842690
 2986.071530    15.682290
 2986.758540    15.517783
 2987.447270    15.348944
 2988.134770    15.176636
 2988.823490    15.000398
 2989.510990    14.821007
 2990.200440    14.637781
 2990.888180    14.451853
 2991.576170    14.262862
 2992.266360    14.070415
 2992.954830    13.875762
 2993.644780    13.678174
 2994.333500    13.478580
 2995.023930    13.276296
 2995.713130    13.072344
 2996.402100    12.866611
 2997.093020    12.658601
 2997.782710    12.449434
 2998.473880    12.238466
 2999.163570    12.026754
 2999.855470    11.813343
 3000.545410    11.599680
 3001.235600    11.385250
 3001.927730    11.169687
 3002.618410    10.954217
 3003.310550    10.738088
 3004.001710    10.522221
 3004.694340    10.306013
 3005.385740    10.090459
 3006.076900    9.875405
 3006.770020    9.660323
 3007.461670    9.446420
 3008.155270    9.232784
 3008.847410    9.020615
 3009.541260    8.809076
 3010.233400    8.599345
 3010.926270    8.390813
 3011.620360    8.183465
 3012.313230    7.978156
 3013.007810    7.774139
 3013.700930    7.572463
 3014.395750    7.372317
 3015.089360    7.174655
 3015.783200    6.979158
 3016.478270    6.785653
 3017.172610    6.594783
 3017.868160    6.406100
 3018.562260    6.220416
 3019.258540    6.036835
 3019.952880    5.856525
 3020.647950    5.678852
 3021.344480    5.503705
 3022.039310    5.331942
 3022.736330    5.162653
 3023.431640    4.996839
 3024.128660    4.833730
 3024.824460    4.674056
 3025.522220    4.517126
 3026.218020    4.363850
 3026.914310    4.213706
 3027.612300    4.066464
 3028.308840    3.922815
 3029.007080    3.782116
 3029.703860    3.645017
 3030.402590    3.510849
 3031.099850    3.380273
 3031.797120    3.252999
 3032.496090    3.128718
 3033.193600    3.007983
 3033.893310    2.890149
 3034.591060    2.775896
 3035.290770    2.664561
 3035.989010    2.556664
 3036.687740    2.451869
 3037.387700    2.350042
 3038.086670    2.251470
 3038.787350    2.155741
 3039.486080    2.063313
 3040.187260    1.973564
 3040.886470    1.887015
 3041.586180    1.803308
 3042.287350    1.722286
 3042.987550    1.644186
 3043.689210    1.568685
 3044.389160    1.496069
 3045.091060    1.425904
 3045.791750    1.358456
 3046.492430    1.293542
 3047.194820    1.230955
 3047.896000    1.170900
 3048.598880    1.113070
 3049.300050    1.057682
