 2653.384280    0.000777
 2653.996340    0.000935
 2654.606690    0.001118
 2655.217290    0.001329
 2655.829830    0.001574
 2656.440670    0.001853
 2657.053220    0.002171
 2657.664550    0.002527
 2658.277340    0.002930
 2658.888920    0.003376
 2659.500730    0.003871
 2660.114010    0.004416
 2660.725830    0.005010
 2661.339360    0.005654
 2661.951660    0.006347
 2662.565430    0.007088
 2663.177980    0.007872
 2663.790530    0.008696
 2664.404790    0.009558
 2665.017820    0.010448
 2665.632320    0.011363
 2666.245610    0.012291
 2666.860350    0.013227
 2667.473880    0.014155
 2668.089110    0.015073
 2668.702880    0.015964
 2669.316890    0.016818
 2669.932370    0.017628
 2670.546630    0.018380
 2671.162350    0.019067
 2671.776860    0.019676
 2672.393070    0.020205
 2673.007810    0.020642
 2673.622560    0.020987
 2674.239260    0.021235
 2674.854490    0.021386
 2675.471190    0.021442
 2676.086670    0.021408
 2676.703860    0.021288
 2677.319580    0.021094
 2677.935550    0.020837
 2678.552980    0.020529
 2679.169190    0.020189
 2679.786870    0.019836
 2680.403560    0.019492
 2681.021480    0.019181
 2681.638430    0.018930
 2682.255370    0.018768
 2682.873780    0.018728
 2683.490970    0.018843
 2684.109860    0.019153
 2684.727290    0.019693
 2685.346440    0.020514
 2685.964110    0.021654
 2686.582030    0.023167
 2687.201660    0.025110
 2687.819820    0.027532
 2688.439450    0.030503
 2689.057860    0.034079
 2689.677980    0.038346
 2690.296880    0.043361
 2690.915770    0.049213
 2691.536380    0.056011
 2692.155270    0.063814
 2692.776370    0.072776
 2693.395750    0.082959
 2694.016850    0.094548
 2694.636720    0.107633
 2695.256590    0.122396
 2695.877930    0.139065
 2696.498050    0.157777
 2697.119870    0.178869
 2697.740480    0.202526
 2698.362550    0.229181
 2698.983400    0.259104
 2699.604250    0.292789
 2700.226810    0.330865
 2700.847900    0.373743
 2701.470700    0.422343
 2702.092040    0.477221
 2702.715330    0.539607
 2703.337160    0.610206
 2703.958980    0.690323
 2704.582520    0.781529
 2705.204830    0.884855
 2705.828370    1.002297
 2706.450930    1.135170
 2707.074950    1.285864
 2707.697750    1.455697
 2708.320800    1.647068
 2708.945310    1.862553
 2709.568360    2.103280
 2710.193360    2.372739
 2710.816650    2.671439
 2711.441890    3.003130
 2712.065670    3.367841
 2712.689450    3.767894
 2713.314940    4.205832
 2713.939210    4.680599
 2714.565190    5.195009
 2715.189450    5.746325
 2715.815670    6.337342
 2716.440430    6.963849
 2717.066890    7.627393
 2717.691890    8.322343
 2718.317140    9.047546
 2718.943850    9.800914
 2719.569340    10.574956
 2720.196530    11.368402
 2720.822270    12.171754
 2721.449710    12.983054
 2722.075680    13.791725
 2722.702150    14.593445
 2723.329830    15.381978
 2723.956300    16.146969
 2724.584470    16.884596
 2725.211430    17.584095
 2725.839600    18.241074
 2726.466800    18.846407
 2727.093990    19.394775
 2727.722900    19.881571
 2728.350340    20.299063
 2728.979490    20.644787
 2729.607420    20.913311
 2730.236820    21.102833
 2730.864750    21.210480
 2731.493160    21.235695
 2732.122800    21.178028
 2732.751460    21.038408
 2733.381590    20.817898
 2734.010500    20.519951
 2734.640870    20.146650
 2735.270020    19.703693
 2735.899410    19.195053
 2736.530270    18.624937
 2737.159670    18.001957
 2737.790770    17.329344
 2738.420650    16.616875
 2739.052250    15.868135
 2739.682370    15.093909
 2740.312500    14.299533
 2740.944340    13.489746
 2741.575200    12.674759
 2742.207280    11.858263
 2742.838130    11.049576
 2743.470460    10.251025
 2744.101560    9.471273
 2744.732910    8.713206
 2745.365970    7.979353
 2745.997310    7.277257
 2746.630860    6.605600
 2747.262700    5.970930
 2747.896000    5.371822
 2748.528080    4.812029
 2749.160640    4.290622
 2749.794430    3.807289
 2750.427000    3.363561
 2751.061280    2.956676
 2751.694090    2.587575
 2752.328610    2.252998
 2752.961910    1.952846
 2753.595210    1.684561
 2754.230220    1.445514
 2754.863770    1.234788
 2755.499020    1.049156
 2756.132810    0.887373
 2756.768550    0.746421
 2757.402590    0.625019
 2758.036870    0.520707
 2758.673100    0.431370
 2759.307620    0.355731
 2759.943850    0.291708
 2760.578860    0.238075
 2761.215330    0.193214
 2761.850590    0.156060
 2762.487550    0.125325
 2763.123050    0.100172
 2763.758790    0.079642
 2764.396000    0.062956
 2765.031980    0.049526
 2765.669430    0.038735
 2766.305910    0.030147
 2766.943600    0.023327
 2767.580320    0.017961
 2768.216800    0.013758
 2768.855220    0.010472
 2769.492190    0.007935
 2770.130860    0.005975
 2770.768070    0.004478
 2771.407230    0.003335
 2772.044680    0.002473
 2772.682130    0.001823
 2773.321780    0.001335
 2773.959720    0.000974
 2774.599370    0.000706
 2775.237550    0.000509
 2775.877690    0.000365
 2776.516360    0.000260
 2777.155030    0.000185
 2777.795170    0.000130
 2778.434330    0.000092
 2779.074950    0.000064
 2779.714360    0.000044
 2780.355470    0.000031
 2780.995120    0.000021
 2781.634770    0.000014
 2782.276120    0.000010
 2782.916260    0.000007
 2783.558110    0.000005
 2784.198490    0.000003
 2784.840330    0.000002
 2785.480960    0.000001
 2786.121830    0.000001
 2786.764400    0.000001
 2787.405270    0.000000
 2788.048100    0.000000
 2788.689450    0.000000
 2789.332520    0.000000
 2789.974370    0.000000
 2790.615970    0.000000
 2791.259770    0.000000
 2791.901610    0.000000
 2792.545410    0.000000
 2793.187990    0.000000
 2793.832030    0.000000
 2794.474850    0.000000
 2795.117680    0.000000
 2795.762210    0.000000
 2796.405520    0.000000
 2797.050290    0.000000
 2797.693600    0.000000
 2798.338870    0.000000
 2798.982420    0.000000
 2799.626460    0.000000
 2800.272220    0.000000
 2800.916260    0.000000
 2801.562260    0.000000
 2802.206790    0.000000
 2802.852780    0.000000
 2803.497560    0.000000
 2804.142580    0.000000
 2804.789310    0.000000
 2805.434330    0.000000
 2806.081300    0.000000
 2806.726810    0.000000
 2807.374020    0.000000
 2808.020020    0.000000
 2808.666020    0.000000
 2809.313480    0.000000
 2809.959960    0.000000
 2810.607910    0.000000
 2811.254390    0.000000
 2811.902830    0.000000
 2812.549560    0.000000
 2813.198240    0.000000
 2813.845210    0.000000
 2814.492680    0.000000
 2815.141600    0.000000
 2815.789310    0.000000
 2816.438720    0.000000
 2817.086430    0.000000
 2817.736080    0.000000
 2818.384520    0.000000
 2819.032710    0.000000
 2819.682620    0.000000
 2820.331300    0.000000
 2820.981930    0.000000
 2821.630620    0.000000
 2822.281490    0.000000
 2822.930660    0.000000
 2823.580080    0.000000
 2824.231200    0.000000
 2824.880860    0.000000
 2825.532230    0.000000
 2826.182370    0.000000
 2826.833980    0.000000
 2827.484380    0.000000
 2828.134770    0.000000
 2828.786870    0.000000
 2829.437740    0.000000
 2830.090090    0.000000
 2830.741210    0.000000
 2831.394040    0.000000
 2832.045410    0.000000
 2832.697020    0.000000
 2833.350100    0.000000
 2834.001950    0.000000
 2834.655520    0.000000
 2835.307620    0.000000
 2835.961180    0.000000
 2836.613770    0.000000
 2837.266360    0.000000
 2837.920410    0.000000
 2838.573490    0.000000
 2839.228030    0.000000
 2839.881100    0.000000
 2840.535890    0.000000
 2841.189450    0.000000
 2841.843020    0.000000
 2842.498540    0.000000
 2843.152340    0.000000
 2843.807860    0.000000
 2844.462160    0.000000
 2845.118160    0.000000
 2845.772710    0.000000
 2846.427250    0.000000
 2847.083740    0.000000
 2847.738770    0.000000
 2848.395260    0.000000
 2849.050540    0.000000
 2849.707760    0.000000
 2850.363280    0.000000
 2851.018800    0.000000
 2851.676270    0.000000
 2852.332280    0.000000
 2852.989990    0.000000
 2853.646480    0.000000
 2854.304440    0.000000
 2854.960940    0.000000
 2855.617920    0.000000
 2856.276370    0.000000
 2856.933350    0.000000
 2857.592290    0.000000
 2858.249760    0.000000
 2858.908940    0.000000
 2859.566650    0.000000
 2860.224370    0.000000
 2860.883790    0.000000
 2861.541750    0.000000
 2862.201900    0.000000
 2862.860350    0.000000
 2863.520510    0.000000
 2864.179200    0.000000
 2864.839840    0.000000
 2865.498780    0.000000
 2866.157960    0.000000
 2866.818850    0.000000
 2867.478520    0.000000
 2868.139650    0.000000
 2868.799320    0.000000
 2869.460940    0.000000
 2870.121090    0.000000
 2870.781490    0.000000
 2871.443360    0.000000
 2872.103760    0.000000
 2872.766360    0.000000
 2873.427000    0.000000
 2874.089600    0.000000
 2874.750730    0.000000
 2875.412110    0.000000
 2876.075440    0.000000
 2876.736820    0.000000
 2877.400390    0.000000
 2878.062260    0.000000
 2878.725830    0.000000
 2879.388180    0.000000
 2880.050540    0.000000
 2880.714600    0.000000
 2881.377440    0.000000
 2882.041750    0.000000
 2882.704830    0.000000
 2883.369380    0.000000
 2884.032960    0.000000
 2884.696530    0.000000
 2885.361330    0.000000
 2886.025390    0.000000
 2886.690920    0.000000
 2887.354980    0.000000
 2888.020510    0.000000
 2888.685060    0.000000
 2889.349610    0.000000
 2890.015870    0.000000
 2890.680910    0.000000
 2891.347410    0.000000
 2892.012700    0.000000
 2892.679200    0.000000
 2893.344970    0.000000
 2894.010500    0.000000
 2894.677730    0.000000
 2895.343510    0.000000
 2896.011470    0.000000
 2896.677490    0.000000
 2897.345460    0.000000
 2898.011960    0.000000
 2898.678960    0.000000
 2899.347170    0.000000
 2900.014160    0.000000
 2900.682860    0.000000
 2901.350100    0.000000
 2902.019530    0.000000
 2902.687010    0.000000
 2903.354740    0.000000
 2904.024410    0.000000
 2904.692380    0.000000
 2905.361820    0.000000
 2906.030520    0.000000
 2906.700680    0.000000
 2907.369140    0.000000
 2908.038090    0.000000
 2908.708500    0.000000
 2909.377930    0.000000
 2910.048830    0.000000
 2910.718260    0.000000
 2911.389650    0.000000
 2912.059330    0.000000
 2912.729250    0.000000
 2913.400630    0.000000
 2914.070800    0.000000
 2914.742920    0.000000
 2915.413570    0.000000
 2916.085690    0.000000
 2916.756590    0.000000
 2917.429200    0.000000
 2918.100340    0.000000
 2918.771730    0.000000
 2919.444580    0.000000
 2920.116210    0.000000
 2920.789550    0.000000
 2921.461670    0.000000
 2922.135500    0.000000
 2922.807370    0.000000
 2923.479740    0.000000
 2924.154050    0.000000
 2924.826660    0.000000
 2925.500980    0.000000
 2926.174070    0.000000
 2926.848880    0.000000
 2927.522220    0.000000
 2928.195800    0.000000
 2928.870850    0.000000
 2929.544920    0.000000
 2930.220460    0.000000
 2930.894530    0.000000
 2931.570310    0.000000
 2932.244630    0.000000
 2932.919190    0.000000
 2933.595700    0.000000
 2934.270260    0.000000
 2934.947270    0.000000
 2935.622310    0.000000
 2936.299070    0.000000
 2936.974850    0.000000
 2937.650390    0.000000
 2938.327880    0.000000
 2939.003660    0.000000
 2939.681400    0.000000
 2940.357670    0.000000
 2941.035640    0.000000
 2941.712160    0.000000
 2942.389160    0.000000
 2943.067630    0.000000
 2943.744630    0.000000
 2944.423580    0.000000
 2945.100830    0.000000
 2945.780030    0.000000
 2946.457760    0.000000
 2947.135500    0.000000
 2947.815190    0.000000
 2948.493410    0.000000
 2949.173100    0.000000
 2949.851560    0.000000
 2950.531980    0.000000
 2951.210450    0.000000
 2951.889650    0.000000
 2952.570070    0.000000
 2953.249270    0.000000
 2953.930660    0.000000
 2954.610110    0.000000
 2955.291500    0.000000
 2955.971190    0.000000
 2956.651120    0.000000
 2957.333010    0.000000
 2958.013180    0.000000
 2958.695560    0.000000
 2959.376220    0.000000
 2960.058350    0.000000
 2960.739500    0.000000
 2961.420410    0.000000
 2962.103520    0.000000
 2962.784910    0.000000
 2963.468020    0.000000
 2964.149900    0.000000
 2964.833500    0.000000
 2965.515380    0.000000
 2966.197750    0.000000
 2966.881590    0.000000
 2967.564210    0.000000
 2968.248540    0.000000
 2968.931150    0.000000
 2969.615720    0.000000
 2970.299070    0.000000
 2970.984130    0.000000
 2971.667480    0.000000
 2972.351070    0.000000
 2973.036620    0.000000
 2973.720700    0.000000
 2974.406250    0.000000
 2975.090580    0.000000
 2975.776610    0.000000
 2976.461180    0.000000
 2977.146000    0.000000
 2977.832280    0.000000
 2978.517580    0.000000
 2979.204350    0.000000
 2979.889650    0.000000
 2980.576660    0.000000
 2981.262210    0.000000
 2981.948240    0.000000
 2982.635990    0.000000
 2983.322020    0.000000
 2984.010010    0.000000
 2984.696530    0.000000
 2985.384770    0.000000
 2986.071530    0.000000
 2986.758540    0.000000
 2987.447270    0.000000
 2988.134770    0.000000
 2988.823490    0.000000
 2989.510990    0.000000
 2990.200440    0.000000
 2990.888180    0.000000
 2991.576170    0.000000
 2992.266360    0.000000
 2992.954830    0.000000
 2993.644780    0.000000
 2994.333500    0.000000
 2995.023930    0.000000
 2995.713130    0.000000
 2996.402100    0.000000
 2997.093020    0.000000
 2997.782710    0.000000
 2998.473880    0.000000
 2999.163570    0.000000
 2999.855470    0.000000
 3000.545410    0.000000
 3001.235600    0.000000
 3001.927730    0.000000
 3002.618410    0.000000
 3003.310550    0.000000
 3004.001710    0.000000
 3004.694340    0.000000
 3005.385740    0.000000
 3006.076900    0.000000
 3006.770020    0.000000
 3007.461670    0.000000
 3008.155270    0.000000
 3008.847410    0.000000
 3009.541260    0.000000
 3010.233400    0.000000
 3010.926270    0.000000
 3011.620360    0.000000
 3012.313230    0.000000
 3013.007810    0.000000
 3013.700930    0.000000
 3014.395750    0.000000
 3015.089360    0.000000
 3015.783200    0.000000
 3016.478270    0.000000
 3017.172610    0.000000
 3017.868160    0.000000
 3018.562260    0.000000
 3019.258540    0.000000
 3019.952880    0.000000
 3020.647950    0.000000
 3021.344480    0.000000
 3022.039310    0.000000
 3022.736330    0.000000
 3023.431640    0.000000
 3024.128660    0.000000
 3024.824460    0.000000
 3025.522220    0.000000
 3026.218020    0.000000
 3026.914310    0.000000
 3027.612300    0.000000
 3028.308840    0.000000
 3029.007080    0.000000
 3029.703860    0.000000
 3030.402590    0.000000
 3031.099850    0.000000
 3031.797120    0.000000
 3032.496090    0.000000
 3033.193600    0.000000
 3033.893310    0.000000
 3034.591060    0.000000
 3035.290770    0.000000
 3035.989010    0.000000
 3036.687740    0.000000
 3037.387700    0.000000
 3038.086670    0.000000
 3038.787350    0.000000
 3039.486080    0.000000
 3040.187260    0.000000
 3040.886470    0.000000
 3041.586180    0.000000
 3042.287350    0.000000
 3042.987550    0.000000
 3043.689210    0.000000
 3044.389160    0.000000
 3045.091060    0.000000
 3045.791750    0.000000
 3046.492430    0.000000
 3047.194820    0.000000
 3047.896000    0.000000
 3048.598880    0.000000
 3049.300050    0.000000
