 2653.384280    0.000000
 2653.996340    0.000000
 2654.606690    0.000000
 2655.217290    0.000000
 2655.829830    0.000000
 2656.440670    0.000000
 2657.053220    0.000000
 2657.664550    0.000000
 2658.277340    0.000000
 2658.888920    0.000000
 2659.500730    0.000000
 2660.114010    0.000000
 2660.725830    0.000000
 2661.339360    0.000000
 2661.951660    0.000000
 2662.565430    0.000000
 2663.177980    0.000000
 2663.790530    0.000000
 2664.404790    0.000000
 2665.017820    0.000000
 2665.632320    0.000000
 2666.245610    0.000000
 2666.860350    0.000000
 2667.473880    0.000000
 2668.089110    0.000000
 2668.702880    0.000000
 2669.316890    0.000000
 2669.932370    0.000000
 2670.546630    0.000000
 2671.162350    0.000000
 2671.776860    0.000000
 2672.393070    0.000000
 2673.007810    0.000000
 2673.622560    0.000000
 2674.239260    0.000000
 2674.854490    0.000000
 2675.471190    0.000000
 2676.086670    0.000000
 2676.703860    0.000000
 2677.319580    0.000000
 2677.935550    0.000000
 2678.552980    0.000000
 2679.169190    0.000000
 2679.786870    0.000000
 2680.403560    0.000000
 2681.021480    0.000000
 2681.638430    0.000000
 2682.255370    0.000000
 2682.873780    0.000000
 2683.490970    0.000000
 2684.109860    0.000000
 2684.727290    0.000000
 2685.346440    0.000000
 2685.964110    0.000000
 2686.582030    0.000000
 2687.201660    0.000000
 2687.819820    0.000000
 2688.439450    0.000000
 2689.057860    0.000000
 2689.677980    0.000000
 2690.296880    0.000000
 2690.915770    0.000000
 2691.536380    0.000000
 2692.155270    0.000000
 2692.776370    0.000000
 2693.395750    0.000000
 2694.016850    0.000000
 2694.636720    0.000000
 2695.256590    0.000000
 2695.877930    0.000000
 2696.498050    0.000000
 2697.119870    0.000000
 2697.740480    0.000000
 2698.362550    0.000000
 2698.983400    0.000000
 2699.604250    0.000000
 2700.226810    0.000000
 2700.847900    0.000000
 2701.470700    0.000000
 2702.092040    0.000000
 2702.715330    0.000000
 2703.337160    0.000000
 2703.958980    0.000000
 2704.582520    0.000000
 2705.204830    0.000000
 2705.828370    0.000000
 2706.450930    0.000000
 2707.074950    0.000000
 2707.697750    0.000000
 2708.320800    0.000000
 2708.945310    0.000000
 2709.568360    0.000000
 2710.193360    0.000000
 2710.816650    0.000000
 2711.441890    0.000000
 2712.065670    0.000000
 2712.689450    0.000000
 2713.314940    0.000000
 2713.939210    0.000000
 2714.565190    0.000000
 2715.189450    0.000000
 2715.815670    0.000000
 2716.440430    0.000000
 2717.066890    0.000000
 2717.691890    0.000000
 2718.317140    0.000000
 2718.943850    0.000000
 2719.569340    0.000000
 2720.196530    0.000000
 2720.822270    0.000000
 2721.449710    0.000000
 2722.075680    0.000000
 2722.702150    0.000000
 2723.329830    0.000000
 2723.956300    0.000000
 2724.584470    0.000000
 2725.211430    0.000000
 2725.839600    0.000000
 2726.466800    0.000000
 2727.093990    0.000000
 2727.722900    0.000000
 2728.350340    0.000000
 2728.979490    0.000000
 2729.607420    0.000000
 2730.236820    0.000000
 2730.864750    0.000000
 2731.493160    0.000000
 2732.122800    0.000000
 2732.751460    0.000000
 2733.381590    0.000000
 2734.010500    0.000000
 2734.640870    0.000000
 2735.270020    0.000000
 2735.899410    0.000000
 2736.530270    0.000000
 2737.159670    0.000000
 2737.790770    0.000000
 2738.420650    0.000000
 2739.052250    0.000000
 2739.682370    0.000000
 2740.312500    0.000000
 2740.944340    0.000000
 2741.575200    0.000000
 2742.207280    0.000000
 2742.838130    0.000000
 2743.470460    0.000000
 2744.101560    0.000000
 2744.732910    0.000000
 2745.365970    0.000000
 2745.997310    0.000000
 2746.630860    0.000000
 2747.262700    0.000000
 2747.896000    0.000000
 2748.528080    0.000000
 2749.160640    0.000000
 2749.794430    0.000000
 2750.427000    0.000000
 2751.061280    0.000000
 2751.694090    0.000000
 2752.328610    0.000000
 2752.961910    0.000000
 2753.595210    0.000000
 2754.230220    0.000000
 2754.863770    0.000000
 2755.499020    0.000000
 2756.132810    0.000000
 2756.768550    0.000000
 2757.402590    0.000000
 2758.036870    0.000000
 2758.673100    0.000000
 2759.307620    0.000000
 2759.943850    0.000000
 2760.578860    0.000000
 2761.215330    0.000000
 2761.850590    0.000000
 2762.487550    0.000000
 2763.123050    0.000000
 2763.758790    0.000001
 2764.396000    0.000001
 2765.031980    0.000001
 2765.669430    0.000001
 2766.305910    0.000001
 2766.943600    0.000001
 2767.580320    0.000001
 2768.216800    0.000001
 2768.855220    0.000001
 2769.492190    0.000001
 2770.130860    0.000001
 2770.768070    0.000002
 2771.407230    0.000002
 2772.044680    0.000002
 2772.682130    0.000002
 2773.321780    0.000002
 2773.959720    0.000003
 2774.599370    0.000003
 2775.237550    0.000003
 2775.877690    0.000004
 2776.516360    0.000004
 2777.155030    0.000004
 2777.795170    0.000005
 2778.434330    0.000005
 2779.074950    0.000006
 2779.714360    0.000006
 2780.355470    0.000007
 2780.995120    0.000008
 2781.634770    0.000008
 2782.276120    0.000009
 2782.916260    0.000010
 2783.558110    0.000010
 2784.198490    0.000011
 2784.840330    0.000012
 2785.480960    0.000014
 2786.121830    0.000015
 2786.764400    0.000017
 2787.405270    0.000018
 2788.048100    0.000020
 2788.689450    0.000022
 2789.332520    0.000024
 2789.974370    0.000027
 2790.615970    0.000029
 2791.259770    0.000031
 2791.901610    0.000034
 2792.545410    0.000037
 2793.187990    0.000041
 2793.832030    0.000045
 2794.474850    0.000049
 2795.117680    0.000053
 2795.762210    0.000058
 2796.405520    0.000063
 2797.050290    0.000069
 2797.693600    0.000075
 2798.338870    0.000082
 2798.982420    0.000089
 2799.626460    0.000096
 2800.272220    0.000105
 2800.916260    0.000114
 2801.562260    0.000125
 2802.206790    0.000135
 2802.852780    0.000147
 2803.497560    0.000159
 2804.142580    0.000174
 2804.789310    0.000188
 2805.434330    0.000204
 2806.081300    0.000221
 2806.726810    0.000240
 2807.374020    0.000260
 2808.020020    0.000282
 2808.666020    0.000305
 2809.313480    0.000331
 2809.959960    0.000358
 2810.607910    0.000387
 2811.254390    0.000419
 2811.902830    0.000453
 2812.549560    0.000490
 2813.198240    0.000530
 2813.845210    0.000572
 2814.492680    0.000618
 2815.141600    0.000668
 2815.789310    0.000720
 2816.438720    0.000777
 2817.086430    0.000838
 2817.736080    0.000904
 2818.384520    0.000975
 2819.032710    0.001051
 2819.682620    0.001132
 2820.331300    0.001219
 2820.981930    0.001312
 2821.630620    0.001412
 2822.281490    0.001520
 2822.930660    0.001635
 2823.580080    0.001758
 2824.231200    0.001890
 2824.880860    0.002030
 2825.532230    0.002181
 2826.182370    0.002342
 2826.833980    0.002515
 2827.484380    0.002699
 2828.134770    0.002895
 2828.786870    0.003105
 2829.437740    0.003329
 2830.090090    0.003569
 2830.741210    0.003823
 2831.394040    0.004096
 2832.045410    0.004386
 2832.697020    0.004694
 2833.350100    0.005024
 2834.001950    0.005374
 2834.655520    0.005748
 2835.307620    0.006145
 2835.961180    0.006567
 2836.613770    0.007016
 2837.266360    0.007493
 2837.920410    0.008000
 2838.573490    0.008539
 2839.228030    0.009112
 2839.881100    0.009720
 2840.535890    0.010365
 2841.189450    0.011049
 2841.843020    0.011775
 2842.498540    0.012546
 2843.152340    0.013361
 2843.807860    0.014226
 2844.462160    0.015141
 2845.118160    0.016111
 2845.772710    0.017137
 2846.427250    0.018221
 2847.083740    0.019370
 2847.738770    0.020583
 2848.395260    0.021869
 2849.050540    0.023223
 2849.707760    0.024658
 2850.363280    0.026170
 2851.018800    0.027764
 2851.676270    0.029452
 2852.332280    0.031228
 2852.989990    0.033106
 2853.646480    0.035081
 2854.304440    0.037167
 2854.960940    0.039359
 2855.617920    0.041669
 2856.276370    0.044106
 2856.933350    0.046664
 2857.592290    0.049364
 2858.249760    0.052197
 2858.908940    0.055181
 2859.566650    0.058311
 2860.224370    0.061600
 2860.883790    0.065063
 2861.541750    0.068689
 2862.201900    0.072508
 2862.860350    0.076505
 2863.520510    0.080708
 2864.179200    0.085104
 2864.839840    0.089726
 2865.498780    0.094557
 2866.157960    0.099618
 2866.818850    0.104932
 2867.478520    0.110485
 2868.139650    0.116308
 2868.799320    0.122386
 2869.460940    0.128761
 2870.121090    0.135412
 2870.781490    0.142365
 2871.443360    0.149646
 2872.103760    0.157233
 2872.766360    0.165181
 2873.427000    0.173453
 2874.089600    0.182111
 2874.750730    0.191121
 2875.412110    0.200521
 2876.075440    0.210347
 2876.736820    0.220559
 2877.400390    0.231233
 2878.062260    0.242320
 2878.725830    0.253894
 2879.388180    0.265918
 2880.050540    0.278429
 2880.714600    0.291475
 2881.377440    0.305017
 2882.041750    0.319125
 2882.704830    0.333760
 2883.369380    0.348997
 2884.032960    0.364798
 2884.696530    0.381202
 2885.361330    0.398260
 2886.025390    0.415939
 2886.690920    0.434318
 2887.354980    0.453333
 2888.020510    0.473088
 2888.685060    0.493530
 2889.349610    0.514708
 2890.015870    0.536696
 2890.680910    0.559422
 2891.347410    0.582994
 2892.012700    0.607339
 2892.679200    0.632567
 2893.344970    0.658628
 2894.010500    0.685555
 2894.677730    0.713456
 2895.343510    0.742216
 2896.011470    0.772018
 2896.677490    0.802698
 2897.345460    0.834457
 2898.011960    0.867157
 2898.678960    0.900910
 2899.347170    0.935781
 2900.014160    0.971663
 2900.682860    1.008738
 2901.350100    1.046849
 2902.019530    1.086231
 2902.687010    1.126662
 2903.354740    1.168291
 2904.024410    1.211252
 2904.692380    1.255332
 2905.361820    1.300760
 2906.030520    1.347410
 2906.700680    1.395458
 2907.369140    1.444695
 2908.038090    1.495299
 2908.708500    1.547371
 2909.377930    1.600739
 2910.048830    1.655621
 2910.718260    1.711793
 2911.389650    1.769562
 2912.059330    1.828630
 2912.729250    1.889184
 2913.400630    1.951353
 2914.070800    2.014906
 2914.742920    2.080160
 2915.413570    2.146801
 2916.085690    2.215131
 2916.756590    2.284890
 2917.429200    2.356399
 2918.100340    2.429329
 2918.771730    2.503872
 2919.444580    2.580179
 2920.116210    2.657954
 2920.789550    2.737544
 2921.461670    2.818611
 2922.135500    2.901513
 2922.807370    2.985802
 2923.479740    3.071781
 2924.154050    3.159648
 2924.826660    3.248925
 2925.500980    3.340062
 2926.174070    3.432664
 2926.848880    3.527128
 2927.522220    3.623005
 2928.195800    3.720526
 2928.870850    3.819864
 2929.544920    3.920649
 2930.220460    4.023235
 2930.894530    4.127161
 2931.570310    4.232903
 2932.244630    4.339944
 2932.919190    4.448532
 2933.595700    4.558925
 2934.270260    4.670464
 2934.947270    4.783847
 2935.622310    4.898315
 2936.299070    5.014457
 2936.974850    5.131779
 2937.650390    5.250372
 2938.327880    5.370591
 2939.003660    5.491745
 2939.681400    5.614454
 2940.357670    5.738054
 2941.035640    5.863080
 2941.712160    5.988903
 2942.389160    6.115832
 2943.067630    6.244002
 2943.744630    6.372807
 2944.423580    6.502840
 2945.100830    6.633344
 2945.780030    6.764961
 2946.457760    6.896968
 2947.135500    7.029585
 2947.815190    7.163127
 2948.493410    7.296856
 2949.173100    7.431277
 2949.851560    7.565785
 2950.531980    7.700936
 2951.210450    7.835876
 2951.889650    7.971061
 2952.570070    8.106504
 2953.249270    8.241642
 2953.930660    8.377066
 2954.610110    8.511866
 2955.291500    8.646729
 2955.971190    8.780841
 2956.651120    8.914499
 2957.333010    9.047945
 2958.013180    9.180367
 2958.695560    9.312431
 2959.376220    9.443286
 2960.058350    9.573445
 2960.739500    9.702346
 2961.420410    9.830030
 2962.103520    9.956853
 2962.784910    10.081988
 2963.468020    10.205965
 2964.149900    10.328151
 2964.833500    10.448967
 2965.515380    10.567711
 2966.197750    10.684671
 2966.881590    10.799907
 2967.564210    10.912865
 2968.248540    11.023931
 2968.931150    11.132451
 2969.615720    11.238909
 2970.299070    11.342713
 2970.984130    11.444208
 2971.667480    11.542796
 2972.351070    11.638676
 2973.036620    11.731981
 2973.720700    11.822156
 2974.406250    11.909498
 2975.090580    11.993580
 2975.776610    12.074674
 2976.461180    12.152324
 2977.146000    12.226652
 2977.832280    12.297703
 2978.517580    12.365148
 2979.204350    12.429152
 2979.889650    12.489374
 2980.576660    12.546028
 2981.262210    12.598789
 2981.948240    12.647758
 2982.635990    12.692945
 2983.322020    12.734078
 2984.010010    12.771328
 2984.696530    12.804458
 2985.384770    12.833581
 2986.071530    12.858525
 2986.758540    12.879330
 2987.447270    12.895995
 2988.134770    12.908420
 2988.823490    12.916629
 2989.510990    12.920578
 2990.200440    12.920267
 2990.888180    12.915689
 2991.576170    12.906839
 2992.266360    12.893675
 2992.954830    12.876268
 2993.644780    12.854555
 2994.333500    12.828631
 2995.023930    12.798399
 2995.713130    12.764009
 2996.402100    12.725452
 2997.093020    12.682621
 2997.782710    12.635744
 2998.473880    12.584675
 2999.163570    12.529677
 2999.855470    12.470500
 3000.545410    12.407549
 3001.235600    12.340695
 3001.927730    12.269817
 3002.618410    12.195324
 3003.310550    12.116968
 3004.001710    12.035093
 3004.694340    11.949484
 3005.385740    11.860548
 3006.076900    11.768251
 3006.770020    11.672377
 3007.461670    11.573477
 3008.155270    11.471155
 3008.847410    11.366003
 3009.541260    11.257636
 3010.233400    11.146685
 3010.926270    11.032866
 3011.620360    10.916191
 3012.313230    10.797174
 3013.007810    10.675417
 3013.700930    10.551586
 3014.395750    10.425220
 3015.089360    10.296962
 3015.783200    10.166656
 3016.478270    10.034229
 3017.172610    9.900164
 3017.868160    9.764197
 3018.562260    9.626970
 3019.258540    9.487871
 3019.952880    9.347845
 3020.647950    9.206470
 3021.344480    9.063706
 3022.039310    8.920321
 3022.736330    8.775620
 3023.431640    8.630527
 3024.128660    8.484446
 3024.824460    8.338099
 3025.522220    8.190931
 3026.218020    8.043873
 3026.914310    7.896521
 3027.612300    7.748721
 3028.308840    7.601250
 3029.007080    7.453540
 3029.703860    7.306365
 3030.402590    7.159101
 3031.099850    7.012568
 3031.797120    6.866549
 3032.496090    6.720784
 3033.193600    6.576023
 3033.893310    6.431596
 3034.591060    6.288445
 3035.290770    6.145851
 3035.989010    6.004592
 3036.687740    5.864346
 3037.387700    5.725047
 3038.086670    5.587202
 3038.787350    5.450353
 3039.486080    5.315279
 3040.187260    5.181194
 3040.886470    5.049001
 3041.586180    4.918288
 3042.287350    4.788934
 3042.987550    4.661440
 3043.689210    4.535412
 3044.389160    4.411461
 3045.091060    4.288984
 3045.791750    4.168572
 3046.492430    4.050048
 3047.194820    3.933160
 3047.896000    3.818428
 3048.598880    3.705400
 3049.300050    3.594650
