 2653.384280    1.058210
 2653.996340    1.102023
 2654.606690    1.147090
 2655.217290    1.193570
 2655.829830    1.241624
 2656.440670    1.290983
 2657.053220    1.341946
 2657.664550    1.394287
 2658.277340    1.448256
 2658.888920    1.503633
 2659.500730    1.560561
 2660.114010    1.619178
 2660.725830    1.679214
 2661.339360    1.740994
 2661.951660    1.804236
 2662.565430    1.869227
 2663.177980    1.935691
 2663.790530    2.003760
 2664.404790    2.073636
 2665.017820    2.144991
 2665.632320    2.218138
 2666.245610    2.292756
 2666.860350    2.369172
 2667.473880    2.447047
 2668.089110    2.526748
 2668.702880    2.607856
 2669.316890    2.690579
 2669.932370    2.775076
 2670.546630    2.860963
 2671.162350    2.948599
 2671.776860    3.037580
 2672.393070    3.128312
 2673.007810    3.220302
 2673.622560    3.313735
 2674.239260    3.408885
 2674.854490    3.505195
 2675.471190    3.603086
 2676.086670    3.702096
 2676.703860    3.802657
 2677.319580    3.904210
 2677.935550    4.006985
 2678.552980    4.111145
 2679.169190    4.216184
 2679.786870    4.322507
 2680.403560    4.429641
 2681.021480    4.537907
 2681.638430    4.646860
 2682.255370    4.756607
 2682.873780    4.867343
 2683.490970    4.978521
 2684.109860    5.090597
 2684.727290    5.202922
 2685.346440    5.315999
 2685.964110    5.429170
 2686.582030    5.542666
 2687.201660    5.656677
 2687.819820    5.770532
 2688.439450    5.884687
 2689.057860    5.998559
 2689.677980    6.112594
 2690.296880    6.226165
 2690.915770    6.339404
 2691.536380    6.452526
 2692.155270    6.564815
 2692.776370    6.676880
 2693.395750    6.787920
 2694.016850    6.898447
 2694.636720    7.007842
 2695.256590    7.116221
 2695.877930    7.223738
 2696.498050    7.329828
 2697.119870    7.434889
 2697.740480    7.538325
 2698.362550    7.640481
 2698.983400    7.740817
 2699.604250    7.839435
 2700.226810    7.936502
 2700.847900    8.031423
 2701.470700    8.124586
 2702.092040    8.215420
 2702.715330    8.304327
 2703.337160    8.390727
 2703.958980    8.474738
 2704.582520    8.556496
 2705.204830    8.635525
 2705.828370    8.712050
 2706.450930    8.785720
 2707.074950    8.856741
 2707.697750    8.924726
 2708.320800    8.989773
 2708.945310    9.051923
 2709.568360    9.110819
 2710.193360    9.166715
 2710.816650    9.219221
 2711.441890    9.268587
 2712.065670    9.314486
 2712.689450    9.356987
 2713.314940    9.396150
 2713.939210    9.431742
 2714.565190    9.463892
 2715.189450    9.492390
 2715.815670    9.517372
 2716.440430    9.538675
 2717.066890    9.556384
 2717.691890    9.570392
 2718.317140    9.580739
 2718.943850    9.587422
 2719.569340    9.590413
 2720.196530    9.589724
 2720.822270    9.585363
 2721.449710    9.577321
 2722.075680    9.565655
 2722.702150    9.550359
 2723.329830    9.531429
 2723.956300    9.508971
 2724.584470    9.482915
 2725.211430    9.453419
 2725.839600    9.420415
 2726.466800    9.384069
 2727.093990    9.344388
 2727.722900    9.301311
 2728.350340    9.255119
 2728.979490    9.205646
 2729.607420    9.153193
 2730.236820    9.097611
 2730.864750    9.039244
 2731.493160    8.978000
 2732.122800    8.913888
 2732.751460    8.847225
 2733.381590    8.777844
 2734.010500    8.706145
 2734.640870    8.631922
 2735.270020    8.555597
 2735.899410    8.477113
 2736.530270    8.396419
 2737.159670    8.314009
 2737.790770    8.229585
 2738.420650    8.143661
 2739.052250    8.055959
 2739.682370    7.967046
 2740.312500    7.876852
 2740.944340    7.785255
 2741.575200    7.692777
 2742.207280    7.599231
 2742.838130    7.505115
 2743.470460    7.410164
 2744.101560    7.314922
 2744.732910    7.219307
 2745.365970    7.123239
 2745.997310    7.027376
 2746.630860    6.931269
 2747.262700    6.835655
 2747.896000    6.740194
 2748.528080    6.645437
 2749.160640    6.551270
 2749.794430    6.457731
 2750.427000    6.365322
 2751.061280    6.273762
 2751.694090    6.183649
 2752.328610    6.094678
 2752.961910    6.007402
 2753.595210    5.921788
 2754.230220    5.837752
 2754.863770    5.755856
 2755.499020    5.675827
 2756.132810    5.598204
 2756.768550    5.522706
 2757.402590    5.449904
 2758.036870    5.379698
 2758.673100    5.312043
 2759.307620    5.247459
 2759.943850    5.185729
 2760.578860    5.127264
 2761.215330    5.071944
 2761.850590    5.020128
 2762.487550    4.971700
 2763.123050    4.927021
 2763.758790    4.886079
 2764.396000    4.848922
 2765.031980    4.815823
 2765.669430    4.786752
 2766.305910    4.761931
 2766.943600    4.741386
 2767.580320    4.725287
 2768.216800    4.713706
 2768.855220    4.706715
 2769.492190    4.704453
 2770.130860    4.707000
 2770.768070    4.714437
 2771.407230    4.726893
 2772.044680    4.744383
 2772.682130    4.767013
 2773.321780    4.794961
 2773.959720    4.828138
 2774.599370    4.866789
 2775.237550    4.910793
 2775.877690    4.960454
 2776.516360    5.015573
 2777.155030    5.076310
 2777.795170    5.142876
 2778.434330    5.215071
 2779.074950    5.293222
 2779.714360    5.377044
 2780.355470    5.466963
 2780.995120    5.562567
 2781.634770    5.664083
 2782.276120    5.771826
 2782.916260    5.885331
 2783.558110    6.005137
 2784.198490    6.130661
 2784.840330    6.262479
 2785.480960    6.400044
 2786.121830    6.543650
 2786.764400    6.693637
 2787.405270    6.849191
 2788.048100    7.011180
 2788.689450    7.178721
 2789.332520    7.352615
 2789.974370    7.532029
 2790.615970    7.717175
 2791.259770    7.908725
 2791.901610    8.105397
 2792.545410    8.308315
 2793.187990    8.516421
 2793.832030    8.730506
 2794.474850    8.949600
 2795.117680    9.174009
 2795.762210    9.404255
 2796.405520    9.639191
 2797.050290    9.879690
 2797.693600    10.124539
 2798.338870    10.374920
 2798.982420    10.629283
 2799.626460    10.888344
 2800.272220    11.152468
 2800.916260    11.420108
 2801.562260    11.692625
 2802.206790    11.968416
 2802.852780    12.248558
 2803.497560    12.531711
 2804.142580    12.818319
 2804.789310    13.108858
 2805.434330    13.401588
 2806.081300    13.697966
 2806.726810    13.996216
 2807.374020    14.297583
 2808.020020    14.600482
 2808.666020    14.905248
 2809.313480    15.212337
 2809.959960    15.520353
 2810.607910    15.830208
 2811.254390    16.140249
 2811.902830    16.451857
 2812.549560    16.763008
 2813.198240    17.075197
 2813.845210    17.386387
 2814.492680    17.697365
 2815.141600    18.008314
 2815.789310    18.317665
 2816.438720    18.626530
 2817.086430    18.932997
 2817.736080    19.238508
 2818.384520    19.541275
 2819.032710    19.841469
 2819.682620    20.139694
 2820.331300    20.434303
 2820.981930    20.726442
 2821.630620    21.014067
 2822.281490    21.298712
 2822.930660    21.578379
 2823.580080    21.853634
 2824.231200    22.124785
 2824.880860    22.390223
 2825.532230    22.650961
 2826.182370    22.905537
 2826.833980    23.154726
 2827.484380    23.397226
 2828.134770    23.633246
 2828.786870    23.863113
 2829.437740    24.085539
 2830.090090    24.301184
 2830.741210    24.508909
 2831.394040    24.709414
 2832.045410    24.901482
 2832.697020    25.085424
 2833.350100    25.261341
 2834.001950    25.428297
 2834.655520    25.586844
 2835.307620    25.736015
 2835.961180    25.876310
 2836.613770    26.007027
 2837.266360    26.128227
 2837.920410    26.240007
 2838.573490    26.341804
 2839.228030    26.433867
 2839.881100    26.515673
 2840.535890    26.587513
 2841.189450    26.648968
 2841.843020    26.700104
 2842.498540    26.740967
 2843.152340    26.771275
 2843.807860    26.791143
 2844.462160    26.800448
 2845.118160    26.799206
 2845.772710    26.787413
 2846.427250    26.765093
 2847.083740    26.732161
 2847.738770    26.688808
 2848.395260    26.634891
 2849.050540    26.570690
 2849.707760    26.495951
 2850.363280    26.411167
 2851.018800    26.316261
 2851.676270    26.211014
 2852.332280    26.096083
 2852.989990    25.971041
 2853.646480    25.836578
 2854.304440    25.692301
 2854.960940    25.539009
 2855.617920    25.376450
 2856.276370    25.204527
 2856.933350    25.024200
 2857.592290    24.834730
 2858.249760    24.637301
 2858.908940    24.431183
 2859.566650    24.217594
 2860.224370    23.996321
 2860.883790    23.767006
 2861.541750    23.531000
 2862.201900    23.287243
 2862.860350    23.037430
 2863.520510    22.780533
 2864.179200    22.518065
 2864.839840    22.248928
 2865.498780    21.974907
 2866.157960    21.695486
 2866.818850    21.410315
 2867.478520    21.120939
 2868.139650    20.826479
 2868.799320    20.528534
 2869.460940    20.225855
 2870.121090    19.920292
 2870.781490    19.611368
 2871.443360    19.298794
 2872.103760    18.984249
 2872.766360    18.666279
 2873.427000    18.347170
 2874.089600    18.025324
 2874.750730    17.702690
 2875.412110    17.378717
 2876.075440    17.052851
 2876.736820    16.727283
 2877.400390    16.400246
 2878.062260    16.073929
 2878.725830    15.746916
 2879.388180    15.420907
 2880.050540    15.095551
 2880.714600    14.770261
 2881.377440    14.446712
 2882.041750    14.123832
 2882.704830    13.803147
 2883.369380    13.483588
 2884.032960    13.166538
 2884.696530    12.851736
 2885.361330    12.538809
 2886.025390    12.228866
 2886.690920    11.921072
 2887.354980    11.616957
 2888.020510    11.315348
 2888.685060    11.017513
 2889.349610    10.723160
 2890.015870    10.431686
 2890.680910    10.144517
 2891.347410    9.860620
 2892.012700    9.581258
 2892.679200    9.305517
 2893.344970    9.034317
 2894.010500    8.767541
 2894.677730    8.504508
 2895.343510    8.246549
 2896.011470    7.992324
 2896.677490    7.743483
 2897.345460    7.498616
 2898.011960    7.259034
 2898.678960    7.024065
 2899.347170    6.793503
 2900.014160    6.568218
 2900.682860    6.347245
 2901.350100    6.131652
 2902.019530    5.920271
 2902.687010    5.714415
 2903.354740    5.513383
 2904.024410    5.316676
 2904.692380    5.125354
 2905.361820    4.938487
 2906.030520    4.756665
 2906.700680    4.579272
 2907.369140    4.407105
 2908.038090    4.239550
 2908.708500    4.076333
 2909.377930    3.918006
 2910.048830    3.763946
 2910.718260    3.614768
 2911.389650    3.469655
 2912.059330    3.329338
 2912.729250    3.193330
 2913.400630    3.061329
 2914.070800    2.933797
 2914.742920    2.810063
 2915.413570    2.690685
 2916.085690    2.575064
 2916.756590    2.463587
 2917.429200    2.355691
 2918.100340    2.251805
 2918.771730    2.151573
 2919.444580    2.054743
 2920.116210    1.961619
 2920.789550    1.871716
 2921.461670    1.785340
 2922.135500    1.702037
 2922.807370    1.622170
 2923.479740    1.545355
 2924.154050    1.471354
 2924.826660    1.400488
 2925.500980    1.332310
 2926.174070    1.267037
 2926.848880    1.204305
 2927.522220    1.144326
 2928.195800    1.086861
 2928.870850    1.031734
 2929.544920    0.979067
 2930.220460    0.928592
 2930.894530    0.880453
 2931.570310    0.834347
 2932.244630    0.790415
 2932.919190    0.748468
 2933.595700    0.708339
 2934.270260    0.670186
 2934.947270    0.633695
 2935.622310    0.599035
 2936.299070    0.565952
 2936.974850    0.534515
 2937.650390    0.504624
 2938.327880    0.476124
 2939.003660    0.449109
 2939.681400    0.423378
 2940.357670    0.399004
 2941.035640    0.375817
 2941.712160    0.353875
 2942.389160    0.333059
 2943.067630    0.313293
 2943.744630    0.294616
 2944.423580    0.276885
 2945.100830    0.260152
 2945.780030    0.244283
 2946.457760    0.229316
 2947.135500    0.215175
 2947.815190    0.201783
 2948.493410    0.189171
 2949.173100    0.177247
 2949.851560    0.166023
 2950.531980    0.155416
 2951.210450    0.145452
 2951.889650    0.136058
 2952.570070    0.127202
 2953.249270    0.118887
 2953.930660    0.111043
 2954.610110    0.103693
 2955.291500    0.096769
 2955.971190    0.090285
 2956.651120    0.084197
 2957.333010    0.078471
 2958.013180    0.073115
 2958.695560    0.068081
 2959.376220    0.063377
 2960.058350    0.058965
 2960.739500    0.054841
 2961.420410    0.050985
 2962.103520    0.047370
 2962.784910    0.044000
 2963.468020    0.040844
 2964.149900    0.037904
 2964.833500    0.035153
 2965.515380    0.032595
 2966.197750    0.030208
 2966.881590    0.027979
 2967.564210    0.025907
 2968.248540    0.023973
 2968.931150    0.022179
 2969.615720    0.020506
 2970.299070    0.018953
 2970.984130    0.017507
 2971.667480    0.016168
 2972.351070    0.014923
 2973.036620    0.013766
 2973.720700    0.012695
 2974.406250    0.011701
 2975.090580    0.010781
 2975.776610    0.009927
 2976.461180    0.009139
 2977.146000    0.008409
 2977.832280    0.007732
 2978.517580    0.007109
 2979.204350    0.006531
 2979.889650    0.005999
 2980.576660    0.005507
 2981.262210    0.005053
 2981.948240    0.004635
 2982.635990    0.004249
 2983.322020    0.003893
 2984.010010    0.003566
 2984.696530    0.003264
 2985.384770    0.002987
 2986.071530    0.002732
 2986.758540    0.002499
 2987.447270    0.002283
 2988.134770    0.002085
 2988.823490    0.001904
 2989.510990    0.001738
 2990.200440    0.001585
 2990.888180    0.001445
 2991.576170    0.001317
 2992.266360    0.001200
 2992.954830    0.001092
 2993.644780    0.000994
 2994.333500    0.000904
 2995.023930    0.000822
 2995.713130    0.000747
 2996.402100    0.000679
 2997.093020    0.000616
 2997.782710    0.000559
 2998.473880    0.000507
 2999.163570    0.000460
 2999.855470    0.000417
 3000.545410    0.000378
 3001.235600    0.000342
 3001.927730    0.000310
 3002.618410    0.000280
 3003.310550    0.000253
 3004.001710    0.000229
 3004.694340    0.000207
 3005.385740    0.000187
 3006.076900    0.000169
 3006.770020    0.000152
 3007.461670    0.000137
 3008.155270    0.000124
 3008.847410    0.000112
 3009.541260    0.000100
 3010.233400    0.000091
 3010.926270    0.000081
 3011.620360    0.000072
 3012.313230    0.000066
 3013.007810    0.000059
 3013.700930    0.000052
 3014.395750    0.000048
 3015.089360    0.000043
 3015.783200    0.000038
 3016.478270    0.000034
 3017.172610    0.000031
 3017.868160    0.000028
 3018.562260    0.000025
 3019.258540    0.000022
 3019.952880    0.000020
 3020.647950    0.000017
 3021.344480    0.000015
 3022.039310    0.000014
 3022.736330    0.000012
 3023.431640    0.000011
 3024.128660    0.000010
 3024.824460    0.000009
 3025.522220    0.000008
 3026.218020    0.000007
 3026.914310    0.000007
 3027.612300    0.000006
 3028.308840    0.000005
 3029.007080    0.000005
 3029.703860    0.000004
 3030.402590    0.000004
 3031.099850    0.000003
 3031.797120    0.000003
 3032.496090    0.000003
 3033.193600    0.000002
 3033.893310    0.000002
 3034.591060    0.000002
 3035.290770    0.000002
 3035.989010    0.000001
 3036.687740    0.000001
 3037.387700    0.000001
 3038.086670    0.000001
 3038.787350    0.000001
 3039.486080    0.000001
 3040.187260    0.000001
 3040.886470    0.000001
 3041.586180    0.000001
 3042.287350    0.000000
 3042.987550    0.000000
 3043.689210    0.000000
 3044.389160    0.000000
 3045.091060    0.000000
 3045.791750    0.000000
 3046.492430    0.000000
 3047.194820    0.000000
 3047.896000    0.000000
 3048.598880    0.000000
 3049.300050    0.000000
