 2653.384280    0.000003
 2653.996340    0.000004
 2654.606690    0.000006
 2655.217290    0.000009
 2655.829830    0.000012
 2656.440670    0.000018
 2657.053220    0.000026
 2657.664550    0.000037
 2658.277340    0.000052
 2658.888920    0.000074
 2659.500730    0.000104
 2660.114010    0.000143
 2660.725830    0.000196
 2661.339360    0.000264
 2661.951660    0.000354
 2662.565430    0.000469
 2663.177980    0.000616
 2663.790530    0.000800
 2664.404790    0.001029
 2665.017820    0.001310
 2665.632320    0.001653
 2666.245610    0.002063
 2666.860350    0.002549
 2667.473880    0.003118
 2668.089110    0.003776
 2668.702880    0.004525
 2669.316890    0.005369
 2669.932370    0.006309
 2670.546630    0.007336
 2671.162350    0.008446
 2671.776860    0.009624
 2672.393070    0.010859
 2673.007810    0.012124
 2673.622560    0.013401
 2674.239260    0.014667
 2674.854490    0.015885
 2675.471190    0.017035
 2676.086670    0.018081
 2676.703860    0.018999
 2677.319580    0.019760
 2677.935550    0.020346
 2678.552980    0.020739
 2679.169190    0.020926
 2679.786870    0.020905
 2680.403560    0.020677
 2681.021480    0.020248
 2681.638430    0.019636
 2682.255370    0.018859
 2682.873780    0.017940
 2683.490970    0.016911
 2684.109860    0.015797
 2684.727290    0.014635
 2685.346440    0.013452
 2685.964110    0.012280
 2686.582030    0.011147
 2687.201660    0.010075
 2687.819820    0.009089
 2688.439450    0.008205
 2689.057860    0.007444
 2689.677980    0.006816
 2690.296880    0.006335
 2690.915770    0.006016
 2691.536380    0.005869
 2692.155270    0.005913
 2692.776370    0.006167
 2693.395750    0.006659
 2694.016850    0.007421
 2694.636720    0.008493
 2695.256590    0.009926
 2695.877930    0.011784
 2696.498050    0.014130
 2697.119870    0.017056
 2697.740480    0.020643
 2698.362550    0.025003
 2698.983400    0.030226
 2699.604250    0.036428
 2700.226810    0.043743
 2700.847900    0.052242
 2701.470700    0.062075
 2702.092040    0.073283
 2702.715330    0.086011
 2703.337160    0.100254
 2703.958980    0.116085
 2704.582520    0.133576
 2705.204830    0.152658
 2705.828370    0.173396
 2706.450930    0.195708
 2707.074950    0.219680
 2707.697750    0.245224
 2708.320800    0.272462
 2708.945310    0.301586
 2709.568360    0.332701
 2710.193360    0.366361
 2710.816650    0.402938
 2711.441890    0.443455
 2712.065670    0.488778
 2712.689450    0.540410
 2713.314940    0.600317
 2713.939210    0.670441
 2714.565190    0.753793
 2715.189450    0.853042
 2715.815670    0.972373
 2716.440430    1.115171
 2717.066890    1.286579
 2717.691890    1.490417
 2718.317140    1.731987
 2718.943850    2.016781
 2719.569340    2.348300
 2720.196530    2.732486
 2720.822270    3.171149
 2721.449710    3.669444
 2722.075680    4.226700
 2722.702150    4.845045
 2723.329830    5.524497
 2723.956300    6.259830
 2724.584470    7.050232
 2725.211430    7.886007
 2725.839600    8.762608
 2726.466800    9.667609
 2727.093990    10.591577
 2727.722900    11.525135
 2728.350340    12.450813
 2728.979490    13.360011
 2729.607420    14.235147
 2730.236820    15.066888
 2730.864750    15.839039
 2731.493160    16.542830
 2732.122800    17.168783
 2732.751460    17.706184
 2733.381590    18.150204
 2734.010500    18.493832
 2734.640870    18.735168
 2735.270020    18.871498
 2735.899410    18.903332
 2736.530270    18.831680
 2737.159670    18.659515
 2737.790770    18.389656
 2738.420650    18.027927
 2739.052250    17.578081
 2739.682370    17.048565
 2740.312500    16.445316
 2740.944340    15.773909
 2741.575200    15.045149
 2742.207280    14.265073
 2742.838130    13.445757
 2743.470460    12.593177
 2744.101560    11.720698
 2744.732910    10.836271
 2745.365970    9.947752
 2745.997310    9.069676
 2746.630860    8.205988
 2747.262700    7.370740
 2747.896000    6.567611
 2748.528080    5.806859
 2749.160640    5.092013
 2749.794430    4.426816
 2750.427000    3.816859
 2751.061280    3.261075
 2751.694090    2.762680
 2752.328610    2.318417
 2752.961910    1.928571
 2753.595210    1.589535
 2754.230220    1.297197
 2754.863770    1.049155
 2755.499020    0.839981
 2756.132810    0.666410
 2756.768550    0.523211
 2757.402590    0.407053
 2758.036870    0.313557
 2758.673100    0.238959
 2759.307620    0.180438
 2759.943850    0.134789
 2760.578860    0.099740
 2761.215330    0.073011
 2761.850590    0.052940
 2762.487550    0.037966
 2763.123050    0.026972
 2763.758790    0.018965
 2764.396000    0.013188
 2765.031980    0.009084
 2765.669430    0.006187
 2766.305910    0.004174
 2766.943600    0.002785
 2767.580320    0.001840
 2768.216800    0.001204
 2768.855220    0.000778
 2769.492190    0.000498
 2770.130860    0.000316
 2770.768070    0.000197
 2771.407230    0.000123
 2772.044680    0.000075
 2772.682130    0.000046
 2773.321780    0.000028
 2773.959720    0.000016
 2774.599370    0.000010
 2775.237550    0.000006
 2775.877690    0.000003
 2776.516360    0.000002
 2777.155030    0.000001
 2777.795170    0.000001
 2778.434330    0.000000
 2779.074950    0.000000
 2779.714360    0.000000
 2780.355470    0.000000
 2780.995120    0.000000
 2781.634770    0.000000
 2782.276120    0.000000
 2782.916260    0.000000
 2783.558110    0.000000
 2784.198490    0.000000
 2784.840330    0.000000
 2785.480960    0.000000
 2786.121830    0.000000
 2786.764400    0.000000
 2787.405270    0.000000
 2788.048100    0.000000
 2788.689450    0.000000
 2789.332520    0.000000
 2789.974370    0.000000
 2790.615970    0.000000
 2791.259770    0.000000
 2791.901610    0.000000
 2792.545410    0.000000
 2793.187990    0.000000
 2793.832030    0.000000
 2794.474850    0.000000
 2795.117680    0.000000
 2795.762210    0.000000
 2796.405520    0.000000
 2797.050290    0.000000
 2797.693600    0.000000
 2798.338870    0.000000
 2798.982420    0.000000
 2799.626460    0.000000
 2800.272220    0.000000
 2800.916260    0.000000
 2801.562260    0.000000
 2802.206790    0.000000
 2802.852780    0.000000
 2803.497560    0.000000
 2804.142580    0.000000
 2804.789310    0.000000
 2805.434330    0.000000
 2806.081300    0.000000
 2806.726810    0.000000
 2807.374020    0.000000
 2808.020020    0.000000
 2808.666020    0.000000
 2809.313480    0.000000
 2809.959960    0.000000
 2810.607910    0.000000
 2811.254390    0.000000
 2811.902830    0.000000
 2812.549560    0.000000
 2813.198240    0.000000
 2813.845210    0.000000
 2814.492680    0.000000
 2815.141600    0.000000
 2815.789310    0.000000
 2816.438720    0.000000
 2817.086430    0.000000
 2817.736080    0.000000
 2818.384520    0.000000
 2819.032710    0.000000
 2819.682620    0.000000
 2820.331300    0.000000
 2820.981930    0.000000
 2821.630620    0.000000
 2822.281490    0.000000
 2822.930660    0.000000
 2823.580080    0.000000
 2824.231200    0.000000
 2824.880860    0.000000
 2825.532230    0.000000
 2826.182370    0.000000
 2826.833980    0.000000
 2827.484380    0.000000
 2828.134770    0.000000
 2828.786870    0.000000
 2829.437740    0.000000
 2830.090090    0.000000
 2830.741210    0.000000
 2831.394040    0.000000
 2832.045410    0.000000
 2832.697020    0.000000
 2833.350100    0.000000
 2834.001950    0.000000
 2834.655520    0.000000
 2835.307620    0.000000
 2835.961180    0.000000
 2836.613770    0.000000
 2837.266360    0.000000
 2837.920410    0.000000
 2838.573490    0.000000
 2839.228030    0.000000
 2839.881100    0.000000
 2840.535890    0.000000
 2841.189450    0.000000
 2841.843020    0.000000
 2842.498540    0.000000
 2843.152340    0.000000
 2843.807860    0.000000
 2844.462160    0.000000
 2845.118160    0.000000
 2845.772710    0.000000
 2846.427250    0.000000
 2847.083740    0.000000
 2847.738770    0.000000
 2848.395260    0.000000
 2849.050540    0.000000
 2849.707760    0.000000
 2850.363280    0.000000
 2851.018800    0.000000
 2851.676270    0.000000
 2852.332280    0.000000
 2852.989990    0.000000
 2853.646480    0.000000
 2854.304440    0.000000
 2854.960940    0.000000
 2855.617920    0.000000
 2856.276370    0.000000
 2856.933350    0.000000
 2857.592290    0.000000
 2858.249760    0.000000
 2858.908940    0.000000
 2859.566650    0.000000
 2860.224370    0.000000
 2860.883790    0.000000
 2861.541750    0.000000
 2862.201900    0.000000
 2862.860350    0.000000
 2863.520510    0.000000
 2864.179200    0.000000
 2864.839840    0.000000
 2865.498780    0.000000
 2866.157960    0.000000
 2866.818850    0.000000
 2867.478520    0.000000
 2868.139650    0.000000
 2868.799320    0.000000
 2869.460940    0.000000
 2870.121090    0.000000
 2870.781490    0.000000
 2871.443360    0.000000
 2872.103760    0.000000
 2872.766360    0.000000
 2873.427000    0.000000
 2874.089600    0.000000
 2874.750730    0.000000
 2875.412110    0.000000
 2876.075440    0.000000
 2876.736820    0.000000
 2877.400390    0.000000
 2878.062260    0.000000
 2878.725830    0.000000
 2879.388180    0.000000
 2880.050540    0.000000
 2880.714600    0.000000
 2881.377440    0.000000
 2882.041750    0.000000
 2882.704830    0.000000
 2883.369380    0.000000
 2884.032960    0.000000
 2884.696530    0.000000
 2885.361330    0.000000
 2886.025390    0.000000
 2886.690920    0.000000
 2887.354980    0.000000
 2888.020510    0.000000
 2888.685060    0.000000
 2889.349610    0.000000
 2890.015870    0.000000
 2890.680910    0.000000
 2891.347410    0.000000
 2892.012700    0.000000
 2892.679200    0.000000
 2893.344970    0.000000
 2894.010500    0.000000
 2894.677730    0.000000
 2895.343510    0.000000
 2896.011470    0.000000
 2896.677490    0.000000
 2897.345460    0.000000
 2898.011960    0.000000
 2898.678960    0.000000
 2899.347170    0.000000
 2900.014160    0.000000
 2900.682860    0.000000
 2901.350100    0.000000
 2902.019530    0.000000
 2902.687010    0.000000
 2903.354740    0.000000
 2904.024410    0.000000
 2904.692380    0.000000
 2905.361820    0.000000
 2906.030520    0.000000
 2906.700680    0.000000
 2907.369140    0.000000
 2908.038090    0.000000
 2908.708500    0.000000
 2909.377930    0.000000
 2910.048830    0.000000
 2910.718260    0.000000
 2911.389650    0.000000
 2912.059330    0.000000
 2912.729250    0.000000
 2913.400630    0.000000
 2914.070800    0.000000
 2914.742920    0.000000
 2915.413570    0.000000
 2916.085690    0.000000
 2916.756590    0.000000
 2917.429200    0.000000
 2918.100340    0.000000
 2918.771730    0.000000
 2919.444580    0.000000
 2920.116210    0.000000
 2920.789550    0.000000
 2921.461670    0.000000
 2922.135500    0.000000
 2922.807370    0.000000
 2923.479740    0.000000
 2924.154050    0.000000
 2924.826660    0.000000
 2925.500980    0.000000
 2926.174070    0.000000
 2926.848880    0.000000
 2927.522220    0.000000
 2928.195800    0.000000
 2928.870850    0.000000
 2929.544920    0.000000
 2930.220460    0.000000
 2930.894530    0.000000
 2931.570310    0.000000
 2932.244630    0.000000
 2932.919190    0.000000
 2933.595700    0.000000
 2934.270260    0.000000
 2934.947270    0.000000
 2935.622310    0.000000
 2936.299070    0.000000
 2936.974850    0.000000
 2937.650390    0.000000
 2938.327880    0.000000
 2939.003660    0.000000
 2939.681400    0.000000
 2940.357670    0.000000
 2941.035640    0.000000
 2941.712160    0.000000
 2942.389160    0.000000
 2943.067630    0.000000
 2943.744630    0.000000
 2944.423580    0.000000
 2945.100830    0.000000
 2945.780030    0.000000
 2946.457760    0.000000
 2947.135500    0.000000
 2947.815190    0.000000
 2948.493410    0.000000
 2949.173100    0.000000
 2949.851560    0.000000
 2950.531980    0.000000
 2951.210450    0.000000
 2951.889650    0.000000
 2952.570070    0.000000
 2953.249270    0.000000
 2953.930660    0.000000
 2954.610110    0.000000
 2955.291500    0.000000
 2955.971190    0.000000
 2956.651120    0.000000
 2957.333010    0.000000
 2958.013180    0.000000
 2958.695560    0.000000
 2959.376220    0.000000
 2960.058350    0.000000
 2960.739500    0.000000
 2961.420410    0.000000
 2962.103520    0.000000
 2962.784910    0.000000
 2963.468020    0.000000
 2964.149900    0.000000
 2964.833500    0.000000
 2965.515380    0.000000
 2966.197750    0.000000
 2966.881590    0.000000
 2967.564210    0.000000
 2968.248540    0.000000
 2968.931150    0.000000
 2969.615720    0.000000
 2970.299070    0.000000
 2970.984130    0.000000
 2971.667480    0.000000
 2972.351070    0.000000
 2973.036620    0.000000
 2973.720700    0.000000
 2974.406250    0.000000
 2975.090580    0.000000
 2975.776610    0.000000
 2976.461180    0.000000
 2977.146000    0.000000
 2977.832280    0.000000
 2978.517580    0.000000
 2979.204350    0.000000
 2979.889650    0.000000
 2980.576660    0.000000
 2981.262210    0.000000
 2981.948240    0.000000
 2982.635990    0.000000
 2983.322020    0.000000
 2984.010010    0.000000
 2984.696530    0.000000
 2985.384770    0.000000
 2986.071530    0.000000
 2986.758540    0.000000
 2987.447270    0.000000
 2988.134770    0.000000
 2988.823490    0.000000
 2989.510990    0.000000
 2990.200440    0.000000
 2990.888180    0.000000
 2991.576170    0.000000
 2992.266360    0.000000
 2992.954830    0.000000
 2993.644780    0.000000
 2994.333500    0.000000
 2995.023930    0.000000
 2995.713130    0.000000
 2996.402100    0.000000
 2997.093020    0.000000
 2997.782710    0.000000
 2998.473880    0.000000
 2999.163570    0.000000
 2999.855470    0.000000
 3000.545410    0.000000
 3001.235600    0.000000
 3001.927730    0.000000
 3002.618410    0.000000
 3003.310550    0.000000
 3004.001710    0.000000
 3004.694340    0.000000
 3005.385740    0.000000
 3006.076900    0.000000
 3006.770020    0.000000
 3007.461670    0.000000
 3008.155270    0.000000
 3008.847410    0.000000
 3009.541260    0.000000
 3010.233400    0.000000
 3010.926270    0.000000
 3011.620360    0.000000
 3012.313230    0.000000
 3013.007810    0.000000
 3013.700930    0.000000
 3014.395750    0.000000
 3015.089360    0.000000
 3015.783200    0.000000
 3016.478270    0.000000
 3017.172610    0.000000
 3017.868160    0.000000
 3018.562260    0.000000
 3019.258540    0.000000
 3019.952880    0.000000
 3020.647950    0.000000
 3021.344480    0.000000
 3022.039310    0.000000
 3022.736330    0.000000
 3023.431640    0.000000
 3024.128660    0.000000
 3024.824460    0.000000
 3025.522220    0.000000
 3026.218020    0.000000
 3026.914310    0.000000
 3027.612300    0.000000
 3028.308840    0.000000
 3029.007080    0.000000
 3029.703860    0.000000
 3030.402590    0.000000
 3031.099850    0.000000
 3031.797120    0.000000
 3032.496090    0.000000
 3033.193600    0.000000
 3033.893310    0.000000
 3034.591060    0.000000
 3035.290770    0.000000
 3035.989010    0.000000
 3036.687740    0.000000
 3037.387700    0.000000
 3038.086670    0.000000
 3038.787350    0.000000
 3039.486080    0.000000
 3040.187260    0.000000
 3040.886470    0.000000
 3041.586180    0.000000
 3042.287350    0.000000
 3042.987550    0.000000
 3043.689210    0.000000
 3044.389160    0.000000
 3045.091060    0.000000
 3045.791750    0.000000
 3046.492430    0.000000
 3047.194820    0.000000
 3047.896000    0.000000
 3048.598880    0.000000
 3049.300050    0.000000
