 2653.384280    0.000000
 2653.996340    0.000000
 2654.606690    0.000000
 2655.217290    0.000000
 2655.829830    0.000000
 2656.440670    0.000000
 2657.053220    0.000000
 2657.664550    0.000000
 2658.277340    0.000000
 2658.888920    0.000000
 2659.500730    0.000000
 2660.114010    0.000000
 2660.725830    0.000000
 2661.339360    0.000000
 2661.951660    0.000000
 2662.565430    0.000000
 2663.177980    0.000000
 2663.790530    0.000000
 2664.404790    0.000000
 2665.017820    0.000000
 2665.632320    0.000000
 2666.245610    0.000000
 2666.860350    0.000000
 2667.473880    0.000000
 2668.089110    0.000000
 2668.702880    0.000000
 2669.316890    0.000000
 2669.932370    0.000000
 2670.546630    0.000000
 2671.162350    0.000000
 2671.776860    0.000000
 2672.393070    0.000000
 2673.007810    0.000000
 2673.622560    0.000000
 2674.239260    0.000000
 2674.854490    0.000000
 2675.471190    0.000000
 2676.086670    0.000000
 2676.703860    0.000000
 2677.319580    0.000000
 2677.935550    0.000000
 2678.552980    0.000000
 2679.169190    0.000000
 2679.786870    0.000000
 2680.403560    0.000000
 2681.021480    0.000000
 2681.638430    0.000000
 2682.255370    0.000000
 2682.873780    0.000000
 2683.490970    0.000000
 2684.109860    0.000000
 2684.727290    0.000000
 2685.346440    0.000000
 2685.964110    0.000000
 2686.582030    0.000000
 2687.201660    0.000000
 2687.819820    0.000000
 2688.439450    0.000000
 2689.057860    0.000000
 2689.677980    0.000000
 2690.296880    0.000000
 2690.915770    0.000000
 2691.536380    0.000000
 2692.155270    0.000000
 2692.776370    0.000000
 2693.395750    0.000000
 2694.016850    0.000000
 2694.636720    0.000000
 2695.256590    0.000000
 2695.877930    0.000000
 2696.498050    0.000000
 2697.119870    0.000000
 2697.740480    0.000000
 2698.362550    0.000000
 2698.983400    0.000000
 2699.604250    0.000000
 2700.226810    0.000000
 2700.847900    0.000000
 2701.470700    0.000000
 2702.092040    0.000000
 2702.715330    0.000000
 2703.337160    0.000000
 2703.958980    0.000000
 2704.582520    0.000000
 2705.204830    0.000000
 2705.828370    0.000000
 2706.450930    0.000000
 2707.074950    0.000000
 2707.697750    0.000000
 2708.320800    0.000000
 2708.945310    0.000000
 2709.568360    0.000000
 2710.193360    0.000000
 2710.816650    0.000000
 2711.441890    0.000000
 2712.065670    0.000000
 2712.689450    0.000000
 2713.314940    0.000000
 2713.939210    0.000000
 2714.565190    0.000000
 2715.189450    0.000000
 2715.815670    0.000000
 2716.440430    0.000000
 2717.066890    0.000000
 2717.691890    0.000000
 2718.317140    0.000000
 2718.943850    0.000000
 2719.569340    0.000000
 2720.196530    0.000000
 2720.822270    0.000000
 2721.449710    0.000000
 2722.075680    0.000000
 2722.702150    0.000000
 2723.329830    0.000000
 2723.956300    0.000000
 2724.584470    0.000000
 2725.211430    0.000000
 2725.839600    0.000000
 2726.466800    0.000000
 2727.093990    0.000000
 2727.722900    0.000000
 2728.350340    0.000000
 2728.979490    0.000000
 2729.607420    0.000000
 2730.236820    0.000000
 2730.864750    0.000000
 2731.493160    0.000000
 2732.122800    0.000000
 2732.751460    0.000000
 2733.381590    0.000000
 2734.010500    0.000000
 2734.640870    0.000000
 2735.270020    0.000000
 2735.899410    0.000000
 2736.530270    0.000000
 2737.159670    0.000000
 2737.790770    0.000000
 2738.420650    0.000000
 2739.052250    0.000000
 2739.682370    0.000000
 2740.312500    0.000000
 2740.944340    0.000000
 2741.575200    0.000000
 2742.207280    0.000000
 2742.838130    0.000000
 2743.470460    0.000000
 2744.101560    0.000000
 2744.732910    0.000000
 2745.365970    0.000000
 2745.997310    0.000000
 2746.630860    0.000000
 2747.262700    0.000000
 2747.896000    0.000000
 2748.528080    0.000000
 2749.160640    0.000000
 2749.794430    0.000000
 2750.427000    0.000000
 2751.061280    0.000000
 2751.694090    0.000000
 2752.328610    0.000000
 2752.961910    0.000000
 2753.595210    0.000000
 2754.230220    0.000000
 2754.863770    0.000000
 2755.499020    0.000000
 2756.132810    0.000000
 2756.768550    0.000000
 2757.402590    0.000000
 2758.036870    0.000000
 2758.673100    0.000000
 2759.307620    0.000000
 2759.943850    0.000000
 2760.578860    0.000000
 2761.215330    0.000000
 2761.850590    0.000000
 2762.487550    0.000000
 2763.123050    0.000000
 2763.758790    0.000000
 2764.396000    0.000000
 2765.031980    0.000000
 2765.669430    0.000000
 2766.305910    0.000000
 2766.943600    0.000000
 2767.580320    0.000000
 2768.216800    0.000000
 2768.855220    0.000000
 2769.492190    0.000000
 2770.130860    0.000000
 2770.768070    0.000000
 2771.407230    0.000000
 2772.044680    0.000000
 2772.682130    0.000000
 2773.321780    0.000000
 2773.959720    0.000000
 2774.599370    0.000000
 2775.237550    0.000000
 2775.877690    0.000000
 2776.516360    0.000000
 2777.155030    0.000000
 2777.795170    0.000000
 2778.434330    0.000000
 2779.074950    0.000000
 2779.714360    0.000000
 2780.355470    0.000000
 2780.995120    0.000000
 2781.634770    0.000000
 2782.276120    0.000000
 2782.916260    0.000000
 2783.558110    0.000000
 2784.198490    0.000000
 2784.840330    0.000000
 2785.480960    0.000000
 2786.121830    0.000000
 2786.764400    0.000000
 2787.405270    0.000000
 2788.048100    0.000000
 2788.689450    0.000000
 2789.332520    0.000000
 2789.974370    0.000000
 2790.615970    0.000000
 2791.259770    0.000000
 2791.901610    0.000000
 2792.545410    0.000000
 2793.187990    0.000000
 2793.832030    0.000000
 2794.474850    0.000000
 2795.117680    0.000000
 2795.762210    0.000000
 2796.405520    0.000000
 2797.050290    0.000000
 2797.693600    0.000000
 2798.338870    0.000000
 2798.982420    0.000000
 2799.626460    0.000000
 2800.272220    0.000000
 2800.916260    0.000000
 2801.562260    0.000000
 2802.206790    0.000000
 2802.852780    0.000000
 2803.497560    0.000000
 2804.142580    0.000000
 2804.789310    0.000000
 2805.434330    0.000000
 2806.081300    0.000000
 2806.726810    0.000000
 2807.374020    0.000000
 2808.020020    0.000000
 2808.666020    0.000000
 2809.313480    0.000000
 2809.959960    0.000000
 2810.607910    0.000000
 2811.254390    0.000000
 2811.902830    0.000000
 2812.549560    0.000001
 2813.198240    0.000001
 2813.845210    0.000001
 2814.492680    0.000001
 2815.141600    0.000001
 2815.789310    0.000001
 2816.438720    0.000002
 2817.086430    0.000002
 2817.736080    0.000003
 2818.384520    0.000003
 2819.032710    0.000004
 2819.682620    0.000005
 2820.331300    0.000005
 2820.981930    0.000007
 2821.630620    0.000008
 2822.281490    0.000009
 2822.930660    0.000010
 2823.580080    0.000013
 2824.231200    0.000015
 2824.880860    0.000018
 2825.532230    0.000022
 2826.182370    0.000026
 2826.833980    0.000031
 2827.484380    0.000037
 2828.134770    0.000044
 2828.786870    0.000052
 2829.437740    0.000062
 2830.090090    0.000073
 2830.741210    0.000087
 2831.394040    0.000102
 2832.045410    0.000120
 2832.697020    0.000142
 2833.350100    0.000167
 2834.001950    0.000196
 2834.655520    0.000231
 2835.307620    0.000272
 2835.961180    0.000319
 2836.613770    0.000373
 2837.266360    0.000437
 2837.920410    0.000510
 2838.573490    0.000596
 2839.228030    0.000695
 2839.881100    0.000811
 2840.535890    0.000944
 2841.189450    0.001098
 2841.843020    0.001275
 2842.498540    0.001480
 2843.152340    0.001716
 2843.807860    0.001987
 2844.462160    0.002299
 2845.118160    0.002657
 2845.772710    0.003067
 2846.427250    0.003535
 2847.083740    0.004073
 2847.738770    0.004685
 2848.395260    0.005385
 2849.050540    0.006182
 2849.707760    0.007090
 2850.363280    0.008119
 2851.018800    0.009287
 2851.676270    0.010614
 2852.332280    0.012115
 2852.989990    0.013815
 2853.646480    0.015731
 2854.304440    0.017897
 2854.960940    0.020330
 2855.617920    0.023069
 2856.276370    0.026154
 2856.933350    0.029605
 2857.592290    0.033484
 2858.249760    0.037815
 2858.908940    0.042667
 2859.566650    0.048069
 2860.224370    0.054089
 2860.883790    0.060804
 2861.541750    0.068251
 2862.201900    0.076543
 2862.860350    0.085710
 2863.520510    0.095881
 2864.179200    0.107096
 2864.839840    0.119509
 2865.498780    0.133154
 2866.157960    0.148173
 2866.818850    0.164721
 2867.478520    0.182844
 2868.139650    0.202746
 2868.799320    0.224472
 2869.460940    0.248278
 2870.121090    0.274189
 2870.781490    0.302421
 2871.443360    0.333194
 2872.103760    0.366538
 2872.766360    0.402816
 2873.427000    0.441978
 2874.089600    0.484439
 2874.750730    0.530169
 2875.412110    0.579466
 2876.075440    0.632669
 2876.736820    0.689661
 2877.400390    0.750998
 2878.062260    0.816519
 2878.725830    0.886761
 2879.388180    0.961611
 2880.050540    1.041385
 2880.714600    1.126493
 2881.377440    1.216749
 2882.041750    1.312694
 2882.704830    1.414104
 2883.369380    1.521552
 2884.032960    1.634789
 2884.696530    1.754099
 2885.361330    1.879829
 2886.025390    2.011715
 2886.690920    2.150282
 2887.354980    2.294978
 2888.020510    2.446479
 2888.685060    2.604250
 2889.349610    2.768500
 2890.015870    2.939640
 2890.680910    3.116864
 2891.347410    3.300800
 2892.012700    3.490595
 2892.679200    3.686798
 2893.344970    3.888666
 2894.010500    4.096129
 2894.677730    4.309580
 2895.343510    4.527741
 2896.011470    4.751532
 2896.677490    4.979242
 2897.345460    5.211856
 2898.011960    5.447816
 2898.678960    5.687409
 2899.347170    5.930487
 2900.014160    6.175723
 2900.682860    6.423730
 2901.350100    6.672861
 2902.019530    6.923990
 2902.687010    7.175062
 2903.354740    7.426389
 2904.024410    7.678100
 2904.692380    7.928302
 2905.361820    8.177668
 2906.030520    8.424866
 2906.700680    8.670197
 2907.369140    8.912011
 2908.038090    9.150637
 2908.708500    9.385941
 2909.377930    9.616619
 2910.048830    9.843096
 2910.718260    10.063984
 2911.389650    10.280040
 2912.059330    10.489746
 2912.729250    10.693436
 2913.400630    10.891180
 2914.070800    11.081952
 2914.742920    11.266441
 2915.413570    11.443539
 2916.085690    11.613890
 2916.756590    11.776714
 2917.429200    11.932658
 2918.100340    12.080958
 2918.771730    12.222023
 2919.444580    12.356116
 2920.116210    12.482777
 2920.789550    12.602642
 2921.461670    12.715303
 2922.135500    12.821395
 2922.807370    12.920508
 2923.479740    13.013200
 2924.154050    13.099834
 2924.826660    13.180146
 2925.500980    13.254751
 2926.174070    13.323537
 2926.848880    13.387013
 2927.522220    13.445092
 2928.195800    13.498143
 2928.870850    13.546445
 2929.544920    13.590009
 2930.220460    13.629165
 2930.894530    13.663902
 2931.570310    13.694529
 2932.244630    13.721022
 2932.919190    13.743564
 2933.595700    13.762280
 2934.270260    13.777120
 2934.947270    13.788220
 2935.622310    13.795519
 2936.299070    13.799056
 2936.974850    13.798786
 2937.650390    13.794668
 2938.327880    13.786611
 2939.003660    13.774572
 2939.681400    13.758382
 2940.357670    13.738004
 2941.035640    13.713208
 2941.712160    13.683974
 2942.389160    13.650079
 2943.067630    13.611297
 2943.744630    13.567643
 2944.423580    13.518730
 2945.100830    13.464664
 2945.780030    13.404991
 2946.457760    13.339862
 2947.135500    13.269010
 2947.815190    13.192080
 2948.493410    13.109331
 2949.173100    13.020304
 2949.851560    12.925255
 2950.531980    12.823659
 2951.210450    12.716045
 2951.889650    12.601972
 2952.570070    12.481316
 2953.249270    12.354516
 2953.930660    12.220951
 2954.610110    12.081484
 2955.291500    11.935386
 2955.971190    11.783535
 2956.651120    11.625631
 2957.333010    11.461391
 2958.013180    11.291856
 2958.695560    11.116224
 2959.376220    10.935700
 2960.058350    10.749668
 2960.739500    10.559023
 2961.420410    10.363832
 2962.103520    10.163646
 2962.784910    9.959890
 2963.468020    9.751846
 2964.149900    9.540709
 2964.833500    9.325893
 2965.515380    9.108801
 2966.197750    8.889081
 2966.881590    8.666749
 2967.564210    8.443028
 2968.248540    8.217309
 2968.931150    7.991072
 2969.615720    7.763459
 2970.299070    7.535875
 2970.984130    7.307699
 2971.667480    7.080416
 2972.351070    6.853716
 2973.036620    6.627372
 2973.720700    6.402846
 2974.406250    6.179495
 2975.090580    5.958506
 2975.776610    5.739239
 2976.461180    5.522998
 2977.146000    5.309512
 2977.832280    5.098678
 2978.517580    4.891498
 2979.204350    4.687477
 2979.889650    4.487705
 2980.576660    4.291466
 2981.262210    4.099858
 2981.948240    3.912501
 2982.635990    3.729241
 2983.322020    3.551128
 2984.010010    3.377341
 2984.696530    3.208854
 2985.384770    3.044982
 2986.071530    2.886560
 2986.758540    2.733237
 2987.447270    2.584750
 2988.134770    2.441762
 2988.823490    2.303779
 2989.510990    2.171284
 2990.200440    2.043656
 2990.888180    1.921546
 2991.576170    1.804544
 2992.266360    1.692291
 2992.954830    1.585357
 2993.644780    1.483167
 2994.333500    1.386032
 2995.023930    1.293446
 2995.713130    1.205697
 2996.402100    1.122534
 2997.093020    1.043585
 2997.782710    0.969092
 2998.473880    0.898634
 2999.163570    0.832373
 2999.855470    0.769821
 3000.545410    0.711212
 3001.235600    0.656200
 3001.927730    0.604518
 3002.618410    0.556277
 3003.310550    0.511125
 3004.001710    0.469075
 3004.694340    0.429837
 3005.385740    0.393419
 3006.076900    0.359620
 3006.770020    0.328200
 3007.461670    0.299182
 3008.155270    0.272290
 3008.847410    0.247530
 3009.541260    0.224662
 3010.233400    0.203678
 3010.926270    0.184382
 3011.620360    0.166657
 3012.313230    0.150455
 3013.007810    0.135607
 3013.700930    0.122082
 3014.395750    0.109724
 3015.089360    0.098499
 3015.783200    0.088296
 3016.478270    0.079023
 3017.172610    0.070634
 3017.868160    0.063033
 3018.562260    0.056185
 3019.258540    0.049992
 3019.952880    0.044433
 3020.647950    0.039431
 3021.344480    0.034934
 3022.039310    0.030914
 3022.736330    0.027308
 3023.431640    0.024095
 3024.128660    0.021223
 3024.824460    0.018670
 3025.522220    0.016396
 3026.218020    0.014382
 3026.914310    0.012597
 3027.612300    0.011013
 3028.308840    0.009618
 3029.007080    0.008384
 3029.703860    0.007299
 3030.402590    0.006344
 3031.099850    0.005507
 3031.797120    0.004774
 3032.496090    0.004130
 3033.193600    0.003570
 3033.893310    0.003079
 3034.591060    0.002653
 3035.290770    0.002281
 3035.989010    0.001960
 3036.687740    0.001681
 3037.387700    0.001439
 3038.086670    0.001230
 3038.787350    0.001050
 3039.486080    0.000896
 3040.187260    0.000762
 3040.886470    0.000648
 3041.586180    0.000549
 3042.287350    0.000465
 3042.987550    0.000394
 3043.689210    0.000333
 3044.389160    0.000280
 3045.091060    0.000237
 3045.791750    0.000198
 3046.492430    0.000167
 3047.194820    0.000139
 3047.896000    0.000117
 3048.598880    0.000097
 3049.300050    0.000081
