 2653.384280    0.003622
 2653.996340    0.003912
 2654.606690    0.004218
 2655.217290    0.004545
 2655.829830    0.004893
 2656.440670    0.005261
 2657.053220    0.005654
 2657.664550    0.006069
 2658.277340    0.006512
 2658.888920    0.006979
 2659.500730    0.007475
 2660.114010    0.008003
 2660.725830    0.008561
 2661.339360    0.009156
 2661.951660    0.009787
 2662.565430    0.010458
 2663.177980    0.011171
 2663.790530    0.011931
 2664.404790    0.012744
 2665.017820    0.013610
 2665.632320    0.014538
 2666.245610    0.015531
 2666.860350    0.016598
 2667.473880    0.017744
 2668.089110    0.018981
 2668.702880    0.020313
 2669.316890    0.021754
 2669.932370    0.023320
 2670.546630    0.025017
 2671.162350    0.026867
 2671.776860    0.028880
 2672.393070    0.031083
 2673.007810    0.033488
 2673.622560    0.036122
 2674.239260    0.039022
 2674.854490    0.042200
 2675.471190    0.045703
 2676.086670    0.049554
 2676.703860    0.053808
 2677.319580    0.058490
 2677.935550    0.063657
 2678.552980    0.069376
 2679.169190    0.075679
 2679.786870    0.082658
 2680.403560    0.090356
 2681.021480    0.098875
 2681.638430    0.108270
 2682.255370    0.118641
 2682.873780    0.130116
 2683.490970    0.142749
 2684.109860    0.156718
 2684.727290    0.172076
 2685.346440    0.189034
 2685.964110    0.207652
 2686.582030    0.228127
 2687.201660    0.250685
 2687.819820    0.275385
 2688.439450    0.302534
 2689.057860    0.332217
 2689.677980    0.364791
 2690.296880    0.400332
 2690.915770    0.439138
 2691.536380    0.481587
 2692.155270    0.527709
 2692.776370    0.578081
 2693.395750    0.632686
 2694.016850    0.692131
 2694.636720    0.756463
 2695.256590    0.826127
 2695.877930    0.901652
 2696.498050    0.983072
 2697.119870    1.071150
 2697.740480    1.165854
 2698.362550    1.267990
 2698.983400    1.377514
 2699.604250    1.495022
 2700.226810    1.621277
 2700.847900    1.756051
 2701.470700    1.900449
 2702.092040    2.054149
 2702.715330    2.218416
 2703.337160    2.392762
 2703.958980    2.577951
 2704.582520    2.774918
 2705.204830    2.983114
 2705.828370    3.203707
 2706.450930    3.436250
 2707.074950    3.681972
 2707.697750    3.940095
 2708.320800    4.211438
 2708.945310    4.496791
 2709.568360    4.794981
 2710.193360    5.107782
 2710.816650    5.433444
 2711.441890    5.773911
 2712.065670    6.127310
 2712.689450    6.494331
 2713.314940    6.875888
 2713.939210    7.269993
 2714.565190    7.678229
 2715.189450    8.098017
 2715.815670    8.531400
 2716.440430    8.975529
 2717.066890    9.432091
 2717.691890    9.898130
 2718.317140    10.374164
 2718.943850    10.860353
 2719.569340    11.353739
 2720.196530    11.855680
 2720.822270    12.362612
 2721.449710    12.875996
 2722.075680    13.392065
 2722.702150    13.911183
 2723.329830    14.432662
 2723.956300    14.953112
 2724.584470    15.473549
 2725.211430    15.990088
 2725.839600    16.503231
 2726.466800    17.009647
 2727.093990    17.508585
 2727.722900    17.999784
 2728.350340    18.479172
 2728.979490    18.947569
 2729.607420    19.401192
 2730.236820    19.840397
 2730.864750    20.261593
 2731.493160    20.664612
 2732.122800    21.048376
 2732.751460    21.410114
 2733.381590    21.749836
 2734.010500    22.064789
 2734.640870    22.355085
 2735.270020    22.618339
 2735.899410    22.854187
 2736.530270    23.062036
 2737.159670    23.240080
 2737.790770    23.388481
 2738.420650    23.505901
 2739.052250    23.592371
 2739.682370    23.647070
 2740.312500    23.670004
 2740.944340    23.660997
 2741.575200    23.620056
 2742.207280    23.547176
 2742.838130    23.442917
 2743.470460    23.307228
 2744.101560    23.141205
 2744.732910    22.945183
 2745.365970    22.719345
 2745.997310    22.465799
 2746.630860    22.183937
 2747.262700    21.876560
 2747.896000    21.543325
 2748.528080    21.186905
 2749.160640    20.807722
 2749.794430    20.406673
 2750.427000    19.986784
 2751.061280    19.547619
 2751.694090    19.092941
 2752.328610    18.622074
 2752.961910    18.138803
 2753.595210    17.643883
 2754.230220    17.137581
 2754.863770    16.624073
 2755.499020    16.102421
 2756.132810    15.576838
 2756.768550    15.046074
 2757.402590    14.514730
 2758.036870    13.982684
 2758.673100    13.449951
 2759.307620    12.921000
 2759.943850    12.394316
 2760.578860    11.873602
 2761.215330    11.357853
 2761.850590    10.850377
 2762.487550    10.349888
 2763.123050    9.859851
 2763.758790    9.379803
 2764.396000    8.909666
 2765.031980    8.452147
 2765.669430    8.005955
 2766.305910    7.573368
 2766.943600    7.153373
 2767.580320    6.747818
 2768.216800    6.356509
 2768.855220    5.978395
 2769.492190    5.615685
 2770.130860    5.266682
 2770.768070    4.933160
 2771.407230    4.613324
 2772.044680    4.308928
 2772.682130    4.018961
 2773.321780    3.742311
 2773.959720    3.480452
 2774.599370    3.231706
 2775.237550    2.997007
 2775.877690    2.774768
 2776.516360    2.565822
 2777.155030    2.369249
 2777.795170    2.184227
 2778.434330    2.011042
 2779.074950    1.848598
 2779.714360    1.697129
 2780.355470    1.555489
 2780.995120    1.423918
 2781.634770    1.301618
 2782.276120    1.187832
 2782.916260    1.082629
 2783.558110    0.985083
 2784.198490    0.895232
 2784.840330    0.812228
 2785.480960    0.735998
 2786.121830    0.665938
 2786.764400    0.601517
 2787.405270    0.542690
 2788.048100    0.488755
 2788.689450    0.439649
 2789.332520    0.394792
 2789.974370    0.354070
 2790.615970    0.317101
 2791.259770    0.283473
 2791.901610    0.253128
 2792.545410    0.225624
 2793.187990    0.200860
 2793.832030    0.178505
 2794.474850    0.158442
 2795.117680    0.140429
 2795.762210    0.124241
 2796.405520    0.109784
 2797.050290    0.096839
 2797.693600    0.085320
 2798.338870    0.075031
 2798.982420    0.065908
 2799.626460    0.057804
 2800.272220    0.050604
 2800.916260    0.044250
 2801.562260    0.038622
 2802.206790    0.033669
 2802.852780    0.029300
 2803.497560    0.025466
 2804.142580    0.022100
 2804.789310    0.019143
 2805.434330    0.016563
 2806.081300    0.014304
 2806.726810    0.012339
 2807.374020    0.010623
 2808.020020    0.009134
 2808.666020    0.007843
 2809.313480    0.006721
 2809.959960    0.005754
 2810.607910    0.004916
 2811.254390    0.004195
 2811.902830    0.003572
 2812.549560    0.003039
 2813.198240    0.002581
 2813.845210    0.002189
 2814.492680    0.001854
 2815.141600    0.001567
 2815.789310    0.001323
 2816.438720    0.001114
 2817.086430    0.000937
 2817.736080    0.000788
 2818.384520    0.000661
 2819.032710    0.000553
 2819.682620    0.000463
 2820.331300    0.000386
 2820.981930    0.000322
 2821.630620    0.000268
 2822.281490    0.000223
 2822.930660    0.000185
 2823.580080    0.000154
 2824.231200    0.000127
 2824.880860    0.000105
 2825.532230    0.000086
 2826.182370    0.000071
 2826.833980    0.000058
 2827.484380    0.000048
 2828.134770    0.000039
 2828.786870    0.000032
 2829.437740    0.000026
 2830.090090    0.000021
 2830.741210    0.000017
 2831.394040    0.000014
 2832.045410    0.000011
 2832.697020    0.000010
 2833.350100    0.000008
 2834.001950    0.000006
 2834.655520    0.000005
 2835.307620    0.000004
 2835.961180    0.000003
 2836.613770    0.000003
 2837.266360    0.000002
 2837.920410    0.000002
 2838.573490    0.000001
 2839.228030    0.000001
 2839.881100    0.000001
 2840.535890    0.000001
 2841.189450    0.000001
 2841.843020    0.000000
 2842.498540    0.000000
 2843.152340    0.000000
 2843.807860    0.000000
 2844.462160    0.000000
 2845.118160    0.000000
 2845.772710    0.000000
 2846.427250    0.000000
 2847.083740    0.000000
 2847.738770    0.000000
 2848.395260    0.000000
 2849.050540    0.000000
 2849.707760    0.000000
 2850.363280    0.000000
 2851.018800    0.000000
 2851.676270    0.000000
 2852.332280    0.000000
 2852.989990    0.000000
 2853.646480    0.000000
 2854.304440    0.000000
 2854.960940    0.000000
 2855.617920    0.000000
 2856.276370    0.000000
 2856.933350    0.000000
 2857.592290    0.000000
 2858.249760    0.000000
 2858.908940    0.000000
 2859.566650    0.000000
 2860.224370    0.000000
 2860.883790    0.000000
 2861.541750    0.000000
 2862.201900    0.000000
 2862.860350    0.000000
 2863.520510    0.000000
 2864.179200    0.000000
 2864.839840    0.000000
 2865.498780    0.000000
 2866.157960    0.000000
 2866.818850    0.000000
 2867.478520    0.000000
 2868.139650    0.000000
 2868.799320    0.000000
 2869.460940    0.000000
 2870.121090    0.000000
 2870.781490    0.000000
 2871.443360    0.000000
 2872.103760    0.000000
 2872.766360    0.000000
 2873.427000    0.000000
 2874.089600    0.000000
 2874.750730    0.000000
 2875.412110    0.000000
 2876.075440    0.000000
 2876.736820    0.000000
 2877.400390    0.000000
 2878.062260    0.000000
 2878.725830    0.000000
 2879.388180    0.000000
 2880.050540    0.000000
 2880.714600    0.000000
 2881.377440    0.000000
 2882.041750    0.000000
 2882.704830    0.000000
 2883.369380    0.000000
 2884.032960    0.000000
 2884.696530    0.000000
 2885.361330    0.000000
 2886.025390    0.000000
 2886.690920    0.000000
 2887.354980    0.000000
 2888.020510    0.000000
 2888.685060    0.000000
 2889.349610    0.000000
 2890.015870    0.000000
 2890.680910    0.000000
 2891.347410    0.000000
 2892.012700    0.000000
 2892.679200    0.000000
 2893.344970    0.000000
 2894.010500    0.000000
 2894.677730    0.000000
 2895.343510    0.000000
 2896.011470    0.000000
 2896.677490    0.000000
 2897.345460    0.000000
 2898.011960    0.000000
 2898.678960    0.000000
 2899.347170    0.000000
 2900.014160    0.000000
 2900.682860    0.000000
 2901.350100    0.000000
 2902.019530    0.000000
 2902.687010    0.000000
 2903.354740    0.000000
 2904.024410    0.000000
 2904.692380    0.000000
 2905.361820    0.000000
 2906.030520    0.000000
 2906.700680    0.000000
 2907.369140    0.000000
 2908.038090    0.000000
 2908.708500    0.000000
 2909.377930    0.000000
 2910.048830    0.000000
 2910.718260    0.000000
 2911.389650    0.000000
 2912.059330    0.000000
 2912.729250    0.000000
 2913.400630    0.000000
 2914.070800    0.000000
 2914.742920    0.000000
 2915.413570    0.000000
 2916.085690    0.000000
 2916.756590    0.000000
 2917.429200    0.000000
 2918.100340    0.000000
 2918.771730    0.000000
 2919.444580    0.000000
 2920.116210    0.000000
 2920.789550    0.000000
 2921.461670    0.000000
 2922.135500    0.000000
 2922.807370    0.000000
 2923.479740    0.000000
 2924.154050    0.000000
 2924.826660    0.000000
 2925.500980    0.000000
 2926.174070    0.000000
 2926.848880    0.000000
 2927.522220    0.000000
 2928.195800    0.000000
 2928.870850    0.000000
 2929.544920    0.000000
 2930.220460    0.000000
 2930.894530    0.000000
 2931.570310    0.000000
 2932.244630    0.000000
 2932.919190    0.000000
 2933.595700    0.000000
 2934.270260    0.000000
 2934.947270    0.000000
 2935.622310    0.000000
 2936.299070    0.000000
 2936.974850    0.000000
 2937.650390    0.000000
 2938.327880    0.000000
 2939.003660    0.000000
 2939.681400    0.000000
 2940.357670    0.000000
 2941.035640    0.000000
 2941.712160    0.000000
 2942.389160    0.000000
 2943.067630    0.000000
 2943.744630    0.000000
 2944.423580    0.000000
 2945.100830    0.000000
 2945.780030    0.000000
 2946.457760    0.000000
 2947.135500    0.000000
 2947.815190    0.000000
 2948.493410    0.000000
 2949.173100    0.000000
 2949.851560    0.000000
 2950.531980    0.000000
 2951.210450    0.000000
 2951.889650    0.000000
 2952.570070    0.000000
 2953.249270    0.000000
 2953.930660    0.000000
 2954.610110    0.000000
 2955.291500    0.000000
 2955.971190    0.000000
 2956.651120    0.000000
 2957.333010    0.000000
 2958.013180    0.000000
 2958.695560    0.000000
 2959.376220    0.000000
 2960.058350    0.000000
 2960.739500    0.000000
 2961.420410    0.000000
 2962.103520    0.000000
 2962.784910    0.000000
 2963.468020    0.000000
 2964.149900    0.000000
 2964.833500    0.000000
 2965.515380    0.000000
 2966.197750    0.000000
 2966.881590    0.000000
 2967.564210    0.000000
 2968.248540    0.000000
 2968.931150    0.000000
 2969.615720    0.000000
 2970.299070    0.000000
 2970.984130    0.000000
 2971.667480    0.000000
 2972.351070    0.000000
 2973.036620    0.000000
 2973.720700    0.000000
 2974.406250    0.000000
 2975.090580    0.000000
 2975.776610    0.000000
 2976.461180    0.000000
 2977.146000    0.000000
 2977.832280    0.000000
 2978.517580    0.000000
 2979.204350    0.000000
 2979.889650    0.000000
 2980.576660    0.000000
 2981.262210    0.000000
 2981.948240    0.000000
 2982.635990    0.000000
 2983.322020    0.000000
 2984.010010    0.000000
 2984.696530    0.000000
 2985.384770    0.000000
 2986.071530    0.000000
 2986.758540    0.000000
 2987.447270    0.000000
 2988.134770    0.000000
 2988.823490    0.000000
 2989.510990    0.000000
 2990.200440    0.000000
 2990.888180    0.000000
 2991.576170    0.000000
 2992.266360    0.000000
 2992.954830    0.000000
 2993.644780    0.000000
 2994.333500    0.000000
 2995.023930    0.000000
 2995.713130    0.000000
 2996.402100    0.000000
 2997.093020    0.000000
 2997.782710    0.000000
 2998.473880    0.000000
 2999.163570    0.000000
 2999.855470    0.000000
 3000.545410    0.000000
 3001.235600    0.000000
 3001.927730    0.000000
 3002.618410    0.000000
 3003.310550    0.000000
 3004.001710    0.000000
 3004.694340    0.000000
 3005.385740    0.000000
 3006.076900    0.000000
 3006.770020    0.000000
 3007.461670    0.000000
 3008.155270    0.000000
 3008.847410    0.000000
 3009.541260    0.000000
 3010.233400    0.000000
 3010.926270    0.000000
 3011.620360    0.000000
 3012.313230    0.000000
 3013.007810    0.000000
 3013.700930    0.000000
 3014.395750    0.000000
 3015.089360    0.000000
 3015.783200    0.000000
 3016.478270    0.000000
 3017.172610    0.000000
 3017.868160    0.000000
 3018.562260    0.000000
 3019.258540    0.000000
 3019.952880    0.000000
 3020.647950    0.000000
 3021.344480    0.000000
 3022.039310    0.000000
 3022.736330    0.000000
 3023.431640    0.000000
 3024.128660    0.000000
 3024.824460    0.000000
 3025.522220    0.000000
 3026.218020    0.000000
 3026.914310    0.000000
 3027.612300    0.000000
 3028.308840    0.000000
 3029.007080    0.000000
 3029.703860    0.000000
 3030.402590    0.000000
 3031.099850    0.000000
 3031.797120    0.000000
 3032.496090    0.000000
 3033.193600    0.000000
 3033.893310    0.000000
 3034.591060    0.000000
 3035.290770    0.000000
 3035.989010    0.000000
 3036.687740    0.000000
 3037.387700    0.000000
 3038.086670    0.000000
 3038.787350    0.000000
 3039.486080    0.000000
 3040.187260    0.000000
 3040.886470    0.000000
 3041.586180    0.000000
 3042.287350    0.000000
 3042.987550    0.000000
 3043.689210    0.000000
 3044.389160    0.000000
 3045.091060    0.000000
 3045.791750    0.000000
 3046.492430    0.000000
 3047.194820    0.000000
 3047.896000    0.000000
 3048.598880    0.000000
 3049.300050    0.000000
