2000.43	9.602136e+05 
2003.82	3.638092e+06 
2007.21	8.478998e+05 
2010.61	3.262689e+06 
2014.02	2.348059e+06 
2017.43	2.988548e+06 
2020.85	3.036050e+06 
2024.27	1.936800e+06 
2027.70	1.210795e+06 
2031.14	1.140294e+06 
2034.58	2.815600e+06 
2038.02	2.831250e+06 
2041.48	2.680531e+06 
2044.93	1.842990e+06 
2048.40	1.263877e+06 
2051.87	2.007240e+06 
2055.34	1.381278e+06 
2058.83	1.343907e+06 
2062.31	1.631369e+06 
2065.81	7.449876e+05 
2069.31	2.707896e+06 
2072.81	3.618670e+06 
2076.32	3.988090e+06 
2079.84	1.967397e+06 
2083.36	2.690141e+06 
2086.89	5.916357e+05 
2090.43	1.956304e+06 
2093.97	5.420292e+05 
2097.52	3.015949e+06 
2101.07	3.288528e+06 
2104.63	1.856939e+06 
2108.19	6.089144e+05 
2111.76	3.624022e+06 
2115.34	2.857942e+06 
2118.92	1.558032e+06 
2122.51	2.583208e+06 
2126.11	9.149034e+05 
2129.71	2.686045e+06 
2133.32	3.330742e+06 
2136.93	2.353496e+06 
2140.55	2.089927e+06 
2144.18	3.669328e+06 
2147.81	2.323292e+06 
2151.45	2.709536e+06 
2155.09	3.532532e+06 
2158.74	1.346556e+06 
2162.40	1.722942e+06 
2166.06	2.437215e+06 
2169.73	3.479380e+06 
2173.41	4.600466e+06 
2177.09	3.033077e+06 
2180.78	4.271038e+06 
2184.47	5.938549e+05 
2188.17	3.194962e+06 
2191.88	4.962216e+06 
2195.59	7.059614e+05 
2199.31	1.427644e+06 
2203.04	1.027929e+06 
2206.77	2.326692e+06 
2210.51	2.826520e+06 
2214.25	3.750244e+06 
2218.00	5.092424e+06 
2221.76	2.045109e+06 
2225.52	4.419506e+06 
2229.29	3.151160e+06 
2233.07	4.544548e+06 
2236.85	3.912311e+06 
2240.64	3.007095e+06 
2244.44	5.643430e+06 
2248.24	4.673154e+06 
2252.05	7.307652e+06 
2255.86	4.654917e+06 
2259.68	9.179036e+06 
2263.51	5.876428e+06 
2267.35	4.382000e+06 
2271.19	6.259702e+06 
2275.03	4.771357e+06 
2278.89	4.647534e+06 
2282.75	4.025924e+06 
2286.61	4.886100e+06 
2290.49	2.074136e+06 
2294.37	7.270440e+05 
2298.26	6.178957e+06 
2302.15	4.074384e+06 
2306.05	1.087844e+06 
2309.95	4.577370e+06 
2313.87	9.241708e+06 
2317.79	1.181550e+07 
2321.71	6.253786e+06 
2325.65	2.339406e+06 
2329.59	6.678172e+06 
2333.53	5.082702e+06 
2337.48	7.620380e+06 
2341.44	5.747354e+06 
2345.41	8.540179e+06 
2349.38	8.536590e+06 
2353.36	7.563783e+06 
2357.35	6.539500e+06 
2361.34	1.004351e+07 
2365.34	1.498786e+07 
2369.35	1.054424e+07 
2373.36	9.394775e+06 
2377.38	1.305564e+07 
2381.41	1.005344e+07 
2385.45	2.008256e+07 
2389.49	8.406750e+06 
2393.53	1.125384e+07 
2397.59	5.739590e+06 
2401.65	1.090900e+07 
2405.72	1.646163e+07 
2409.79	1.148910e+07 
2413.88	1.176304e+07 
2417.96	8.385418e+06 
2422.06	9.427320e+06 
2426.16	7.116757e+06 
2430.27	1.324109e+07 
2434.39	1.860467e+07 
2438.51	1.786094e+07 
2442.64	1.071488e+07 
2446.78	4.686222e+06 
2450.93	1.709763e+07 
2455.08	1.396908e+07 
2459.24	7.788194e+06 
2463.40	1.253614e+07 
2467.58	1.259845e+07 
2471.76	1.366110e+07 
2475.94	1.424559e+07 
2480.14	1.134073e+07 
2484.34	1.260618e+07 
2488.55	1.484238e+07 
2492.76	7.136441e+06 
2496.99	1.968166e+07 
2501.22	7.617055e+06 
2505.45	5.695260e+06 
2509.70	1.207643e+07 
2513.95	1.174069e+07 
2518.21	1.192900e+07 
2522.47	9.827791e+06 
2526.74	1.249942e+07 
2531.03	1.723620e+07 
2535.31	1.109193e+07 
2539.61	5.731292e+06 
2543.91	2.305291e+07 
2548.22	1.026136e+07 
2552.54	1.440077e+07 
2556.86	1.144774e+07 
2561.19	7.955792e+06 
2565.53	7.042354e+06 
2569.87	9.864237e+06 
2574.23	9.148092e+06 
2578.59	6.372748e+06 
2582.96	6.815208e+06 
2587.33	6.278856e+06 
2591.72	8.528406e+06 
2596.11	6.460670e+06 
2600.50	4.128274e+06 
2604.91	1.309092e+07 
2609.32	5.811090e+06 
2613.74	1.090458e+07 
2618.17	1.713885e+07 
2622.60	5.920923e+06 
2627.05	1.049421e+07 
2631.50	9.702112e+06 
2635.95	2.080649e+07 
2640.42	5.092266e+06 
2644.89	5.365820e+06 
2649.37	6.427335e+06 
2653.86	4.215454e+06 
2658.36	3.319558e+06 
2662.86	4.167960e+06 
2667.37	3.115420e+05 
2671.89	8.528895e+06 
2676.41	3.232320e+06 
2680.95	9.280760e+05 
2685.49	1.791393e+06 
2690.04	7.820244e+06 
2694.60	1.428507e+06 
2699.16	7.560624e+06 
2703.73	4.307406e+06 
2708.31	2.402723e+06 
2712.90	5.602958e+06 
2717.50	3.258224e+06 
2722.10	1.043962e+07 
2726.71	5.026831e+06 
2731.33	7.516636e+06 
2735.96	9.852001e+06 
2740.59	5.065360e+06 
2745.23	7.803018e+06 
2749.88	9.558504e+06 
2754.54	2.047897e+07 
2759.21	1.333563e+07 
2763.88	5.917876e+06 
2768.56	7.688611e+06 
2773.25	1.029593e+07 
2777.95	5.463213e+06 
2782.66	1.009723e+07 
2787.37	6.506250e+06 
2792.09	5.292905e+06 
2796.82	4.189850e+06 
2801.56	6.041646e+06 
2806.31	2.891055e+06 
2811.06	3.417819e+06 
2815.82	1.637596e+06 
2820.59	2.952081e+06 
2825.37	1.167570e+06 
2830.16	3.573523e+06 
2834.95	5.061386e+06 
2839.75	8.451842e+06 
2844.56	1.238598e+07 
2849.38	9.538363e+06 
2854.21	7.213774e+06 
2859.04	4.461770e+06 
2863.89	1.278632e+07 
2868.74	4.483097e+06 
2873.60	8.660598e+06 
2878.46	7.225114e+06 
2883.34	4.491627e+06 
2888.22	5.307283e+06 
2893.12	5.372912e+06 
2898.02	5.119986e+06 
2902.93	5.940688e+06 
2907.84	2.617016e+06 
2912.77	4.198910e+06 
2917.70	1.422341e+06 
2922.65	5.182852e+06 
2927.60	1.935976e+06 
2932.56	4.771464e+06 
2937.52	1.245721e+06 
2942.50	9.035733e+05 
2947.48	2.268641e+06 
2952.48	6.200504e+06 
2957.48	6.599433e+06 
2962.49	9.918239e+05 
2967.51	4.382158e+06 
2972.53	8.495051e+06 
2977.57	6.521804e+06 
2982.61	2.480413e+06 
2987.67	5.994620e+06 
2992.73	5.995441e+06 
2997.80	1.188278e+06 
3002.87	1.168690e+06 
3007.96	4.667372e+06 
3013.06	6.960521e+05 
3018.16	3.005686e+05 
3023.27	1.223360e+05 
3028.39	1.085753e+06 
3033.52	1.553580e+05 
3038.66	1.391472e+05 
3043.81	8.878804e+05 
3048.97	7.247730e+05 
3054.13	1.119380e+06 
3059.31	3.229629e+05 
3064.49	7.006005e+05 
3069.68	1.706846e+06 
3074.88	1.086999e+06 
3080.09	6.543934e+05 
3085.31	3.294332e+06 
3090.53	4.149782e+05 
3095.77	4.155766e+05 
3101.01	7.773905e+05 
3106.26	5.394658e+05 
3111.53	3.106567e+06 
3116.80	5.631142e+04 
3122.08	4.070326e+06 
3127.37	3.271582e+05 
3132.66	9.172862e+04 
3137.97	1.701884e+06 
3143.29	1.857222e+06 
3148.61	3.775212e+05 
3153.94	1.450293e+06 
3159.29	1.765250e+06 
3164.64	4.126469e+05 
3170.00	4.165652e+06 
3175.37	4.159888e+06 
3180.75	2.907224e+05 
3186.14	3.188558e+06 
3191.53	7.110921e+06 
3196.94	3.214841e+06 
3202.35	5.864718e+06 
3207.78	2.269565e+05 
3213.21	7.849086e+04 
3218.66	5.978638e+06 
3224.11	3.543581e+03 
3229.57	1.019067e+05 
3235.04	3.304230e+06 
3240.52	3.518445e+06 
3246.01	2.860361e+06 
3251.51	3.014550e+06 
3257.02	1.422607e+06 
3262.53	6.478412e+06 
3268.06	3.272048e+06 
3273.60	3.437061e+06 
3279.14	6.176736e+05 
3284.70	9.322574e+06 
3290.26	7.966470e+06 
3295.83	1.338432e+06 
3301.42	5.244982e+06 
3307.01	4.946832e+06 
3312.61	3.463393e+06 
3318.22	2.975058e+06 
3323.84	1.025788e+05 
3329.47	1.155443e+06 
3335.11	1.783073e+05 
3340.76	5.147100e+04 
3346.42	6.338796e+05 
3352.09	8.364861e+02 
3357.77	4.486007e+03 
3363.46	9.056144e+05 
3369.16	4.507446e+05 
3374.86	8.956007e+05 
3380.58	1.166816e+05 
3386.31	1.770277e+06 
3392.04	2.876053e+05 
3397.79	3.502173e+05 
3403.54	6.497561e+05 
3409.31	7.708520e+04 
3415.09	2.698262e+05 
3420.87	1.782924e+06 
3426.67	9.923041e+04 
3432.47	1.790209e+06 
3438.28	5.810111e+04 
3444.11	5.422308e+05 
3449.94	1.232466e+06 
3455.79	9.682461e+05 
3461.64	1.563616e+06 
3467.50	4.637065e+05 
3473.38	2.030930e+06 
3479.26	8.068320e+04 
3485.16	3.093461e+06 
3491.06	2.491328e+05 
3496.97	1.588250e+06 
3502.90	2.929256e+06 
3508.83	1.094776e+06 
3514.77	1.508857e+06 
3520.73	2.384943e+05 
3526.69	3.492614e+05 
3532.67	1.146373e+05 
3538.65	1.527142e+05 
3544.65	3.732075e+05 
3550.65	9.860002e+04 
3556.66	1.121279e+05 
3562.69	1.697239e+05 
3568.72	9.910752e+04 
3574.77	7.625354e+05 
3580.83	4.200787e+04 
3586.89	2.174057e+04 
3592.97	2.707858e+05 
3599.05	1.082258e+04 
3605.15	8.896541e+04 
3611.26	1.123774e+05 
3617.37	9.292276e+04 
3623.50	4.256238e+05 
3629.64	1.040804e+06 
3635.79	1.547096e+05 
3641.95	2.122868e+05 
3648.12	3.912847e+04 
3654.30	4.758320e+04 
3660.49	2.533484e+04 
3666.69	7.259532e+04 
3672.90	9.385480e+04 
3679.12	1.768831e+04 
3685.35	2.685001e+04 
3691.60	2.283760e+04 
3697.85	4.173713e+03 
3704.11	2.349002e+04 
3710.39	2.628098e+04 
3716.67	4.924815e+04 
3722.97	1.309519e+04 
3729.28	7.821938e+04 
3735.59	3.229990e+05 
3741.92	5.582344e+02 
3748.26	2.193595e+05 
3754.61	9.179742e+05 
3760.97	1.895320e+05 
3767.34	4.388484e+05 
3773.72	5.528749e+05 
3780.11	3.141340e+03 
3786.52	3.655254e+05 
3792.93	7.845424e+05 
3799.36	1.542233e+03 
3805.79	1.374084e+05 
3812.24	2.490400e+05 
3818.70	3.795643e+03 
3825.17	2.390742e+05 
3831.65	2.976541e+05 
3838.14	3.421703e+05 
3844.64	3.243482e+04 
3851.15	2.642784e+05 
3857.68	5.553112e+03 
3864.21	7.991124e+03 
3870.76	9.963255e+04 
3877.31	1.013885e+04 
3883.88	8.332663e+04 
3890.46	1.286320e+04 
3897.05	3.599656e+03 
3903.65	8.639258e+04 
3910.26	8.788012e+03 
3916.89	2.886501e+05 
3923.52	1.006660e+06 
3930.17	5.042389e+03 
3936.83	9.032450e+05 
3943.50	2.141226e+06 
3950.18	9.760857e+05 
3956.87	1.560873e+03 
3963.57	3.182262e+03 
3970.28	3.708571e+04 
3977.01	2.605860e+06 
3983.75	3.013025e+05 
3990.50	2.463549e+05 
3997.26	7.301313e+03 
4004.03	1.419378e+04 
4010.81	2.353062e+05 
4017.60	1.669983e+03 
4024.41	3.269970e+04 
4031.23	2.319294e+05 
4038.05	2.087773e+05 
4044.90	1.853152e+04 
4051.75	6.056325e+04 
4058.61	9.851903e+04 
4065.49	1.040827e+05 
4072.37	3.615413e+04 
4079.27	5.829984e+04 
4086.18	3.561192e+04 
4093.10	7.448729e+04 
4100.04	7.224636e+04 
4106.98	1.013497e+04 
4113.94	1.837826e+04 
4120.91	3.931407e+04 
4127.89	8.581136e+05 
4134.88	5.487924e+05 
4141.89	1.118580e+03 
4148.90	1.392408e+05 
4155.93	3.845722e+04 
4162.97	2.988968e+04 
4170.02	4.426898e+04 
4177.09	3.988522e+04 
4184.16	4.530856e+06 
4191.25	9.835246e+04 
4198.35	3.038538e+03 
4205.46	8.810913e+03 
4212.58	6.563552e+04 
4219.72	1.894187e+04 
4226.87	9.550268e+03 
4234.03	6.720049e+04 
4241.20	3.161438e+06 
4248.39	1.529563e+04 
4255.58	1.085961e+05 
4262.79	1.992895e+04 
4270.01	6.723074e+05 
4277.25	1.046574e+04 
4284.49	7.756189e+05 
4291.75	1.335512e+04 
4299.02	1.014842e+05 
4306.30	1.275170e+06 
4313.60	1.701808e+06 
4320.90	4.755500e+05 
4328.22	3.865486e+04 
4335.55	1.494301e+05 
4342.90	4.714776e+04 
4350.25	1.832677e+05 
4357.62	2.264728e+06 
4365.01	2.947046e+05 
4372.40	1.160009e+05 
4379.81	4.904926e+05 
4387.23	3.785864e+04 
4394.66	1.991832e+06 
4402.10	4.577652e+03 
4409.56	6.098935e+04 
4417.03	6.282244e+03 
4424.51	1.827830e+06 
4432.01	9.786720e+03 
4439.51	7.094467e+03 
4447.03	3.187217e+04 
4454.57	6.263080e+04 
4462.11	3.686789e+05 
4469.67	5.657832e+05 
4477.24	2.160174e+04 
4484.83	4.953227e+05 
4492.42	4.073044e+04 
4500.03	2.774364e+06 
4507.66	7.860198e+03 
4515.29	1.599290e+06 
4522.94	1.945795e+06 
4530.60	3.855517e+06 
4538.28	2.061630e+04 
4545.97	5.799849e+05 
4553.67	9.245488e+05 
4561.38	2.627111e+06 
4569.11	2.133146e+06 
4576.85	7.475865e+03 
4584.60	1.018667e+06 
4592.37	4.649064e+06 
4600.15	5.627330e+04 
4607.94	2.376066e+05 
4615.74	9.388708e+03 
4623.56	1.214504e+04 
4631.40	7.474403e+05 
4639.24	3.132331e+06 
4647.10	2.875953e+05 
4654.97	1.735393e+05 
4662.86	2.967898e+05 
4670.76	2.017719e+05 
4678.67	1.431031e+06 
4686.59	8.080221e+03 
4694.53	9.016700e+03 
4702.48	2.464426e+03 
4710.45	6.921485e+03 
4718.43	1.520174e+04 
4726.42	5.486736e+04 
4734.43	3.087460e+04 
4742.45	9.850232e+05 
4750.48	1.099896e+04 
4758.53	3.014265e+04 
4766.59	1.006188e+04 
4774.66	2.591169e+03 
4782.75	1.931888e+04 
4790.85	1.502043e+04 
4798.97	4.062745e+03 
4807.10	4.950237e+03 
4815.24	8.428841e+03 
4823.40	7.018988e+04 
4831.57	2.470594e+04 
4839.75	4.109326e+05 
4847.95	1.023650e+05 
4856.16	6.498911e+04 
4864.39	1.636888e+05 
4872.63	2.520400e+04 
4880.89	3.839905e+05 
4889.15	7.303577e+03 
4897.44	5.591688e+04 
4905.73	4.253755e+05 
4914.04	4.730080e+04 
4922.37	6.924226e+04 
4930.70	4.008090e+06 
4939.06	8.471166e+04 
4947.42	1.875465e+04 
4955.80	2.171252e+05 
4964.20	1.647549e+05 
4972.61	1.141137e+04 
4981.03	1.153215e+05 
4989.47	2.605440e+05 
4997.92	4.344329e+05 
5006.39	7.020602e+05 
5014.87	3.332970e+05 
5023.36	2.549439e+05 
5031.87	1.058510e+07 
5040.40	4.110611e+05 
5048.93	2.427400e+05 
5057.49	3.128226e+05 
5066.05	5.189622e+03 
5074.64	5.671318e+05 
5083.23	3.351447e+05 
5091.84	1.747399e+05 
5100.47	4.830427e+05 
5109.11	7.042412e+05 
5117.76	1.731608e+05 
5126.43	2.909662e+05 
5135.12	3.122326e+05 
5143.81	7.298428e+05 
5152.53	8.392566e+05 
5161.26	5.746627e+05 
5170.00	3.807564e+05 
5178.76	4.838772e+06 
5187.53	4.342897e+05 
5196.32	1.005779e+05 
5205.12	2.382770e+06 
5213.94	4.689116e+05 
5222.77	3.430388e+05 
5231.62	4.976475e+05 
5240.48	3.355687e+05 
5249.36	2.369431e+06 
5258.25	5.724948e+05 
5267.16	7.880948e+05 
5276.08	8.547318e+05 
5285.02	2.462878e+06 
5293.97	1.854052e+06 
5302.94	9.382071e+04 
5311.92	6.033834e+04 
5320.92	2.260517e+05 
5329.93	5.075644e+06 
5338.96	5.755423e+05 
5348.00	2.086518e+05 
5357.06	2.271527e+05 
5366.14	1.260316e+05 
5375.23	1.876843e+06 
5384.33	1.684674e+05 
5393.45	2.816671e+05 
5402.59	2.612912e+05 
5411.74	2.088676e+05 
5420.91	6.047834e+05 
5430.09	1.837798e+04 
5439.29	8.142896e+05 
5448.50	4.217454e+05 
5457.73	3.464038e+05 
5466.98	1.620945e+05 
5476.24	2.213828e+05 
5485.52	1.521557e+05 
5494.81	2.592992e+05 
5504.12	3.840550e+05 
5513.44	1.864311e+05 
5522.78	2.373961e+05 
5532.14	1.272529e+05 
5541.51	2.904452e+05 
5550.89	1.564988e+06 
5560.30	3.529007e+05 
5569.72	1.019958e+05 
5579.15	1.709822e+05 
5588.60	2.158875e+05 
5598.07	1.937764e+05 
5607.55	5.050893e+04 
5617.05	8.525791e+04 
5626.57	2.658709e+03 
5636.10	8.394769e+04 
5645.64	1.732482e+04 
5655.21	9.486604e+04 
5664.79	1.139078e+05 
5674.38	1.187249e+05 
5684.00	7.692295e+04 
5693.62	2.960638e+03 
5703.27	2.407544e+04 
5712.93	3.151883e+04 
5722.61	3.159471e+03 
5732.30	1.840862e+04 
5742.01	7.232225e+04 
5751.74	4.676011e+04 
5761.48	1.376692e+05 
5771.24	8.895916e+03 
5781.02	2.089551e+04 
5790.81	1.711598e+05 
5800.62	1.017037e+05 
5810.45	4.058937e+04 
5820.29	4.526479e+04 
5830.15	5.128218e+04 
5840.02	1.146335e+05 
5849.92	9.262461e+04 
5859.83	1.492585e+03 
5869.75	5.337086e+04 
5879.70	4.182789e+04 
5889.66	1.380075e+03 
5899.63	2.033367e+05 
5909.63	5.098664e+04 
5919.64	1.214419e+05 
5929.67	1.373289e+04 
5939.71	4.819774e+04 
5949.77	3.168692e+03 
5959.85	1.667450e+05 
5969.95	1.642644e+05 
5980.06	6.289575e+04 
5990.19	2.071018e+04 
6000.34	1.034230e+06 
6010.50	9.354340e+03 
6020.68	1.048892e+03 
6030.88	2.135477e+04 
6041.10	6.310120e+03 
6051.33	1.819360e+03 
6061.58	1.220532e+05 
6071.85	1.807688e+04 
6082.13	8.126656e+04 
6092.44	3.440905e+05 
6102.76	2.062822e+04 
6113.10	5.823822e+04 
6123.45	1.433504e+05 
6133.82	4.826127e+04 
6144.21	9.104073e+04 
6154.62	2.290445e+04 
6165.05	1.034440e+06 
6175.49	1.595861e+04 
6185.95	1.024024e+05 
6196.43	6.131403e+04 
6206.93	3.097645e+04 
6217.44	2.982613e+03 
6227.97	3.914134e+04 
6238.52	1.406991e+05 
6249.09	1.178276e+06 
6259.68	1.492126e+06 
6270.28	1.198140e+04 
6280.90	1.305680e+05 
6291.54	2.365263e+04 
6302.20	2.403960e+05 
6312.88	5.810027e+03 
6323.57	9.114301e+04 
6334.28	5.234596e+05 
6345.01	8.050730e+04 
6355.76	5.601609e+04 
6366.53	1.103239e+05 
6377.31	3.906755e+05 
6388.11	1.673302e+05 
6398.94	3.353810e+05 
6409.77	2.198242e+03 
6420.63	9.223530e+04 
6431.51	6.107779e+05 
6442.40	1.270623e+06 
6453.32	1.508876e+05 
6464.25	1.671966e+05 
6475.20	1.887062e+06 
6486.17	1.351165e+04 
6497.16	1.606926e+05 
6508.16	2.329642e+05 
6519.19	1.010980e+05 
6530.23	2.260178e+06 
6541.29	1.906700e+04 
6552.37	3.706267e+04 
6563.47	2.832066e+04 
6574.59	1.508015e+05 
6585.73	8.749809e+04 
6596.88	9.269725e+04 
6608.06	3.408068e+04 
6619.25	3.988258e+04 
6630.46	4.110781e+04 
6641.70	5.064156e+04 
6652.95	6.939571e+03 
6664.22	4.294575e+04 
6675.51	1.995460e+04 
6686.81	1.071425e+03 
6698.14	9.921359e+04 
6709.49	2.290609e+04 
6720.85	2.500645e+04 
6732.24	1.270441e+04 
6743.64	1.653437e+04 
6755.07	2.737807e+03 
6766.51	9.610373e+03 
6777.97	9.693985e+03 
6789.45	1.845616e+04 
6800.95	5.864862e+03 
6812.47	5.874012e+03 
6824.01	1.134744e+04 
6835.57	4.522216e+03 
6847.15	2.435856e+04 
6858.75	4.871407e+03 
6870.37	7.351240e+04 
6882.01	4.240893e+04 
6893.67	9.548983e+03 
6905.34	1.721893e+03 
6917.04	3.604852e+04 
6928.76	2.306113e+04 
6940.50	5.788348e+05 
6952.25	1.051032e+03 
6964.03	8.569327e+03 
6975.83	2.753536e+04 
6987.64	3.240520e+03 
6999.48	7.276014e+03 
7011.34	2.787315e+03 
7023.21	3.277970e+04 
7035.11	1.043042e+03 
7047.03	3.148663e+03 
7058.96	2.269436e+03 
7070.92	3.726134e+04 
7082.90	9.314303e+03 
7094.90	4.008207e+03 
7106.92	3.760967e+03 
7118.96	5.980559e+04 
7131.02	7.425745e+03 
7143.09	1.243478e+04 
7155.19	4.271034e+04 
7167.32	5.752831e+04 
7179.46	1.085850e+05 
7191.62	7.145466e+04 
7203.80	4.420747e+05 
7216.00	2.019140e+04 
7228.23	5.441721e+03 
7240.47	2.278054e+05 
7252.74	3.204795e+03 
7265.02	2.441352e+04 
7277.33	4.270838e+04 
7289.66	3.501083e+03 
7302.01	9.958621e+04 
7314.38	5.009442e+04 
7326.77	3.070197e+05 
7339.18	1.433455e+05 
7351.61	6.242471e+04 
7364.06	1.884271e+04 
7376.54	2.561807e+05 
7389.03	3.660732e+03 
7401.55	1.149662e+04 
7414.09	2.602810e+03 
7426.65	1.085437e+05 
7439.23	2.674321e+04 
7451.83	3.233440e+02 
7464.45	1.354271e+05 
7477.10	3.849990e+05 
7489.76	8.674176e+04 
7502.45	1.342191e+03 
7515.16	2.235393e+05 
7527.89	7.285851e+05 
7540.64	6.295598e+04 
7553.41	9.492483e+04 
7566.21	5.719132e+03 
7579.03	1.160860e+04 
7591.86	1.649324e+05 
7604.73	9.188445e+03 
7617.61	1.093192e+03 
7630.51	1.932237e+05 
7643.44	5.826371e+03 
7656.39	1.949902e+04 
7669.35	2.160214e+05 
7682.35	2.283585e+05 
7695.36	3.061618e+03 
7708.40	2.614634e+05 
7721.45	1.291356e+06 
7734.53	3.677838e+03 
7747.64	1.274474e+05 
7760.76	3.826266e+04 
7773.91	9.511628e+04 
7787.07	3.052962e+04 
7800.27	1.689231e+05 
7813.48	3.840652e+04 
7826.71	4.551463e+03 
7839.97	2.173579e+04 
7853.25	1.212025e+05 
7866.56	3.202934e+04 
7879.88	3.321822e+05 
7893.23	4.176009e+03 
7906.60	1.661643e+04 
7919.99	5.928951e+04 
7933.41	1.663219e+04 
7946.85	2.339977e+03 
7960.31	3.934791e+02 
7973.80	2.959021e+03 
7987.30	6.512924e+05 
8000.83	4.334611e+04 
8014.39	2.511219e+03 
8027.96	1.897857e+04 
8041.56	1.946320e+04 
8055.18	1.330469e+04 
8068.83	1.080644e+04 
8082.50	1.066999e+05 
8096.19	1.576971e+05 
8109.90	3.525615e+04 
8123.64	1.410422e+05 
8137.40	3.206332e+04 
8151.19	1.199879e+04 
8165.00	3.612986e+04 
8178.83	1.034132e+05 
8192.68	9.486555e+03 
8206.56	1.071124e+04 
8220.46	2.294506e+04 
8234.39	1.614497e+05 
8248.33	3.161385e+05 
8262.31	9.689271e+04 
8276.30	8.931174e+04 
8290.32	7.976641e+03 
8304.37	1.903632e+06 
8318.43	2.758909e+05 
8332.52	4.193231e+04 
8346.64	7.232000e+04 
8360.78	3.036603e+04 
8374.94	3.025307e+05 
8389.13	9.103800e+04 
8403.34	6.399980e+04 
8417.57	3.257697e+05 
8431.83	2.537525e+05 
8446.12	2.676147e+04 
8460.42	2.788118e+04 
8474.76	9.865462e+04 
8489.11	4.494293e+05 
8503.49	5.628566e+05 
8517.90	3.167797e+05 
8532.33	2.288294e+04 
8546.78	6.366583e+05 
8561.26	5.842972e+05 
8575.76	3.417095e+03 
8590.29	6.782758e+03 
8604.84	2.019634e+04 
8619.41	1.503586e+04 
8634.02	1.523416e+04 
8648.64	7.129626e+02 
8663.29	6.056890e+03 
8677.97	6.864078e+05 
8692.67	4.941388e+05 
8707.39	4.439491e+05 
8722.14	5.098604e+05 
8736.92	1.644770e+05 
8751.72	1.035514e+03 
8766.54	1.390595e+04 
8781.39	4.325514e+02 
8796.27	1.511038e+03 
8811.17	6.342382e+02 
8826.09	5.218364e+05 
8841.05	3.954533e+05 
8856.02	2.615318e+03 
8871.02	4.547860e+05 
8886.05	7.365292e+03 
8901.10	2.867063e+03 
8916.18	6.496483e+03 
8931.28	3.695563e+05 
8946.41	7.253414e+05 
8961.57	3.240339e+04 
8976.75	2.567935e+03 
8991.96	5.252886e+03 
9007.19	2.630342e+05 
9022.45	8.724442e+02 
9037.73	3.395476e+03 
9053.04	2.396184e+05 
9068.37	4.164825e+03 
9083.74	1.321818e+05 
9099.12	5.285324e+05 
9114.54	2.679561e+05 
9129.98	1.495349e+05 
9145.44	6.683784e+05 
9160.94	7.475101e+02 
9176.45	1.791281e+05 
9192.00	1.247514e+06 
9207.57	2.939388e+05 
9223.17	1.182929e+06 
9238.79	1.321477e+04 
9254.44	1.388155e+04 
9270.12	2.557038e+05 
9285.82	1.405473e+05 
9301.55	2.549564e+03 
9317.31	4.227646e+05 
9333.09	3.047157e+04 
9348.90	2.068578e+05 
9364.74	2.451889e+04 
9380.60	5.780581e+05 
9396.49	4.432092e+04 
9412.41	4.814151e+05 
9428.35	1.148681e+05 
9444.32	3.060154e+05 
9460.32	3.127029e+04 
9476.35	2.271787e+03 
9492.40	3.674599e+04 
9508.48	1.285496e+04 
9524.59	2.520699e+05 
9540.72	3.161236e+05 
9556.88	8.530492e+04 
9573.07	4.672068e+05 
9589.29	7.391284e+05 
9605.53	3.914182e+05 
9621.80	4.011340e+04 
9638.10	2.059173e+05 
9654.43	1.069923e+05 
9670.78	1.954547e+04 
9687.16	4.347210e+04 
9703.57	3.663183e+04 
9720.01	2.492376e+04 
9736.48	1.151343e+04 
9752.97	1.764868e+04 
9769.49	1.506260e+04 
9786.04	4.191779e+03 
9802.62	9.859180e+03 
9819.22	1.481140e+03 
9835.86	1.007129e+06 
9852.52	3.037810e+02 
9869.21	4.122575e+05 
9885.93	2.054534e+02 
9902.67	9.479797e+05 
9919.45	1.177330e+05 
9936.25	5.557435e+05 
9953.08	1.751740e+04 
9969.94	1.369667e+05 
9986.83	3.853553e+01 
10003.75	9.350758e+04 
10020.69	1.696386e+06 
10037.67	1.352017e+03 
10054.67	2.575538e+04 
10071.71	9.467356e+04 
10088.77	2.489381e+03 
10105.86	1.009460e+02 
10122.98	3.424278e+02 
10140.12	7.779312e+03 
10157.30	3.128446e+05 
10174.51	4.112982e+02 
10191.74	6.929661e+05 
10209.01	2.228257e+04 
10226.30	2.350971e+05 
10243.62	2.954849e+02 
10260.97	3.055878e+04 
10278.36	7.360035e+02 
10295.77	2.717956e+02 
10313.21	6.727181e+03 
10330.68	1.001229e+05 
10348.18	6.755266e+04 
10365.71	9.747564e+03 
10383.27	4.091822e+04 
10400.86	4.966279e+02 
10418.47	4.761302e+04 
10436.12	1.449548e+03 
10453.80	1.492114e+05 
10471.51	2.376702e+03 
10489.25	1.075045e+04 
10507.02	3.125357e+05 
10524.81	8.619914e+05 
10542.64	2.856242e+05 
10560.50	1.308773e+05 
10578.39	2.088380e+01 
10596.31	4.739188e+03 
10614.26	6.102030e+03 
10632.24	5.758708e+02 
10650.25	1.886786e+03 
10668.29	4.805245e+02 
10686.36	1.330081e+04 
10704.47	1.709389e+03 
10722.60	3.982580e+02 
10740.76	3.735691e+04 
10758.96	2.019460e+03 
10777.18	4.181783e+04 
10795.44	8.455006e+02 
10813.73	8.035470e+02 
10832.04	3.561532e+02 
10850.39	2.450211e+05 
10868.77	2.006929e+03 
10887.19	1.668777e+06 
10905.63	1.488582e+05 
10924.10	1.137627e+04 
10942.61	5.815215e+02 
10961.14	1.709525e+03 
10979.71	1.376259e+04 
10998.31	3.907169e+02 
11016.94	3.051553e+01 
11035.60	1.262723e+04 
11054.30	1.389539e+02 
11073.02	5.057105e+04 
11091.78	3.070663e+02 
11110.57	2.208399e+05 
11129.39	2.711230e+02 
11148.24	1.882547e+06 
11167.13	1.820372e+03 
11186.04	6.767651e+02 
11204.99	4.131294e+02 
11223.97	1.233635e+02 
11242.99	4.575792e+03 
11262.03	6.316572e+02 
11281.11	1.242775e+04 
11300.22	1.290658e+03 
11319.36	1.059474e+05 
11338.54	4.315736e+03 
11357.74	4.949632e+02 
11376.98	1.995757e+03 
11396.25	3.644540e+03 
11415.56	2.620275e+02 
11434.90	5.981889e+03 
11454.27	7.207675e+01 
11473.67	1.735556e+02 
11493.11	3.584713e+03 
11512.58	4.175167e+02 
11532.08	2.709622e+02 
11551.61	4.598640e+02 
11571.18	4.939641e+03 
11590.78	3.400441e+02 
11610.42	5.695671e+02 
11630.08	2.080598e+03 
11649.78	1.944025e+02 
11669.52	7.381226e+02 
11689.29	5.551052e+02 
11709.09	2.655905e+03 
11728.92	9.628939e+01 
11748.79	1.013238e+02 
11768.69	5.448283e+01 
11788.63	1.389580e+02 
11808.60	2.207992e+02 
11828.60	4.727691e+00 
11848.64	1.408212e+03 
11868.71	2.056358e+03 
11888.82	2.482244e+02 
11908.96	5.755551e+02 
11929.13	6.724974e+03 
11949.34	3.993484e+02 
11969.58	7.633201e+02 
11989.85	1.430198e+03 


