 2653.384280    0.032403
 2653.996340    0.035534
 2654.606690    0.038927
 2655.217290    0.042615
 2655.829830    0.046630
 2656.440670    0.050972
 2657.053220    0.055691
 2657.664550    0.060790
 2658.277340    0.066319
 2658.888920    0.072285
 2659.500730    0.078731
 2660.114010    0.085704
 2660.725830    0.093205
 2661.339360    0.101310
 2661.951660    0.110019
 2662.565430    0.119409
 2663.177980    0.129481
 2663.790530    0.140298
 2664.404790    0.151937
 2665.017820    0.164391
 2665.632320    0.177763
 2666.245610    0.192049
 2666.860350    0.207363
 2667.473880    0.223695
 2668.089110    0.241180
 2668.702880    0.259789
 2669.316890    0.279629
 2669.932370    0.300808
 2670.546630    0.323298
 2671.162350    0.347265
 2671.776860    0.372673
 2672.393070    0.399713
 2673.007810    0.428317
 2673.622560    0.458619
 2674.239260    0.490796
 2674.854490    0.524747
 2675.471190    0.560706
 2676.086670    0.598594
 2676.703860    0.638669
 2677.319580    0.680802
 2677.935550    0.725180
 2678.552980    0.771975
 2679.169190    0.821058
 2679.786870    0.872722
 2680.403560    0.926837
 2681.021480    0.983668
 2681.638430    1.043088
 2682.255370    1.105249
 2682.873780    1.170376
 2683.490970    1.238250
 2684.109860    1.309257
 2684.727290    1.383089
 2685.346440    1.460183
 2685.964110    1.540192
 2686.582030    1.623371
 2687.201660    1.709971
 2687.819820    1.799584
 2688.439450    1.892662
 2689.057860    1.988824
 2689.677980    2.088543
 2690.296880    2.191359
 2690.915770    2.297465
 2691.536380    2.407160
 2692.155270    2.519823
 2692.776370    2.636144
 2693.395750    2.755361
 2694.016850    2.878090
 2694.636720    3.003701
 2695.256590    3.132372
 2695.877930    3.264346
 2696.498050    3.398970
 2697.119870    3.536791
 2697.740480    3.677059
 2698.362550    3.820269
 2698.983400    3.965679
 2699.604250    4.113432
 2700.226810    4.263798
 2700.847900    4.415853
 2701.470700    4.570209
 2702.092040    4.725901
 2702.715330    4.883599
 2703.337160    5.042240
 2703.958980    5.201985
 2704.582520    5.363060
 2705.204830    5.524480
 2705.828370    5.686645
 2706.450930    5.848737
 2707.074950    6.011142
 2707.697750    6.172900
 2708.320800    6.334128
 2708.945310    6.494868
 2709.568360    6.654090
 2710.193360    6.812385
 2710.816650    6.968539
 2711.441890    7.123183
 2712.065670    7.275178
 2712.689450    7.424603
 2713.314940    7.571563
 2713.939210    7.715077
 2714.565190    7.855529
 2715.189450    7.991865
 2715.815670    8.124601
 2716.440430    8.252733
 2717.066890    8.376635
 2717.691890    8.495412
 2718.317140    8.609148
 2718.943850    8.717793
 2719.569340    8.820642
 2720.196530    8.917936
 2720.822270    9.008964
 2721.449710    9.093977
 2722.075680    9.172346
 2722.702150    9.244152
 2723.329830    9.309287
 2723.956300    9.367346
 2724.584470    9.418453
 2725.211430    9.462247
 2725.839600    9.498792
 2726.466800    9.527871
 2727.093990    9.549476
 2727.722900    9.563586
 2728.350340    9.570089
 2728.979490    9.569002
 2729.607420    9.560323
 2730.236820    9.544028
 2730.864750    9.520234
 2731.493160    9.488941
 2732.122800    9.450157
 2732.751460    9.404104
 2733.381590    9.350706
 2734.010500    9.290309
 2734.640870    9.222795
 2735.270020    9.148605
 2735.899410    9.067755
 2736.530270    8.980249
 2737.159670    8.886696
 2737.790770    8.786833
 2738.420650    8.681345
 2739.052250    8.569971
 2739.682370    8.453518
 2740.312500    8.331991
 2740.944340    8.205307
 2741.575200    8.074271
 2742.207280    7.938707
 2742.838130    7.799425
 2743.470460    7.656123
 2744.101560    7.509704
 2744.732910    7.360134
 2745.365970    7.207352
 2745.997310    7.052486
 2746.630860    6.894876
 2747.262700    6.735794
 2747.896000    6.574739
 2748.528080    6.412689
 2749.160640    6.249501
 2749.794430    6.085270
 2750.427000    5.920910
 2751.061280    5.755938
 2751.694090    5.591447
 2752.328610    5.426877
 2752.961910    5.263241
 2753.595210    5.100467
 2754.230220    4.938359
 2754.863770    4.777953
 2755.499020    4.618666
 2756.132810    4.461500
 2756.768550    4.305810
 2757.402590    4.152678
 2758.036870    4.001803
 2758.673100    3.852952
 2759.307620    3.707140
 2759.943850    3.563724
 2760.578860    3.423498
 2761.215330    3.285994
 2761.850590    3.151903
 2762.487550    3.020711
 2763.123050    2.893164
 2763.758790    2.768988
 2764.396000    2.648028
 2765.031980    2.530857
 2765.669430    2.417034
 2766.305910    2.307043
 2766.943600    2.200541
 2767.580320    2.097924
 2768.216800    1.999084
 2768.855220    1.903709
 2769.492190    1.812323
 2770.130860    1.724471
 2770.768070    1.640593
 2771.407230    1.560234
 2772.044680    1.483845
 2772.682130    1.411194
 2773.321780    1.342031
 2773.959720    1.276765
 2774.599370    1.215025
 2775.237550    1.157099
 2775.877690    1.102658
 2776.516360    1.051976
 2777.155030    1.004904
 2777.795170    0.961327
 2778.434330    0.921397
 2779.074950    0.884951
 2779.714360    0.852133
 2780.355470    0.822784
 2780.995120    0.797051
 2781.634770    0.774860
 2782.276120    0.756170
 2782.916260    0.741079
 2783.558110    0.729538
 2784.198490    0.721625
 2784.840330    0.717331
 2785.480960    0.716707
 2786.121830    0.719786
 2786.764400    0.726635
 2787.405270    0.737272
 2788.048100    0.751822
 2788.689450    0.770279
 2789.332520    0.792811
 2789.974370    0.819405
 2790.615970    0.850177
 2791.259770    0.885361
 2791.901610    0.924837
 2792.545410    0.968961
 2793.187990    1.017641
 2793.832030    1.071212
 2794.474850    1.129586
 2795.117680    1.193001
 2795.762210    1.261792
 2796.405520    1.335806
 2797.050290    1.415512
 2797.693600    1.500713
 2798.338870    1.592034
 2798.982420    1.689134
 2799.626460    1.792500
 2800.272220    1.902541
 2800.916260    2.018851
 2801.562260    2.142282
 2802.206790    2.272367
 2802.852780    2.409880
 2803.497560    2.554436
 2804.142580    2.706525
 2804.789310    2.866702
 2805.434330    3.034295
 2806.081300    3.210426
 2806.726810    3.394338
 2807.374020    3.587091
 2808.020020    3.787972
 2808.666020    3.997472
 2809.313480    4.216224
 2809.959960    4.443525
 2810.607910    4.680354
 2811.254390    4.925724
 2811.902830    5.181015
 2812.549560    5.444854
 2813.198240    5.718775
 2813.845210    6.001263
 2814.492680    6.293252
 2815.141600    6.595203
 2815.789310    6.905834
 2816.438720    7.226495
 2817.086430    7.555411
 2817.736080    7.894336
 2818.384520    8.241487
 2819.032710    8.597194
 2819.682620    8.962367
 2820.331300    9.335146
 2820.981930    9.717123
 2821.630620    10.105724
 2822.281490    10.503133
 2822.930660    10.906633
 2823.580080    11.317052
 2824.231200    11.734943
 2824.880860    12.157848
 2825.532230    12.587377
 2826.182370    13.021120
 2826.833980    13.460351
 2827.484380    13.902719
 2828.134770    14.348474
 2828.786870    14.798199
 2829.437740    15.249251
 2830.090090    15.702846
 2830.741210    16.156439
 2831.394040    16.611378
 2832.045410    17.064732
 2832.697020    17.516962
 2833.350100    17.968157
 2834.001950    18.415689
 2834.655520    18.860790
 2835.307620    19.300503
 2835.961180    19.735998
 2836.613770    20.164839
 2837.266360    20.586872
 2837.920410    21.002205
 2838.573490    21.408472
 2839.228030    21.806364
 2839.881100    22.193308
 2840.535890    22.570377
 2841.189450    22.935093
 2841.843020    23.287403
 2842.498540    23.627556
 2843.152340    23.952906
 2843.807860    24.264450
 2844.462160    24.560091
 2845.118160    24.840483
 2845.772710    25.103628
 2846.427250    25.349583
 2847.083740    25.578443
 2847.738770    25.788471
 2848.395260    25.980123
 2849.050540    26.152161
 2849.707760    26.304985
 2850.363280    26.437374
 2851.018800    26.549440
 2851.676270    26.641163
 2852.332280    26.711826
 2852.989990    26.761591
 2853.646480    26.790094
 2854.304440    26.797375
 2854.960940    26.783380
 2855.617920    26.748150
 2856.276370    26.691620
 2856.933350    26.614180
 2857.592290    26.515585
 2858.249760    26.396559
 2858.908940    26.256798
 2859.566650    26.097292
 2860.224370    25.918129
 2860.883790    25.719187
 2861.541750    25.501875
 2862.201900    25.265459
 2862.860350    25.011862
 2863.520510    24.740353
 2864.179200    24.452845
 2864.839840    24.148478
 2865.498780    23.829611
 2866.157960    23.496061
 2866.818850    23.147757
 2867.478520    22.786983
 2868.139650    22.413050
 2868.799320    22.028404
 2869.460940    21.631855
 2870.121090    21.226263
 2870.781490    20.811436
 2871.443360    20.387407
 2872.103760    19.956898
 2872.766360    19.518353
 2873.427000    19.075357
 2874.089600    18.626127
 2874.750730    18.173807
 2875.412110    17.718050
 2876.075440    17.258480
 2876.736820    16.798592
 2877.400390    16.336281
 2878.062260    15.875022
 2878.725830    15.413178
 2879.388180    14.953502
 2880.050540    14.495834
 2880.714600    14.039672
 2881.377440    13.587670
 2882.041750    13.138617
 2882.704830    12.694908
 2883.369380    12.255307
 2884.032960    11.821959
 2884.696530    11.394701
 2885.361330    10.973228
 2886.025390    10.559213
 2886.690920    10.151692
 2887.354980    9.752823
 2888.020510    9.361179
 2888.685060    8.978500
 2889.349610    8.604478
 2890.015870    8.238413
 2890.680910    7.882132
 2891.347410    7.534372
 2892.012700    7.196684
 2892.679200    6.867947
 2893.344970    6.549218
 2894.010500    6.240305
 2894.677730    5.940365
 2895.343510    5.650841
 2896.011470    5.370140
 2896.677490    5.099974
 2897.345460    4.838701
 2898.011960    4.587589
 2898.678960    4.345785
 2899.347170    4.112941
 2900.014160    3.889778
 2900.682860    3.675179
 2901.350100    3.470006
 2902.019530    3.272971
 2902.687010    3.085121
 2903.354740    2.905605
 2904.024410    2.733804
 2904.692380    2.570447
 2905.361820    2.414537
 2906.030520    2.266374
 2906.700680    2.125252
 2907.369140    1.991606
 2908.038090    1.864740
 2908.708500    1.744265
 2909.377930    1.630385
 2910.048830    1.522457
 2910.718260    1.420713
 2911.389650    1.324405
 2912.059330    1.233826
 2912.729250    1.148464
 2913.400630    1.067956
 2914.070800    0.992403
 2914.742920    0.921232
 2915.413570    0.854596
 2916.085690    0.791993
 2916.756590    0.733469
 2917.429200    0.678573
 2918.100340    0.627372
 2918.771730    0.579536
 2919.444580    0.534811
 2920.116210    0.493199
 2920.789550    0.454352
 2921.461670    0.418281
 2922.135500    0.384670
 2922.807370    0.353553
 2923.479740    0.324662
 2924.154050    0.297811
 2924.826660    0.273011
 2925.500980    0.250013
 2926.174070    0.228798
 2926.848880    0.209161
 2927.522220    0.191087
 2928.195800    0.174423
 2928.870850    0.159048
 2929.544920    0.144927
 2930.220460    0.131922
 2930.894530    0.120008
 2931.570310    0.109052
 2932.244630    0.099033
 2932.919190    0.089857
 2933.595700    0.081440
 2934.270260    0.073771
 2934.947270    0.066743
 2935.622310    0.060352
 2936.299070    0.054513
 2936.974850    0.049205
 2937.650390    0.044377
 2938.327880    0.039979
 2939.003660    0.035995
 2939.681400    0.032371
 2940.357670    0.029094
 2941.035640    0.026119
 2941.712160    0.023435
 2942.389160    0.021007
 2943.067630    0.018810
 2943.744630    0.016833
 2944.423580    0.015046
 2945.100830    0.013441
 2945.780030    0.011993
 2946.457760    0.010695
 2947.135500    0.009529
 2947.815190    0.008481
 2948.493410    0.007543
 2949.173100    0.006701
 2949.851560    0.005950
 2950.531980    0.005277
 2951.210450    0.004677
 2951.889650    0.004142
 2952.570070    0.003663
 2953.249270    0.003239
 2953.930660    0.002859
 2954.610110    0.002523
 2955.291500    0.002224
 2955.971190    0.001959
 2956.651120    0.001724
 2957.333010    0.001515
 2958.013180    0.001331
 2958.695560    0.001168
 2959.376220    0.001025
 2960.058350    0.000897
 2960.739500    0.000786
 2961.420410    0.000688
 2962.103520    0.000601
 2962.784910    0.000525
 2963.468020    0.000458
 2964.149900    0.000399
 2964.833500    0.000347
 2965.515380    0.000302
 2966.197750    0.000262
 2966.881590    0.000228
 2967.564210    0.000197
 2968.248540    0.000172
 2968.931150    0.000149
 2969.615720    0.000129
 2970.299070    0.000111
 2970.984130    0.000096
 2971.667480    0.000083
 2972.351070    0.000072
 2973.036620    0.000061
 2973.720700    0.000052
 2974.406250    0.000046
 2975.090580    0.000039
 2975.776610    0.000033
 2976.461180    0.000029
 2977.146000    0.000025
 2977.832280    0.000021
 2978.517580    0.000018
 2979.204350    0.000015
 2979.889650    0.000013
 2980.576660    0.000011
 2981.262210    0.000010
 2981.948240    0.000009
 2982.635990    0.000007
 2983.322020    0.000006
 2984.010010    0.000005
 2984.696530    0.000004
 2985.384770    0.000004
 2986.071530    0.000003
 2986.758540    0.000003
 2987.447270    0.000002
 2988.134770    0.000002
 2988.823490    0.000002
 2989.510990    0.000001
 2990.200440    0.000001
 2990.888180    0.000001
 2991.576170    0.000001
 2992.266360    0.000001
 2992.954830    0.000001
 2993.644780    0.000000
 2994.333500    0.000000
 2995.023930    0.000000
 2995.713130    0.000000
 2996.402100    0.000000
 2997.093020    0.000000
 2997.782710    0.000000
 2998.473880    0.000000
 2999.163570    0.000000
 2999.855470    0.000000
 3000.545410    0.000000
 3001.235600    0.000000
 3001.927730    0.000000
 3002.618410    0.000000
 3003.310550    0.000000
 3004.001710    0.000000
 3004.694340    0.000000
 3005.385740    0.000000
 3006.076900    0.000000
 3006.770020    0.000000
 3007.461670    0.000000
 3008.155270    0.000000
 3008.847410    0.000000
 3009.541260    0.000000
 3010.233400    0.000000
 3010.926270    0.000000
 3011.620360    0.000000
 3012.313230    0.000000
 3013.007810    0.000000
 3013.700930    0.000000
 3014.395750    0.000000
 3015.089360    0.000000
 3015.783200    0.000000
 3016.478270    0.000000
 3017.172610    0.000000
 3017.868160    0.000000
 3018.562260    0.000000
 3019.258540    0.000000
 3019.952880    0.000000
 3020.647950    0.000000
 3021.344480    0.000000
 3022.039310    0.000000
 3022.736330    0.000000
 3023.431640    0.000000
 3024.128660    0.000000
 3024.824460    0.000000
 3025.522220    0.000000
 3026.218020    0.000000
 3026.914310    0.000000
 3027.612300    0.000000
 3028.308840    0.000000
 3029.007080    0.000000
 3029.703860    0.000000
 3030.402590    0.000000
 3031.099850    0.000000
 3031.797120    0.000000
 3032.496090    0.000000
 3033.193600    0.000000
 3033.893310    0.000000
 3034.591060    0.000000
 3035.290770    0.000000
 3035.989010    0.000000
 3036.687740    0.000000
 3037.387700    0.000000
 3038.086670    0.000000
 3038.787350    0.000000
 3039.486080    0.000000
 3040.187260    0.000000
 3040.886470    0.000000
 3041.586180    0.000000
 3042.287350    0.000000
 3042.987550    0.000000
 3043.689210    0.000000
 3044.389160    0.000000
 3045.091060    0.000000
 3045.791750    0.000000
 3046.492430    0.000000
 3047.194820    0.000000
 3047.896000    0.000000
 3048.598880    0.000000
 3049.300050    0.000000
