 2653.384280    0.000000
 2653.996340    0.000000
 2654.606690    0.000000
 2655.217290    0.000000
 2655.829830    0.000000
 2656.440670    0.000000
 2657.053220    0.000000
 2657.664550    0.000000
 2658.277340    0.000000
 2658.888920    0.000000
 2659.500730    0.000000
 2660.114010    0.000000
 2660.725830    0.000000
 2661.339360    0.000000
 2661.951660    0.000000
 2662.565430    0.000000
 2663.177980    0.000000
 2663.790530    0.000000
 2664.404790    0.000000
 2665.017820    0.000000
 2665.632320    0.000000
 2666.245610    0.000000
 2666.860350    0.000000
 2667.473880    0.000000
 2668.089110    0.000000
 2668.702880    0.000000
 2669.316890    0.000000
 2669.932370    0.000000
 2670.546630    0.000000
 2671.162350    0.000000
 2671.776860    0.000000
 2672.393070    0.000000
 2673.007810    0.000000
 2673.622560    0.000000
 2674.239260    0.000000
 2674.854490    0.000000
 2675.471190    0.000000
 2676.086670    0.000000
 2676.703860    0.000000
 2677.319580    0.000000
 2677.935550    0.000000
 2678.552980    0.000000
 2679.169190    0.000000
 2679.786870    0.000000
 2680.403560    0.000000
 2681.021480    0.000000
 2681.638430    0.000000
 2682.255370    0.000000
 2682.873780    0.000000
 2683.490970    0.000000
 2684.109860    0.000000
 2684.727290    0.000000
 2685.346440    0.000000
 2685.964110    0.000000
 2686.582030    0.000000
 2687.201660    0.000000
 2687.819820    0.000000
 2688.439450    0.000000
 2689.057860    0.000000
 2689.677980    0.000000
 2690.296880    0.000000
 2690.915770    0.000000
 2691.536380    0.000000
 2692.155270    0.000000
 2692.776370    0.000000
 2693.395750    0.000000
 2694.016850    0.000000
 2694.636720    0.000000
 2695.256590    0.000000
 2695.877930    0.000000
 2696.498050    0.000000
 2697.119870    0.000000
 2697.740480    0.000000
 2698.362550    0.000000
 2698.983400    0.000000
 2699.604250    0.000000
 2700.226810    0.000000
 2700.847900    0.000000
 2701.470700    0.000000
 2702.092040    0.000000
 2702.715330    0.000000
 2703.337160    0.000000
 2703.958980    0.000000
 2704.582520    0.000000
 2705.204830    0.000000
 2705.828370    0.000000
 2706.450930    0.000000
 2707.074950    0.000000
 2707.697750    0.000000
 2708.320800    0.000000
 2708.945310    0.000000
 2709.568360    0.000000
 2710.193360    0.000000
 2710.816650    0.000000
 2711.441890    0.000000
 2712.065670    0.000000
 2712.689450    0.000000
 2713.314940    0.000000
 2713.939210    0.000000
 2714.565190    0.000000
 2715.189450    0.000000
 2715.815670    0.000000
 2716.440430    0.000000
 2717.066890    0.000000
 2717.691890    0.000000
 2718.317140    0.000000
 2718.943850    0.000000
 2719.569340    0.000000
 2720.196530    0.000000
 2720.822270    0.000000
 2721.449710    0.000000
 2722.075680    0.000000
 2722.702150    0.000000
 2723.329830    0.000000
 2723.956300    0.000000
 2724.584470    0.000000
 2725.211430    0.000000
 2725.839600    0.000000
 2726.466800    0.000000
 2727.093990    0.000000
 2727.722900    0.000000
 2728.350340    0.000000
 2728.979490    0.000000
 2729.607420    0.000000
 2730.236820    0.000000
 2730.864750    0.000000
 2731.493160    0.000000
 2732.122800    0.000000
 2732.751460    0.000000
 2733.381590    0.000000
 2734.010500    0.000000
 2734.640870    0.000000
 2735.270020    0.000000
 2735.899410    0.000000
 2736.530270    0.000000
 2737.159670    0.000000
 2737.790770    0.000000
 2738.420650    0.000000
 2739.052250    0.000000
 2739.682370    0.000000
 2740.312500    0.000000
 2740.944340    0.000000
 2741.575200    0.000000
 2742.207280    0.000000
 2742.838130    0.000000
 2743.470460    0.000000
 2744.101560    0.000000
 2744.732910    0.000000
 2745.365970    0.000000
 2745.997310    0.000000
 2746.630860    0.000000
 2747.262700    0.000000
 2747.896000    0.000000
 2748.528080    0.000000
 2749.160640    0.000000
 2749.794430    0.000000
 2750.427000    0.000000
 2751.061280    0.000000
 2751.694090    0.000000
 2752.328610    0.000000
 2752.961910    0.000000
 2753.595210    0.000000
 2754.230220    0.000000
 2754.863770    0.000000
 2755.499020    0.000000
 2756.132810    0.000000
 2756.768550    0.000000
 2757.402590    0.000000
 2758.036870    0.000000
 2758.673100    0.000000
 2759.307620    0.000000
 2759.943850    0.000000
 2760.578860    0.000000
 2761.215330    0.000000
 2761.850590    0.000000
 2762.487550    0.000000
 2763.123050    0.000000
 2763.758790    0.000000
 2764.396000    0.000000
 2765.031980    0.000000
 2765.669430    0.000000
 2766.305910    0.000000
 2766.943600    0.000000
 2767.580320    0.000000
 2768.216800    0.000000
 2768.855220    0.000000
 2769.492190    0.000000
 2770.130860    0.000000
 2770.768070    0.000000
 2771.407230    0.000000
 2772.044680    0.000000
 2772.682130    0.000000
 2773.321780    0.000000
 2773.959720    0.000000
 2774.599370    0.000000
 2775.237550    0.000000
 2775.877690    0.000000
 2776.516360    0.000000
 2777.155030    0.000000
 2777.795170    0.000000
 2778.434330    0.000000
 2779.074950    0.000000
 2779.714360    0.000000
 2780.355470    0.000001
 2780.995120    0.000001
 2781.634770    0.000001
 2782.276120    0.000001
 2782.916260    0.000001
 2783.558110    0.000001
 2784.198490    0.000001
 2784.840330    0.000002
 2785.480960    0.000002
 2786.121830    0.000002
 2786.764400    0.000003
 2787.405270    0.000003
 2788.048100    0.000004
 2788.689450    0.000004
 2789.332520    0.000005
 2789.974370    0.000006
 2790.615970    0.000007
 2791.259770    0.000008
 2791.901610    0.000009
 2792.545410    0.000010
 2793.187990    0.000012
 2793.832030    0.000014
 2794.474850    0.000016
 2795.117680    0.000019
 2795.762210    0.000022
 2796.405520    0.000025
 2797.050290    0.000030
 2797.693600    0.000033
 2798.338870    0.000039
 2798.982420    0.000045
 2799.626460    0.000051
 2800.272220    0.000060
 2800.916260    0.000069
 2801.562260    0.000079
 2802.206790    0.000091
 2802.852780    0.000105
 2803.497560    0.000120
 2804.142580    0.000137
 2804.789310    0.000157
 2805.434330    0.000180
 2806.081300    0.000207
 2806.726810    0.000237
 2807.374020    0.000270
 2808.020020    0.000309
 2808.666020    0.000352
 2809.313480    0.000402
 2809.959960    0.000458
 2810.607910    0.000521
 2811.254390    0.000592
 2811.902830    0.000673
 2812.549560    0.000765
 2813.198240    0.000868
 2813.845210    0.000984
 2814.492680    0.001115
 2815.141600    0.001263
 2815.789310    0.001428
 2816.438720    0.001615
 2817.086430    0.001823
 2817.736080    0.002058
 2818.384520    0.002321
 2819.032710    0.002615
 2819.682620    0.002945
 2820.331300    0.003313
 2820.981930    0.003725
 2821.630620    0.004184
 2822.281490    0.004697
 2822.930660    0.005266
 2823.580080    0.005900
 2824.231200    0.006608
 2824.880860    0.007392
 2825.532230    0.008264
 2826.182370    0.009230
 2826.833980    0.010302
 2827.484380    0.011487
 2828.134770    0.012797
 2828.786870    0.014249
 2829.437740    0.015849
 2830.090090    0.017619
 2830.741210    0.019565
 2831.394040    0.021714
 2832.045410    0.024073
 2832.697020    0.026667
 2833.350100    0.029521
 2834.001950    0.032647
 2834.655520    0.036082
 2835.307620    0.039837
 2835.961180    0.043955
 2836.613770    0.048449
 2837.266360    0.053357
 2837.920410    0.058725
 2838.573490    0.064569
 2839.228030    0.070947
 2839.881100    0.077872
 2840.535890    0.085421
 2841.189450    0.093604
 2841.843020    0.102483
 2842.498540    0.112138
 2843.152340    0.122567
 2843.807860    0.133882
 2844.462160    0.146090
 2845.118160    0.159309
 2845.772710    0.173542
 2846.427250    0.188882
 2847.083740    0.205451
 2847.738770    0.223238
 2848.395260    0.242399
 2849.050540    0.262936
 2849.707760    0.285033
 2850.363280    0.308654
 2851.018800    0.333942
 2851.676270    0.361073
 2852.332280    0.389998
 2852.989990    0.420960
 2853.646480    0.453919
 2854.304440    0.489115
 2854.960940    0.526493
 2855.617920    0.566266
 2856.276370    0.608611
 2856.933350    0.653449
 2857.592290    0.701126
 2858.249760    0.751510
 2858.908940    0.804957
 2859.566650    0.861325
 2860.224370    0.920842
 2860.883790    0.983785
 2861.541750    1.049964
 2862.201900    1.119865
 2862.860350    1.193185
 2863.520510    1.270411
 2864.179200    1.351280
 2864.839840    1.436313
 2865.498780    1.525138
 2866.157960    1.618099
 2866.818850    1.715508
 2867.478520    1.817022
 2868.139650    1.923133
 2868.799320    2.033440
 2869.460940    2.148586
 2870.121090    2.268036
 2870.781490    2.392136
 2871.443360    2.521174
 2872.103760    2.654610
 2872.766360    2.793213
 2873.427000    2.936131
 2874.089600    3.084211
 2874.750730    3.236684
 2875.412110    3.393912
 2876.075440    3.556295
 2876.736820    3.722831
 2877.400390    3.894515
 2878.062260    4.070274
 2878.725830    4.250937
 2879.388180    4.435616
 2880.050540    4.624538
 2880.714600    4.818089
 2881.377440    5.015292
 2882.041750    5.216806
 2882.704830    5.421663
 2883.369380    5.630529
 2884.032960    5.842464
 2884.696530    6.057584
 2885.361330    6.276093
 2886.025390    6.497142
 2886.690920    6.721250
 2887.354980    6.947195
 2888.020510    7.175739
 2888.685060    7.405799
 2889.349610    7.637456
 2890.015870    7.871050
 2890.680910    8.105292
 2891.347410    8.340855
 2892.012700    8.576511
 2892.679200    8.812852
 2893.344970    9.048901
 2894.010500    9.284551
 2894.677730    9.520205
 2895.343510    9.754466
 2896.011470    9.988332
 2896.677490    10.220072
 2897.345460    10.450768
 2898.011960    10.678964
 2898.678960    10.905067
 2899.347170    11.129054
 2900.014160    11.349845
 2900.682860    11.568159
 2901.350100    11.782716
 2902.019530    11.994451
 2902.687010    12.201826
 2903.354740    12.405321
 2904.024410    12.605228
 2904.692380    12.800257
 2905.361820    12.991144
 2906.030520    13.177083
 2906.700680    13.358512
 2907.369140    13.534413
 2908.038090    13.705239
 2908.708500    13.871078
 2909.377930    14.031195
 2910.048830    14.186062
 2910.718260    14.334894
 2911.389650    14.478351
 2912.059330    14.615565
 2912.729250    14.746881
 2913.400630    14.872454
 2914.070800    14.991715
 2914.742920    15.105175
 2915.413570    15.212208
 2916.085690    15.313242
 2916.756590    15.407850
 2917.429200    15.496413
 2918.100340    15.578492
 2918.771730    15.654305
 2919.444580    15.723955
 2920.116210    15.787161
 2920.789550    15.844192
 2921.461670    15.894794
 2922.135500    15.939192
 2922.807370    15.977151
 2923.479740    16.008842
 2924.154050    16.034313
 2924.826660    16.053436
 2925.500980    16.066320
 2926.174070    16.072920
 2926.848880    16.073273
 2927.522220    16.067390
 2928.195800    16.055296
 2928.870850    16.036959
 2929.544920    16.012455
 2930.220460    15.981716
 2930.894530    15.944892
 2931.570310    15.901830
 2932.244630    15.852754
 2932.919190    15.797579
 2933.595700    15.736165
 2934.270260    15.668898
 2934.947270    15.595366
 2935.622310    15.516070
 2936.299070    15.430632
 2936.974850    15.339416
 2937.650390    15.242393
 2938.327880    15.139275
 2939.003660    15.030672
 2939.681400    14.916056
 2940.357670    14.796068
 2941.035640    14.670217
 2941.712160    14.539167
 2942.389160    14.402642
 2943.067630    14.260516
 2943.744630    14.113503
 2944.423580    13.960968
 2945.100830    13.803844
 2945.780030    13.641406
 2946.457760    13.474599
 2947.135500    13.303218
 2947.815190    13.126895
 2948.493410    12.946671
 2949.173100    12.761931
 2949.851560    12.573574
 2950.531980    12.380892
 2951.210450    12.185175
 2951.889650    11.985852
 2952.570070    11.782964
 2953.249270    11.577446
 2953.930660    11.368466
 2954.610110    11.157515
 2955.291500    10.943601
 2955.971190    10.728096
 2956.651120    10.510619
 2957.333010    10.290847
 2958.013180    10.070193
 2958.695560    9.847631
 2959.376220    9.624668
 2960.058350    9.400507
 2960.739500    9.176189
 2961.420410    8.951716
 2962.103520    8.726519
 2962.784910    8.502123
 2963.468020    8.277637
 2964.149900    8.054256
 2964.833500    7.831252
 2965.515380    7.609964
 2966.197750    7.389893
 2966.881590    7.170945
 2967.564210    6.954188
 2968.248540    6.738898
 2968.931150    6.526347
 2969.615720    6.315580
 2970.299070    6.107764
 2970.984130    5.902181
 2971.667480    5.700020
 2972.351070    5.500852
 2973.036620    5.304339
 2973.720700    5.111602
 2974.406250    4.921945
 2975.090580    4.736231
 2975.776610    4.553778
 2976.461180    4.375532
 2977.146000    4.201128
 2977.832280    4.030348
 2978.517580    3.863875
 2979.204350    3.701181
 2979.889650    3.543010
 2980.576660    3.388675
 2981.262210    3.238920
 2981.948240    3.093335
 2982.635990    2.951694
 2983.322020    2.814708
 2984.010010    2.681642
 2984.696530    2.553152
 2985.384770    2.428627
 2986.071530    2.308616
 2986.758540    2.192775
 2987.447270    2.080835
 2988.134770    1.973228
 2988.823490    1.869519
 2989.510990    1.770017
 2990.200440    1.674203
 2990.888180    1.582520
 2991.576170    1.494620
 2992.266360    1.410196
 2992.954830    1.329647
 2993.644780    1.252516
 2994.333500    1.179014
 2995.023930    1.108743
 2995.713130    1.041910
 2996.402100    0.978315
 2997.093020    0.917672
 2997.782710    0.860165
 2998.473880    0.805472
 2999.163570    0.753728
 2999.855470    0.704560
 3000.545410    0.658168
 3001.235600    0.614293
 3001.927730    0.572741
 3002.618410    0.533621
 3003.310550    0.496671
 3004.001710    0.461927
 3004.694340    0.429177
 3005.385740    0.398455
 3006.076900    0.369619
 3006.770020    0.342500
 3007.461670    0.317143
 3008.155270    0.293342
 3008.847410    0.271133
 3009.541260    0.250336
 3010.233400    0.230974
 3010.926270    0.212904
 3011.620360    0.196044
 3012.313230    0.180386
 3013.007810    0.165794
 3013.700930    0.152274
 3014.395750    0.139702
 3015.089360    0.128071
 3015.783200    0.117299
 3016.478270    0.107320
 3017.172610    0.098109
 3017.868160    0.089594
 3018.562260    0.081758
 3019.258540    0.074519
 3019.952880    0.067876
 3020.647950    0.061762
 3021.344480    0.056136
 3022.039310    0.050988
 3022.736330    0.046255
 3023.431640    0.041932
 3024.128660    0.037970
 3024.824460    0.034355
 3025.522220    0.031048
 3026.218020    0.028040
 3026.914310    0.025298
 3027.612300    0.022798
 3028.308840    0.020530
 3029.007080    0.018465
 3029.703860    0.016596
 3030.402590    0.014897
 3031.099850    0.013364
 3031.797120    0.011976
 3032.496090    0.010720
 3033.193600    0.009588
 3033.893310    0.008565
 3034.591060    0.007647
 3035.290770    0.006818
 3035.989010    0.006074
 3036.687740    0.005406
 3037.387700    0.004807
 3038.086670    0.004270
 3038.787350    0.003788
 3039.486080    0.003358
 3040.187260    0.002974
 3040.886470    0.002631
 3041.586180    0.002326
 3042.287350    0.002053
 3042.987550    0.001811
 3043.689210    0.001596
 3044.389160    0.001405
 3045.091060    0.001236
 3045.791750    0.001085
 3046.492430    0.000953
 3047.194820    0.000835
 3047.896000    0.000731
 3048.598880    0.000640
 3049.300050    0.000560
