 2653.384280    0.000000
 2653.996340    0.000000
 2654.606690    0.000000
 2655.217290    0.000000
 2655.829830    0.000000
 2656.440670    0.000000
 2657.053220    0.000000
 2657.664550    0.000000
 2658.277340    0.000000
 2658.888920    0.000000
 2659.500730    0.000000
 2660.114010    0.000000
 2660.725830    0.000000
 2661.339360    0.000000
 2661.951660    0.000000
 2662.565430    0.000000
 2663.177980    0.000000
 2663.790530    0.000000
 2664.404790    0.000000
 2665.017820    0.000000
 2665.632320    0.000000
 2666.245610    0.000000
 2666.860350    0.000000
 2667.473880    0.000000
 2668.089110    0.000000
 2668.702880    0.000000
 2669.316890    0.000000
 2669.932370    0.000000
 2670.546630    0.000000
 2671.162350    0.000000
 2671.776860    0.000000
 2672.393070    0.000000
 2673.007810    0.000000
 2673.622560    0.000000
 2674.239260    0.000000
 2674.854490    0.000000
 2675.471190    0.000000
 2676.086670    0.000000
 2676.703860    0.000000
 2677.319580    0.000000
 2677.935550    0.000000
 2678.552980    0.000000
 2679.169190    0.000000
 2679.786870    0.000000
 2680.403560    0.000000
 2681.021480    0.000000
 2681.638430    0.000000
 2682.255370    0.000000
 2682.873780    0.000000
 2683.490970    0.000000
 2684.109860    0.000000
 2684.727290    0.000000
 2685.346440    0.000000
 2685.964110    0.000000
 2686.582030    0.000000
 2687.201660    0.000000
 2687.819820    0.000000
 2688.439450    0.000000
 2689.057860    0.000000
 2689.677980    0.000000
 2690.296880    0.000000
 2690.915770    0.000000
 2691.536380    0.000000
 2692.155270    0.000000
 2692.776370    0.000000
 2693.395750    0.000000
 2694.016850    0.000000
 2694.636720    0.000000
 2695.256590    0.000000
 2695.877930    0.000000
 2696.498050    0.000000
 2697.119870    0.000000
 2697.740480    0.000000
 2698.362550    0.000000
 2698.983400    0.000000
 2699.604250    0.000000
 2700.226810    0.000000
 2700.847900    0.000000
 2701.470700    0.000000
 2702.092040    0.000000
 2702.715330    0.000000
 2703.337160    0.000000
 2703.958980    0.000000
 2704.582520    0.000000
 2705.204830    0.000000
 2705.828370    0.000000
 2706.450930    0.000000
 2707.074950    0.000000
 2707.697750    0.000000
 2708.320800    0.000000
 2708.945310    0.000000
 2709.568360    0.000001
 2710.193360    0.000001
 2710.816650    0.000001
 2711.441890    0.000001
 2712.065670    0.000001
 2712.689450    0.000001
 2713.314940    0.000001
 2713.939210    0.000002
 2714.565190    0.000002
 2715.189450    0.000002
 2715.815670    0.000002
 2716.440430    0.000003
 2717.066890    0.000003
 2717.691890    0.000004
 2718.317140    0.000004
 2718.943850    0.000005
 2719.569340    0.000006
 2720.196530    0.000007
 2720.822270    0.000007
 2721.449710    0.000009
 2722.075680    0.000010
 2722.702150    0.000010
 2723.329830    0.000012
 2723.956300    0.000014
 2724.584470    0.000016
 2725.211430    0.000018
 2725.839600    0.000021
 2726.466800    0.000023
 2727.093990    0.000027
 2727.722900    0.000031
 2728.350340    0.000034
 2728.979490    0.000039
 2729.607420    0.000044
 2730.236820    0.000050
 2730.864750    0.000056
 2731.493160    0.000063
 2732.122800    0.000072
 2732.751460    0.000080
 2733.381590    0.000091
 2734.010500    0.000102
 2734.640870    0.000114
 2735.270020    0.000129
 2735.899410    0.000144
 2736.530270    0.000162
 2737.159670    0.000181
 2737.790770    0.000203
 2738.420650    0.000227
 2739.052250    0.000254
 2739.682370    0.000283
 2740.312500    0.000317
 2740.944340    0.000353
 2741.575200    0.000393
 2742.207280    0.000438
 2742.838130    0.000487
 2743.470460    0.000542
 2744.101560    0.000602
 2744.732910    0.000668
 2745.365970    0.000740
 2745.997310    0.000820
 2746.630860    0.000908
 2747.262700    0.001004
 2747.896000    0.001110
 2748.528080    0.001225
 2749.160640    0.001353
 2749.794430    0.001492
 2750.427000    0.001644
 2751.061280    0.001811
 2751.694090    0.001992
 2752.328610    0.002191
 2752.961910    0.002407
 2753.595210    0.002643
 2754.230220    0.002900
 2754.863770    0.003179
 2755.499020    0.003483
 2756.132810    0.003813
 2756.768550    0.004172
 2757.402590    0.004561
 2758.036870    0.004984
 2758.673100    0.005443
 2759.307620    0.005939
 2759.943850    0.006477
 2760.578860    0.007058
 2761.215330    0.007689
 2761.850590    0.008368
 2762.487550    0.009105
 2763.123050    0.009898
 2763.758790    0.010756
 2764.396000    0.011682
 2765.031980    0.012679
 2765.669430    0.013756
 2766.305910    0.014915
 2766.943600    0.016166
 2767.580320    0.017510
 2768.216800    0.018956
 2768.855220    0.020517
 2769.492190    0.022193
 2770.130860    0.024000
 2770.768070    0.025938
 2771.407230    0.028027
 2772.044680    0.030266
 2772.682130    0.032671
 2773.321780    0.035264
 2773.959720    0.038040
 2774.599370    0.041030
 2775.237550    0.044232
 2775.877690    0.047680
 2776.516360    0.051373
 2777.155030    0.055335
 2777.795170    0.059597
 2778.434330    0.064162
 2779.074950    0.069072
 2779.714360    0.074328
 2780.355470    0.079983
 2780.995120    0.086033
 2781.634770    0.092522
 2782.276120    0.099498
 2782.916260    0.106964
 2783.558110    0.114991
 2784.198490    0.123577
 2784.840330    0.132802
 2785.480960    0.142670
 2786.121830    0.153248
 2786.764400    0.164614
 2787.405270    0.176758
 2788.048100    0.189806
 2788.689450    0.203748
 2789.332520    0.218717
 2789.974370    0.234710
 2790.615970    0.251820
 2791.259770    0.270190
 2791.901610    0.289782
 2792.545410    0.310796
 2793.187990    0.333219
 2793.832030    0.357237
 2794.474850    0.382848
 2795.117680    0.410196
 2795.762210    0.439468
 2796.405520    0.470644
 2797.050290    0.503971
 2797.693600    0.539420
 2798.338870    0.577309
 2798.982420    0.617556
 2799.626460    0.660426
 2800.272220    0.706159
 2800.916260    0.754658
 2801.562260    0.806355
 2802.206790    0.861134
 2802.852780    0.919409
 2803.497560    0.981104
 2804.142580    1.046522
 2804.789310    1.116004
 2805.434330    1.189360
 2806.081300    1.267190
 2806.726810    1.349273
 2807.374020    1.436202
 2808.020020    1.527778
 2808.666020    1.624350
 2809.313480    1.726346
 2809.959960    1.833578
 2810.607910    1.946650
 2811.254390    2.065239
 2811.902830    2.190167
 2812.549560    2.320917
 2813.198240    2.458416
 2813.845210    2.602066
 2814.492680    2.752509
 2815.141600    2.910166
 2815.789310    3.074546
 2816.438720    3.246549
 2817.086430    3.425409
 2817.736080    3.612270
 2818.384520    3.806348
 2819.032710    4.008010
 2819.682620    4.217981
 2820.331300    4.435394
 2820.981930    4.661383
 2821.630620    4.894629
 2822.281490    5.136651
 2822.930660    5.386002
 2823.580080    5.643383
 2824.231200    5.909367
 2824.880860    6.182595
 2825.532230    6.464313
 2826.182370    6.753144
 2826.833980    7.050143
 2827.484380    7.353921
 2828.134770    7.664829
 2828.786870    7.983486
 2829.437740    8.308211
 2830.090090    8.640070
 2830.741210    8.977380
 2831.394040    9.321325
 2832.045410    9.669867
 2832.697020    10.023502
 2833.350100    10.382483
 2834.001950    10.744875
 2834.655520    11.111828
 2835.307620    11.481042
 2835.961180    11.853634
 2836.613770    12.227654
 2837.266360    12.603062
 2837.920410    12.980090
 2838.573490    13.356698
 2839.228030    13.733633
 2839.881100    14.108534
 2840.535890    14.482530
 2841.189450    14.853239
 2841.843020    15.220646
 2842.498540    15.585100
 2843.152340    15.943829
 2843.807860    16.297960
 2844.462160    16.645172
 2845.118160    16.986252
 2845.772710    17.318810
 2846.427250    17.642883
 2847.083740    17.958668
 2847.738770    18.263790
 2848.395260    18.558914
 2849.050540    18.842133
 2849.707760    19.114134
 2850.363280    19.372749
 2851.018800    19.618080
 2851.676270    19.850203
 2852.332280    20.067333
 2852.989990    20.269981
 2853.646480    20.456730
 2854.304440    20.627873
 2854.960940    20.782230
 2855.617920    20.919916
 2856.276370    21.040722
 2856.933350    21.143820
 2857.592290    21.229475
 2858.249760    21.297028
 2858.908940    21.346632
 2859.566650    21.377943
 2860.224370    21.391033
 2860.883790    21.385857
 2861.541750    21.362471
 2862.201900    21.320808
 2862.860350    21.261238
 2863.520510    21.183638
 2864.179200    21.088606
 2864.839840    20.975912
 2865.498780    20.846506
 2866.157960    20.700418
 2866.818850    20.537678
 2867.478520    20.359426
 2868.139650    20.165436
 2868.799320    19.957081
 2869.460940    19.733837
 2870.121090    19.497427
 2870.781490    19.247894
 2871.443360    18.985380
 2872.103760    18.711714
 2872.766360    18.426050
 2873.427000    18.130873
 2874.089600    17.825171
 2874.750730    17.511232
 2875.412110    17.189018
 2876.075440    16.858404
 2876.736820    16.522087
 2877.400390    16.178705
 2878.062260    15.831019
 2878.725830    15.477982
 2879.388180    15.121881
 2880.050540    14.762790
 2880.714600    14.400489
 2881.377440    14.037266
 2882.041750    13.672332
 2882.704830    13.307817
 2883.369380    12.942890
 2884.032960    12.579504
 2884.696530    12.217715
 2885.361330    11.857427
 2886.025390    11.500239
 2886.690920    11.145487
 2887.354980    10.795215
 2888.020510    10.448332
 2888.685060    10.106536
 2889.349610    9.769709
 2890.015870    9.437365
 2890.680910    9.111302
 2891.347410    8.790513
 2892.012700    8.476560
 2892.679200    8.168533
 2893.344970    7.867558
 2894.010500    7.573578
 2894.677730    7.285910
 2895.343510    7.006057
 2896.011470    6.732591
 2896.677490    6.467294
 2897.345460    6.208663
 2898.011960    5.958057
 2898.678960    5.714738
 2899.347170    5.478454
 2900.014160    5.250035
 2900.682860    5.028439
 2901.350100    4.814653
 2902.019530    4.607438
 2902.687010    4.407983
 2903.354740    4.215499
 2904.024410    4.029406
 2904.692380    3.850597
 2905.361820    3.678078
 2906.030520    3.512279
 2906.700680    3.352511
 2907.369140    3.199369
 2908.038090    3.052167
 2908.708500    2.910550
 2909.377930    2.774866
 2910.048830    2.644456
 2910.718260    2.519714
 2911.389650    2.399834
 2912.059330    2.285300
 2912.729250    2.175588
 2913.400630    2.070344
 2914.070800    1.969824
 2914.742920    1.873390
 2915.413570    1.781375
 2916.085690    1.693216
 2916.756590    1.609110
 2917.429200    1.528540
 2918.100340    1.451740
 2918.771730    1.378361
 2919.444580    1.308139
 2920.116210    1.241222
 2920.789550    1.177192
 2921.461670    1.116200
 2922.135500    1.057865
 2922.807370    1.002380
 2923.479740    0.949426
 2924.154050    0.898790
 2924.826660    0.850644
 2925.500980    0.804644
 2926.174070    0.760895
 2926.848880    0.719115
 2927.522220    0.679417
 2928.195800    0.641606
 2928.870850    0.605542
 2929.544920    0.571279
 2930.220460    0.538619
 2930.894530    0.507633
 2931.570310    0.478107
 2932.244630    0.450117
 2932.919190    0.423522
 2933.595700    0.398203
 2934.270260    0.374247
 2934.947270    0.351443
 2935.622310    0.329889
 2936.299070    0.309416
 2936.974850    0.290055
 2937.650390    0.271736
 2938.327880    0.254358
 2939.003660    0.237971
 2939.681400    0.222445
 2940.357670    0.207816
 2941.035640    0.193978
 2941.712160    0.180958
 2942.389160    0.168680
 2943.067630    0.157094
 2943.744630    0.146216
 2944.423580    0.135960
 2945.100830    0.126348
 2945.780030    0.117298
 2946.457760    0.108829
 2947.135500    0.100888
 2947.815190    0.093432
 2948.493410    0.086470
 2949.173100    0.079947
 2949.851560    0.073865
 2950.531980    0.068172
 2951.210450    0.062880
 2951.889650    0.057942
 2952.570070    0.053339
 2953.249270    0.049067
 2953.930660    0.045084
 2954.610110    0.041398
 2955.291500    0.037971
 2955.971190    0.034803
 2956.651120    0.031870
 2957.333010    0.029151
 2958.013180    0.026645
 2958.695560    0.024325
 2959.376220    0.022192
 2960.058350    0.020223
 2960.739500    0.018415
 2961.420410    0.016752
 2962.103520    0.015221
 2962.784910    0.013821
 2963.468020    0.012533
 2964.149900    0.011357
 2964.833500    0.010280
 2965.515380    0.009297
 2966.197750    0.008401
 2966.881590    0.007582
 2967.564210    0.006837
 2968.248540    0.006158
 2968.931150    0.005542
 2969.615720    0.004982
 2970.299070    0.004475
 2970.984130    0.004014
 2971.667480    0.003598
 2972.351070    0.003222
 2973.036620    0.002882
 2973.720700    0.002575
 2974.406250    0.002298
 2975.090580    0.002050
 2975.776610    0.001826
 2976.461180    0.001625
 2977.146000    0.001446
 2977.832280    0.001284
 2978.517580    0.001139
 2979.204350    0.001009
 2979.889650    0.000894
 2980.576660    0.000791
 2981.262210    0.000699
 2981.948240    0.000617
 2982.635990    0.000544
 2983.322020    0.000479
 2984.010010    0.000422
 2984.696530    0.000370
 2985.384770    0.000325
 2986.071530    0.000285
 2986.758540    0.000250
 2987.447270    0.000219
 2988.134770    0.000192
 2988.823490    0.000167
 2989.510990    0.000146
 2990.200440    0.000127
 2990.888180    0.000111
 2991.576170    0.000096
 2992.266360    0.000084
 2992.954830    0.000072
 2993.644780    0.000063
 2994.333500    0.000054
 2995.023930    0.000048
 2995.713130    0.000041
 2996.402100    0.000035
 2997.093020    0.000031
 2997.782710    0.000026
 2998.473880    0.000023
 2999.163570    0.000019
 2999.855470    0.000016
 3000.545410    0.000014
 3001.235600    0.000012
 3001.927730    0.000010
 3002.618410    0.000009
 3003.310550    0.000008
 3004.001710    0.000007
 3004.694340    0.000006
 3005.385740    0.000005
 3006.076900    0.000004
 3006.770020    0.000004
 3007.461670    0.000003
 3008.155270    0.000003
 3008.847410    0.000002
 3009.541260    0.000002
 3010.233400    0.000002
 3010.926270    0.000001
 3011.620360    0.000001
 3012.313230    0.000001
 3013.007810    0.000001
 3013.700930    0.000001
 3014.395750    0.000001
 3015.089360    0.000000
 3015.783200    0.000000
 3016.478270    0.000000
 3017.172610    0.000000
 3017.868160    0.000000
 3018.562260    0.000000
 3019.258540    0.000000
 3019.952880    0.000000
 3020.647950    0.000000
 3021.344480    0.000000
 3022.039310    0.000000
 3022.736330    0.000000
 3023.431640    0.000000
 3024.128660    0.000000
 3024.824460    0.000000
 3025.522220    0.000000
 3026.218020    0.000000
 3026.914310    0.000000
 3027.612300    0.000000
 3028.308840    0.000000
 3029.007080    0.000000
 3029.703860    0.000000
 3030.402590    0.000000
 3031.099850    0.000000
 3031.797120    0.000000
 3032.496090    0.000000
 3033.193600    0.000000
 3033.893310    0.000000
 3034.591060    0.000000
 3035.290770    0.000000
 3035.989010    0.000000
 3036.687740    0.000000
 3037.387700    0.000000
 3038.086670    0.000000
 3038.787350    0.000000
 3039.486080    0.000000
 3040.187260    0.000000
 3040.886470    0.000000
 3041.586180    0.000000
 3042.287350    0.000000
 3042.987550    0.000000
 3043.689210    0.000000
 3044.389160    0.000000
 3045.091060    0.000000
 3045.791750    0.000000
 3046.492430    0.000000
 3047.194820    0.000000
 3047.896000    0.000000
 3048.598880    0.000000
 3049.300050    0.000000
