 2653.384280    0.000000
 2653.996340    0.000000
 2654.606690    0.000000
 2655.217290    0.000000
 2655.829830    0.000000
 2656.440670    0.000000
 2657.053220    0.000000
 2657.664550    0.000000
 2658.277340    0.000000
 2658.888920    0.000000
 2659.500730    0.000000
 2660.114010    0.000000
 2660.725830    0.000000
 2661.339360    0.000000
 2661.951660    0.000000
 2662.565430    0.000000
 2663.177980    0.000000
 2663.790530    0.000000
 2664.404790    0.000000
 2665.017820    0.000000
 2665.632320    0.000000
 2666.245610    0.000000
 2666.860350    0.000000
 2667.473880    0.000000
 2668.089110    0.000000
 2668.702880    0.000000
 2669.316890    0.000000
 2669.932370    0.000000
 2670.546630    0.000000
 2671.162350    0.000000
 2671.776860    0.000000
 2672.393070    0.000000
 2673.007810    0.000000
 2673.622560    0.000000
 2674.239260    0.000000
 2674.854490    0.000000
 2675.471190    0.000000
 2676.086670    0.000000
 2676.703860    0.000000
 2677.319580    0.000000
 2677.935550    0.000000
 2678.552980    0.000000
 2679.169190    0.000000
 2679.786870    0.000000
 2680.403560    0.000000
 2681.021480    0.000000
 2681.638430    0.000000
 2682.255370    0.000000
 2682.873780    0.000000
 2683.490970    0.000000
 2684.109860    0.000000
 2684.727290    0.000000
 2685.346440    0.000000
 2685.964110    0.000000
 2686.582030    0.000000
 2687.201660    0.000000
 2687.819820    0.000000
 2688.439450    0.000000
 2689.057860    0.000000
 2689.677980    0.000000
 2690.296880    0.000000
 2690.915770    0.000000
 2691.536380    0.000000
 2692.155270    0.000000
 2692.776370    0.000000
 2693.395750    0.000000
 2694.016850    0.000000
 2694.636720    0.000000
 2695.256590    0.000000
 2695.877930    0.000000
 2696.498050    0.000000
 2697.119870    0.000000
 2697.740480    0.000000
 2698.362550    0.000000
 2698.983400    0.000000
 2699.604250    0.000000
 2700.226810    0.000000
 2700.847900    0.000000
 2701.470700    0.000000
 2702.092040    0.000000
 2702.715330    0.000000
 2703.337160    0.000000
 2703.958980    0.000000
 2704.582520    0.000000
 2705.204830    0.000000
 2705.828370    0.000000
 2706.450930    0.000000
 2707.074950    0.000000
 2707.697750    0.000000
 2708.320800    0.000000
 2708.945310    0.000000
 2709.568360    0.000001
 2710.193360    0.000001
 2710.816650    0.000001
 2711.441890    0.000001
 2712.065670    0.000001
 2712.689450    0.000001
 2713.314940    0.000001
 2713.939210    0.000001
 2714.565190    0.000001
 2715.189450    0.000001
 2715.815670    0.000001
 2716.440430    0.000002
 2717.066890    0.000002
 2717.691890    0.000002
 2718.317140    0.000002
 2718.943850    0.000002
 2719.569340    0.000003
 2720.196530    0.000003
 2720.822270    0.000003
 2721.449710    0.000003
 2722.075680    0.000004
 2722.702150    0.000004
 2723.329830    0.000005
 2723.956300    0.000005
 2724.584470    0.000006
 2725.211430    0.000006
 2725.839600    0.000007
 2726.466800    0.000007
 2727.093990    0.000008
 2727.722900    0.000009
 2728.350340    0.000010
 2728.979490    0.000010
 2729.607420    0.000011
 2730.236820    0.000012
 2730.864750    0.000013
 2731.493160    0.000015
 2732.122800    0.000016
 2732.751460    0.000018
 2733.381590    0.000020
 2734.010500    0.000022
 2734.640870    0.000024
 2735.270020    0.000026
 2735.899410    0.000029
 2736.530270    0.000031
 2737.159670    0.000034
 2737.790770    0.000037
 2738.420650    0.000041
 2739.052250    0.000045
 2739.682370    0.000050
 2740.312500    0.000053
 2740.944340    0.000059
 2741.575200    0.000064
 2742.207280    0.000070
 2742.838130    0.000076
 2743.470460    0.000083
 2744.101560    0.000091
 2744.732910    0.000099
 2745.365970    0.000109
 2745.997310    0.000118
 2746.630860    0.000129
 2747.262700    0.000140
 2747.896000    0.000153
 2748.528080    0.000166
 2749.160640    0.000181
 2749.794430    0.000196
 2750.427000    0.000214
 2751.061280    0.000233
 2751.694090    0.000253
 2752.328610    0.000275
 2752.961910    0.000298
 2753.595210    0.000324
 2754.230220    0.000353
 2754.863770    0.000382
 2755.499020    0.000415
 2756.132810    0.000450
 2756.768550    0.000488
 2757.402590    0.000529
 2758.036870    0.000574
 2758.673100    0.000622
 2759.307620    0.000674
 2759.943850    0.000730
 2760.578860    0.000790
 2761.215330    0.000854
 2761.850590    0.000925
 2762.487550    0.001000
 2763.123050    0.001081
 2763.758790    0.001169
 2764.396000    0.001264
 2765.031980    0.001365
 2765.669430    0.001473
 2766.305910    0.001591
 2766.943600    0.001717
 2767.580320    0.001852
 2768.216800    0.001998
 2768.855220    0.002154
 2769.492190    0.002322
 2770.130860    0.002502
 2770.768070    0.002695
 2771.407230    0.002903
 2772.044680    0.003124
 2772.682130    0.003363
 2773.321780    0.003618
 2773.959720    0.003891
 2774.599370    0.004185
 2775.237550    0.004498
 2775.877690    0.004833
 2776.516360    0.005192
 2777.155030    0.005575
 2777.795170    0.005986
 2778.434330    0.006424
 2779.074950    0.006893
 2779.714360    0.007393
 2780.355470    0.007928
 2780.995120    0.008497
 2781.634770    0.009105
 2782.276120    0.009754
 2782.916260    0.010445
 2783.558110    0.011183
 2784.198490    0.011968
 2784.840330    0.012805
 2785.480960    0.013695
 2786.121830    0.014643
 2786.764400    0.015653
 2787.405270    0.016725
 2788.048100    0.017868
 2788.689450    0.019079
 2789.332520    0.020370
 2789.974370    0.021739
 2790.615970    0.023191
 2791.259770    0.024738
 2791.901610    0.026374
 2792.545410    0.028114
 2793.187990    0.029957
 2793.832030    0.031913
 2794.474850    0.033982
 2795.117680    0.036174
 2795.762210    0.038500
 2796.405520    0.040958
 2797.050290    0.043565
 2797.693600    0.046316
 2798.338870    0.049233
 2798.982420    0.052309
 2799.626460    0.055561
 2800.272220    0.059006
 2800.916260    0.062633
 2801.562260    0.066474
 2802.206790    0.070517
 2802.852780    0.074792
 2803.497560    0.079290
 2804.142580    0.084035
 2804.789310    0.089047
 2805.434330    0.094313
 2806.081300    0.099875
 2806.726810    0.105716
 2807.374020    0.111879
 2808.020020    0.118350
 2808.666020    0.125154
 2809.313480    0.132322
 2809.959960    0.139844
 2810.607910    0.147762
 2811.254390    0.156059
 2811.902830    0.164795
 2812.549560    0.173937
 2813.198240    0.183557
 2813.845210    0.193617
 2814.492680    0.204169
 2815.141600    0.215253
 2815.789310    0.226841
 2816.438720    0.239007
 2817.086430    0.251709
 2817.736080    0.265040
 2818.384520    0.278959
 2819.032710    0.293507
 2819.682620    0.308754
 2820.331300    0.324656
 2820.981930    0.341316
 2821.630620    0.358661
 2822.281490    0.376825
 2822.930660    0.395730
 2823.580080    0.415455
 2824.231200    0.436075
 2824.880860    0.457520
 2825.532230    0.479923
 2826.182370    0.503215
 2826.833980    0.527519
 2827.484380    0.552769
 2828.134770    0.579038
 2828.786870    0.606431
 2829.437740    0.634859
 2830.090090    0.664471
 2830.741210    0.695177
 2831.394040    0.727152
 2832.045410    0.760274
 2832.697020    0.794660
 2833.350100    0.830411
 2834.001950    0.867419
 2834.655520    0.905884
 2835.307620    0.945657
 2835.961180    0.986949
 2836.613770    1.029645
 2837.266360    1.073841
 2837.920410    1.119676
 2838.573490    1.167015
 2839.228030    1.216076
 2839.881100    1.266672
 2840.535890    1.319087
 2841.189450    1.373123
 2841.843020    1.428912
 2842.498540    1.486664
 2843.152340    1.546091
 2843.807860    1.607541
 2844.462160    1.670774
 2845.118160    1.736107
 2845.772710    1.803263
 2846.427250    1.872415
 2847.083740    1.943811
 2847.738770    2.017115
 2848.395260    2.092683
 2849.050540    2.170240
 2849.707760    2.250193
 2850.363280    2.332127
 2851.018800    2.416273
 2851.676270    2.502918
 2852.332280    2.591641
 2852.989990    2.682896
 2853.646480    2.776301
 2854.304440    2.872263
 2854.960940    2.970373
 2855.617920    3.070937
 2856.276370    3.174133
 2856.933350    3.279515
 2857.592290    3.387652
 2858.249760    3.497996
 2858.908940    3.611091
 2859.566650    3.726403
 2860.224370    3.844188
 2860.883790    3.964765
 2861.541750    4.087560
 2862.201900    4.213259
 2862.860350    4.341122
 2863.520510    4.471807
 2864.179200    4.604683
 2864.839840    4.740432
 2865.498780    4.878294
 2866.157960    5.018655
 2866.818850    5.161822
 2867.478520    5.307147
 2868.139650    5.455200
 2868.799320    5.605304
 2869.460940    5.758212
 2870.121090    5.913106
 2870.781490    6.070354
 2871.443360    6.230219
 2872.103760    6.391957
 2872.766360    6.556429
 2873.427000    6.722563
 2874.089600    6.891298
 2874.750730    7.061715
 2875.412110    7.234200
 2876.075440    7.409157
 2876.736820    7.585495
 2877.400390    7.764266
 2878.062260    7.944355
 2878.725830    8.126630
 2879.388180    8.310216
 2880.050540    8.495381
 2880.714600    8.682535
 2881.377440    8.870773
 2882.041750    9.060788
 2882.704830    9.251725
 2883.369380    9.444279
 2884.032960    9.637654
 2884.696530    9.832047
 2885.361330    10.027724
 2886.025390    10.224018
 2886.690920    10.421487
 2887.354980    10.619163
 2888.020510    10.817814
 2888.685060    11.016615
 2889.349610    11.215750
 2890.015870    11.415629
 2890.680910    11.615263
 2891.347410    11.815349
 2892.012700    12.014970
 2892.679200    12.214746
 2893.344970    12.413979
 2894.010500    12.612697
 2894.677730    12.811369
 2895.343510    13.008927
 2896.011470    13.206344
 2896.677490    13.402269
 2897.345460    13.597734
 2898.011960    13.791615
 2898.678960    13.984362
 2899.347170    14.176061
 2900.014160    14.365887
 2900.682860    14.554555
 2901.350100    14.741041
 2902.019530    14.926247
 2902.687010    15.108903
 2903.354740    15.289497
 2904.024410    15.468359
 2904.692380    15.644388
 2905.361820    15.818305
 2906.030520    15.989423
 2906.700680    16.158171
 2907.369140    16.323643
 2908.038090    16.486277
 2908.708500    16.646179
 2909.377930    16.802658
 2910.048830    16.956171
 2910.718260    17.105938
 2911.389650    17.252615
 2912.059330    17.395296
 2912.729250    17.534311
 2913.400630    17.669790
 2914.070800    17.801104
 2914.742920    17.928770
 2915.413570    18.052044
 2916.085690    18.171377
 2916.756590    18.286200
 2917.429200    18.396929
 2918.100340    18.502960
 2918.771730    18.604502
 2919.444580    18.701645
 2920.116210    18.793932
 2920.789550    18.881693
 2921.461670    18.964476
 2922.135500    19.042576
 2922.807370    19.115524
 2923.479740    19.183542
 2924.154050    19.246706
 2924.826660    19.304626
 2925.500980    19.357555
 2926.174070    19.405222
 2926.848880    19.447790
 2927.522220    19.485037
 2928.195800    19.517044
 2928.870850    19.543825
 2929.544920    19.565266
 2930.220460    19.581427
 2930.894530    19.592224
 2931.570310    19.597704
 2932.244630    19.597843
 2932.919190    19.592651
 2933.595700    19.582104
 2934.270260    19.566273
 2934.947270    19.545071
 2935.622310    19.518642
 2936.299070    19.486876
 2936.974850    19.449915
 2937.650390    19.407768
 2938.327880    19.360319
 2939.003660    19.307856
 2939.681400    19.250139
 2940.357670    19.187498
 2941.035640    19.119692
 2941.712160    19.047094
 2942.389160    18.969561
 2943.067630    18.887022
 2943.744630    18.799900
 2944.423580    18.707817
 2945.100830    18.611345
 2945.780030    18.510035
 2946.457760    18.404469
 2947.135500    18.294518
 2947.815190    18.179928
 2948.493410    18.061361
 2949.173100    17.938395
 2949.851560    17.811611
 2950.531980    17.680500
 2951.210450    17.545914
 2951.889650    17.407436
 2952.570070    17.265047
 2953.249270    17.119368
 2953.930660    16.969761
 2954.610110    16.817251
 2955.291500    16.661066
 2955.971190    16.502159
 2956.651120    16.340197
 2957.333010    16.174873
 2958.013180    16.007189
 2958.695560    15.836299
 2959.376220    15.663297
 2960.058350    15.487494
 2960.739500    15.309643
 2961.420410    15.129673
 2962.103520    14.947056
 2962.784910    14.762954
 2963.468020    14.576566
 2964.149900    14.388812
 2964.833500    14.199005
 2965.515380    14.008217
 2966.197750    13.815958
 2966.881590    13.622072
 2967.564210    13.427439
 2968.248540    13.231340
 2968.931150    13.034878
 2969.615720    12.837116
 2970.299070    12.639089
 2970.984130    12.440064
 2971.667480    12.241147
 2972.351070    12.041890
 2973.036620    11.841905
 2973.720700    11.642300
 2974.406250    11.442328
 2975.090580    11.242886
 2975.776610    11.043224
 2976.461180    10.844372
 2977.146000    10.645935
 2977.832280    10.447661
 2978.517580    10.250358
 2979.204350    10.053417
 2979.889650    9.857775
 2980.576660    9.662618
 2981.262210    9.468939
 2981.948240    9.276269
 2982.635990    9.084358
 2983.322020    8.894243
 2984.010010    8.704987
 2984.696530    8.517610
 2985.384770    8.331322
 2986.071530    8.147056
 2986.758540    7.964416
 2987.447270    7.783087
 2988.134770    7.603907
 2988.823490    7.426299
 2989.510990    7.250952
 2990.200440    7.077115
 2990.888180    6.905766
 2991.576170    6.736458
 2992.266360    6.568771
 2992.954830    6.403700
 2993.644780    6.240525
 2994.333500    6.079919
 2995.023930    5.921239
 2995.713130    5.765192
 2996.402100    5.611579
 2997.093020    5.459949
 2997.782710    5.311023
 2998.473880    5.164248
 2999.163570    5.020265
 2999.855470    4.878329
 3000.545410    4.739307
 3001.235600    4.602761
 3001.927730    4.468371
 3002.618410    4.336813
 3003.310550    4.207531
 3004.001710    4.080988
 3004.694340    3.956739
 3005.385740    3.835264
 3006.076900    3.716380
 3006.770020    3.599711
 3007.461670    3.485828
 3008.155270    3.374160
 3008.847410    3.265246
 3009.541260    3.158576
 3010.233400    3.054657
 3010.926270    2.953102
 3011.620360    2.853829
 3012.313230    2.757167
 3013.007810    2.662687
 3013.700930    2.570800
 3014.395750    2.481058
 3015.089360    2.393819
 3015.783200    2.308864
 3016.478270    2.226052
 3017.172610    2.145589
 3017.868160    2.067221
 3018.562260    1.991215
 3019.258540    1.917143
 3019.952880    1.845413
 3020.647950    1.775709
 3021.344480    1.707931
 3022.039310    1.642352
 3022.736330    1.578568
 3023.431640    1.516905
 3024.128660    1.457019
 3024.824460    1.399128
 3025.522220    1.342934
 3026.218020    1.288713
 3026.914310    1.236229
 3027.612300    1.185361
 3028.308840    1.136304
 3029.007080    1.088796
 3029.703860    1.043014
 3030.402590    0.998697
 3031.099850    0.956026
 3031.797120    0.914868
 3032.496090    0.875088
 3033.193600    0.836831
 3033.893310    0.799859
 3034.591060    0.764356
 3035.290770    0.730084
 3035.989010    0.697178
 3036.687740    0.665504
 3037.387700    0.634998
 3038.086670    0.605722
 3038.787350    0.577529
 3039.486080    0.550530
 3040.187260    0.524525
 3040.886470    0.499640
 3041.586180    0.475756
 3042.287350    0.452809
 3042.987550    0.430848
 3043.689210    0.409766
 3044.389160    0.389627
 3045.091060    0.370296
 3045.791750    0.351832
 3046.492430    0.334172
 3047.194820    0.317246
 3047.896000    0.301100
 3048.598880    0.285637
 3049.300050    0.270907
