 2653.384280    0.000000
 2653.996340    0.000000
 2654.606690    0.000000
 2655.217290    0.000000
 2655.829830    0.000000
 2656.440670    0.000000
 2657.053220    0.000000
 2657.664550    0.000000
 2658.277340    0.000000
 2658.888920    0.000000
 2659.500730    0.000000
 2660.114010    0.000000
 2660.725830    0.000000
 2661.339360    0.000000
 2661.951660    0.000000
 2662.565430    0.000000
 2663.177980    0.000000
 2663.790530    0.000000
 2664.404790    0.000000
 2665.017820    0.000000
 2665.632320    0.000000
 2666.245610    0.000000
 2666.860350    0.000000
 2667.473880    0.000000
 2668.089110    0.000000
 2668.702880    0.000000
 2669.316890    0.000000
 2669.932370    0.000000
 2670.546630    0.000000
 2671.162350    0.000000
 2671.776860    0.000000
 2672.393070    0.000000
 2673.007810    0.000000
 2673.622560    0.000000
 2674.239260    0.000000
 2674.854490    0.000000
 2675.471190    0.000000
 2676.086670    0.000000
 2676.703860    0.000000
 2677.319580    0.000000
 2677.935550    0.000000
 2678.552980    0.000000
 2679.169190    0.000000
 2679.786870    0.000000
 2680.403560    0.000000
 2681.021480    0.000000
 2681.638430    0.000000
 2682.255370    0.000000
 2682.873780    0.000000
 2683.490970    0.000000
 2684.109860    0.000000
 2684.727290    0.000000
 2685.346440    0.000000
 2685.964110    0.000000
 2686.582030    0.000000
 2687.201660    0.000000
 2687.819820    0.000000
 2688.439450    0.000000
 2689.057860    0.000000
 2689.677980    0.000000
 2690.296880    0.000000
 2690.915770    0.000000
 2691.536380    0.000000
 2692.155270    0.000000
 2692.776370    0.000000
 2693.395750    0.000000
 2694.016850    0.000000
 2694.636720    0.000000
 2695.256590    0.000000
 2695.877930    0.000000
 2696.498050    0.000000
 2697.119870    0.000000
 2697.740480    0.000000
 2698.362550    0.000000
 2698.983400    0.000000
 2699.604250    0.000000
 2700.226810    0.000000
 2700.847900    0.000000
 2701.470700    0.000000
 2702.092040    0.000000
 2702.715330    0.000000
 2703.337160    0.000000
 2703.958980    0.000000
 2704.582520    0.000000
 2705.204830    0.000000
 2705.828370    0.000000
 2706.450930    0.000000
 2707.074950    0.000000
 2707.697750    0.000000
 2708.320800    0.000000
 2708.945310    0.000000
 2709.568360    0.000000
 2710.193360    0.000000
 2710.816650    0.000000
 2711.441890    0.000000
 2712.065670    0.000000
 2712.689450    0.000000
 2713.314940    0.000000
 2713.939210    0.000000
 2714.565190    0.000000
 2715.189450    0.000000
 2715.815670    0.000000
 2716.440430    0.000000
 2717.066890    0.000000
 2717.691890    0.000000
 2718.317140    0.000000
 2718.943850    0.000000
 2719.569340    0.000000
 2720.196530    0.000000
 2720.822270    0.000000
 2721.449710    0.000000
 2722.075680    0.000000
 2722.702150    0.000000
 2723.329830    0.000000
 2723.956300    0.000000
 2724.584470    0.000000
 2725.211430    0.000000
 2725.839600    0.000000
 2726.466800    0.000000
 2727.093990    0.000000
 2727.722900    0.000000
 2728.350340    0.000000
 2728.979490    0.000000
 2729.607420    0.000000
 2730.236820    0.000000
 2730.864750    0.000000
 2731.493160    0.000000
 2732.122800    0.000000
 2732.751460    0.000000
 2733.381590    0.000000
 2734.010500    0.000000
 2734.640870    0.000000
 2735.270020    0.000000
 2735.899410    0.000000
 2736.530270    0.000000
 2737.159670    0.000000
 2737.790770    0.000000
 2738.420650    0.000000
 2739.052250    0.000000
 2739.682370    0.000000
 2740.312500    0.000000
 2740.944340    0.000000
 2741.575200    0.000000
 2742.207280    0.000000
 2742.838130    0.000000
 2743.470460    0.000000
 2744.101560    0.000000
 2744.732910    0.000000
 2745.365970    0.000000
 2745.997310    0.000000
 2746.630860    0.000000
 2747.262700    0.000000
 2747.896000    0.000000
 2748.528080    0.000000
 2749.160640    0.000000
 2749.794430    0.000000
 2750.427000    0.000000
 2751.061280    0.000000
 2751.694090    0.000000
 2752.328610    0.000000
 2752.961910    0.000000
 2753.595210    0.000000
 2754.230220    0.000000
 2754.863770    0.000000
 2755.499020    0.000000
 2756.132810    0.000000
 2756.768550    0.000000
 2757.402590    0.000000
 2758.036870    0.000000
 2758.673100    0.000000
 2759.307620    0.000000
 2759.943850    0.000000
 2760.578860    0.000000
 2761.215330    0.000000
 2761.850590    0.000000
 2762.487550    0.000000
 2763.123050    0.000000
 2763.758790    0.000000
 2764.396000    0.000000
 2765.031980    0.000000
 2765.669430    0.000000
 2766.305910    0.000000
 2766.943600    0.000000
 2767.580320    0.000000
 2768.216800    0.000000
 2768.855220    0.000000
 2769.492190    0.000000
 2770.130860    0.000000
 2770.768070    0.000000
 2771.407230    0.000000
 2772.044680    0.000000
 2772.682130    0.000000
 2773.321780    0.000000
 2773.959720    0.000000
 2774.599370    0.000000
 2775.237550    0.000000
 2775.877690    0.000000
 2776.516360    0.000000
 2777.155030    0.000000
 2777.795170    0.000000
 2778.434330    0.000000
 2779.074950    0.000000
 2779.714360    0.000000
 2780.355470    0.000000
 2780.995120    0.000000
 2781.634770    0.000000
 2782.276120    0.000000
 2782.916260    0.000000
 2783.558110    0.000000
 2784.198490    0.000000
 2784.840330    0.000000
 2785.480960    0.000000
 2786.121830    0.000000
 2786.764400    0.000000
 2787.405270    0.000000
 2788.048100    0.000000
 2788.689450    0.000000
 2789.332520    0.000000
 2789.974370    0.000000
 2790.615970    0.000000
 2791.259770    0.000000
 2791.901610    0.000000
 2792.545410    0.000000
 2793.187990    0.000000
 2793.832030    0.000000
 2794.474850    0.000000
 2795.117680    0.000000
 2795.762210    0.000000
 2796.405520    0.000000
 2797.050290    0.000000
 2797.693600    0.000000
 2798.338870    0.000000
 2798.982420    0.000000
 2799.626460    0.000000
 2800.272220    0.000000
 2800.916260    0.000000
 2801.562260    0.000000
 2802.206790    0.000000
 2802.852780    0.000000
 2803.497560    0.000000
 2804.142580    0.000000
 2804.789310    0.000000
 2805.434330    0.000000
 2806.081300    0.000000
 2806.726810    0.000000
 2807.374020    0.000000
 2808.020020    0.000000
 2808.666020    0.000000
 2809.313480    0.000000
 2809.959960    0.000000
 2810.607910    0.000000
 2811.254390    0.000000
 2811.902830    0.000000
 2812.549560    0.000000
 2813.198240    0.000000
 2813.845210    0.000000
 2814.492680    0.000000
 2815.141600    0.000000
 2815.789310    0.000000
 2816.438720    0.000000
 2817.086430    0.000000
 2817.736080    0.000000
 2818.384520    0.000000
 2819.032710    0.000000
 2819.682620    0.000000
 2820.331300    0.000000
 2820.981930    0.000000
 2821.630620    0.000000
 2822.281490    0.000000
 2822.930660    0.000000
 2823.580080    0.000000
 2824.231200    0.000000
 2824.880860    0.000000
 2825.532230    0.000000
 2826.182370    0.000000
 2826.833980    0.000000
 2827.484380    0.000000
 2828.134770    0.000000
 2828.786870    0.000000
 2829.437740    0.000000
 2830.090090    0.000000
 2830.741210    0.000000
 2831.394040    0.000000
 2832.045410    0.000000
 2832.697020    0.000000
 2833.350100    0.000000
 2834.001950    0.000000
 2834.655520    0.000000
 2835.307620    0.000000
 2835.961180    0.000000
 2836.613770    0.000000
 2837.266360    0.000000
 2837.920410    0.000000
 2838.573490    0.000000
 2839.228030    0.000001
 2839.881100    0.000001
 2840.535890    0.000001
 2841.189450    0.000001
 2841.843020    0.000001
 2842.498540    0.000002
 2843.152340    0.000002
 2843.807860    0.000003
 2844.462160    0.000003
 2845.118160    0.000004
 2845.772710    0.000005
 2846.427250    0.000007
 2847.083740    0.000008
 2847.738770    0.000010
 2848.395260    0.000011
 2849.050540    0.000014
 2849.707760    0.000018
 2850.363280    0.000022
 2851.018800    0.000027
 2851.676270    0.000032
 2852.332280    0.000040
 2852.989990    0.000049
 2853.646480    0.000060
 2854.304440    0.000072
 2854.960940    0.000088
 2855.617920    0.000107
 2856.276370    0.000130
 2856.933350    0.000156
 2857.592290    0.000189
 2858.249760    0.000228
 2858.908940    0.000274
 2859.566650    0.000330
 2860.224370    0.000396
 2860.883790    0.000475
 2861.541750    0.000568
 2862.201900    0.000680
 2862.860350    0.000812
 2863.520510    0.000968
 2864.179200    0.001153
 2864.839840    0.001371
 2865.498780    0.001629
 2866.157960    0.001932
 2866.818850    0.002291
 2867.478520    0.002710
 2868.139650    0.003203
 2868.799320    0.003780
 2869.460940    0.004457
 2870.121090    0.005247
 2870.781490    0.006167
 2871.443360    0.007243
 2872.103760    0.008491
 2872.766360    0.009946
 2873.427000    0.011628
 2874.089600    0.013582
 2874.750730    0.015836
 2875.412110    0.018439
 2876.075440    0.021449
 2876.736820    0.024901
 2877.400390    0.028882
 2878.062260    0.033435
 2878.725830    0.038661
 2879.388180    0.044624
 2880.050540    0.051427
 2880.714600    0.059194
 2881.377440    0.068007
 2882.041750    0.078031
 2882.704830    0.089361
 2883.369380    0.102199
 2884.032960    0.116660
 2884.696530    0.132942
 2885.361330    0.151273
 2886.025390    0.171807
 2886.690920    0.194840
 2887.354980    0.220508
 2888.020510    0.249176
 2888.685060    0.281012
 2889.349610    0.316335
 2890.015870    0.355549
 2890.680910    0.398793
 2891.347410    0.446568
 2892.012700    0.499017
 2892.679200    0.556674
 2893.344970    0.619723
 2894.010500    0.688553
 2894.677730    0.763740
 2895.343510    0.845284
 2896.011470    0.933997
 2896.677490    1.029672
 2897.345460    1.133204
 2898.011960    1.244384
 2898.678960    1.363815
 2899.347170    1.491932
 2900.014160    1.628503
 2900.682860    1.774343
 2901.350100    1.928932
 2902.019530    2.093251
 2902.687010    2.266359
 2903.354740    2.448806
 2904.024410    2.641063
 2904.692380    2.841977
 2905.361820    3.052330
 2906.030520    3.271206
 2906.700680    3.499023
 2907.369140    3.734316
 2908.038090    3.977376
 2908.708500    4.228058
 2909.377930    4.484849
 2910.048830    4.748015
 2910.718260    5.015659
 2911.389650    5.288338
 2912.059330    5.563696
 2912.729250    5.841604
 2913.400630    6.121602
 2914.070800    6.401563
 2914.742920    6.681768
 2915.413570    6.959733
 2916.085690    7.235597
 2916.756590    7.507186
 2917.429200    7.774619
 2918.100340    8.035601
 2918.771730    8.289807
 2919.444580    8.536724
 2920.116210    8.774466
 2920.789550    9.003227
 2921.461670    9.221252
 2922.135500    9.428824
 2922.807370    9.624248
 2923.479740    9.807810
 2924.154050    9.979492
 2924.826660    10.138114
 2925.500980    10.284355
 2926.174070    10.417561
 2926.848880    10.538404
 2927.522220    10.646526
 2928.195800    10.742576
 2928.870850    10.827112
 2929.544920    10.900358
 2930.220460    10.963187
 2930.894530    11.016030
 2931.570310    11.059910
 2932.244630    11.095436
 2932.919190    11.123592
 2933.595700    11.145320
 2934.270260    11.161407
 2934.947270    11.172876
 2935.622310    11.180552
 2936.299070    11.185365
 2936.974850    11.188137
 2937.650390    11.189665
 2938.327880    11.190691
 2939.003660    11.191863
 2939.681400    11.193774
 2940.357670    11.196909
 2941.035640    11.201687
 2941.712160    11.208393
 2942.389160    11.217248
 2943.067630    11.228379
 2943.744630    11.241748
 2944.423580    11.257336
 2945.100830    11.274878
 2945.780030    11.294205
 2946.457760    11.314877
 2947.135500    11.336506
 2947.815190    11.358683
 2948.493410    11.380754
 2949.173100    11.402234
 2949.851560    11.422420
 2950.531980    11.440765
 2951.210450    11.456508
 2951.889650    11.469065
 2952.570070    11.477778
 2953.249270    11.481981
 2953.930660    11.481074
 2954.610110    11.474482
 2955.291500    11.461623
 2955.971190    11.442070
 2956.651120    11.415342
 2957.333010    11.380939
 2958.013180    11.338712
 2958.695560    11.288123
 2959.376220    11.229232
 2960.058350    11.161605
 2960.739500    11.085371
 2961.420410    11.000420
 2962.103520    10.906412
 2962.784910    10.803929
 2963.468020    10.692561
 2964.149900    10.572921
 2964.833500    10.444670
 2965.515380    10.308671
 2966.197750    10.164763
 2966.881590    10.012989
 2967.564210    9.854250
 2968.248540    9.688186
 2968.931150    9.515972
 2969.615720    9.337046
 2970.299070    9.152601
 2970.984130    8.962230
 2971.667480    8.767272
 2972.351070    8.567589
 2973.036620    8.363064
 2973.720700    8.155123
 2974.406250    7.943287
 2975.090580    7.728802
 2975.776610    7.511162
 2976.461180    7.291791
 2977.146000    7.070564
 2977.832280    6.847501
 2978.517580    6.623812
 2979.204350    6.399117
 2979.889650    6.174793
 2980.576660    5.950215
 2981.262210    5.726830
 2981.948240    5.504407
 2982.635990    5.282959
 2983.322020    5.063981
 2984.010010    4.846692
 2984.696530    4.632554
 2985.384770    4.420944
 2986.071530    4.213192
 2986.758540    4.009112
 2987.447270    3.808607
 2988.134770    3.612840
 2988.823490    3.421400
 2989.510990    3.235229
 2990.200440    3.053720
 2990.888180    2.878056
 2991.576170    2.707912
 2992.266360    2.543004
 2992.954830    2.384411
 2993.644780    2.231514
 2994.333500    2.084998
 2995.023930    1.944305
 2995.713130    1.810074
 2996.402100    1.682100
 2997.093020    1.559980
 2997.782710    1.444242
 2998.473880    1.334373
 2999.163570    1.230751
 2999.855470    1.132723
 3000.545410    1.040755
 3001.235600    0.954387
 3001.927730    0.873270
 3002.618410    0.797637
 3003.310550    0.726980
 3004.001710    0.661359
 3004.694340    0.600340
 3005.385740    0.543954
 3006.076900    0.491891
 3006.770020    0.443785
 3007.461670    0.399655
 3008.155270    0.359073
 3008.847410    0.322021
 3009.541260    0.288119
 3010.233400    0.257324
 3010.926270    0.229317
 3011.620360    0.203889
 3012.313230    0.180939
 3013.007810    0.160187
 3013.700930    0.141552
 3014.395750    0.124783
 3015.089360    0.109790
 3015.783200    0.096390
 3016.478270    0.084424
 3017.172610    0.073796
 3017.868160    0.064352
 3018.562260    0.056012
 3019.258540    0.048626
 3019.952880    0.042139
 3020.647950    0.036433
 3021.344480    0.031422
 3022.039310    0.027050
 3022.736330    0.023225
 3023.431640    0.019904
 3024.128660    0.017015
 3024.824460    0.014516
 3025.522220    0.012352
 3026.218020    0.010491
 3026.914310    0.008891
 3027.612300    0.007515
 3028.308840    0.006339
 3029.007080    0.005334
 3029.703860    0.004479
 3030.402590    0.003752
 3031.099850    0.003137
 3031.797120    0.002616
 3032.496090    0.002176
 3033.193600    0.001806
 3033.893310    0.001495
 3034.591060    0.001236
 3035.290770    0.001019
 3035.989010    0.000838
 3036.687740    0.000688
 3037.387700    0.000563
 3038.086670    0.000460
 3038.787350    0.000375
 3039.486080    0.000304
 3040.187260    0.000247
 3040.886470    0.000200
 3041.586180    0.000161
 3042.287350    0.000130
 3042.987550    0.000105
 3043.689210    0.000084
 3044.389160    0.000067
 3045.091060    0.000053
 3045.791750    0.000043
 3046.492430    0.000033
 3047.194820    0.000027
 3047.896000    0.000021
 3048.598880    0.000016
 3049.300050    0.000013
