 2653.384280    0.000204
 2653.996340    0.000235
 2654.606690    0.000270
 2655.217290    0.000310
 2655.829830    0.000356
 2656.440670    0.000406
 2657.053220    0.000463
 2657.664550    0.000527
 2658.277340    0.000599
 2658.888920    0.000679
 2659.500730    0.000768
 2660.114010    0.000866
 2660.725830    0.000975
 2661.339360    0.001095
 2661.951660    0.001227
 2662.565430    0.001372
 2663.177980    0.001532
 2663.790530    0.001705
 2664.404790    0.001896
 2665.017820    0.002101
 2665.632320    0.002325
 2666.245610    0.002566
 2666.860350    0.002828
 2667.473880    0.003108
 2668.089110    0.003409
 2668.702880    0.003732
 2669.316890    0.004075
 2669.932370    0.004442
 2670.546630    0.004831
 2671.162350    0.005244
 2671.776860    0.005679
 2672.393070    0.006140
 2673.007810    0.006622
 2673.622560    0.007128
 2674.239260    0.007659
 2674.854490    0.008212
 2675.471190    0.008790
 2676.086670    0.009389
 2676.703860    0.010012
 2677.319580    0.010655
 2677.935550    0.011320
 2678.552980    0.012009
 2679.169190    0.012717
 2679.786870    0.013448
 2680.403560    0.014199
 2681.021480    0.014974
 2681.638430    0.015769
 2682.255370    0.016589
 2682.873780    0.017436
 2683.490970    0.018310
 2684.109860    0.019217
 2684.727290    0.020157
 2685.346440    0.021139
 2685.964110    0.022166
 2686.582030    0.023247
 2687.201660    0.024393
 2687.819820    0.025610
 2688.439450    0.026916
 2689.057860    0.028319
 2689.677980    0.029844
 2690.296880    0.031505
 2690.915770    0.033324
 2691.536380    0.035336
 2692.155270    0.037558
 2692.776370    0.040037
 2693.395750    0.042798
 2694.016850    0.045897
 2694.636720    0.049371
 2695.256590    0.053278
 2695.877930    0.057691
 2696.498050    0.062657
 2697.119870    0.068279
 2697.740480    0.074615
 2698.362550    0.081785
 2698.983400    0.089866
 2699.604250    0.098985
 2700.226810    0.109298
 2700.847900    0.120893
 2701.470700    0.133988
 2702.092040    0.148685
 2702.715330    0.165256
 2703.337160    0.183812
 2703.958980    0.204615
 2704.582520    0.227974
 2705.204830    0.254046
 2705.828370    0.283222
 2706.450930    0.315709
 2707.074950    0.351975
 2707.697750    0.392226
 2708.320800    0.436935
 2708.945310    0.486624
 2709.568360    0.541499
 2710.193360    0.602344
 2710.816650    0.669301
 2711.441890    0.743299
 2712.065670    0.824498
 2712.689450    0.913643
 2713.314940    1.011621
 2713.939210    1.118614
 2714.565190    1.235796
 2715.189450    1.363197
 2715.815670    1.502265
 2716.440430    1.652956
 2717.066890    1.816754
 2717.691890    1.993551
 2718.317140    2.184500
 2718.943850    2.390734
 2719.569340    2.612064
 2720.196530    2.850208
 2720.822270    3.104603
 2721.449710    3.377141
 2722.075680    3.666996
 2722.702150    3.975515
 2723.329830    4.303551
 2723.956300    4.650168
 2724.584470    5.017262
 2725.211430    5.403299
 2725.839600    5.809828
 2726.466800    6.235370
 2727.093990    6.680346
 2727.722900    7.145720
 2728.350340    7.628682
 2728.979490    8.131064
 2729.607420    8.649773
 2730.236820    9.186102
 2730.864750    9.736454
 2731.493160    10.301250
 2732.122800    10.879777
 2732.751460    11.468432
 2733.381590    12.067762
 2734.010500    12.673315
 2734.640870    13.285617
 2735.270020    13.899879
 2735.899410    14.515201
 2736.530270    15.130339
 2737.159670    15.739904
 2737.790770    16.344334
 2738.420650    16.938126
 2739.052250    17.521284
 2739.682370    18.088104
 2740.312500    18.637180
 2740.944340    19.167175
 2741.575200    19.673071
 2742.207280    20.153950
 2742.838130    20.605381
 2743.470460    21.026794
 2744.101560    21.414047
 2744.732910    21.765934
 2745.365970    22.081081
 2745.997310    22.355970
 2746.630860    22.590641
 2747.262700    22.782206
 2747.896000    22.930500
 2748.528080    23.033974
 2749.160640    23.092350
 2749.794430    23.105137
 2750.427000    23.072185
 2751.061280    22.993462
 2751.694090    22.869776
 2752.328610    22.701195
 2752.961910    22.489418
 2753.595210    22.235374
 2754.230220    21.939682
 2754.863770    21.605478
 2755.499020    21.232971
 2756.132810    20.826084
 2756.768550    20.384861
 2757.402590    19.914236
 2758.036870    19.415407
 2758.673100    18.889551
 2759.307620    18.342415
 2759.943850    17.773861
 2760.578860    17.189323
 2761.215330    16.589178
 2761.850590    15.978796
 2762.487550    15.358168
 2763.123050    14.733147
 2763.758790    14.104753
 2764.396000    13.474377
 2765.031980    12.847168
 2765.669430    12.222862
 2766.305910    11.606094
 2766.943600    10.996840
 2767.580320    10.399142
 2768.216800    9.814058
 2768.855220    9.241230
 2769.492190    8.685180
 2770.130860    8.144413
 2770.768070    7.622718
 2771.407230    7.118240
 2772.044680    6.634632
 2772.682130    6.171105
 2773.321780    5.726600
 2773.959720    5.304132
 2774.599370    4.901580
 2775.237550    4.520956
 2775.877690    4.160128
 2776.516360    3.820811
 2777.155030    3.501825
 2777.795170    3.202077
 2778.434330    2.922223
 2779.074950    2.660635
 2779.714360    2.417777
 2780.355470    2.191863
 2780.995120    1.983288
 2781.634770    1.790754
 2782.276120    1.613020
 2782.916260    1.450116
 2783.558110    1.300501
 2784.198490    1.164114
 2784.840330    1.039526
 2785.480960    0.926476
 2786.121830    0.823909
 2786.764400    0.730882
 2787.405270    0.647163
 2788.048100    0.571578
 2788.689450    0.503868
 2789.332520    0.443062
 2789.974370    0.388840
 2790.615970    0.340527
 2791.259770    0.297427
 2791.901610    0.259320
 2792.545410    0.225504
 2793.187990    0.195718
 2793.832030    0.169436
 2794.474850    0.146400
 2795.117680    0.126218
 2795.762210    0.108532
 2796.405520    0.093144
 2797.050290    0.079733
 2797.693600    0.068125
 2798.338870    0.058048
 2798.982420    0.049373
 2799.626460    0.041895
 2800.272220    0.035455
 2800.916260    0.029950
 2801.562260    0.025230
 2802.206790    0.021214
 2802.852780    0.017791
 2803.497560    0.014891
 2804.142580    0.012434
 2804.789310    0.010355
 2805.434330    0.008608
 2806.081300    0.007134
 2806.726810    0.005903
 2807.374020    0.004870
 2808.020020    0.004011
 2808.666020    0.003295
 2809.313480    0.002700
 2809.959960    0.002208
 2810.607910    0.001801
 2811.254390    0.001466
 2811.902830    0.001189
 2812.549560    0.000963
 2813.198240    0.000778
 2813.845210    0.000628
 2814.492680    0.000504
 2815.141600    0.000405
 2815.789310    0.000324
 2816.438720    0.000258
 2817.086430    0.000206
 2817.736080    0.000164
 2818.384520    0.000130
 2819.032710    0.000103
 2819.682620    0.000081
 2820.331300    0.000064
 2820.981930    0.000051
 2821.630620    0.000039
 2822.281490    0.000031
 2822.930660    0.000024
 2823.580080    0.000019
 2824.231200    0.000014
 2824.880860    0.000011
 2825.532230    0.000009
 2826.182370    0.000007
 2826.833980    0.000005
 2827.484380    0.000004
 2828.134770    0.000003
 2828.786870    0.000002
 2829.437740    0.000002
 2830.090090    0.000001
 2830.741210    0.000001
 2831.394040    0.000001
 2832.045410    0.000001
 2832.697020    0.000000
 2833.350100    0.000000
 2834.001950    0.000000
 2834.655520    0.000000
 2835.307620    0.000000
 2835.961180    0.000000
 2836.613770    0.000000
 2837.266360    0.000000
 2837.920410    0.000000
 2838.573490    0.000000
 2839.228030    0.000000
 2839.881100    0.000000
 2840.535890    0.000000
 2841.189450    0.000000
 2841.843020    0.000000
 2842.498540    0.000000
 2843.152340    0.000000
 2843.807860    0.000000
 2844.462160    0.000000
 2845.118160    0.000000
 2845.772710    0.000000
 2846.427250    0.000000
 2847.083740    0.000000
 2847.738770    0.000000
 2848.395260    0.000000
 2849.050540    0.000000
 2849.707760    0.000000
 2850.363280    0.000000
 2851.018800    0.000000
 2851.676270    0.000000
 2852.332280    0.000000
 2852.989990    0.000000
 2853.646480    0.000000
 2854.304440    0.000000
 2854.960940    0.000000
 2855.617920    0.000000
 2856.276370    0.000000
 2856.933350    0.000000
 2857.592290    0.000000
 2858.249760    0.000000
 2858.908940    0.000000
 2859.566650    0.000000
 2860.224370    0.000000
 2860.883790    0.000000
 2861.541750    0.000000
 2862.201900    0.000000
 2862.860350    0.000000
 2863.520510    0.000000
 2864.179200    0.000000
 2864.839840    0.000000
 2865.498780    0.000000
 2866.157960    0.000000
 2866.818850    0.000000
 2867.478520    0.000000
 2868.139650    0.000000
 2868.799320    0.000000
 2869.460940    0.000000
 2870.121090    0.000000
 2870.781490    0.000000
 2871.443360    0.000000
 2872.103760    0.000000
 2872.766360    0.000000
 2873.427000    0.000000
 2874.089600    0.000000
 2874.750730    0.000000
 2875.412110    0.000000
 2876.075440    0.000000
 2876.736820    0.000000
 2877.400390    0.000000
 2878.062260    0.000000
 2878.725830    0.000000
 2879.388180    0.000000
 2880.050540    0.000000
 2880.714600    0.000000
 2881.377440    0.000000
 2882.041750    0.000000
 2882.704830    0.000000
 2883.369380    0.000000
 2884.032960    0.000000
 2884.696530    0.000000
 2885.361330    0.000000
 2886.025390    0.000000
 2886.690920    0.000000
 2887.354980    0.000000
 2888.020510    0.000000
 2888.685060    0.000000
 2889.349610    0.000000
 2890.015870    0.000000
 2890.680910    0.000000
 2891.347410    0.000000
 2892.012700    0.000000
 2892.679200    0.000000
 2893.344970    0.000000
 2894.010500    0.000000
 2894.677730    0.000000
 2895.343510    0.000000
 2896.011470    0.000000
 2896.677490    0.000000
 2897.345460    0.000000
 2898.011960    0.000000
 2898.678960    0.000000
 2899.347170    0.000000
 2900.014160    0.000000
 2900.682860    0.000000
 2901.350100    0.000000
 2902.019530    0.000000
 2902.687010    0.000000
 2903.354740    0.000000
 2904.024410    0.000000
 2904.692380    0.000000
 2905.361820    0.000000
 2906.030520    0.000000
 2906.700680    0.000000
 2907.369140    0.000000
 2908.038090    0.000000
 2908.708500    0.000000
 2909.377930    0.000000
 2910.048830    0.000000
 2910.718260    0.000000
 2911.389650    0.000000
 2912.059330    0.000000
 2912.729250    0.000000
 2913.400630    0.000000
 2914.070800    0.000000
 2914.742920    0.000000
 2915.413570    0.000000
 2916.085690    0.000000
 2916.756590    0.000000
 2917.429200    0.000000
 2918.100340    0.000000
 2918.771730    0.000000
 2919.444580    0.000000
 2920.116210    0.000000
 2920.789550    0.000000
 2921.461670    0.000000
 2922.135500    0.000000
 2922.807370    0.000000
 2923.479740    0.000000
 2924.154050    0.000000
 2924.826660    0.000000
 2925.500980    0.000000
 2926.174070    0.000000
 2926.848880    0.000000
 2927.522220    0.000000
 2928.195800    0.000000
 2928.870850    0.000000
 2929.544920    0.000000
 2930.220460    0.000000
 2930.894530    0.000000
 2931.570310    0.000000
 2932.244630    0.000000
 2932.919190    0.000000
 2933.595700    0.000000
 2934.270260    0.000000
 2934.947270    0.000000
 2935.622310    0.000000
 2936.299070    0.000000
 2936.974850    0.000000
 2937.650390    0.000000
 2938.327880    0.000000
 2939.003660    0.000000
 2939.681400    0.000000
 2940.357670    0.000000
 2941.035640    0.000000
 2941.712160    0.000000
 2942.389160    0.000000
 2943.067630    0.000000
 2943.744630    0.000000
 2944.423580    0.000000
 2945.100830    0.000000
 2945.780030    0.000000
 2946.457760    0.000000
 2947.135500    0.000000
 2947.815190    0.000000
 2948.493410    0.000000
 2949.173100    0.000000
 2949.851560    0.000000
 2950.531980    0.000000
 2951.210450    0.000000
 2951.889650    0.000000
 2952.570070    0.000000
 2953.249270    0.000000
 2953.930660    0.000000
 2954.610110    0.000000
 2955.291500    0.000000
 2955.971190    0.000000
 2956.651120    0.000000
 2957.333010    0.000000
 2958.013180    0.000000
 2958.695560    0.000000
 2959.376220    0.000000
 2960.058350    0.000000
 2960.739500    0.000000
 2961.420410    0.000000
 2962.103520    0.000000
 2962.784910    0.000000
 2963.468020    0.000000
 2964.149900    0.000000
 2964.833500    0.000000
 2965.515380    0.000000
 2966.197750    0.000000
 2966.881590    0.000000
 2967.564210    0.000000
 2968.248540    0.000000
 2968.931150    0.000000
 2969.615720    0.000000
 2970.299070    0.000000
 2970.984130    0.000000
 2971.667480    0.000000
 2972.351070    0.000000
 2973.036620    0.000000
 2973.720700    0.000000
 2974.406250    0.000000
 2975.090580    0.000000
 2975.776610    0.000000
 2976.461180    0.000000
 2977.146000    0.000000
 2977.832280    0.000000
 2978.517580    0.000000
 2979.204350    0.000000
 2979.889650    0.000000
 2980.576660    0.000000
 2981.262210    0.000000
 2981.948240    0.000000
 2982.635990    0.000000
 2983.322020    0.000000
 2984.010010    0.000000
 2984.696530    0.000000
 2985.384770    0.000000
 2986.071530    0.000000
 2986.758540    0.000000
 2987.447270    0.000000
 2988.134770    0.000000
 2988.823490    0.000000
 2989.510990    0.000000
 2990.200440    0.000000
 2990.888180    0.000000
 2991.576170    0.000000
 2992.266360    0.000000
 2992.954830    0.000000
 2993.644780    0.000000
 2994.333500    0.000000
 2995.023930    0.000000
 2995.713130    0.000000
 2996.402100    0.000000
 2997.093020    0.000000
 2997.782710    0.000000
 2998.473880    0.000000
 2999.163570    0.000000
 2999.855470    0.000000
 3000.545410    0.000000
 3001.235600    0.000000
 3001.927730    0.000000
 3002.618410    0.000000
 3003.310550    0.000000
 3004.001710    0.000000
 3004.694340    0.000000
 3005.385740    0.000000
 3006.076900    0.000000
 3006.770020    0.000000
 3007.461670    0.000000
 3008.155270    0.000000
 3008.847410    0.000000
 3009.541260    0.000000
 3010.233400    0.000000
 3010.926270    0.000000
 3011.620360    0.000000
 3012.313230    0.000000
 3013.007810    0.000000
 3013.700930    0.000000
 3014.395750    0.000000
 3015.089360    0.000000
 3015.783200    0.000000
 3016.478270    0.000000
 3017.172610    0.000000
 3017.868160    0.000000
 3018.562260    0.000000
 3019.258540    0.000000
 3019.952880    0.000000
 3020.647950    0.000000
 3021.344480    0.000000
 3022.039310    0.000000
 3022.736330    0.000000
 3023.431640    0.000000
 3024.128660    0.000000
 3024.824460    0.000000
 3025.522220    0.000000
 3026.218020    0.000000
 3026.914310    0.000000
 3027.612300    0.000000
 3028.308840    0.000000
 3029.007080    0.000000
 3029.703860    0.000000
 3030.402590    0.000000
 3031.099850    0.000000
 3031.797120    0.000000
 3032.496090    0.000000
 3033.193600    0.000000
 3033.893310    0.000000
 3034.591060    0.000000
 3035.290770    0.000000
 3035.989010    0.000000
 3036.687740    0.000000
 3037.387700    0.000000
 3038.086670    0.000000
 3038.787350    0.000000
 3039.486080    0.000000
 3040.187260    0.000000
 3040.886470    0.000000
 3041.586180    0.000000
 3042.287350    0.000000
 3042.987550    0.000000
 3043.689210    0.000000
 3044.389160    0.000000
 3045.091060    0.000000
 3045.791750    0.000000
 3046.492430    0.000000
 3047.194820    0.000000
 3047.896000    0.000000
 3048.598880    0.000000
 3049.300050    0.000000
