 2653.384280    0.000000
 2653.996340    0.000000
 2654.606690    0.000000
 2655.217290    0.000000
 2655.829830    0.000000
 2656.440670    0.000000
 2657.053220    0.000000
 2657.664550    0.000000
 2658.277340    0.000000
 2658.888920    0.000000
 2659.500730    0.000000
 2660.114010    0.000000
 2660.725830    0.000000
 2661.339360    0.000000
 2661.951660    0.000000
 2662.565430    0.000000
 2663.177980    0.000000
 2663.790530    0.000000
 2664.404790    0.000000
 2665.017820    0.000000
 2665.632320    0.000000
 2666.245610    0.000000
 2666.860350    0.000000
 2667.473880    0.000000
 2668.089110    0.000000
 2668.702880    0.000000
 2669.316890    0.000000
 2669.932370    0.000000
 2670.546630    0.000001
 2671.162350    0.000001
 2671.776860    0.000001
 2672.393070    0.000002
 2673.007810    0.000003
 2673.622560    0.000005
 2674.239260    0.000008
 2674.854490    0.000011
 2675.471190    0.000017
 2676.086670    0.000026
 2676.703860    0.000039
 2677.319580    0.000058
 2677.935550    0.000086
 2678.552980    0.000126
 2679.169190    0.000183
 2679.786870    0.000265
 2680.403560    0.000382
 2681.021480    0.000547
 2681.638430    0.000777
 2682.255370    0.001098
 2682.873780    0.001542
 2683.490970    0.002150
 2684.109860    0.002980
 2684.727290    0.004103
 2685.346440    0.005615
 2685.964110    0.007631
 2686.582030    0.010305
 2687.201660    0.013839
 2687.819820    0.018450
 2688.439450    0.024455
 2689.057860    0.032187
 2689.677980    0.042123
 2690.296880    0.054739
 2690.915770    0.070674
 2691.536380    0.090719
 2692.155270    0.115619
 2692.776370    0.146520
 2693.395750    0.184357
 2694.016850    0.230603
 2694.636720    0.286453
 2695.256590    0.353523
 2695.877930    0.433674
 2696.498050    0.528331
 2697.119870    0.639803
 2697.740480    0.769467
 2698.362550    0.919776
 2698.983400    1.091907
 2699.604250    1.287826
 2700.226810    1.509665
 2700.847900    1.757531
 2701.470700    2.033575
 2702.092040    2.336830
 2702.715330    2.668905
 2703.337160    3.027319
 2703.958980    3.411468
 2704.582520    3.820436
 2705.204830    4.249515
 2705.828370    4.696794
 2706.450930    5.156377
 2707.074950    5.625025
 2707.697750    6.095041
 2708.320800    6.561299
 2708.945310    7.018028
 2709.568360    7.456160
 2710.193360    7.871024
 2710.816650    8.253223
 2711.441890    8.598282
 2712.065670    8.898049
 2712.689450    9.147830
 2713.314940    9.343350
 2713.939210    9.479864
 2714.565190    9.555264
 2715.189450    9.567657
 2715.815670    9.516832
 2716.440430    9.403997
 2717.066890    9.230766
 2717.691890    9.001346
 2718.317140    8.719670
 2718.943850    8.390289
 2719.569340    8.020620
 2720.196530    7.615495
 2720.822270    7.183892
 2721.449710    6.730736
 2722.075680    6.265387
 2722.702150    5.793294
 2723.329830    5.320397
 2723.956300    4.854527
 2724.584470    4.398909
 2725.211430    3.960356
 2725.839600    3.541092
 2726.466800    3.145736
 2727.093990    2.775977
 2727.722900    2.432531
 2728.350340    2.118057
 2728.979490    1.831250
 2729.607420    1.573184
 2730.236820    1.341990
 2730.864750    1.137570
 2731.493160    0.957745
 2732.122800    0.800692
 2732.751460    0.665112
 2733.381590    0.548555
 2734.010500    0.449572
 2734.640870    0.365812
 2735.270020    0.295788
 2735.899410    0.237550
 2736.530270    0.189403
 2737.159670    0.150083
 2737.790770    0.118052
 2738.420650    0.092279
 2739.052250    0.071601
 2739.682370    0.055216
 2740.312500    0.042295
 2740.944340    0.032157
 2741.575200    0.024295
 2742.207280    0.018221
 2742.838130    0.013582
 2743.470460    0.010049
 2744.101560    0.007389
 2744.732910    0.005396
 2745.365970    0.003911
 2745.997310    0.002817
 2746.630860    0.002014
 2747.262700    0.001431
 2747.896000    0.001009
 2748.528080    0.000708
 2749.160640    0.000492
 2749.794430    0.000340
 2750.427000    0.000234
 2751.061280    0.000159
 2751.694090    0.000108
 2752.328610    0.000072
 2752.961910    0.000049
 2753.595210    0.000032
 2754.230220    0.000021
 2754.863770    0.000014
 2755.499020    0.000009
 2756.132810    0.000006
 2756.768550    0.000004
 2757.402590    0.000002
 2758.036870    0.000002
 2758.673100    0.000001
 2759.307620    0.000001
 2759.943850    0.000000
 2760.578860    0.000000
 2761.215330    0.000000
 2761.850590    0.000000
 2762.487550    0.000000
 2763.123050    0.000000
 2763.758790    0.000000
 2764.396000    0.000000
 2765.031980    0.000000
 2765.669430    0.000000
 2766.305910    0.000000
 2766.943600    0.000000
 2767.580320    0.000000
 2768.216800    0.000000
 2768.855220    0.000000
 2769.492190    0.000000
 2770.130860    0.000000
 2770.768070    0.000000
 2771.407230    0.000000
 2772.044680    0.000000
 2772.682130    0.000000
 2773.321780    0.000000
 2773.959720    0.000000
 2774.599370    0.000000
 2775.237550    0.000000
 2775.877690    0.000000
 2776.516360    0.000000
 2777.155030    0.000000
 2777.795170    0.000000
 2778.434330    0.000000
 2779.074950    0.000000
 2779.714360    0.000000
 2780.355470    0.000000
 2780.995120    0.000000
 2781.634770    0.000000
 2782.276120    0.000000
 2782.916260    0.000000
 2783.558110    0.000000
 2784.198490    0.000000
 2784.840330    0.000000
 2785.480960    0.000000
 2786.121830    0.000000
 2786.764400    0.000000
 2787.405270    0.000000
 2788.048100    0.000000
 2788.689450    0.000000
 2789.332520    0.000000
 2789.974370    0.000000
 2790.615970    0.000000
 2791.259770    0.000000
 2791.901610    0.000000
 2792.545410    0.000001
 2793.187990    0.000001
 2793.832030    0.000002
 2794.474850    0.000003
 2795.117680    0.000005
 2795.762210    0.000008
 2796.405520    0.000011
 2797.050290    0.000017
 2797.693600    0.000026
 2798.338870    0.000040
 2798.982420    0.000060
 2799.626460    0.000090
 2800.272220    0.000134
 2800.916260    0.000198
 2801.562260    0.000293
 2802.206790    0.000427
 2802.852780    0.000622
 2803.497560    0.000897
 2804.142580    0.001287
 2804.789310    0.001837
 2805.434330    0.002602
 2806.081300    0.003665
 2806.726810    0.005126
 2807.374020    0.007129
 2808.020020    0.009844
 2808.666020    0.013507
 2809.313480    0.018426
 2809.959960    0.024961
 2810.607910    0.033621
 2811.254390    0.044962
 2811.902830    0.059792
 2812.549560    0.078939
 2813.198240    0.103632
 2813.845210    0.135072
 2814.492680    0.174947
 2815.141600    0.225257
 2815.789310    0.288019
 2816.438720    0.366117
 2817.086430    0.462083
 2817.736080    0.579823
 2818.384520    0.722532
 2819.032710    0.894461
 2819.682620    1.100718
 2820.331300    1.345218
 2820.981930    1.634300
 2821.630620    1.971455
 2822.281490    2.364159
 2822.930660    2.815300
 2823.580080    3.330957
 2824.231200    3.917072
 2824.880860    4.574646
 2825.532230    5.309877
 2826.182370    6.121362
 2826.833980    7.012969
 2827.484380    7.979969
 2828.134770    9.021087
 2828.786870    10.134538
 2829.437740    11.308525
 2830.090090    12.538912
 2830.741210    13.809542
 2831.394040    15.112963
 2832.045410    16.427782
 2832.697020    17.740677
 2833.350100    19.035965
 2834.001950    20.289221
 2834.655520    21.486366
 2835.307620    22.601911
 2835.961180    23.621679
 2836.613770    24.523638
 2837.266360    25.292885
 2837.920410    25.916218
 2838.573490    26.379225
 2839.228030    26.674423
 2839.881100    26.794712
 2840.535890    26.738194
 2841.189450    26.506039
 2841.843020    26.102875
 2842.498540    25.534647
 2843.152340    24.815393
 2843.807860    23.955069
 2844.462160    22.973322
 2845.118160    21.883450
 2845.772710    20.709702
 2846.427250    19.469471
 2847.083740    18.178738
 2847.738770    16.863758
 2848.395260    15.537470
 2849.050540    14.222811
 2849.707760    12.929419
 2850.363280    11.678581
 2851.018800    10.478875
 2851.676270    9.336836
 2852.332280    8.266134
 2852.989990    7.267171
 2853.646480    6.347964
 2854.304440    5.506401
 2854.960940    4.746137
 2855.617920    4.063185
 2856.276370    3.454088
 2856.933350    2.917794
 2857.592290    2.447067
 2858.249760    2.039388
 2858.908940    1.687459
 2859.566650    1.387524
 2860.224370    1.133292
 2860.883790    0.918962
 2861.541750    0.740533
 2862.201900    0.592319
 2862.860350    0.470871
 2863.520510    0.371592
 2864.179200    0.291434
 2864.839840    0.226869
 2865.498780    0.175538
 2866.157960    0.134898
 2866.818850    0.102900
 2867.478520    0.078004
 2868.139650    0.058697
 2868.799320    0.043900
 2869.460940    0.032584
 2870.121090    0.024038
 2870.781490    0.017612
 2871.443360    0.012808
 2872.103760    0.009258
 2872.766360    0.006640
 2873.427000    0.004735
 2874.089600    0.003350
 2874.750730    0.002357
 2875.412110    0.001646
 2876.075440    0.001141
 2876.736820    0.000786
 2877.400390    0.000537
 2878.062260    0.000365
 2878.725830    0.000246
 2879.388180    0.000165
 2880.050540    0.000110
 2880.714600    0.000072
 2881.377440    0.000048
 2882.041750    0.000031
 2882.704830    0.000020
 2883.369380    0.000013
 2884.032960    0.000009
 2884.696530    0.000005
 2885.361330    0.000003
 2886.025390    0.000002
 2886.690920    0.000001
 2887.354980    0.000001
 2888.020510    0.000001
 2888.685060    0.000000
 2889.349610    0.000000
 2890.015870    0.000000
 2890.680910    0.000000
 2891.347410    0.000000
 2892.012700    0.000000
 2892.679200    0.000000
 2893.344970    0.000000
 2894.010500    0.000000
 2894.677730    0.000000
 2895.343510    0.000000
 2896.011470    0.000000
 2896.677490    0.000000
 2897.345460    0.000000
 2898.011960    0.000000
 2898.678960    0.000000
 2899.347170    0.000000
 2900.014160    0.000000
 2900.682860    0.000000
 2901.350100    0.000000
 2902.019530    0.000000
 2902.687010    0.000000
 2903.354740    0.000000
 2904.024410    0.000000
 2904.692380    0.000000
 2905.361820    0.000000
 2906.030520    0.000000
 2906.700680    0.000000
 2907.369140    0.000000
 2908.038090    0.000000
 2908.708500    0.000000
 2909.377930    0.000000
 2910.048830    0.000000
 2910.718260    0.000000
 2911.389650    0.000000
 2912.059330    0.000000
 2912.729250    0.000000
 2913.400630    0.000000
 2914.070800    0.000000
 2914.742920    0.000000
 2915.413570    0.000000
 2916.085690    0.000000
 2916.756590    0.000000
 2917.429200    0.000000
 2918.100340    0.000000
 2918.771730    0.000000
 2919.444580    0.000000
 2920.116210    0.000000
 2920.789550    0.000000
 2921.461670    0.000000
 2922.135500    0.000000
 2922.807370    0.000000
 2923.479740    0.000000
 2924.154050    0.000000
 2924.826660    0.000000
 2925.500980    0.000000
 2926.174070    0.000000
 2926.848880    0.000000
 2927.522220    0.000000
 2928.195800    0.000000
 2928.870850    0.000000
 2929.544920    0.000000
 2930.220460    0.000000
 2930.894530    0.000000
 2931.570310    0.000000
 2932.244630    0.000000
 2932.919190    0.000000
 2933.595700    0.000000
 2934.270260    0.000000
 2934.947270    0.000000
 2935.622310    0.000000
 2936.299070    0.000000
 2936.974850    0.000000
 2937.650390    0.000000
 2938.327880    0.000000
 2939.003660    0.000000
 2939.681400    0.000000
 2940.357670    0.000000
 2941.035640    0.000000
 2941.712160    0.000000
 2942.389160    0.000000
 2943.067630    0.000000
 2943.744630    0.000000
 2944.423580    0.000000
 2945.100830    0.000000
 2945.780030    0.000000
 2946.457760    0.000000
 2947.135500    0.000000
 2947.815190    0.000000
 2948.493410    0.000000
 2949.173100    0.000000
 2949.851560    0.000000
 2950.531980    0.000000
 2951.210450    0.000000
 2951.889650    0.000000
 2952.570070    0.000000
 2953.249270    0.000000
 2953.930660    0.000000
 2954.610110    0.000000
 2955.291500    0.000000
 2955.971190    0.000000
 2956.651120    0.000000
 2957.333010    0.000000
 2958.013180    0.000000
 2958.695560    0.000000
 2959.376220    0.000000
 2960.058350    0.000000
 2960.739500    0.000000
 2961.420410    0.000000
 2962.103520    0.000000
 2962.784910    0.000000
 2963.468020    0.000000
 2964.149900    0.000000
 2964.833500    0.000000
 2965.515380    0.000000
 2966.197750    0.000000
 2966.881590    0.000000
 2967.564210    0.000000
 2968.248540    0.000000
 2968.931150    0.000000
 2969.615720    0.000000
 2970.299070    0.000000
 2970.984130    0.000000
 2971.667480    0.000000
 2972.351070    0.000000
 2973.036620    0.000000
 2973.720700    0.000000
 2974.406250    0.000000
 2975.090580    0.000000
 2975.776610    0.000000
 2976.461180    0.000000
 2977.146000    0.000000
 2977.832280    0.000000
 2978.517580    0.000000
 2979.204350    0.000000
 2979.889650    0.000000
 2980.576660    0.000000
 2981.262210    0.000000
 2981.948240    0.000000
 2982.635990    0.000000
 2983.322020    0.000000
 2984.010010    0.000000
 2984.696530    0.000000
 2985.384770    0.000000
 2986.071530    0.000000
 2986.758540    0.000000
 2987.447270    0.000000
 2988.134770    0.000000
 2988.823490    0.000000
 2989.510990    0.000000
 2990.200440    0.000000
 2990.888180    0.000000
 2991.576170    0.000000
 2992.266360    0.000000
 2992.954830    0.000000
 2993.644780    0.000000
 2994.333500    0.000000
 2995.023930    0.000000
 2995.713130    0.000000
 2996.402100    0.000000
 2997.093020    0.000000
 2997.782710    0.000000
 2998.473880    0.000000
 2999.163570    0.000000
 2999.855470    0.000000
 3000.545410    0.000000
 3001.235600    0.000000
 3001.927730    0.000000
 3002.618410    0.000000
 3003.310550    0.000000
 3004.001710    0.000000
 3004.694340    0.000000
 3005.385740    0.000000
 3006.076900    0.000000
 3006.770020    0.000000
 3007.461670    0.000000
 3008.155270    0.000000
 3008.847410    0.000000
 3009.541260    0.000000
 3010.233400    0.000000
 3010.926270    0.000000
 3011.620360    0.000000
 3012.313230    0.000000
 3013.007810    0.000000
 3013.700930    0.000000
 3014.395750    0.000000
 3015.089360    0.000000
 3015.783200    0.000000
 3016.478270    0.000000
 3017.172610    0.000000
 3017.868160    0.000000
 3018.562260    0.000000
 3019.258540    0.000000
 3019.952880    0.000000
 3020.647950    0.000000
 3021.344480    0.000000
 3022.039310    0.000000
 3022.736330    0.000000
 3023.431640    0.000000
 3024.128660    0.000000
 3024.824460    0.000000
 3025.522220    0.000000
 3026.218020    0.000000
 3026.914310    0.000000
 3027.612300    0.000000
 3028.308840    0.000000
 3029.007080    0.000000
 3029.703860    0.000000
 3030.402590    0.000000
 3031.099850    0.000000
 3031.797120    0.000000
 3032.496090    0.000000
 3033.193600    0.000000
 3033.893310    0.000000
 3034.591060    0.000000
 3035.290770    0.000000
 3035.989010    0.000000
 3036.687740    0.000000
 3037.387700    0.000000
 3038.086670    0.000000
 3038.787350    0.000000
 3039.486080    0.000000
 3040.187260    0.000000
 3040.886470    0.000000
 3041.586180    0.000000
 3042.287350    0.000000
 3042.987550    0.000000
 3043.689210    0.000000
 3044.389160    0.000000
 3045.091060    0.000000
 3045.791750    0.000000
 3046.492430    0.000000
 3047.194820    0.000000
 3047.896000    0.000000
 3048.598880    0.000000
 3049.300050    0.000000
