 2653.384280    0.000000
 2653.996340    0.000000
 2654.606690    0.000000
 2655.217290    0.000000
 2655.829830    0.000000
 2656.440670    0.000000
 2657.053220    0.000000
 2657.664550    0.000000
 2658.277340    0.000000
 2658.888920    0.000000
 2659.500730    0.000000
 2660.114010    0.000000
 2660.725830    0.000000
 2661.339360    0.000000
 2661.951660    0.000000
 2662.565430    0.000000
 2663.177980    0.000000
 2663.790530    0.000000
 2664.404790    0.000000
 2665.017820    0.000000
 2665.632320    0.000000
 2666.245610    0.000000
 2666.860350    0.000000
 2667.473880    0.000000
 2668.089110    0.000000
 2668.702880    0.000000
 2669.316890    0.000000
 2669.932370    0.000000
 2670.546630    0.000000
 2671.162350    0.000000
 2671.776860    0.000000
 2672.393070    0.000000
 2673.007810    0.000000
 2673.622560    0.000000
 2674.239260    0.000000
 2674.854490    0.000000
 2675.471190    0.000000
 2676.086670    0.000000
 2676.703860    0.000000
 2677.319580    0.000000
 2677.935550    0.000000
 2678.552980    0.000000
 2679.169190    0.000000
 2679.786870    0.000000
 2680.403560    0.000000
 2681.021480    0.000000
 2681.638430    0.000000
 2682.255370    0.000000
 2682.873780    0.000000
 2683.490970    0.000000
 2684.109860    0.000000
 2684.727290    0.000000
 2685.346440    0.000000
 2685.964110    0.000000
 2686.582030    0.000000
 2687.201660    0.000000
 2687.819820    0.000000
 2688.439450    0.000000
 2689.057860    0.000000
 2689.677980    0.000000
 2690.296880    0.000000
 2690.915770    0.000000
 2691.536380    0.000000
 2692.155270    0.000000
 2692.776370    0.000000
 2693.395750    0.000000
 2694.016850    0.000000
 2694.636720    0.000000
 2695.256590    0.000000
 2695.877930    0.000000
 2696.498050    0.000000
 2697.119870    0.000000
 2697.740480    0.000000
 2698.362550    0.000000
 2698.983400    0.000000
 2699.604250    0.000000
 2700.226810    0.000000
 2700.847900    0.000000
 2701.470700    0.000000
 2702.092040    0.000000
 2702.715330    0.000001
 2703.337160    0.000001
 2703.958980    0.000001
 2704.582520    0.000001
 2705.204830    0.000001
 2705.828370    0.000001
 2706.450930    0.000001
 2707.074950    0.000001
 2707.697750    0.000002
 2708.320800    0.000002
 2708.945310    0.000002
 2709.568360    0.000002
 2710.193360    0.000003
 2710.816650    0.000003
 2711.441890    0.000003
 2712.065670    0.000004
 2712.689450    0.000004
 2713.314940    0.000005
 2713.939210    0.000005
 2714.565190    0.000006
 2715.189450    0.000007
 2715.815670    0.000008
 2716.440430    0.000009
 2717.066890    0.000010
 2717.691890    0.000010
 2718.317140    0.000011
 2718.943850    0.000013
 2719.569340    0.000014
 2720.196530    0.000016
 2720.822270    0.000018
 2721.449710    0.000021
 2722.075680    0.000023
 2722.702150    0.000026
 2723.329830    0.000029
 2723.956300    0.000032
 2724.584470    0.000035
 2725.211430    0.000040
 2725.839600    0.000045
 2726.466800    0.000050
 2727.093990    0.000055
 2727.722900    0.000061
 2728.350340    0.000068
 2728.979490    0.000075
 2729.607420    0.000084
 2730.236820    0.000093
 2730.864750    0.000104
 2731.493160    0.000114
 2732.122800    0.000127
 2732.751460    0.000141
 2733.381590    0.000156
 2734.010500    0.000173
 2734.640870    0.000191
 2735.270020    0.000211
 2735.899410    0.000233
 2736.530270    0.000257
 2737.159670    0.000283
 2737.790770    0.000312
 2738.420650    0.000344
 2739.052250    0.000379
 2739.682370    0.000417
 2740.312500    0.000459
 2740.944340    0.000504
 2741.575200    0.000554
 2742.207280    0.000608
 2742.838130    0.000668
 2743.470460    0.000732
 2744.101560    0.000803
 2744.732910    0.000880
 2745.365970    0.000964
 2745.997310    0.001056
 2746.630860    0.001156
 2747.262700    0.001264
 2747.896000    0.001382
 2748.528080    0.001510
 2749.160640    0.001649
 2749.794430    0.001801
 2750.427000    0.001964
 2751.061280    0.002142
 2751.694090    0.002336
 2752.328610    0.002544
 2752.961910    0.002771
 2753.595210    0.003016
 2754.230220    0.003283
 2754.863770    0.003571
 2755.499020    0.003882
 2756.132810    0.004219
 2756.768550    0.004583
 2757.402590    0.004976
 2758.036870    0.005402
 2758.673100    0.005861
 2759.307620    0.006356
 2759.943850    0.006892
 2760.578860    0.007469
 2761.215330    0.008093
 2761.850590    0.008763
 2762.487550    0.009488
 2763.123050    0.010266
 2763.758790    0.011106
 2764.396000    0.012012
 2765.031980    0.012984
 2765.669430    0.014033
 2766.305910    0.015161
 2766.943600    0.016376
 2767.580320    0.017679
 2768.216800    0.019080
 2768.855220    0.020590
 2769.492190    0.022209
 2770.130860    0.023952
 2770.768070    0.025821
 2771.407230    0.027832
 2772.044680    0.029985
 2772.682130    0.032296
 2773.321780    0.034784
 2773.959720    0.037445
 2774.599370    0.040306
 2775.237550    0.043366
 2775.877690    0.046657
 2776.516360    0.050174
 2777.155030    0.053943
 2777.795170    0.057987
 2778.434330    0.062312
 2779.074950    0.066953
 2779.714360    0.071909
 2780.355470    0.077228
 2780.995120    0.082903
 2781.634770    0.088972
 2782.276120    0.095478
 2782.916260    0.102418
 2783.558110    0.109854
 2784.198490    0.117779
 2784.840330    0.126262
 2785.480960    0.135300
 2786.121830    0.144949
 2786.764400    0.155272
 2787.405270    0.166252
 2788.048100    0.177995
 2788.689450    0.190483
 2789.332520    0.203824
 2789.974370    0.218008
 2790.615970    0.233102
 2791.259770    0.249223
 2791.901610    0.266321
 2792.545410    0.284561
 2793.187990    0.303916
 2793.832030    0.324530
 2794.474850    0.346384
 2795.117680    0.369587
 2795.762210    0.394278
 2796.405520    0.420421
 2797.050290    0.448204
 2797.693600    0.477584
 2798.338870    0.508802
 2798.982420    0.541770
 2799.626460    0.576684
 2800.272220    0.613715
 2800.916260    0.652763
 2801.562260    0.694152
 2802.206790    0.737765
 2802.852780    0.783909
 2803.497560    0.832499
 2804.142580    0.883750
 2804.789310    0.937905
 2805.434330    0.994794
 2806.081300    1.054858
 2806.726810    1.117906
 2807.374020    1.184369
 2808.020020    1.254076
 2808.666020    1.327274
 2809.313480    1.404268
 2809.959960    1.484900
 2810.607910    1.569609
 2811.254390    1.658138
 2811.902830    1.751093
 2812.549560    1.848080
 2813.198240    1.949779
 2813.845210    2.055746
 2814.492680    2.166455
 2815.141600    2.282220
 2815.789310    2.402686
 2816.438720    2.528525
 2817.086430    2.659191
 2817.736080    2.795540
 2818.384520    2.937021
 2819.032710    3.083937
 2819.682620    3.236846
 2820.331300    3.395160
 2820.981930    3.559748
 2821.630620    3.729702
 2822.281490    3.906186
 2822.930660    4.088211
 2823.580080    4.276360
 2824.231200    4.471129
 2824.880860    4.671609
 2825.532230    4.878807
 2826.182370    5.091811
 2826.833980    5.311507
 2827.484380    5.536982
 2828.134770    5.768620
 2828.786870    6.007015
 2829.437740    6.251052
 2830.090090    6.501676
 2830.741210    6.757776
 2831.394040    7.020417
 2832.045410    7.288214
 2832.697020    7.561721
 2833.350100    7.841332
 2834.001950    8.125737
 2834.655520    8.416042
 2835.307620    8.710644
 2835.961180    9.010653
 2836.613770    9.314720
 2837.266360    9.623049
 2837.920410    9.936074
 2838.573490    10.252352
 2839.228030    10.572766
 2839.881100    10.895567
 2840.535890    11.221992
 2841.189450    11.550234
 2841.843020    11.880531
 2842.498540    12.213499
 2843.152340    12.546886
 2843.807860    12.882026
 2844.462160    13.216990
 2845.118160    13.552850
 2845.772710    13.887531
 2846.427250    14.221325
 2847.083740    14.554757
 2847.738770    14.885612
 2848.395260    15.214887
 2849.050540    15.540736
 2849.707760    15.864240
 2850.363280    16.183090
 2851.018800    16.497633
 2851.676270    16.808281
 2852.332280    17.112906
 2852.989990    17.412474
 2853.646480    17.705143
 2854.304440    17.991610
 2854.960940    18.270103
 2855.617920    18.540985
 2856.276370    18.804153
 2856.933350    19.057961
 2857.592290    19.303265
 2858.249760    19.538338
 2858.908940    19.763886
 2859.566650    19.978399
 2860.224370    20.182003
 2860.883790    20.374794
 2861.541750    20.555487
 2862.201900    20.724728
 2862.860350    20.881186
 2863.520510    21.025379
 2864.179200    21.156340
 2864.839840    21.274483
 2865.498780    21.378933
 2866.157960    21.469847
 2866.818850    21.547201
 2867.478520    21.610502
 2868.139650    21.659887
 2868.799320    21.695053
 2869.460940    21.716118
 2870.121090    21.722931
 2870.781490    21.715555
 2871.443360    21.693955
 2872.103760    21.658291
 2872.766360    21.608429
 2873.427000    21.544798
 2874.089600    21.467173
 2874.750730    21.376106
 2875.412110    21.271612
 2876.075440    21.153576
 2876.736820    21.022947
 2877.400390    20.879187
 2878.062260    20.723419
 2878.725830    20.555172
 2879.388180    20.375521
 2880.050540    20.184532
 2880.714600    19.982056
 2881.377440    19.769379
 2882.041750    19.546053
 2882.704830    19.313414
 2883.369380    19.070965
 2884.032960    18.820045
 2884.696530    18.560778
 2885.361330    18.293146
 2886.025390    18.018423
 2886.690920    17.736179
 2887.354980    17.448160
 2888.020510    17.153599
 2888.685060    16.854082
 2889.349610    16.549683
 2890.015870    16.240110
 2890.680910    15.927226
 2891.347410    15.610266
 2892.012700    15.290999
 2892.679200    14.968749
 2893.344970    14.644935
 2894.010500    14.319800
 2894.677730    13.992852
 2895.343510    13.666095
 2896.011470    13.338179
 2896.677490    13.011567
 2897.345460    12.684762
 2898.011960    12.359839
 2898.678960    12.036232
 2899.347170    11.713964
 2900.014160    11.394567
 2900.682860    11.076982
 2901.350100    10.763043
 2902.019530    10.451336
 2902.687010    10.144085
 2903.354740    9.840533
 2904.024410    9.540181
 2904.692380    9.244906
 2905.361820    8.953522
 2906.030520    8.667194
 2906.700680    8.385173
 2907.369140    8.108955
 2908.038090    7.837770
 2908.708500    7.571375
 2909.377930    7.310864
 2910.048830    7.055393
 2910.718260    6.806161
 2911.389650    6.561973
 2912.059330    6.324219
 2912.729250    6.092224
 2913.400630    5.865620
 2914.070800    5.645329
 2914.742920    5.430320
 2915.413570    5.221684
 2916.085690    5.018488
 2916.756590    4.821517
 2917.429200    4.629876
 2918.100340    4.444425
 2918.771730    4.264615
 2919.444580    4.090075
 2920.116210    3.921432
 2920.789550    3.757876
 2921.461670    3.600038
 2922.135500    3.447142
 2922.807370    3.299922
 2923.479740    3.157723
 2924.154050    3.020160
 2924.826660    2.887871
 2925.500980    2.760075
 2926.174070    2.637217
 2926.848880    2.518651
 2927.522220    2.404823
 2928.195800    2.295311
 2928.870850    2.189814
 2929.544920    2.088600
 2930.220460    1.991187
 2930.894530    1.897878
 2931.570310    1.808116
 2932.244630    1.722208
 2932.919190    1.639811
 2933.595700    1.560615
 2934.270260    1.484965
 2934.947270    1.412260
 2935.622310    1.342865
 2936.299070    1.276292
 2936.974850    1.212704
 2937.650390    1.151920
 2938.327880    1.093653
 2939.003660    1.038117
 2939.681400    0.984918
 2940.357670    0.934230
 2941.035640    0.885725
 2941.712160    0.839542
 2942.389160    0.795457
 2943.067630    0.753328
 2943.744630    0.713259
 2944.423580    0.674967
 2945.100830    0.638583
 2945.780030    0.603838
 2946.457760    0.570836
 2947.135500    0.539431
 2947.815190    0.509471
 2948.493410    0.481045
 2949.173100    0.453966
 2949.851560    0.428282
 2950.531980    0.403816
 2951.210450    0.380652
 2951.889650    0.358643
 2952.570070    0.337724
 2953.249270    0.317920
 2953.930660    0.299086
 2954.610110    0.281290
 2955.291500    0.264385
 2955.971190    0.248420
 2956.651120    0.233303
 2957.333010    0.218963
 2958.013180    0.205437
 2958.695560    0.192612
 2959.376220    0.180527
 2960.058350    0.169091
 2960.739500    0.158315
 2961.420410    0.148151
 2962.103520    0.138538
 2962.784910    0.129502
 2963.468020    0.120970
 2964.149900    0.112952
 2964.833500    0.105390
 2965.515380    0.098296
 2966.197750    0.091624
 2966.881590    0.085343
 2967.564210    0.079458
 2968.248540    0.073922
 2968.931150    0.068745
 2969.615720    0.063878
 2970.299070    0.059329
 2970.984130    0.055060
 2971.667480    0.051078
 2972.351070    0.047353
 2973.036620    0.043862
 2973.720700    0.040611
 2974.406250    0.037571
 2975.090580    0.034741
 2975.776610    0.032098
 2976.461180    0.029642
 2977.146000    0.027355
 2977.832280    0.025225
 2978.517580    0.023248
 2979.204350    0.021407
 2979.889650    0.019703
 2980.576660    0.018119
 2981.262210    0.016654
 2981.948240    0.015296
 2982.635990    0.014036
 2983.322020    0.012875
 2984.010010    0.011798
 2984.696530    0.010806
 2985.384770    0.009888
 2986.071530    0.009044
 2986.758540    0.008266
 2987.447270    0.007547
 2988.134770    0.006888
 2988.823490    0.006281
 2989.510990    0.005724
 2990.200440    0.005211
 2990.888180    0.004743
 2991.576170    0.004313
 2992.266360    0.003918
 2992.954830    0.003557
 2993.644780    0.003226
 2994.333500    0.002925
 2995.023930    0.002649
 2995.713130    0.002398
 2996.402100    0.002170
 2997.093020    0.001961
 2997.782710    0.001771
 2998.473880    0.001598
 2999.163570    0.001441
 2999.855470    0.001298
 3000.545410    0.001169
 3001.235600    0.001052
 3001.927730    0.000945
 3002.618410    0.000850
 3003.310550    0.000762
 3004.001710    0.000684
 3004.694340    0.000613
 3005.385740    0.000548
 3006.076900    0.000491
 3006.770020    0.000439
 3007.461670    0.000392
 3008.155270    0.000350
 3008.847410    0.000313
 3009.541260    0.000278
 3010.233400    0.000248
 3010.926270    0.000220
 3011.620360    0.000196
 3012.313230    0.000175
 3013.007810    0.000155
 3013.700930    0.000137
 3014.395750    0.000122
 3015.089360    0.000108
 3015.783200    0.000095
 3016.478270    0.000084
 3017.172610    0.000074
 3017.868160    0.000066
 3018.562260    0.000058
 3019.258540    0.000051
 3019.952880    0.000045
 3020.647950    0.000040
 3021.344480    0.000035
 3022.039310    0.000031
 3022.736330    0.000027
 3023.431640    0.000024
 3024.128660    0.000021
 3024.824460    0.000018
 3025.522220    0.000016
 3026.218020    0.000014
 3026.914310    0.000012
 3027.612300    0.000010
 3028.308840    0.000010
 3029.007080    0.000008
 3029.703860    0.000007
 3030.402590    0.000006
 3031.099850    0.000006
 3031.797120    0.000005
 3032.496090    0.000004
 3033.193600    0.000004
 3033.893310    0.000003
 3034.591060    0.000003
 3035.290770    0.000002
 3035.989010    0.000002
 3036.687740    0.000002
 3037.387700    0.000002
 3038.086670    0.000001
 3038.787350    0.000001
 3039.486080    0.000001
 3040.187260    0.000001
 3040.886470    0.000001
 3041.586180    0.000001
 3042.287350    0.000001
 3042.987550    0.000000
 3043.689210    0.000000
 3044.389160    0.000000
 3045.091060    0.000000
 3045.791750    0.000000
 3046.492430    0.000000
 3047.194820    0.000000
 3047.896000    0.000000
 3048.598880    0.000000
 3049.300050    0.000000
