 2653.384280    0.000000
 2653.996340    0.000000
 2654.606690    0.000000
 2655.217290    0.000000
 2655.829830    0.000000
 2656.440670    0.000000
 2657.053220    0.000000
 2657.664550    0.000000
 2658.277340    0.000000
 2658.888920    0.000000
 2659.500730    0.000000
 2660.114010    0.000000
 2660.725830    0.000000
 2661.339360    0.000000
 2661.951660    0.000000
 2662.565430    0.000000
 2663.177980    0.000000
 2663.790530    0.000000
 2664.404790    0.000000
 2665.017820    0.000000
 2665.632320    0.000000
 2666.245610    0.000000
 2666.860350    0.000000
 2667.473880    0.000000
 2668.089110    0.000000
 2668.702880    0.000000
 2669.316890    0.000000
 2669.932370    0.000000
 2670.546630    0.000000
 2671.162350    0.000000
 2671.776860    0.000000
 2672.393070    0.000000
 2673.007810    0.000000
 2673.622560    0.000000
 2674.239260    0.000000
 2674.854490    0.000000
 2675.471190    0.000000
 2676.086670    0.000000
 2676.703860    0.000000
 2677.319580    0.000000
 2677.935550    0.000000
 2678.552980    0.000000
 2679.169190    0.000000
 2679.786870    0.000000
 2680.403560    0.000000
 2681.021480    0.000000
 2681.638430    0.000000
 2682.255370    0.000000
 2682.873780    0.000000
 2683.490970    0.000000
 2684.109860    0.000000
 2684.727290    0.000000
 2685.346440    0.000000
 2685.964110    0.000000
 2686.582030    0.000000
 2687.201660    0.000000
 2687.819820    0.000000
 2688.439450    0.000000
 2689.057860    0.000000
 2689.677980    0.000000
 2690.296880    0.000000
 2690.915770    0.000000
 2691.536380    0.000000
 2692.155270    0.000000
 2692.776370    0.000000
 2693.395750    0.000000
 2694.016850    0.000000
 2694.636720    0.000000
 2695.256590    0.000000
 2695.877930    0.000000
 2696.498050    0.000000
 2697.119870    0.000000
 2697.740480    0.000000
 2698.362550    0.000000
 2698.983400    0.000000
 2699.604250    0.000000
 2700.226810    0.000000
 2700.847900    0.000000
 2701.470700    0.000000
 2702.092040    0.000000
 2702.715330    0.000000
 2703.337160    0.000000
 2703.958980    0.000000
 2704.582520    0.000000
 2705.204830    0.000000
 2705.828370    0.000000
 2706.450930    0.000000
 2707.074950    0.000000
 2707.697750    0.000000
 2708.320800    0.000000
 2708.945310    0.000000
 2709.568360    0.000000
 2710.193360    0.000000
 2710.816650    0.000000
 2711.441890    0.000000
 2712.065670    0.000000
 2712.689450    0.000000
 2713.314940    0.000000
 2713.939210    0.000000
 2714.565190    0.000000
 2715.189450    0.000000
 2715.815670    0.000000
 2716.440430    0.000000
 2717.066890    0.000000
 2717.691890    0.000000
 2718.317140    0.000000
 2718.943850    0.000000
 2719.569340    0.000000
 2720.196530    0.000000
 2720.822270    0.000000
 2721.449710    0.000000
 2722.075680    0.000000
 2722.702150    0.000000
 2723.329830    0.000000
 2723.956300    0.000000
 2724.584470    0.000000
 2725.211430    0.000000
 2725.839600    0.000000
 2726.466800    0.000000
 2727.093990    0.000000
 2727.722900    0.000000
 2728.350340    0.000000
 2728.979490    0.000000
 2729.607420    0.000000
 2730.236820    0.000000
 2730.864750    0.000000
 2731.493160    0.000000
 2732.122800    0.000000
 2732.751460    0.000000
 2733.381590    0.000000
 2734.010500    0.000000
 2734.640870    0.000000
 2735.270020    0.000000
 2735.899410    0.000000
 2736.530270    0.000000
 2737.159670    0.000000
 2737.790770    0.000000
 2738.420650    0.000000
 2739.052250    0.000000
 2739.682370    0.000000
 2740.312500    0.000000
 2740.944340    0.000000
 2741.575200    0.000000
 2742.207280    0.000000
 2742.838130    0.000000
 2743.470460    0.000000
 2744.101560    0.000000
 2744.732910    0.000000
 2745.365970    0.000000
 2745.997310    0.000000
 2746.630860    0.000000
 2747.262700    0.000000
 2747.896000    0.000000
 2748.528080    0.000000
 2749.160640    0.000000
 2749.794430    0.000000
 2750.427000    0.000000
 2751.061280    0.000000
 2751.694090    0.000000
 2752.328610    0.000000
 2752.961910    0.000000
 2753.595210    0.000000
 2754.230220    0.000000
 2754.863770    0.000000
 2755.499020    0.000000
 2756.132810    0.000000
 2756.768550    0.000000
 2757.402590    0.000000
 2758.036870    0.000000
 2758.673100    0.000000
 2759.307620    0.000000
 2759.943850    0.000000
 2760.578860    0.000000
 2761.215330    0.000000
 2761.850590    0.000000
 2762.487550    0.000000
 2763.123050    0.000000
 2763.758790    0.000000
 2764.396000    0.000000
 2765.031980    0.000000
 2765.669430    0.000000
 2766.305910    0.000000
 2766.943600    0.000000
 2767.580320    0.000000
 2768.216800    0.000000
 2768.855220    0.000000
 2769.492190    0.000000
 2770.130860    0.000000
 2770.768070    0.000000
 2771.407230    0.000001
 2772.044680    0.000001
 2772.682130    0.000001
 2773.321780    0.000001
 2773.959720    0.000001
 2774.599370    0.000001
 2775.237550    0.000001
 2775.877690    0.000001
 2776.516360    0.000002
 2777.155030    0.000002
 2777.795170    0.000002
 2778.434330    0.000002
 2779.074950    0.000003
 2779.714360    0.000003
 2780.355470    0.000004
 2780.995120    0.000004
 2781.634770    0.000005
 2782.276120    0.000006
 2782.916260    0.000006
 2783.558110    0.000007
 2784.198490    0.000008
 2784.840330    0.000010
 2785.480960    0.000010
 2786.121830    0.000012
 2786.764400    0.000013
 2787.405270    0.000015
 2788.048100    0.000018
 2788.689450    0.000020
 2789.332520    0.000023
 2789.974370    0.000026
 2790.615970    0.000030
 2791.259770    0.000033
 2791.901610    0.000038
 2792.545410    0.000044
 2793.187990    0.000050
 2793.832030    0.000056
 2794.474850    0.000063
 2795.117680    0.000072
 2795.762210    0.000081
 2796.405520    0.000092
 2797.050290    0.000103
 2797.693600    0.000116
 2798.338870    0.000132
 2798.982420    0.000149
 2799.626460    0.000167
 2800.272220    0.000188
 2800.916260    0.000212
 2801.562260    0.000238
 2802.206790    0.000268
 2802.852780    0.000301
 2803.497560    0.000338
 2804.142580    0.000380
 2804.789310    0.000425
 2805.434330    0.000477
 2806.081300    0.000534
 2806.726810    0.000597
 2807.374020    0.000669
 2808.020020    0.000748
 2808.666020    0.000834
 2809.313480    0.000933
 2809.959960    0.001040
 2810.607910    0.001161
 2811.254390    0.001293
 2811.902830    0.001441
 2812.549560    0.001604
 2813.198240    0.001785
 2813.845210    0.001985
 2814.492680    0.002205
 2815.141600    0.002449
 2815.789310    0.002718
 2816.438720    0.003016
 2817.086430    0.003343
 2817.736080    0.003703
 2818.384520    0.004100
 2819.032710    0.004535
 2819.682620    0.005015
 2820.331300    0.005542
 2820.981930    0.006121
 2821.630620    0.006755
 2822.281490    0.007452
 2822.930660    0.008213
 2823.580080    0.009048
 2824.231200    0.009961
 2824.880860    0.010959
 2825.532230    0.012052
 2826.182370    0.013242
 2826.833980    0.014544
 2827.484380    0.015961
 2828.134770    0.017504
 2828.786870    0.019188
 2829.437740    0.021017
 2830.090090    0.023011
 2830.741210    0.025172
 2831.394040    0.027526
 2832.045410    0.030074
 2832.697020    0.032837
 2833.350100    0.035838
 2834.001950    0.039081
 2834.655520    0.042600
 2835.307620    0.046395
 2835.961180    0.050506
 2836.613770    0.054937
 2837.266360    0.059720
 2837.920410    0.064887
 2838.573490    0.070447
 2839.228030    0.076447
 2839.881100    0.082889
 2840.535890    0.089832
 2841.189450    0.097280
 2841.843020    0.105276
 2842.498540    0.113881
 2843.152340    0.123083
 2843.807860    0.132969
 2844.462160    0.143533
 2845.118160    0.154866
 2845.772710    0.166955
 2846.427250    0.179871
 2847.083740    0.193700
 2847.738770    0.208421
 2848.395260    0.224150
 2849.050540    0.240875
 2849.707760    0.258734
 2850.363280    0.277681
 2851.018800    0.297821
 2851.676270    0.319279
 2852.332280    0.342004
 2852.989990    0.366171
 2853.646480    0.391739
 2854.304440    0.418880
 2854.960940    0.447539
 2855.617920    0.477871
 2856.276370    0.509997
 2856.933350    0.543849
 2857.592290    0.579677
 2858.249760    0.617372
 2858.908940    0.657195
 2859.566650    0.699032
 2860.224370    0.743048
 2860.883790    0.789442
 2861.541750    0.838075
 2862.201900    0.889297
 2862.860350    0.942892
 2863.520510    0.999214
 2864.179200    1.058078
 2864.839840    1.119867
 2865.498780    1.184322
 2866.157960    1.251701
 2866.818850    1.322245
 2867.478520    1.395718
 2868.139650    1.472496
 2868.799320    1.552311
 2869.460940    1.635650
 2870.121090    1.722155
 2870.781490    1.812103
 2871.443360    1.905740
 2872.103760    2.002707
 2872.766360    2.103606
 2873.427000    2.207856
 2874.089600    2.316124
 2874.750730    2.427899
 2875.412110    2.543497
 2876.075440    2.663271
 2876.736820    2.786545
 2877.400390    2.914119
 2878.062260    3.045262
 2878.725830    3.180666
 2879.388180    3.319744
 2880.050540    3.462739
 2880.714600    3.610030
 2881.377440    3.760958
 2882.041750    3.916116
 2882.704830    4.074851
 2883.369380    4.237776
 2884.032960    4.404251
 2884.696530    4.574464
 2885.361330    4.748683
 2886.025390    4.926334
 2886.690920    5.107938
 2887.354980    5.292618
 2888.020510    5.481099
 2888.685060    5.672596
 2889.349610    5.867283
 2890.015870    6.065562
 2890.680910    6.266446
 2891.347410    6.470618
 2892.012700    6.677130
 2892.679200    6.886599
 2893.344970    7.098263
 2894.010500    7.312122
 2894.677730    7.528652
 2895.343510    7.746658
 2896.011470    7.967170
 2896.677490    8.188643
 2897.345460    8.412189
 2898.011960    8.636483
 2898.678960    8.861987
 2899.347170    9.088758
 2900.014160    9.315763
 2900.682860    9.543800
 2901.350100    9.771585
 2902.019530    10.000150
 2902.687010    10.227873
 2903.354740    10.455294
 2904.024410    10.682775
 2904.692380    10.908861
 2905.361820    11.134411
 2906.030520    11.358465
 2906.700680    11.581547
 2907.369140    11.802385
 2908.038090    12.021497
 2908.708500    12.238989
 2909.377930    12.453853
 2910.048830    12.666665
 2910.718260    12.876296
 2911.389650    13.083609
 2912.059330    13.287277
 2912.729250    13.487711
 2913.400630    13.685081
 2914.070800    13.878407
 2914.742920    14.068413
 2915.413570    14.253968
 2916.085690    14.435702
 2916.756590    14.612731
 2917.429200    14.785659
 2918.100340    14.953519
 2918.771730    15.116599
 2919.444580    15.275043
 2920.116210    15.428082
 2920.789550    15.576246
 2921.461670    15.718760
 2922.135500    15.856129
 2922.807370    15.987496
 2923.479740    16.113256
 2924.154050    16.233553
 2924.826660    16.347641
 2925.500980    16.456018
 2926.174070    16.558119
 2926.848880    16.654318
 2927.522220    16.744093
 2928.195800    16.827625
 2928.870850    16.904985
 2929.544920    16.975843
 2930.220460    17.040405
 2930.894530    17.098356
 2931.570310    17.149931
 2932.244630    17.194855
 2932.919190    17.233242
 2933.595700    17.265150
 2934.270260    17.290373
 2934.947270    17.309071
 2935.622310    17.321108
 2936.299070    17.326571
 2936.974850    17.325422
 2937.650390    17.317707
 2938.327880    17.303390
 2939.003660    17.282568
 2939.681400    17.255161
 2940.357670    17.221327
 2941.035640    17.180946
 2941.712160    17.134245
 2942.389160    17.081156
 2943.067630    17.021627
 2943.744630    16.955973
 2944.423580    16.883915
 2945.100830    16.805912
 2945.780030    16.721605
 2946.457760    16.631493
 2947.135500    16.535475
 2947.815190    16.433344
 2948.493410    16.325693
 2949.173100    16.212156
 2949.851560    16.093277
 2950.531980    15.968595
 2951.210450    15.838940
 2951.889650    15.703922
 2952.570070    15.563546
 2953.249270    15.418436
 2953.930660    15.267982
 2954.610110    15.113232
 2955.291500    14.953430
 2955.971190    14.789579
 2956.651120    14.621372
 2957.333010    14.448505
 2958.013180    14.272069
 2958.695560    14.091203
 2959.376220    13.907098
 2960.058350    13.719069
 2960.739500    13.527951
 2961.420410    13.333723
 2962.103520    13.135850
 2962.784910    12.935642
 2963.468020    12.732274
 2964.149900    12.526804
 2964.833500    12.318528
 2965.515380    12.108680
 2966.197750    11.896779
 2966.881590    11.682703
 2967.564210    11.467487
 2968.248540    11.250399
 2968.931150    11.032716
 2969.615720    10.813462
 2970.299070    10.593849
 2970.984130    10.373125
 2971.667480    10.152587
 2972.351070    9.931793
 2973.036620    9.710382
 2973.720700    9.489643
 2974.406250    9.268820
 2975.090580    9.048957
 2975.776610    8.829296
 2976.461180    8.611030
 2977.146000    8.393783
 2977.832280    8.177341
 2978.517580    7.962644
 2979.204350    7.749086
 2979.889650    7.537736
 2980.576660    7.327768
 2981.262210    7.120298
 2981.948240    6.914872
 2982.635990    6.711269
 2983.322020    6.510634
 2984.010010    6.312017
 2984.696530    6.116529
 2985.384770    5.923376
 2986.071530    5.733557
 2986.758540    5.546690
 2987.447270    5.362480
 2988.134770    5.181801
 2988.823490    5.004091
 2989.510990    4.830051
 2990.200440    4.658948
 2990.888180    4.491754
 2991.576170    4.328031
 2992.266360    4.167381
 2992.954830    4.010758
 2993.644780    3.857468
 2994.333500    3.708137
 2995.023930    3.562152
 2995.713130    3.420153
 2996.402100    3.281932
 2997.093020    3.147067
 2997.782710    3.016177
 2998.473880    2.888748
 2999.163570    2.765303
 2999.855470    2.645174
 3000.545410    2.529058
 3001.235600    2.416545
 3001.927730    2.307337
 3002.618410    2.201941
 3003.310550    2.099866
 3004.001710    2.001431
 3004.694340    1.906242
 3005.385740    1.814617
 3006.076900    1.726360
 3006.770020    1.641145
 3007.461670    1.559332
 3008.155270    1.480456
 3008.847410    1.404844
 3009.541260    1.332083
 3010.233400    1.262461
 3010.926270    1.195654
 3011.620360    1.131556
 3012.313230    1.070316
 3013.007810    1.011606
 3013.700930    0.955620
 3014.395750    0.902025
 3015.089360    0.850976
 3015.783200    0.802282
 3016.478270    0.755808
 3017.172610    0.711608
 3017.868160    0.669487
 3018.562260    0.629530
 3019.258540    0.591455
 3019.952880    0.555416
 3020.647950    0.521197
 3021.344480    0.488699
 3022.039310    0.457996
 3022.736330    0.428851
 3023.431640    0.401360
 3024.128660    0.375319
 3024.824460    0.350776
 3025.522220    0.327557
 3026.218020    0.305728
 3026.914310    0.285149
 3027.612300    0.265731
 3028.308840    0.247505
 3029.007080    0.230334
 3029.703860    0.214241
 3030.402590    0.199098
 3031.099850    0.184926
 3031.797120    0.171647
 3032.496090    0.159184
 3033.193600    0.147549
 3033.893310    0.136637
 3034.591060    0.126472
 3035.290770    0.116959
 3035.989010    0.108103
 3036.687740    0.099844
 3037.387700    0.092139
 3038.086670    0.084980
 3038.787350    0.078306
 3039.486080    0.072124
 3040.187260    0.066363
 3040.886470    0.061035
 3041.586180    0.056092
 3042.287350    0.051504
 3042.987550    0.047264
 3043.689210    0.043334
 3044.389160    0.039712
 3045.091060    0.036358
 3045.791750    0.033269
 3046.492430    0.030420
 3047.194820    0.027790
 3047.896000    0.025373
 3048.598880    0.023146
 3049.300050    0.021103
