 2653.384280    0.000005
 2653.996340    0.000007
 2654.606690    0.000008
 2655.217290    0.000010
 2655.829830    0.000011
 2656.440670    0.000013
 2657.053220    0.000016
 2657.664550    0.000019
 2658.277340    0.000024
 2658.888920    0.000028
 2659.500730    0.000033
 2660.114010    0.000040
 2660.725830    0.000048
 2661.339360    0.000057
 2661.951660    0.000068
 2662.565430    0.000080
 2663.177980    0.000095
 2663.790530    0.000113
 2664.404790    0.000133
 2665.017820    0.000156
 2665.632320    0.000184
 2666.245610    0.000216
 2666.860350    0.000255
 2667.473880    0.000298
 2668.089110    0.000350
 2668.702880    0.000408
 2669.316890    0.000477
 2669.932370    0.000556
 2670.546630    0.000647
 2671.162350    0.000751
 2671.776860    0.000872
 2672.393070    0.001010
 2673.007810    0.001168
 2673.622560    0.001349
 2674.239260    0.001555
 2674.854490    0.001791
 2675.471190    0.002059
 2676.086670    0.002363
 2676.703860    0.002709
 2677.319580    0.003100
 2677.935550    0.003543
 2678.552980    0.004044
 2679.169190    0.004607
 2679.786870    0.005242
 2680.403560    0.005955
 2681.021480    0.006756
 2681.638430    0.007652
 2682.255370    0.008654
 2682.873780    0.009775
 2683.490970    0.011023
 2684.109860    0.012415
 2684.727290    0.013959
 2685.346440    0.015677
 2685.964110    0.017576
 2686.582030    0.019677
 2687.201660    0.022005
 2687.819820    0.024566
 2688.439450    0.027393
 2689.057860    0.030496
 2689.677980    0.033912
 2690.296880    0.037649
 2690.915770    0.041741
 2691.536380    0.046226
 2692.155270    0.051109
 2692.776370    0.056452
 2693.395750    0.062251
 2694.016850    0.068573
 2694.636720    0.075422
 2695.256590    0.082848
 2695.877930    0.090906
 2696.498050    0.099603
 2697.119870    0.109020
 2697.740480    0.119158
 2698.362550    0.130104
 2698.983400    0.141859
 2699.604250    0.154490
 2700.226810    0.168088
 2700.847900    0.182632
 2701.470700    0.198254
 2702.092040    0.214928
 2702.715330    0.232804
 2703.337160    0.251847
 2703.958980    0.272160
 2704.582520    0.293864
 2705.204830    0.316929
 2705.828370    0.341512
 2706.450930    0.367598
 2707.074950    0.395367
 2707.697750    0.424775
 2708.320800    0.455969
 2708.945310    0.489097
 2709.568360    0.524091
 2710.193360    0.561232
 2710.816650    0.600397
 2711.441890    0.641912
 2712.065670    0.685650
 2712.689450    0.731808
 2713.314940    0.780626
 2713.939210    0.831988
 2714.565190    0.886249
 2715.189450    0.943226
 2715.815670    1.003372
 2716.440430    1.066484
 2717.066890    1.133003
 2717.691890    1.202721
 2718.317140    1.275941
 2718.943850    1.352945
 2719.569340    1.433535
 2720.196530    1.518213
 2720.822270    1.606680
 2721.449710    1.699506
 2722.075680    1.796343
 2722.702150    1.897594
 2723.329830    2.003507
 2723.956300    2.113766
 2724.584470    2.228986
 2725.211430    2.348715
 2725.839600    2.473491
 2726.466800    2.602937
 2727.093990    2.737286
 2727.722900    2.876948
 2728.350340    3.021232
 2728.979490    3.170855
 2729.607420    3.325093
 2730.236820    3.484554
 2730.864750    3.648411
 2731.493160    3.817054
 2732.122800    3.990563
 2732.751460    4.168172
 2733.381590    4.350377
 2734.010500    4.536178
 2734.640870    4.726112
 2735.270020    4.919079
 2735.899410    5.115196
 2736.530270    5.314499
 2737.159670    5.515672
 2737.790770    5.719305
 2738.420650    5.923999
 2739.052250    6.130221
 2739.682370    6.336421
 2740.312500    6.542533
 2740.944340    6.748544
 2741.575200    6.952985
 2742.207280    7.155952
 2742.838130    7.356028
 2743.470460    7.553414
 2744.101560    7.746610
 2744.732910    7.935407
 2745.365970    8.119549
 2745.997310    8.297369
 2746.630860    8.469291
 2747.262700    8.633584
 2747.896000    8.790429
 2748.528080    8.938523
 2749.160640    9.077674
 2749.794430    9.207418
 2750.427000    9.326699
 2751.061280    9.435532
 2751.694090    9.532885
 2752.328610    9.618788
 2752.961910    9.692437
 2753.595210    9.753654
 2754.230220    9.802252
 2754.863770    9.837734
 2755.499020    9.860070
 2756.132810    9.869011
 2756.768550    9.864505
 2757.402590    9.846551
 2758.036870    9.815181
 2758.673100    9.770333
 2759.307620    9.712420
 2759.943850    9.641344
 2760.578860    9.557684
 2761.215330    9.461403
 2761.850590    9.353279
 2762.487550    9.233230
 2763.123050    9.102312
 2763.758790    8.960727
 2764.396000    8.808714
 2765.031980    8.647498
 2765.669430    8.477021
 2766.305910    8.298574
 2766.943600    8.112214
 2767.580320    7.919269
 2768.216800    7.720245
 2768.855220    7.515149
 2769.492190    7.305793
 2770.130860    7.091859
 2770.768070    6.875125
 2771.407230    6.655143
 2772.044680    6.433872
 2772.682130    6.211410
 2773.321780    5.987654
 2773.959720    5.764615
 2774.599370    5.541722
 2775.237550    5.320673
 2775.877690    5.100851
 2776.516360    4.883964
 2777.155030    4.670004
 2777.795170    4.458953
 2778.434330    4.252047
 2779.074950    4.048890
 2779.714360    3.850689
 2780.355470    3.656857
 2780.995120    3.468635
 2781.634770    3.285813
 2782.276120    3.108130
 2782.916260    2.936574
 2783.558110    2.770499
 2784.198490    2.610833
 2784.840330    2.456915
 2785.480960    2.309433
 2786.121830    2.168045
 2786.764400    2.032443
 2787.405270    1.903307
 2788.048100    1.779840
 2788.689450    1.662622
 2789.332520    1.550974
 2789.974370    1.445292
 2790.615970    1.345259
 2791.259770    1.250373
 2791.901610    1.161091
 2792.545410    1.076699
 2793.187990    0.997447
 2793.832030    0.922822
 2794.474850    0.852952
 2795.117680    0.787499
 2795.762210    0.726116
 2796.405520    0.668892
 2797.050290    0.615397
 2797.693600    0.565683
 2798.338870    0.519301
 2798.982420    0.476330
 2799.626460    0.436433
 2800.272220    0.399370
 2800.916260    0.365167
 2801.562260    0.333462
 2802.206790    0.304264
 2802.852780    0.277287
 2803.497560    0.252495
 2804.142580    0.229683
 2804.789310    0.208673
 2805.434330    0.189446
 2806.081300    0.171772
 2806.726810    0.155629
 2807.374020    0.140829
 2808.020020    0.127337
 2808.666020    0.115025
 2809.313480    0.103778
 2809.959960    0.093554
 2810.607910    0.084234
 2811.254390    0.075788
 2811.902830    0.068099
 2812.549560    0.061147
 2813.198240    0.054832
 2813.845210    0.049135
 2814.492680    0.043982
 2815.141600    0.039319
 2815.789310    0.035123
 2816.438720    0.031332
 2817.086430    0.027930
 2817.736080    0.024863
 2818.384520    0.022115
 2819.032710    0.019650
 2819.682620    0.017435
 2820.331300    0.015456
 2820.981930    0.013682
 2821.630620    0.012103
 2822.281490    0.010690
 2822.930660    0.009434
 2823.580080    0.008315
 2824.231200    0.007319
 2824.880860    0.006435
 2825.532230    0.005651
 2826.182370    0.004956
 2826.833980    0.004341
 2827.484380    0.003798
 2828.134770    0.003319
 2828.786870    0.002895
 2829.437740    0.002524
 2830.090090    0.002196
 2830.741210    0.001909
 2831.394040    0.001657
 2832.045410    0.001436
 2832.697020    0.001244
 2833.350100    0.001075
 2834.001950    0.000928
 2834.655520    0.000800
 2835.307620    0.000689
 2835.961180    0.000592
 2836.613770    0.000508
 2837.266360    0.000436
 2837.920410    0.000373
 2838.573490    0.000319
 2839.228030    0.000272
 2839.881100    0.000232
 2840.535890    0.000197
 2841.189450    0.000168
 2841.843020    0.000142
 2842.498540    0.000120
 2843.152340    0.000102
 2843.807860    0.000086
 2844.462160    0.000072
 2845.118160    0.000061
 2845.772710    0.000051
 2846.427250    0.000043
 2847.083740    0.000036
 2847.738770    0.000031
 2848.395260    0.000025
 2849.050540    0.000021
 2849.707760    0.000017
 2850.363280    0.000014
 2851.018800    0.000012
 2851.676270    0.000010
 2852.332280    0.000009
 2852.989990    0.000007
 2853.646480    0.000006
 2854.304440    0.000005
 2854.960940    0.000004
 2855.617920    0.000003
 2856.276370    0.000003
 2856.933350    0.000002
 2857.592290    0.000002
 2858.249760    0.000001
 2858.908940    0.000001
 2859.566650    0.000001
 2860.224370    0.000001
 2860.883790    0.000001
 2861.541750    0.000001
 2862.201900    0.000000
 2862.860350    0.000000
 2863.520510    0.000000
 2864.179200    0.000000
 2864.839840    0.000000
 2865.498780    0.000000
 2866.157960    0.000000
 2866.818850    0.000000
 2867.478520    0.000000
 2868.139650    0.000000
 2868.799320    0.000000
 2869.460940    0.000000
 2870.121090    0.000000
 2870.781490    0.000000
 2871.443360    0.000000
 2872.103760    0.000000
 2872.766360    0.000000
 2873.427000    0.000000
 2874.089600    0.000000
 2874.750730    0.000000
 2875.412110    0.000000
 2876.075440    0.000000
 2876.736820    0.000000
 2877.400390    0.000000
 2878.062260    0.000000
 2878.725830    0.000000
 2879.388180    0.000000
 2880.050540    0.000000
 2880.714600    0.000000
 2881.377440    0.000000
 2882.041750    0.000000
 2882.704830    0.000000
 2883.369380    0.000000
 2884.032960    0.000000
 2884.696530    0.000000
 2885.361330    0.000000
 2886.025390    0.000000
 2886.690920    0.000000
 2887.354980    0.000000
 2888.020510    0.000000
 2888.685060    0.000000
 2889.349610    0.000000
 2890.015870    0.000000
 2890.680910    0.000000
 2891.347410    0.000000
 2892.012700    0.000000
 2892.679200    0.000000
 2893.344970    0.000000
 2894.010500    0.000000
 2894.677730    0.000000
 2895.343510    0.000000
 2896.011470    0.000000
 2896.677490    0.000000
 2897.345460    0.000000
 2898.011960    0.000000
 2898.678960    0.000000
 2899.347170    0.000000
 2900.014160    0.000000
 2900.682860    0.000000
 2901.350100    0.000000
 2902.019530    0.000000
 2902.687010    0.000000
 2903.354740    0.000000
 2904.024410    0.000000
 2904.692380    0.000000
 2905.361820    0.000000
 2906.030520    0.000000
 2906.700680    0.000000
 2907.369140    0.000000
 2908.038090    0.000000
 2908.708500    0.000000
 2909.377930    0.000000
 2910.048830    0.000000
 2910.718260    0.000000
 2911.389650    0.000000
 2912.059330    0.000000
 2912.729250    0.000000
 2913.400630    0.000000
 2914.070800    0.000000
 2914.742920    0.000000
 2915.413570    0.000000
 2916.085690    0.000000
 2916.756590    0.000000
 2917.429200    0.000000
 2918.100340    0.000000
 2918.771730    0.000000
 2919.444580    0.000000
 2920.116210    0.000000
 2920.789550    0.000000
 2921.461670    0.000000
 2922.135500    0.000000
 2922.807370    0.000000
 2923.479740    0.000000
 2924.154050    0.000000
 2924.826660    0.000000
 2925.500980    0.000000
 2926.174070    0.000000
 2926.848880    0.000000
 2927.522220    0.000000
 2928.195800    0.000000
 2928.870850    0.000000
 2929.544920    0.000000
 2930.220460    0.000000
 2930.894530    0.000000
 2931.570310    0.000000
 2932.244630    0.000000
 2932.919190    0.000000
 2933.595700    0.000000
 2934.270260    0.000000
 2934.947270    0.000000
 2935.622310    0.000000
 2936.299070    0.000000
 2936.974850    0.000000
 2937.650390    0.000000
 2938.327880    0.000000
 2939.003660    0.000000
 2939.681400    0.000000
 2940.357670    0.000000
 2941.035640    0.000000
 2941.712160    0.000000
 2942.389160    0.000000
 2943.067630    0.000000
 2943.744630    0.000000
 2944.423580    0.000000
 2945.100830    0.000000
 2945.780030    0.000000
 2946.457760    0.000000
 2947.135500    0.000000
 2947.815190    0.000000
 2948.493410    0.000000
 2949.173100    0.000000
 2949.851560    0.000000
 2950.531980    0.000000
 2951.210450    0.000000
 2951.889650    0.000000
 2952.570070    0.000000
 2953.249270    0.000000
 2953.930660    0.000000
 2954.610110    0.000000
 2955.291500    0.000000
 2955.971190    0.000000
 2956.651120    0.000000
 2957.333010    0.000000
 2958.013180    0.000000
 2958.695560    0.000000
 2959.376220    0.000000
 2960.058350    0.000000
 2960.739500    0.000000
 2961.420410    0.000000
 2962.103520    0.000000
 2962.784910    0.000000
 2963.468020    0.000000
 2964.149900    0.000000
 2964.833500    0.000000
 2965.515380    0.000000
 2966.197750    0.000000
 2966.881590    0.000000
 2967.564210    0.000000
 2968.248540    0.000000
 2968.931150    0.000000
 2969.615720    0.000000
 2970.299070    0.000000
 2970.984130    0.000000
 2971.667480    0.000000
 2972.351070    0.000000
 2973.036620    0.000000
 2973.720700    0.000000
 2974.406250    0.000000
 2975.090580    0.000000
 2975.776610    0.000000
 2976.461180    0.000000
 2977.146000    0.000000
 2977.832280    0.000000
 2978.517580    0.000000
 2979.204350    0.000000
 2979.889650    0.000000
 2980.576660    0.000000
 2981.262210    0.000000
 2981.948240    0.000000
 2982.635990    0.000000
 2983.322020    0.000000
 2984.010010    0.000000
 2984.696530    0.000000
 2985.384770    0.000000
 2986.071530    0.000000
 2986.758540    0.000000
 2987.447270    0.000000
 2988.134770    0.000000
 2988.823490    0.000000
 2989.510990    0.000000
 2990.200440    0.000000
 2990.888180    0.000000
 2991.576170    0.000000
 2992.266360    0.000000
 2992.954830    0.000000
 2993.644780    0.000000
 2994.333500    0.000000
 2995.023930    0.000000
 2995.713130    0.000000
 2996.402100    0.000000
 2997.093020    0.000000
 2997.782710    0.000000
 2998.473880    0.000000
 2999.163570    0.000000
 2999.855470    0.000000
 3000.545410    0.000000
 3001.235600    0.000000
 3001.927730    0.000000
 3002.618410    0.000000
 3003.310550    0.000000
 3004.001710    0.000000
 3004.694340    0.000000
 3005.385740    0.000000
 3006.076900    0.000000
 3006.770020    0.000000
 3007.461670    0.000000
 3008.155270    0.000000
 3008.847410    0.000000
 3009.541260    0.000000
 3010.233400    0.000000
 3010.926270    0.000000
 3011.620360    0.000000
 3012.313230    0.000000
 3013.007810    0.000000
 3013.700930    0.000000
 3014.395750    0.000000
 3015.089360    0.000000
 3015.783200    0.000000
 3016.478270    0.000000
 3017.172610    0.000000
 3017.868160    0.000000
 3018.562260    0.000000
 3019.258540    0.000000
 3019.952880    0.000000
 3020.647950    0.000000
 3021.344480    0.000000
 3022.039310    0.000000
 3022.736330    0.000000
 3023.431640    0.000000
 3024.128660    0.000000
 3024.824460    0.000000
 3025.522220    0.000000
 3026.218020    0.000000
 3026.914310    0.000000
 3027.612300    0.000000
 3028.308840    0.000000
 3029.007080    0.000000
 3029.703860    0.000000
 3030.402590    0.000000
 3031.099850    0.000000
 3031.797120    0.000000
 3032.496090    0.000000
 3033.193600    0.000000
 3033.893310    0.000000
 3034.591060    0.000000
 3035.290770    0.000000
 3035.989010    0.000000
 3036.687740    0.000000
 3037.387700    0.000000
 3038.086670    0.000000
 3038.787350    0.000000
 3039.486080    0.000000
 3040.187260    0.000000
 3040.886470    0.000000
 3041.586180    0.000000
 3042.287350    0.000000
 3042.987550    0.000000
 3043.689210    0.000000
 3044.389160    0.000000
 3045.091060    0.000000
 3045.791750    0.000000
 3046.492430    0.000000
 3047.194820    0.000000
 3047.896000    0.000000
 3048.598880    0.000000
 3049.300050    0.000000
