 2653.384280    0.000000
 2653.996340    0.000000
 2654.606690    0.000000
 2655.217290    0.000000
 2655.829830    0.000000
 2656.440670    0.000000
 2657.053220    0.000000
 2657.664550    0.000000
 2658.277340    0.000000
 2658.888920    0.000000
 2659.500730    0.000000
 2660.114010    0.000000
 2660.725830    0.000000
 2661.339360    0.000000
 2661.951660    0.000000
 2662.565430    0.000000
 2663.177980    0.000000
 2663.790530    0.000000
 2664.404790    0.000000
 2665.017820    0.000000
 2665.632320    0.000000
 2666.245610    0.000000
 2666.860350    0.000000
 2667.473880    0.000000
 2668.089110    0.000000
 2668.702880    0.000000
 2669.316890    0.000000
 2669.932370    0.000000
 2670.546630    0.000000
 2671.162350    0.000000
 2671.776860    0.000000
 2672.393070    0.000000
 2673.007810    0.000000
 2673.622560    0.000000
 2674.239260    0.000000
 2674.854490    0.000000
 2675.471190    0.000000
 2676.086670    0.000000
 2676.703860    0.000000
 2677.319580    0.000000
 2677.935550    0.000000
 2678.552980    0.000000
 2679.169190    0.000000
 2679.786870    0.000000
 2680.403560    0.000000
 2681.021480    0.000000
 2681.638430    0.000000
 2682.255370    0.000000
 2682.873780    0.000000
 2683.490970    0.000000
 2684.109860    0.000000
 2684.727290    0.000000
 2685.346440    0.000000
 2685.964110    0.000000
 2686.582030    0.000000
 2687.201660    0.000000
 2687.819820    0.000000
 2688.439450    0.000000
 2689.057860    0.000000
 2689.677980    0.000000
 2690.296880    0.000000
 2690.915770    0.000000
 2691.536380    0.000000
 2692.155270    0.000000
 2692.776370    0.000000
 2693.395750    0.000000
 2694.016850    0.000000
 2694.636720    0.000000
 2695.256590    0.000000
 2695.877930    0.000000
 2696.498050    0.000000
 2697.119870    0.000000
 2697.740480    0.000000
 2698.362550    0.000000
 2698.983400    0.000000
 2699.604250    0.000000
 2700.226810    0.000000
 2700.847900    0.000000
 2701.470700    0.000000
 2702.092040    0.000000
 2702.715330    0.000000
 2703.337160    0.000000
 2703.958980    0.000000
 2704.582520    0.000000
 2705.204830    0.000000
 2705.828370    0.000000
 2706.450930    0.000000
 2707.074950    0.000000
 2707.697750    0.000000
 2708.320800    0.000000
 2708.945310    0.000000
 2709.568360    0.000000
 2710.193360    0.000000
 2710.816650    0.000000
 2711.441890    0.000000
 2712.065670    0.000000
 2712.689450    0.000000
 2713.314940    0.000000
 2713.939210    0.000000
 2714.565190    0.000000
 2715.189450    0.000000
 2715.815670    0.000000
 2716.440430    0.000000
 2717.066890    0.000000
 2717.691890    0.000000
 2718.317140    0.000000
 2718.943850    0.000000
 2719.569340    0.000000
 2720.196530    0.000000
 2720.822270    0.000000
 2721.449710    0.000000
 2722.075680    0.000000
 2722.702150    0.000000
 2723.329830    0.000000
 2723.956300    0.000000
 2724.584470    0.000000
 2725.211430    0.000000
 2725.839600    0.000000
 2726.466800    0.000000
 2727.093990    0.000000
 2727.722900    0.000000
 2728.350340    0.000000
 2728.979490    0.000000
 2729.607420    0.000000
 2730.236820    0.000000
 2730.864750    0.000000
 2731.493160    0.000000
 2732.122800    0.000000
 2732.751460    0.000000
 2733.381590    0.000000
 2734.010500    0.000000
 2734.640870    0.000000
 2735.270020    0.000000
 2735.899410    0.000000
 2736.530270    0.000000
 2737.159670    0.000000
 2737.790770    0.000000
 2738.420650    0.000000
 2739.052250    0.000000
 2739.682370    0.000000
 2740.312500    0.000000
 2740.944340    0.000000
 2741.575200    0.000000
 2742.207280    0.000000
 2742.838130    0.000000
 2743.470460    0.000000
 2744.101560    0.000000
 2744.732910    0.000000
 2745.365970    0.000000
 2745.997310    0.000000
 2746.630860    0.000000
 2747.262700    0.000000
 2747.896000    0.000000
 2748.528080    0.000000
 2749.160640    0.000000
 2749.794430    0.000000
 2750.427000    0.000000
 2751.061280    0.000000
 2751.694090    0.000000
 2752.328610    0.000000
 2752.961910    0.000000
 2753.595210    0.000000
 2754.230220    0.000000
 2754.863770    0.000000
 2755.499020    0.000000
 2756.132810    0.000000
 2756.768550    0.000000
 2757.402590    0.000000
 2758.036870    0.000000
 2758.673100    0.000000
 2759.307620    0.000000
 2759.943850    0.000000
 2760.578860    0.000000
 2761.215330    0.000000
 2761.850590    0.000000
 2762.487550    0.000000
 2763.123050    0.000000
 2763.758790    0.000000
 2764.396000    0.000000
 2765.031980    0.000000
 2765.669430    0.000000
 2766.305910    0.000000
 2766.943600    0.000000
 2767.580320    0.000000
 2768.216800    0.000000
 2768.855220    0.000000
 2769.492190    0.000000
 2770.130860    0.000000
 2770.768070    0.000000
 2771.407230    0.000000
 2772.044680    0.000000
 2772.682130    0.000000
 2773.321780    0.000000
 2773.959720    0.000000
 2774.599370    0.000000
 2775.237550    0.000000
 2775.877690    0.000000
 2776.516360    0.000000
 2777.155030    0.000000
 2777.795170    0.000000
 2778.434330    0.000000
 2779.074950    0.000000
 2779.714360    0.000000
 2780.355470    0.000000
 2780.995120    0.000000
 2781.634770    0.000000
 2782.276120    0.000000
 2782.916260    0.000000
 2783.558110    0.000000
 2784.198490    0.000000
 2784.840330    0.000000
 2785.480960    0.000000
 2786.121830    0.000000
 2786.764400    0.000000
 2787.405270    0.000000
 2788.048100    0.000000
 2788.689450    0.000000
 2789.332520    0.000000
 2789.974370    0.000000
 2790.615970    0.000000
 2791.259770    0.000000
 2791.901610    0.000000
 2792.545410    0.000000
 2793.187990    0.000000
 2793.832030    0.000000
 2794.474850    0.000000
 2795.117680    0.000000
 2795.762210    0.000000
 2796.405520    0.000000
 2797.050290    0.000000
 2797.693600    0.000000
 2798.338870    0.000000
 2798.982420    0.000000
 2799.626460    0.000000
 2800.272220    0.000000
 2800.916260    0.000000
 2801.562260    0.000000
 2802.206790    0.000000
 2802.852780    0.000000
 2803.497560    0.000000
 2804.142580    0.000000
 2804.789310    0.000000
 2805.434330    0.000000
 2806.081300    0.000000
 2806.726810    0.000000
 2807.374020    0.000000
 2808.020020    0.000000
 2808.666020    0.000000
 2809.313480    0.000000
 2809.959960    0.000000
 2810.607910    0.000000
 2811.254390    0.000000
 2811.902830    0.000000
 2812.549560    0.000000
 2813.198240    0.000000
 2813.845210    0.000000
 2814.492680    0.000000
 2815.141600    0.000000
 2815.789310    0.000000
 2816.438720    0.000000
 2817.086430    0.000000
 2817.736080    0.000000
 2818.384520    0.000000
 2819.032710    0.000000
 2819.682620    0.000000
 2820.331300    0.000000
 2820.981930    0.000000
 2821.630620    0.000000
 2822.281490    0.000000
 2822.930660    0.000000
 2823.580080    0.000000
 2824.231200    0.000000
 2824.880860    0.000000
 2825.532230    0.000000
 2826.182370    0.000000
 2826.833980    0.000000
 2827.484380    0.000000
 2828.134770    0.000000
 2828.786870    0.000000
 2829.437740    0.000000
 2830.090090    0.000000
 2830.741210    0.000000
 2831.394040    0.000000
 2832.045410    0.000000
 2832.697020    0.000000
 2833.350100    0.000000
 2834.001950    0.000000
 2834.655520    0.000000
 2835.307620    0.000000
 2835.961180    0.000000
 2836.613770    0.000000
 2837.266360    0.000000
 2837.920410    0.000000
 2838.573490    0.000000
 2839.228030    0.000000
 2839.881100    0.000000
 2840.535890    0.000000
 2841.189450    0.000001
 2841.843020    0.000001
 2842.498540    0.000001
 2843.152340    0.000001
 2843.807860    0.000001
 2844.462160    0.000002
 2845.118160    0.000002
 2845.772710    0.000002
 2846.427250    0.000003
 2847.083740    0.000003
 2847.738770    0.000004
 2848.395260    0.000005
 2849.050540    0.000006
 2849.707760    0.000007
 2850.363280    0.000009
 2851.018800    0.000010
 2851.676270    0.000012
 2852.332280    0.000015
 2852.989990    0.000018
 2853.646480    0.000022
 2854.304440    0.000026
 2854.960940    0.000031
 2855.617920    0.000037
 2856.276370    0.000045
 2856.933350    0.000053
 2857.592290    0.000064
 2858.249760    0.000075
 2858.908940    0.000091
 2859.566650    0.000108
 2860.224370    0.000128
 2860.883790    0.000152
 2861.541750    0.000179
 2862.201900    0.000213
 2862.860350    0.000252
 2863.520510    0.000297
 2864.179200    0.000350
 2864.839840    0.000413
 2865.498780    0.000486
 2866.157960    0.000572
 2866.818850    0.000672
 2867.478520    0.000790
 2868.139650    0.000926
 2868.799320    0.001083
 2869.460940    0.001268
 2870.121090    0.001481
 2870.781490    0.001729
 2871.443360    0.002016
 2872.103760    0.002347
 2872.766360    0.002730
 2873.427000    0.003171
 2874.089600    0.003681
 2874.750730    0.004266
 2875.412110    0.004937
 2876.075440    0.005711
 2876.736820    0.006594
 2877.400390    0.007608
 2878.062260    0.008764
 2878.725830    0.010087
 2879.388180    0.011592
 2880.050540    0.013305
 2880.714600    0.015257
 2881.377440    0.017468
 2882.041750    0.019981
 2882.704830    0.022820
 2883.369380    0.026036
 2884.032960    0.029660
 2884.696530    0.033745
 2885.361330    0.038351
 2886.025390    0.043521
 2886.690920    0.049335
 2887.354980    0.055837
 2888.020510    0.063127
 2888.685060    0.071259
 2889.349610    0.080328
 2890.015870    0.090456
 2890.680910    0.101698
 2891.347410    0.114207
 2892.012700    0.128050
 2892.679200    0.143399
 2893.344970    0.160343
 2894.010500    0.179029
 2894.677730    0.199664
 2895.343510    0.222309
 2896.011470    0.247254
 2896.677490    0.274520
 2897.345460    0.304445
 2898.011960    0.337068
 2898.678960    0.372673
 2899.347170    0.411514
 2900.014160    0.453659
 2900.682860    0.499510
 2901.350100    0.549071
 2902.019530    0.602846
 2902.687010    0.660731
 2903.354740    0.723127
 2904.024410    0.790448
 2904.692380    0.862555
 2905.361820    0.940016
 2906.030520    1.022807
 2906.700680    1.111427
 2907.369140    1.205664
 2908.038090    1.306009
 2908.708500    1.412827
 2909.377930    1.525908
 2910.048830    1.645832
 2910.718260    1.772221
 2911.389650    1.905846
 2912.059330    2.046083
 2912.729250    2.193394
 2913.400630    2.348124
 2914.070800    2.509679
 2914.742920    2.678826
 2915.413570    2.854673
 2916.085690    3.037914
 2916.756590    3.227712
 2917.429200    3.424757
 2918.100340    3.627944
 2918.771730    3.837552
 2919.444580    4.053732
 2920.116210    4.275331
 2920.789550    4.502989
 2921.461670    4.735354
 2922.135500    4.973043
 2922.807370    5.214325
 2923.479740    5.459592
 2924.154050    5.708902
 2924.826660    5.960376
 2925.500980    6.214738
 2926.174070    6.470315
 2926.848880    6.727630
 2927.522220    6.984867
 2928.195800    7.242064
 2928.870850    7.499064
 2929.544920    7.754313
 2930.220460    8.008117
 2930.894530    8.258760
 2931.570310    8.506818
 2932.244630    8.750540
 2932.919190    8.989997
 2933.595700    9.225229
 2934.270260    9.454377
 2934.947270    9.678446
 2935.622310    9.895535
 2936.299070    10.106428
 2936.974850    10.309922
 2937.650390    10.505951
 2938.327880    10.694850
 2939.003660    10.875386
 2939.681400    11.048364
 2940.357670    11.212787
 2941.035640    11.369354
 2941.712160    11.517305
 2942.389160    11.657125
 2943.067630    11.789040
 2943.744630    11.912608
 2944.423580    12.028598
 2945.100830    12.136575
 2945.780030    12.237350
 2946.457760    12.330661
 2947.135500    12.417019
 2947.815190    12.496949
 2948.493410    12.570362
 2949.173100    12.637903
 2949.851560    12.699645
 2950.531980    12.756204
 2951.210450    12.807592
 2951.889650    12.854360
 2952.570070    12.896832
 2953.249270    12.935162
 2953.930660    12.969809
 2954.610110    13.000824
 2955.291500    13.028615
 2955.971190    13.053233
 2956.651120    13.074929
 2957.333010    13.093882
 2958.013180    13.110089
 2958.695560    13.123717
 2959.376220    13.134714
 2960.058350    13.143133
 2960.739500    13.148910
 2961.420410    13.151992
 2962.103520    13.152276
 2962.784910    13.149637
 2963.468020    13.143907
 2964.149900    13.134931
 2964.833500    13.122469
 2965.515380    13.106369
 2966.197750    13.086362
 2966.881590    13.062160
 2967.564210    13.033613
 2968.248540    13.000340
 2968.931150    12.962257
 2969.615720    12.918913
 2970.299070    12.870255
 2970.984130    12.815839
 2971.667480    12.755720
 2972.351070    12.689539
 2973.036620    12.616917
 2973.720700    12.538049
 2974.406250    12.452449
 2975.090580    12.360335
 2975.776610    12.261210
 2976.461180    12.155462
 2977.146000    12.042811
 2977.832280    11.923016
 2978.517580    11.796513
 2979.204350    11.662891
 2979.889650    11.522796
 2980.576660    11.375675
 2981.262210    11.222333
 2981.948240    11.062503
 2982.635990    10.896051
 2983.322020    10.724008
 2984.010010    10.545682
 2984.696530    10.362201
 2985.384770    10.172985
 2986.071530    9.979189
 2986.758540    9.780649
 2987.447270    9.577245
 2988.134770    9.370170
 2988.823490    9.159036
 2989.510990    8.944946
 2990.200440    8.727275
 2990.888180    8.507548
 2991.576170    8.285527
 2992.266360    8.060953
 2992.954830    7.835479
 2993.644780    7.608452
 2994.333500    7.381139
 2995.023930    7.152956
 2995.713130    6.925251
 2996.402100    6.698072
 2997.093020    6.471066
 2997.782710    6.245636
 2998.473880    6.021259
 2999.163570    5.799228
 2999.855470    5.578697
 3000.545410    5.361311
 3001.235600    5.146674
 3001.927730    4.934559
 3002.618410    4.726296
 3003.310550    4.521265
 3004.001710    4.320437
 3004.694340    4.123338
 3005.385740    3.930946
 3006.076900    3.743169
 3006.770020    3.559603
 3007.461670    3.381314
 3008.155270    3.207568
 3008.847410    3.039345
 3009.541260    2.875978
 3010.233400    2.718353
 3010.926270    2.565968
 3011.620360    2.418784
 3012.313230    2.277346
 3013.007810    2.141072
 3013.700930    2.010583
 3014.395750    1.885260
 3015.089360    1.765598
 3015.783200    1.651281
 3016.478270    1.542098
 3017.172610    1.438280
 3017.868160    1.339449
 3018.562260    1.245878
 3019.258540    1.156968
 3019.952880    1.073127
 3020.647950    0.993887
 3021.344480    0.919045
 3022.039310    0.848796
 3022.736330    0.782597
 3023.431640    0.720667
 3024.128660    0.662544
 3024.824460    0.608314
 3025.522220    0.557571
 3026.218020    0.510437
 3026.914310    0.466572
 3027.612300    0.425749
 3028.308840    0.387995
 3029.007080    0.352980
 3029.703860    0.320707
 3030.402590    0.290867
 3031.099850    0.263459
 3031.797120    0.238273
 3032.496090    0.215112
 3033.193600    0.193948
 3033.893310    0.174541
 3034.591060    0.156880
 3035.290770    0.140746
 3035.989010    0.126105
 3036.687740    0.112803
 3037.387700    0.100728
 3038.086670    0.089818
 3038.787350    0.079943
 3039.486080    0.071064
 3040.187260    0.063046
 3040.886470    0.055863
 3041.586180    0.049417
 3042.287350    0.043633
 3042.987550    0.038472
 3043.689210    0.033858
 3044.389160    0.029759
 3045.091060    0.026105
 3045.791750    0.022869
 3046.492430    0.020001
 3047.194820    0.017459
 3047.896000    0.015220
 3048.598880    0.013241
 3049.300050    0.011505
