 2653.384280    0.012051
 2653.996340    0.012987
 2654.606690    0.013998
 2655.217290    0.015094
 2655.829830    0.016286
 2656.440670    0.017576
 2657.053220    0.018981
 2657.664550    0.020507
 2658.277340    0.022170
 2658.888920    0.023977
 2659.500730    0.025948
 2660.114010    0.028101
 2660.725830    0.030444
 2661.339360    0.033010
 2661.951660    0.035807
 2662.565430    0.038869
 2663.177980    0.042209
 2663.790530    0.045860
 2664.404790    0.049864
 2665.017820    0.054234
 2665.632320    0.059026
 2666.245610    0.064257
 2666.860350    0.069991
 2667.473880    0.076250
 2668.089110    0.083113
 2668.702880    0.090598
 2669.316890    0.098782
 2669.932370    0.107744
 2670.546630    0.117514
 2671.162350    0.128204
 2671.776860    0.139847
 2672.393070    0.152580
 2673.007810    0.166429
 2673.622560    0.181513
 2674.239260    0.197989
 2674.854490    0.215872
 2675.471190    0.235363
 2676.086670    0.256497
 2676.703860    0.279508
 2677.319580    0.304412
 2677.935550    0.331415
 2678.552980    0.360733
 2679.169190    0.392398
 2679.786870    0.426717
 2680.403560    0.463734
 2681.021480    0.503767
 2681.638430    0.546868
 2682.255370    0.593300
 2682.873780    0.643393
 2683.490970    0.697150
 2684.109860    0.755057
 2684.727290    0.817055
 2685.346440    0.883704
 2685.964110    0.954916
 2686.582030    1.031128
 2687.201660    1.112807
 2687.819820    1.199806
 2688.439450    1.292809
 2689.057860    1.391695
 2689.677980    1.497221
 2690.296880    1.609179
 2690.915770    1.728054
 2691.536380    1.854493
 2692.155270    1.988082
 2692.776370    2.129959
 2693.395750    2.279522
 2694.016850    2.437872
 2694.636720    2.604543
 2695.256590    2.780099
 2695.877930    2.965241
 2696.498050    3.159416
 2697.119870    3.363782
 2697.740480    3.577602
 2698.362550    3.802006
 2698.983400    4.036211
 2699.604250    4.280803
 2700.226810    4.536636
 2700.847900    4.802524
 2701.470700    5.079915
 2702.092040    5.367457
 2702.715330    5.666770
 2703.337160    5.976215
 2703.958980    6.296444
 2704.582520    6.628299
 2705.204830    6.970117
 2705.828370    7.323080
 2706.450930    7.685751
 2707.074950    8.059323
 2707.697750    8.441907
 2708.320800    8.834050
 2708.945310    9.236183
 2709.568360    9.645991
 2710.193360    10.065264
 2710.816650    10.491030
 2711.441890    10.925229
 2712.065670    11.364882
 2712.689450    11.810341
 2713.314940    12.262144
 2713.939210    12.717431
 2714.565190    13.177547
 2715.189450    13.639149
 2715.815670    14.104065
 2716.440430    14.568851
 2717.066890    15.034918
 2717.691890    15.498925
 2718.317140    15.961138
 2718.943850    16.421413
 2719.569340    16.876724
 2720.196530    17.328117
 2720.822270    17.772217
 2721.449710    18.210169
 2722.075680    18.638651
 2722.702150    19.057907
 2723.329830    19.467291
 2723.956300    19.864111
 2724.584470    20.249123
 2725.211430    20.619453
 2725.839600    20.975498
 2726.466800    21.314987
 2727.093990    21.637512
 2727.722900    21.942928
 2728.350340    22.228786
 2728.979490    22.495659
 2729.607420    22.741478
 2730.236820    22.966528
 2730.864750    23.169071
 2731.493160    23.349159
 2732.122800    23.506344
 2732.751460    23.639570
 2733.381590    23.748901
 2734.010500    23.833511
 2734.640870    23.893467
 2735.270020    23.928307
 2735.899410    23.938049
 2736.530270    23.922573
 2737.159670    23.881992
 2737.790770    23.816212
 2738.420650    23.725704
 2739.052250    23.610298
 2739.682370    23.470917
 2740.312500    23.307751
 2740.944340    23.120766
 2741.575200    22.911289
 2742.207280    22.679220
 2742.838130    22.426167
 2743.470460    22.151806
 2744.101560    21.858118
 2744.732910    21.545341
 2745.365970    21.213593
 2745.997310    20.865639
 2746.630860    20.500313
 2747.262700    20.120903
 2747.896000    19.726587
 2748.528080    19.320131
 2749.160640    18.901577
 2749.794430    18.471531
 2750.427000    18.032795
 2751.061280    17.584478
 2751.694090    17.129969
 2752.328610    16.668131
 2752.961910    16.202221
 2753.595210    15.732481
 2754.230220    15.258726
 2754.863770    14.784404
 2755.499020    14.308191
 2756.132810    13.833487
 2756.768550    13.358725
 2757.402590    12.887589
 2758.036870    12.419533
 2758.673100    11.954182
 2759.307620    11.495043
 2759.943850    11.040422
 2760.578860    10.593153
 2761.215330    10.152031
 2761.850590    9.719552
 2762.487550    9.294315
 2763.123050    8.878973
 2763.758790    8.472864
 2764.396000    8.075673
 2765.031980    7.689460
 2765.669430    7.312925
 2766.305910    6.947804
 2766.943600    6.593075
 2767.580320    6.250149
 2768.216800    5.918738
 2768.855220    5.597845
 2769.492190    5.289252
 2770.130860    4.991445
 2770.768070    4.705888
 2771.407230    4.431006
 2772.044680    4.168288
 2772.682130    3.916864
 2773.321780    3.675776
 2773.959720    3.446331
 2774.599370    3.227098
 2775.237550    3.018949
 2775.877690    2.820539
 2776.516360    2.632682
 2777.155030    2.454636
 2777.795170    2.285740
 2778.434330    2.126351
 2779.074950    1.975563
 2779.714360    1.833698
 2780.355470    1.699799
 2780.995120    1.574207
 2781.634770    1.456285
 2782.276120    1.345421
 2782.916260    1.241807
 2783.558110    1.144653
 2784.198490    1.054126
 2784.840330    0.969495
 2785.480960    0.890810
 2786.121830    0.817574
 2786.764400    0.749351
 2787.405270    0.686215
 2788.048100    0.627528
 2788.689450    0.573337
 2789.332520    0.523112
 2789.974370    0.476837
 2790.615970    0.434185
 2791.259770    0.394778
 2791.901610    0.358649
 2792.545410    0.325365
 2793.187990    0.294893
 2793.832030    0.266914
 2794.474850    0.241364
 2795.117680    0.218015
 2795.762210    0.196648
 2796.405520    0.177211
 2797.050290    0.159475
 2797.693600    0.143389
 2798.338870    0.128737
 2798.982420    0.115483
 2799.626460    0.103470
 2800.272220    0.092573
 2800.916260    0.082755
 2801.562260    0.073869
 2802.206790    0.065879
 2802.852780    0.058671
 2803.497560    0.052203
 2804.142580    0.046394
 2804.789310    0.041172
 2805.434330    0.036507
 2806.081300    0.032322
 2806.726810    0.028591
 2807.374020    0.025254
 2808.020020    0.022286
 2808.666020    0.019646
 2809.313480    0.017292
 2809.959960    0.015206
 2810.607910    0.013352
 2811.254390    0.011715
 2811.902830    0.010262
 2812.549560    0.008983
 2813.198240    0.007851
 2813.845210    0.006855
 2814.492680    0.005979
 2815.141600    0.005207
 2815.789310    0.004530
 2816.438720    0.003936
 2817.086430    0.003416
 2817.736080    0.002961
 2818.384520    0.002564
 2819.032710    0.002218
 2819.682620    0.001915
 2820.331300    0.001653
 2820.981930    0.001424
 2821.630620    0.001225
 2822.281490    0.001054
 2822.930660    0.000905
 2823.580080    0.000776
 2824.231200    0.000665
 2824.880860    0.000568
 2825.532230    0.000485
 2826.182370    0.000415
 2826.833980    0.000353
 2827.484380    0.000300
 2828.134770    0.000256
 2828.786870    0.000217
 2829.437740    0.000184
 2830.090090    0.000156
 2830.741210    0.000133
 2831.394040    0.000112
 2832.045410    0.000094
 2832.697020    0.000079
 2833.350100    0.000067
 2834.001950    0.000056
 2834.655520    0.000048
 2835.307620    0.000040
 2835.961180    0.000033
 2836.613770    0.000028
 2837.266360    0.000023
 2837.920410    0.000019
 2838.573490    0.000016
 2839.228030    0.000013
 2839.881100    0.000011
 2840.535890    0.000010
 2841.189450    0.000008
 2841.843020    0.000007
 2842.498540    0.000006
 2843.152340    0.000005
 2843.807860    0.000004
 2844.462160    0.000003
 2845.118160    0.000003
 2845.772710    0.000002
 2846.427250    0.000002
 2847.083740    0.000001
 2847.738770    0.000001
 2848.395260    0.000001
 2849.050540    0.000001
 2849.707760    0.000001
 2850.363280    0.000001
 2851.018800    0.000000
 2851.676270    0.000000
 2852.332280    0.000000
 2852.989990    0.000000
 2853.646480    0.000000
 2854.304440    0.000000
 2854.960940    0.000000
 2855.617920    0.000000
 2856.276370    0.000000
 2856.933350    0.000000
 2857.592290    0.000000
 2858.249760    0.000000
 2858.908940    0.000000
 2859.566650    0.000000
 2860.224370    0.000000
 2860.883790    0.000000
 2861.541750    0.000000
 2862.201900    0.000000
 2862.860350    0.000000
 2863.520510    0.000000
 2864.179200    0.000000
 2864.839840    0.000000
 2865.498780    0.000000
 2866.157960    0.000000
 2866.818850    0.000000
 2867.478520    0.000000
 2868.139650    0.000000
 2868.799320    0.000000
 2869.460940    0.000000
 2870.121090    0.000000
 2870.781490    0.000000
 2871.443360    0.000000
 2872.103760    0.000000
 2872.766360    0.000000
 2873.427000    0.000000
 2874.089600    0.000000
 2874.750730    0.000000
 2875.412110    0.000000
 2876.075440    0.000000
 2876.736820    0.000000
 2877.400390    0.000000
 2878.062260    0.000000
 2878.725830    0.000000
 2879.388180    0.000000
 2880.050540    0.000000
 2880.714600    0.000000
 2881.377440    0.000000
 2882.041750    0.000000
 2882.704830    0.000000
 2883.369380    0.000000
 2884.032960    0.000000
 2884.696530    0.000000
 2885.361330    0.000000
 2886.025390    0.000000
 2886.690920    0.000000
 2887.354980    0.000000
 2888.020510    0.000000
 2888.685060    0.000000
 2889.349610    0.000000
 2890.015870    0.000000
 2890.680910    0.000000
 2891.347410    0.000000
 2892.012700    0.000000
 2892.679200    0.000000
 2893.344970    0.000000
 2894.010500    0.000000
 2894.677730    0.000000
 2895.343510    0.000000
 2896.011470    0.000000
 2896.677490    0.000000
 2897.345460    0.000000
 2898.011960    0.000000
 2898.678960    0.000000
 2899.347170    0.000000
 2900.014160    0.000000
 2900.682860    0.000000
 2901.350100    0.000000
 2902.019530    0.000000
 2902.687010    0.000000
 2903.354740    0.000000
 2904.024410    0.000000
 2904.692380    0.000000
 2905.361820    0.000000
 2906.030520    0.000000
 2906.700680    0.000000
 2907.369140    0.000000
 2908.038090    0.000000
 2908.708500    0.000000
 2909.377930    0.000000
 2910.048830    0.000000
 2910.718260    0.000000
 2911.389650    0.000000
 2912.059330    0.000000
 2912.729250    0.000000
 2913.400630    0.000000
 2914.070800    0.000000
 2914.742920    0.000000
 2915.413570    0.000000
 2916.085690    0.000000
 2916.756590    0.000000
 2917.429200    0.000000
 2918.100340    0.000000
 2918.771730    0.000000
 2919.444580    0.000000
 2920.116210    0.000000
 2920.789550    0.000000
 2921.461670    0.000000
 2922.135500    0.000000
 2922.807370    0.000000
 2923.479740    0.000000
 2924.154050    0.000000
 2924.826660    0.000000
 2925.500980    0.000000
 2926.174070    0.000000
 2926.848880    0.000000
 2927.522220    0.000000
 2928.195800    0.000000
 2928.870850    0.000000
 2929.544920    0.000000
 2930.220460    0.000000
 2930.894530    0.000000
 2931.570310    0.000000
 2932.244630    0.000000
 2932.919190    0.000000
 2933.595700    0.000000
 2934.270260    0.000000
 2934.947270    0.000000
 2935.622310    0.000000
 2936.299070    0.000000
 2936.974850    0.000000
 2937.650390    0.000000
 2938.327880    0.000000
 2939.003660    0.000000
 2939.681400    0.000000
 2940.357670    0.000000
 2941.035640    0.000000
 2941.712160    0.000000
 2942.389160    0.000000
 2943.067630    0.000000
 2943.744630    0.000000
 2944.423580    0.000000
 2945.100830    0.000000
 2945.780030    0.000000
 2946.457760    0.000000
 2947.135500    0.000000
 2947.815190    0.000000
 2948.493410    0.000000
 2949.173100    0.000000
 2949.851560    0.000000
 2950.531980    0.000000
 2951.210450    0.000000
 2951.889650    0.000000
 2952.570070    0.000000
 2953.249270    0.000000
 2953.930660    0.000000
 2954.610110    0.000000
 2955.291500    0.000000
 2955.971190    0.000000
 2956.651120    0.000000
 2957.333010    0.000000
 2958.013180    0.000000
 2958.695560    0.000000
 2959.376220    0.000000
 2960.058350    0.000000
 2960.739500    0.000000
 2961.420410    0.000000
 2962.103520    0.000000
 2962.784910    0.000000
 2963.468020    0.000000
 2964.149900    0.000000
 2964.833500    0.000000
 2965.515380    0.000000
 2966.197750    0.000000
 2966.881590    0.000000
 2967.564210    0.000000
 2968.248540    0.000000
 2968.931150    0.000000
 2969.615720    0.000000
 2970.299070    0.000000
 2970.984130    0.000000
 2971.667480    0.000000
 2972.351070    0.000000
 2973.036620    0.000000
 2973.720700    0.000000
 2974.406250    0.000000
 2975.090580    0.000000
 2975.776610    0.000000
 2976.461180    0.000000
 2977.146000    0.000000
 2977.832280    0.000000
 2978.517580    0.000000
 2979.204350    0.000000
 2979.889650    0.000000
 2980.576660    0.000000
 2981.262210    0.000000
 2981.948240    0.000000
 2982.635990    0.000000
 2983.322020    0.000000
 2984.010010    0.000000
 2984.696530    0.000000
 2985.384770    0.000000
 2986.071530    0.000000
 2986.758540    0.000000
 2987.447270    0.000000
 2988.134770    0.000000
 2988.823490    0.000000
 2989.510990    0.000000
 2990.200440    0.000000
 2990.888180    0.000000
 2991.576170    0.000000
 2992.266360    0.000000
 2992.954830    0.000000
 2993.644780    0.000000
 2994.333500    0.000000
 2995.023930    0.000000
 2995.713130    0.000000
 2996.402100    0.000000
 2997.093020    0.000000
 2997.782710    0.000000
 2998.473880    0.000000
 2999.163570    0.000000
 2999.855470    0.000000
 3000.545410    0.000000
 3001.235600    0.000000
 3001.927730    0.000000
 3002.618410    0.000000
 3003.310550    0.000000
 3004.001710    0.000000
 3004.694340    0.000000
 3005.385740    0.000000
 3006.076900    0.000000
 3006.770020    0.000000
 3007.461670    0.000000
 3008.155270    0.000000
 3008.847410    0.000000
 3009.541260    0.000000
 3010.233400    0.000000
 3010.926270    0.000000
 3011.620360    0.000000
 3012.313230    0.000000
 3013.007810    0.000000
 3013.700930    0.000000
 3014.395750    0.000000
 3015.089360    0.000000
 3015.783200    0.000000
 3016.478270    0.000000
 3017.172610    0.000000
 3017.868160    0.000000
 3018.562260    0.000000
 3019.258540    0.000000
 3019.952880    0.000000
 3020.647950    0.000000
 3021.344480    0.000000
 3022.039310    0.000000
 3022.736330    0.000000
 3023.431640    0.000000
 3024.128660    0.000000
 3024.824460    0.000000
 3025.522220    0.000000
 3026.218020    0.000000
 3026.914310    0.000000
 3027.612300    0.000000
 3028.308840    0.000000
 3029.007080    0.000000
 3029.703860    0.000000
 3030.402590    0.000000
 3031.099850    0.000000
 3031.797120    0.000000
 3032.496090    0.000000
 3033.193600    0.000000
 3033.893310    0.000000
 3034.591060    0.000000
 3035.290770    0.000000
 3035.989010    0.000000
 3036.687740    0.000000
 3037.387700    0.000000
 3038.086670    0.000000
 3038.787350    0.000000
 3039.486080    0.000000
 3040.187260    0.000000
 3040.886470    0.000000
 3041.586180    0.000000
 3042.287350    0.000000
 3042.987550    0.000000
 3043.689210    0.000000
 3044.389160    0.000000
 3045.091060    0.000000
 3045.791750    0.000000
 3046.492430    0.000000
 3047.194820    0.000000
 3047.896000    0.000000
 3048.598880    0.000000
 3049.300050    0.000000
