 2653.384280    0.322528
 2653.996340    0.351436
 2654.606690    0.382423
 2655.217290    0.415702
 2655.829830    0.451499
 2656.440670    0.489728
 2657.053220    0.530731
 2657.664550    0.574442
 2658.277340    0.621187
 2658.888920    0.670893
 2659.500730    0.723802
 2660.114010    0.780163
 2660.725830    0.839838
 2661.339360    0.903266
 2661.951660    0.970272
 2662.565430    1.041276
 2663.177980    1.116087
 2663.790530    1.194955
 2664.404790    1.278224
 2665.017820    1.365602
 2665.632320    1.457567
 2666.245610    1.553805
 2666.860350    1.654815
 2667.473880    1.760221
 2668.089110    1.870584
 2668.702880    1.985378
 2669.316890    2.104934
 2669.932370    2.229521
 2670.546630    2.358595
 2671.162350    2.492701
 2671.776860    2.631219
 2672.393070    2.774760
 2673.007810    2.922512
 2673.622560    3.074715
 2674.239260    3.231760
 2674.854490    3.392644
 2675.471190    3.557977
 2676.086670    3.726862
 2676.703860    3.899904
 2677.319580    4.075994
 2677.935550    4.255364
 2678.552980    4.438115
 2679.169190    4.623164
 2679.786870    4.811007
 2680.403560    5.000572
 2681.021480    5.192182
 2681.638430    5.384784
 2682.255370    5.578290
 2682.873780    5.772750
 2683.490970    5.966898
 2684.109860    6.161213
 2684.727290    6.354245
 2685.346440    6.546517
 2685.964110    6.736566
 2686.582030    6.924441
 2687.201660    7.110084
 2687.819820    7.292046
 2688.439450    7.470691
 2689.057860    7.644745
 2689.677980    7.814530
 2690.296880    7.978749
 2690.915770    8.137257
 2691.536380    8.289990
 2692.155270    8.435648
 2692.776370    8.574688
 2693.395750    8.705797
 2694.016850    8.829283
 2694.636720    8.944159
 2695.256590    9.050308
 2695.877930    9.147603
 2696.498050    9.235299
 2697.119870    9.313509
 2697.740480    9.381595
 2698.362550    9.439615
 2698.983400    9.487119
 2699.604250    9.524070
 2700.226810    9.550401
 2700.847900    9.565882
 2701.470700    9.570534
 2702.092040    9.564310
 2702.715330    9.547185
 2703.337160    9.519297
 2703.958980    9.480715
 2704.582520    9.431418
 2705.204830    9.371795
 2705.828370    9.301812
 2706.450930    9.221944
 2707.074950    9.132136
 2707.697750    9.033066
 2708.320800    8.924850
 2708.945310    8.807593
 2709.568360    8.682228
 2710.193360    8.548462
 2710.816650    8.407501
 2711.441890    8.258956
 2712.065670    8.104095
 2712.689450    7.943050
 2713.314940    7.775848
 2713.939210    7.603763
 2714.565190    7.426487
 2715.189450    7.245501
 2715.815670    7.060252
 2716.440430    6.872263
 2717.066890    6.681088
 2717.691890    6.488201
 2718.317140    6.293579
 2718.943850    6.097328
 2719.569340    5.900770
 2720.196530    5.703449
 2720.822270    5.506820
 2721.449710    5.310324
 2722.075680    5.115374
 2722.702150    4.921763
 2723.329830    4.729651
 2723.956300    4.540149
 2724.584470    4.352712
 2725.211430    4.168534
 2725.839600    3.987195
 2726.466800    3.809601
 2727.093990    3.635715
 2727.722900    3.465302
 2728.350340    3.299427
 2728.979490    3.137430
 2729.607420    2.980225
 2730.236820    2.827273
 2730.864750    2.679396
 2731.493160    2.536211
 2732.122800    2.397638
 2732.751460    2.264210
 2733.381590    2.135443
 2734.010500    2.011898
 2734.640870    1.893044
 2735.270020    1.779366
 2735.899410    1.670547
 2736.530270    1.566347
 2737.159670    1.467182
 2737.790770    1.372477
 2738.420650    1.282589
 2739.052250    1.197008
 2739.682370    1.116060
 2740.312500    1.039430
 2740.944340    0.966805
 2741.575200    0.898378
 2742.207280    0.833784
 2742.838130    0.773140
 2743.470460    0.716055
 2744.101560    0.662638
 2744.732910    0.612620
 2745.365970    0.565766
 2745.997310    0.522194
 2746.630860    0.481503
 2747.262700    0.443818
 2747.896000    0.408820
 2748.528080    0.376536
 2749.160640    0.346755
 2749.794430    0.319338
 2750.427000    0.294281
 2751.061280    0.271367
 2751.694090    0.250615
 2752.328610    0.231832
 2752.961910    0.215022
 2753.595210    0.200071
 2754.230220    0.186879
 2754.863770    0.175450
 2755.499020    0.165675
 2756.132810    0.157560
 2756.768550    0.151028
 2757.402590    0.146089
 2758.036870    0.142706
 2758.673100    0.140868
 2759.307620    0.140590
 2759.943850    0.141880
 2760.578860    0.144755
 2761.215330    0.149261
 2761.850590    0.155421
 2762.487550    0.163319
 2763.123050    0.172979
 2763.758790    0.184498
 2764.396000    0.197991
 2765.031980    0.213501
 2765.669430    0.231203
 2766.305910    0.251155
 2766.943600    0.273561
 2767.580320    0.298491
 2768.216800    0.326125
 2768.855220    0.356742
 2769.492190    0.390363
 2770.130860    0.427357
 2770.768070    0.467751
 2771.407230    0.511987
 2772.044680    0.560050
 2772.682130    0.612301
 2773.321780    0.669201
 2773.959720    0.730680
 2774.599370    0.797353
 2775.237550    0.869184
 2775.877690    0.946875
 2776.516360    1.030331
 2777.155030    1.120049
 2777.795170    1.216591
 2778.434330    1.319938
 2779.074950    1.430844
 2779.714360    1.549204
 2780.355470    1.675928
 2780.995120    1.810756
 2781.634770    1.954331
 2782.276120    2.107437
 2782.916260    2.269746
 2783.558110    2.442371
 2784.198490    2.624817
 2784.840330    2.818264
 2785.480960    3.022244
 2786.121830    3.237516
 2786.764400    3.464936
 2787.405270    3.703582
 2788.048100    3.955093
 2788.689450    4.218395
 2789.332520    4.495018
 2789.974370    4.783910
 2790.615970    5.085629
 2791.259770    5.401510
 2791.901610    5.729615
 2792.545410    6.071992
 2793.187990    6.426988
 2793.832030    6.796058
 2794.474850    7.177587
 2795.117680    7.572129
 2795.762210    7.980604
 2796.405520    8.400928
 2797.050290    8.834570
 2797.693600    9.279202
 2798.338870    9.736794
 2798.982420    10.204281
 2799.626460    10.682693
 2800.272220    11.172396
 2800.916260    11.670139
 2801.562260    12.178037
 2802.206790    12.692630
 2802.852780    13.215415
 2803.497560    13.743316
 2804.142580    14.276566
 2804.789310    14.815373
 2805.434330    15.355826
 2806.081300    15.899869
 2806.726810    16.443459
 2807.374020    16.988056
 2808.020020    17.529940
 2808.666020    18.068851
 2809.313480    18.604681
 2809.959960    19.134056
 2810.607910    19.657597
 2811.254390    20.171555
 2811.902830    20.677246
 2812.549560    21.170408
 2813.198240    21.652435
 2813.845210    22.119221
 2814.492680    22.571022
 2815.141600    23.007107
 2815.789310    23.424347
 2816.438720    23.823328
 2817.086430    24.200716
 2817.736080    24.557444
 2818.384520    24.890602
 2819.032710    25.199703
 2819.682620    25.484592
 2820.331300    25.743030
 2820.981930    25.975382
 2821.630620    26.179485
 2822.281490    26.355944
 2822.930660    26.503079
 2823.580080    26.620935
 2824.231200    26.709246
 2824.880860    26.767265
 2825.532230    26.795063
 2826.182370    26.792381
 2826.833980    26.759207
 2827.484380    26.695768
 2828.134770    26.602247
 2828.786870    26.478601
 2829.437740    26.325768
 2830.090090    26.143621
 2830.741210    25.933506
 2831.394040    25.695154
 2832.045410    25.430498
 2832.697020    25.139801
 2833.350100    24.823372
 2834.001950    24.483532
 2834.655520    24.119829
 2835.307620    23.735178
 2835.961180    23.329079
 2836.613770    22.904291
 2837.266360    22.461542
 2837.920410    22.001129
 2838.573490    21.526136
 2839.228030    21.036181
 2839.881100    20.534883
 2840.535890    20.021234
 2841.189450    19.498955
 2841.843020    18.968534
 2842.498540    18.429779
 2843.152340    17.887102
 2843.807860    17.339056
 2844.462160    16.789450
 2845.118160    16.237148
 2845.772710    15.686114
 2846.427250    15.136358
 2847.083740    14.587449
 2847.738770    14.043398
 2848.395260    13.502872
 2849.050540    12.969123
 2849.707760    12.440560
 2850.363280    11.921051
 2851.018800    11.410064
 2851.676270    10.906907
 2852.332280    10.414930
 2852.989990    9.932423
 2853.646480    9.462136
 2854.304440    9.002684
 2854.960940    8.556568
 2855.617920    8.122840
 2856.276370    7.701240
 2856.933350    7.293921
 2857.592290    6.898996
 2858.249760    6.518681
 2858.908940    6.151251
 2859.566650    5.798536
 2860.224370    5.459699
 2860.883790    5.133867
 2861.541750    4.822527
 2862.201900    4.523833
 2862.860350    4.239399
 2863.520510    3.967539
 2864.179200    3.709329
 2864.839840    3.463178
 2865.498780    3.230162
 2866.157960    3.009234
 2866.818850    2.799622
 2867.478520    2.601913
 2868.139650    2.414940
 2868.799320    2.239153
 2869.460940    2.073262
 2870.121090    1.917741
 2870.781490    1.771759
 2871.443360    1.634680
 2872.103760    1.506709
 2872.766360    1.386746
 2873.427000    1.275149
 2874.089600    1.170863
 2874.750730    1.074047
 2875.412110    0.984048
 2876.075440    0.900294
 2876.736820    0.822917
 2877.400390    0.751079
 2878.062260    0.684865
 2878.725830    0.623604
 2879.388180    0.567250
 2880.050540    0.515383
 2880.714600    0.467587
 2881.377440    0.423801
 2882.041750    0.383576
 2882.704830    0.346824
 2883.369380    0.313151
 2884.032960    0.282456
 2884.696530    0.254469
 2885.361330    0.228939
 2886.025390    0.205750
 2886.690920    0.184648
 2887.354980    0.165553
 2888.020510    0.148220
 2888.685060    0.132566
 2889.349610    0.118425
 2890.015870    0.105637
 2890.680910    0.094136
 2891.347410    0.083767
 2892.012700    0.074467
 2892.679200    0.066107
 2893.344970    0.058622
 2894.010500    0.051927
 2894.677730    0.045926
 2895.343510    0.040581
 2896.011470    0.035801
 2896.677490    0.031558
 2897.345460    0.027774
 2898.011960    0.024422
 2898.678960    0.021446
 2899.347170    0.018806
 2900.014160    0.016476
 2900.682860    0.014412
 2901.350100    0.012595
 2902.019530    0.010989
 2902.687010    0.009580
 2903.354740    0.008342
 2904.024410    0.007252
 2904.692380    0.006298
 2905.361820    0.005463
 2906.030520    0.004732
 2906.700680    0.004094
 2907.369140    0.003538
 2908.038090    0.003055
 2908.708500    0.002632
 2909.377930    0.002267
 2910.048830    0.001948
 2910.718260    0.001674
 2911.389650    0.001435
 2912.059330    0.001230
 2912.729250    0.001053
 2913.400630    0.000899
 2914.070800    0.000768
 2914.742920    0.000654
 2915.413570    0.000557
 2916.085690    0.000474
 2916.756590    0.000402
 2917.429200    0.000341
 2918.100340    0.000289
 2918.771730    0.000244
 2919.444580    0.000207
 2920.116210    0.000175
 2920.789550    0.000147
 2921.461670    0.000124
 2922.135500    0.000104
 2922.807370    0.000088
 2923.479740    0.000073
 2924.154050    0.000061
 2924.826660    0.000051
 2925.500980    0.000043
 2926.174070    0.000036
 2926.848880    0.000030
 2927.522220    0.000025
 2928.195800    0.000021
 2928.870850    0.000017
 2929.544920    0.000014
 2930.220460    0.000011
 2930.894530    0.000010
 2931.570310    0.000008
 2932.244630    0.000007
 2932.919190    0.000006
 2933.595700    0.000005
 2934.270260    0.000004
 2934.947270    0.000003
 2935.622310    0.000003
 2936.299070    0.000002
 2936.974850    0.000002
 2937.650390    0.000001
 2938.327880    0.000001
 2939.003660    0.000001
 2939.681400    0.000001
 2940.357670    0.000001
 2941.035640    0.000001
 2941.712160    0.000000
 2942.389160    0.000000
 2943.067630    0.000000
 2943.744630    0.000000
 2944.423580    0.000000
 2945.100830    0.000000
 2945.780030    0.000000
 2946.457760    0.000000
 2947.135500    0.000000
 2947.815190    0.000000
 2948.493410    0.000000
 2949.173100    0.000000
 2949.851560    0.000000
 2950.531980    0.000000
 2951.210450    0.000000
 2951.889650    0.000000
 2952.570070    0.000000
 2953.249270    0.000000
 2953.930660    0.000000
 2954.610110    0.000000
 2955.291500    0.000000
 2955.971190    0.000000
 2956.651120    0.000000
 2957.333010    0.000000
 2958.013180    0.000000
 2958.695560    0.000000
 2959.376220    0.000000
 2960.058350    0.000000
 2960.739500    0.000000
 2961.420410    0.000000
 2962.103520    0.000000
 2962.784910    0.000000
 2963.468020    0.000000
 2964.149900    0.000000
 2964.833500    0.000000
 2965.515380    0.000000
 2966.197750    0.000000
 2966.881590    0.000000
 2967.564210    0.000000
 2968.248540    0.000000
 2968.931150    0.000000
 2969.615720    0.000000
 2970.299070    0.000000
 2970.984130    0.000000
 2971.667480    0.000000
 2972.351070    0.000000
 2973.036620    0.000000
 2973.720700    0.000000
 2974.406250    0.000000
 2975.090580    0.000000
 2975.776610    0.000000
 2976.461180    0.000000
 2977.146000    0.000000
 2977.832280    0.000000
 2978.517580    0.000000
 2979.204350    0.000000
 2979.889650    0.000000
 2980.576660    0.000000
 2981.262210    0.000000
 2981.948240    0.000000
 2982.635990    0.000000
 2983.322020    0.000000
 2984.010010    0.000000
 2984.696530    0.000000
 2985.384770    0.000000
 2986.071530    0.000000
 2986.758540    0.000000
 2987.447270    0.000000
 2988.134770    0.000000
 2988.823490    0.000000
 2989.510990    0.000000
 2990.200440    0.000000
 2990.888180    0.000000
 2991.576170    0.000000
 2992.266360    0.000000
 2992.954830    0.000000
 2993.644780    0.000000
 2994.333500    0.000000
 2995.023930    0.000000
 2995.713130    0.000000
 2996.402100    0.000000
 2997.093020    0.000000
 2997.782710    0.000000
 2998.473880    0.000000
 2999.163570    0.000000
 2999.855470    0.000000
 3000.545410    0.000000
 3001.235600    0.000000
 3001.927730    0.000000
 3002.618410    0.000000
 3003.310550    0.000000
 3004.001710    0.000000
 3004.694340    0.000000
 3005.385740    0.000000
 3006.076900    0.000000
 3006.770020    0.000000
 3007.461670    0.000000
 3008.155270    0.000000
 3008.847410    0.000000
 3009.541260    0.000000
 3010.233400    0.000000
 3010.926270    0.000000
 3011.620360    0.000000
 3012.313230    0.000000
 3013.007810    0.000000
 3013.700930    0.000000
 3014.395750    0.000000
 3015.089360    0.000000
 3015.783200    0.000000
 3016.478270    0.000000
 3017.172610    0.000000
 3017.868160    0.000000
 3018.562260    0.000000
 3019.258540    0.000000
 3019.952880    0.000000
 3020.647950    0.000000
 3021.344480    0.000000
 3022.039310    0.000000
 3022.736330    0.000000
 3023.431640    0.000000
 3024.128660    0.000000
 3024.824460    0.000000
 3025.522220    0.000000
 3026.218020    0.000000
 3026.914310    0.000000
 3027.612300    0.000000
 3028.308840    0.000000
 3029.007080    0.000000
 3029.703860    0.000000
 3030.402590    0.000000
 3031.099850    0.000000
 3031.797120    0.000000
 3032.496090    0.000000
 3033.193600    0.000000
 3033.893310    0.000000
 3034.591060    0.000000
 3035.290770    0.000000
 3035.989010    0.000000
 3036.687740    0.000000
 3037.387700    0.000000
 3038.086670    0.000000
 3038.787350    0.000000
 3039.486080    0.000000
 3040.187260    0.000000
 3040.886470    0.000000
 3041.586180    0.000000
 3042.287350    0.000000
 3042.987550    0.000000
 3043.689210    0.000000
 3044.389160    0.000000
 3045.091060    0.000000
 3045.791750    0.000000
 3046.492430    0.000000
 3047.194820    0.000000
 3047.896000    0.000000
 3048.598880    0.000000
 3049.300050    0.000000
