 2653.384280    0.133828
 2653.996340    0.141607
 2654.606690    0.149763
 2655.217290    0.158335
 2655.829830    0.167366
 2656.440670    0.176823
 2657.053220    0.186775
 2657.664550    0.197196
 2658.277340    0.208150
 2658.888920    0.219610
 2659.500730    0.231624
 2660.114010    0.244237
 2660.725830    0.257413
 2661.339360    0.271241
 2661.951660    0.285681
 2662.565430    0.300817
 2663.177980    0.316610
 2663.790530    0.333113
 2664.404790    0.350398
 2665.017820    0.368411
 2665.632320    0.387257
 2666.245610    0.406879
 2666.860350    0.427393
 2667.473880    0.448734
 2668.089110    0.471035
 2668.702880    0.494208
 2669.316890    0.518344
 2669.932370    0.543524
 2670.546630    0.569666
 2671.162350    0.596917
 2671.776860    0.625186
 2672.393070    0.654640
 2673.007810    0.685159
 2673.622560    0.716839
 2674.239260    0.749819
 2674.854490    0.783947
 2675.471190    0.819415
 2676.086670    0.856101
 2676.703860    0.894212
 2677.319580    0.933579
 2677.935550    0.974342
 2678.552980    1.016615
 2679.169190    1.060244
 2679.786870    1.105449
 2680.403560    1.152081
 2681.021480    1.200336
 2681.638430    1.250072
 2682.255370    1.301389
 2682.873780    1.354441
 2683.490970    1.409024
 2684.109860    1.465424
 2684.727290    1.523375
 2685.346440    1.583199
 2685.964110    1.644612
 2686.582030    1.707800
 2687.201660    1.772938
 2687.819820    1.839712
 2688.439450    1.908456
 2689.057860    1.978886
 2689.677980    2.051351
 2690.296880    2.125522
 2690.915770    2.201550
 2691.536380    2.279662
 2692.155270    2.359431
 2692.776370    2.441369
 2693.395750    2.524961
 2694.016850    2.610672
 2694.636720    2.698093
 2695.256590    2.787389
 2695.877930    2.878768
 2696.498050    2.971826
 2697.119870    3.066993
 2697.740480    3.163806
 2698.362550    3.262668
 2698.983400    3.363132
 2699.604250    3.465365
 2700.226810    3.569632
 2700.847900    3.675370
 2701.470700    3.783089
 2702.092040    3.892203
 2702.715330    4.003278
 2703.337160    4.115663
 2703.958980    4.229572
 2704.582520    4.345276
 2705.204830    4.462180
 2705.828370    4.580689
 2706.450930    4.700327
 2707.074950    4.821504
 2707.697750    4.943633
 2708.320800    5.066930
 2708.945310    5.191573
 2709.568360    5.316898
 2710.193360    5.443519
 2710.816650    5.570612
 2711.441890    5.698842
 2712.065670    5.827420
 2712.689450    5.956556
 2713.314940    6.086515
 2713.939210    6.216591
 2714.565190    6.347299
 2715.189450    6.477820
 2715.815670    6.608821
 2716.440430    6.739478
 2717.066890    6.870347
 2717.691890    7.000655
 2718.317140    7.130647
 2718.943850    7.260460
 2719.569340    7.389425
 2720.196530    7.518022
 2720.822270    7.645486
 2721.449710    7.772340
 2722.075680    7.897821
 2722.702150    8.022202
 2723.329830    8.145500
 2723.956300    8.267114
 2724.584470    8.387484
 2725.211430    8.505925
 2725.839600    8.622775
 2726.466800    8.737504
 2727.093990    8.850167
 2727.722900    8.960943
 2728.350340    9.069153
 2728.979490    9.175221
 2729.607420    9.278531
 2730.236820    9.379411
 2730.864750    9.477272
 2731.493160    9.572316
 2732.122800    9.664530
 2732.751460    9.753481
 2733.381590    9.839409
 2734.010500    9.921842
 2734.640870    10.001030
 2735.270020    10.076542
 2735.899410    10.148466
 2736.530270    10.216839
 2737.159670    10.281260
 2737.790770    10.341972
 2738.420650    10.398611
 2739.052250    10.451366
 2739.682370    10.499900
 2740.312500    10.544281
 2740.944340    10.584556
 2741.575200    10.620490
 2742.207280    10.652163
 2742.838130    10.679406
 2743.470460    10.702300
 2744.101560    10.720713
 2744.732910    10.734672
 2745.365970    10.744168
 2745.997310    10.749138
 2746.630860    10.749600
 2747.262700    10.745541
 2747.896000    10.736945
 2748.528080    10.723857
 2749.160640    10.706264
 2749.794430    10.684144
 2750.427000    10.657612
 2751.061280    10.626572
 2751.694090    10.591211
 2752.328610    10.551395
 2752.961910    10.507350
 2753.595210    10.459057
 2754.230220    10.406427
 2754.863770    10.349786
 2755.499020    10.288916
 2756.132810    10.224193
 2756.768550    10.155344
 2757.402590    10.082842
 2758.036870    10.006570
 2758.673100    9.926392
 2759.307620    9.842866
 2759.943850    9.755641
 2760.578860    9.665217
 2761.215330    9.571320
 2761.850590    9.474455
 2762.487550    9.374284
 2763.123050    9.271420
 2763.758790    9.165716
 2764.396000    9.057079
 2765.031980    8.946088
 2765.669430    8.832400
 2766.305910    8.716576
 2766.943600    8.598342
 2767.580320    8.478233
 2768.216800    8.356252
 2768.855220    8.232099
 2769.492190    8.106569
 2770.130860    7.979172
 2770.768070    7.850667
 2771.407230    7.720503
 2772.044680    7.589552
 2772.682130    7.457600
 2773.321780    7.324318
 2773.959720    7.190650
 2774.599370    7.056008
 2775.237550    6.921186
 2775.877690    6.785587
 2776.516360    6.650058
 2777.155030    6.514411
 2777.795170    6.378453
 2778.434330    6.242819
 2779.074950    6.107108
 2779.714360    5.971998
 2780.355470    5.836980
 2780.995120    5.702831
 2781.634770    5.569342
 2782.276120    5.436260
 2782.916260    5.304290
 2783.558110    5.172923
 2784.198490    5.042898
 2784.840330    4.913707
 2785.480960    4.785973
 2786.121830    4.659481
 2786.764400    4.534022
 2787.405270    4.410336
 2788.048100    4.287785
 2788.689450    4.167084
 2789.332520    4.047700
 2789.974370    3.930233
 2790.615970    3.814552
 2791.259770    3.700274
 2791.901610    3.588180
 2792.545410    3.477630
 2793.187990    3.369211
 2793.832030    3.262504
 2794.474850    3.157985
 2795.117680    3.055478
 2795.762210    2.954741
 2796.405520    2.856255
 2797.050290    2.759625
 2797.693600    2.665305
 2798.338870    2.572806
 2798.982420    2.482661
 2799.626460    2.394561
 2800.272220    2.308350
 2800.916260    2.224483
 2801.562260    2.142480
 2802.206790    2.062771
 2802.852780    1.984983
 2803.497560    1.909430
 2804.142580    1.835920
 2804.789310    1.764280
 2805.434330    1.694871
 2806.081300    1.627279
 2806.726810    1.561840
 2807.374020    1.498211
 2808.020020    1.436656
 2808.666020    1.377026
 2809.313480    1.319164
 2809.959960    1.263261
 2810.607910    1.209076
 2811.254390    1.156822
 2811.902830    1.106192
 2812.549560    1.057438
 2813.198240    1.010251
 2813.845210    0.964863
 2814.492680    0.921078
 2815.141600    0.878800
 2815.789310    0.838171
 2816.438720    0.798967
 2817.086430    0.761360
 2817.736080    0.725100
 2818.384520    0.690326
 2819.032710    0.656943
 2819.682620    0.624820
 2820.331300    0.594063
 2820.981930    0.564486
 2821.630620    0.536228
 2822.281490    0.509073
 2822.930660    0.483148
 2823.580080    0.458332
 2824.231200    0.434541
 2824.880860    0.411854
 2825.532230    0.390124
 2826.182370    0.369417
 2826.833980    0.349613
 2827.484380    0.330760
 2828.134770    0.312787
 2828.786870    0.295618
 2829.437740    0.279299
 2830.090090    0.263730
 2830.741210    0.248948
 2831.394040    0.234857
 2832.045410    0.221494
 2832.697020    0.208797
 2833.350100    0.196714
 2834.001950    0.185271
 2834.655520    0.174391
 2835.307620    0.164099
 2835.961180    0.154326
 2836.613770    0.145086
 2837.266360    0.136339
 2837.920410    0.128047
 2838.573490    0.120217
 2839.228030    0.112801
 2839.881100    0.105811
 2840.535890    0.099195
 2841.189450    0.092963
 2841.843020    0.087085
 2842.498540    0.081527
 2843.152340    0.076303
 2843.807860    0.071371
 2844.462160    0.066737
 2845.118160    0.062366
 2845.772710    0.058265
 2846.427250    0.054410
 2847.083740    0.050777
 2847.738770    0.047374
 2848.395260    0.044172
 2849.050540    0.041175
 2849.707760    0.038357
 2850.363280    0.035722
 2851.018800    0.033254
 2851.676270    0.030936
 2852.332280    0.028772
 2852.989990    0.026744
 2853.646480    0.024850
 2854.304440    0.023077
 2854.960940    0.021424
 2855.617920    0.019881
 2856.276370    0.018437
 2856.933350    0.017095
 2857.592290    0.015839
 2858.249760    0.014671
 2858.908940    0.013581
 2859.566650    0.012569
 2860.224370    0.011627
 2860.883790    0.010749
 2861.541750    0.009935
 2862.201900    0.009176
 2862.860350    0.008473
 2863.520510    0.007819
 2864.179200    0.007214
 2864.839840    0.006651
 2865.498780    0.006130
 2866.157960    0.005649
 2866.818850    0.005200
 2867.478520    0.004787
 2868.139650    0.004404
 2868.799320    0.004050
 2869.460940    0.003722
 2870.121090    0.003421
 2870.781490    0.003141
 2871.443360    0.002883
 2872.103760    0.002645
 2872.766360    0.002426
 2873.427000    0.002225
 2874.089600    0.002038
 2874.750730    0.001867
 2875.412110    0.001709
 2876.075440    0.001564
 2876.736820    0.001431
 2877.400390    0.001307
 2878.062260    0.001195
 2878.725830    0.001092
 2879.388180    0.000997
 2880.050540    0.000910
 2880.714600    0.000830
 2881.377440    0.000756
 2882.041750    0.000690
 2882.704830    0.000628
 2883.369380    0.000572
 2884.032960    0.000521
 2884.696530    0.000474
 2885.361330    0.000431
 2886.025390    0.000391
 2886.690920    0.000356
 2887.354980    0.000323
 2888.020510    0.000293
 2888.685060    0.000266
 2889.349610    0.000241
 2890.015870    0.000218
 2890.680910    0.000198
 2891.347410    0.000179
 2892.012700    0.000162
 2892.679200    0.000147
 2893.344970    0.000133
 2894.010500    0.000120
 2894.677730    0.000109
 2895.343510    0.000098
 2896.011470    0.000089
 2896.677490    0.000080
 2897.345460    0.000072
 2898.011960    0.000065
 2898.678960    0.000058
 2899.347170    0.000052
 2900.014160    0.000048
 2900.682860    0.000043
 2901.350100    0.000038
 2902.019530    0.000034
 2902.687010    0.000031
 2903.354740    0.000028
 2904.024410    0.000025
 2904.692380    0.000023
 2905.361820    0.000020
 2906.030520    0.000018
 2906.700680    0.000016
 2907.369140    0.000014
 2908.038090    0.000013
 2908.708500    0.000011
 2909.377930    0.000010
 2910.048830    0.000010
 2910.718260    0.000009
 2911.389650    0.000008
 2912.059330    0.000007
 2912.729250    0.000006
 2913.400630    0.000006
 2914.070800    0.000005
 2914.742920    0.000004
 2915.413570    0.000004
 2916.085690    0.000003
 2916.756590    0.000003
 2917.429200    0.000003
 2918.100340    0.000002
 2918.771730    0.000002
 2919.444580    0.000002
 2920.116210    0.000002
 2920.789550    0.000002
 2921.461670    0.000001
 2922.135500    0.000001
 2922.807370    0.000001
 2923.479740    0.000001
 2924.154050    0.000001
 2924.826660    0.000001
 2925.500980    0.000001
 2926.174070    0.000001
 2926.848880    0.000001
 2927.522220    0.000000
 2928.195800    0.000000
 2928.870850    0.000000
 2929.544920    0.000000
 2930.220460    0.000000
 2930.894530    0.000000
 2931.570310    0.000000
 2932.244630    0.000000
 2932.919190    0.000000
 2933.595700    0.000000
 2934.270260    0.000000
 2934.947270    0.000000
 2935.622310    0.000000
 2936.299070    0.000000
 2936.974850    0.000000
 2937.650390    0.000000
 2938.327880    0.000000
 2939.003660    0.000000
 2939.681400    0.000000
 2940.357670    0.000000
 2941.035640    0.000000
 2941.712160    0.000000
 2942.389160    0.000000
 2943.067630    0.000000
 2943.744630    0.000000
 2944.423580    0.000000
 2945.100830    0.000000
 2945.780030    0.000000
 2946.457760    0.000000
 2947.135500    0.000000
 2947.815190    0.000000
 2948.493410    0.000000
 2949.173100    0.000000
 2949.851560    0.000000
 2950.531980    0.000000
 2951.210450    0.000000
 2951.889650    0.000000
 2952.570070    0.000000
 2953.249270    0.000000
 2953.930660    0.000000
 2954.610110    0.000000
 2955.291500    0.000000
 2955.971190    0.000000
 2956.651120    0.000000
 2957.333010    0.000000
 2958.013180    0.000000
 2958.695560    0.000000
 2959.376220    0.000000
 2960.058350    0.000000
 2960.739500    0.000000
 2961.420410    0.000000
 2962.103520    0.000000
 2962.784910    0.000000
 2963.468020    0.000000
 2964.149900    0.000000
 2964.833500    0.000000
 2965.515380    0.000000
 2966.197750    0.000000
 2966.881590    0.000000
 2967.564210    0.000000
 2968.248540    0.000000
 2968.931150    0.000000
 2969.615720    0.000000
 2970.299070    0.000000
 2970.984130    0.000000
 2971.667480    0.000000
 2972.351070    0.000000
 2973.036620    0.000000
 2973.720700    0.000000
 2974.406250    0.000000
 2975.090580    0.000000
 2975.776610    0.000000
 2976.461180    0.000000
 2977.146000    0.000000
 2977.832280    0.000000
 2978.517580    0.000000
 2979.204350    0.000000
 2979.889650    0.000000
 2980.576660    0.000000
 2981.262210    0.000000
 2981.948240    0.000000
 2982.635990    0.000000
 2983.322020    0.000000
 2984.010010    0.000000
 2984.696530    0.000000
 2985.384770    0.000000
 2986.071530    0.000000
 2986.758540    0.000000
 2987.447270    0.000000
 2988.134770    0.000000
 2988.823490    0.000000
 2989.510990    0.000000
 2990.200440    0.000000
 2990.888180    0.000000
 2991.576170    0.000000
 2992.266360    0.000000
 2992.954830    0.000000
 2993.644780    0.000000
 2994.333500    0.000000
 2995.023930    0.000000
 2995.713130    0.000000
 2996.402100    0.000000
 2997.093020    0.000000
 2997.782710    0.000000
 2998.473880    0.000000
 2999.163570    0.000000
 2999.855470    0.000000
 3000.545410    0.000000
 3001.235600    0.000000
 3001.927730    0.000000
 3002.618410    0.000000
 3003.310550    0.000000
 3004.001710    0.000000
 3004.694340    0.000000
 3005.385740    0.000000
 3006.076900    0.000000
 3006.770020    0.000000
 3007.461670    0.000000
 3008.155270    0.000000
 3008.847410    0.000000
 3009.541260    0.000000
 3010.233400    0.000000
 3010.926270    0.000000
 3011.620360    0.000000
 3012.313230    0.000000
 3013.007810    0.000000
 3013.700930    0.000000
 3014.395750    0.000000
 3015.089360    0.000000
 3015.783200    0.000000
 3016.478270    0.000000
 3017.172610    0.000000
 3017.868160    0.000000
 3018.562260    0.000000
 3019.258540    0.000000
 3019.952880    0.000000
 3020.647950    0.000000
 3021.344480    0.000000
 3022.039310    0.000000
 3022.736330    0.000000
 3023.431640    0.000000
 3024.128660    0.000000
 3024.824460    0.000000
 3025.522220    0.000000
 3026.218020    0.000000
 3026.914310    0.000000
 3027.612300    0.000000
 3028.308840    0.000000
 3029.007080    0.000000
 3029.703860    0.000000
 3030.402590    0.000000
 3031.099850    0.000000
 3031.797120    0.000000
 3032.496090    0.000000
 3033.193600    0.000000
 3033.893310    0.000000
 3034.591060    0.000000
 3035.290770    0.000000
 3035.989010    0.000000
 3036.687740    0.000000
 3037.387700    0.000000
 3038.086670    0.000000
 3038.787350    0.000000
 3039.486080    0.000000
 3040.187260    0.000000
 3040.886470    0.000000
 3041.586180    0.000000
 3042.287350    0.000000
 3042.987550    0.000000
 3043.689210    0.000000
 3044.389160    0.000000
 3045.091060    0.000000
 3045.791750    0.000000
 3046.492430    0.000000
 3047.194820    0.000000
 3047.896000    0.000000
 3048.598880    0.000000
 3049.300050    0.000000
