 2653.384280    1.157942
 2653.996340    1.207312
 2654.606690    1.258117
 2655.217290    1.310538
 2655.829830    1.364753
 2656.440670    1.420460
 2657.053220    1.477988
 2657.664550    1.537086
 2658.277340    1.598030
 2658.888920    1.660570
 2659.500730    1.724865
 2660.114010    1.791064
 2660.725830    1.858862
 2661.339360    1.928618
 2661.951660    2.000011
 2662.565430    2.073359
 2663.177980    2.148344
 2663.790530    2.225113
 2664.404790    2.303885
 2665.017820    2.384281
 2665.632320    2.466651
 2666.245610    2.550625
 2666.860350    2.636561
 2667.473880    2.724072
 2668.089110    2.813560
 2668.702880    2.904545
 2669.316890    2.997252
 2669.932370    3.091849
 2670.546630    3.187895
 2671.162350    3.285779
 2671.776860    3.385043
 2672.393070    3.486122
 2673.007810    3.588458
 2673.622560    3.692245
 2674.239260    3.797774
 2674.854490    3.904411
 2675.471190    4.012611
 2676.086670    4.121847
 2676.703860    4.232580
 2677.319580    4.344180
 2677.935550    4.456888
 2678.552980    4.570861
 2679.169190    4.685534
 2679.786870    4.801330
 2680.403560    4.917716
 2681.021480    5.035025
 2681.638430    5.152755
 2682.255370    5.271008
 2682.873780    5.389973
 2683.490970    5.509042
 2684.109860    5.628688
 2684.727290    5.748199
 2685.346440    5.868091
 2685.964110    5.987645
 2686.582030    6.107091
 2687.201660    6.226603
 2687.819820    6.345464
 2688.439450    6.464125
 2689.057860    6.581963
 2689.677980    6.699422
 2690.296880    6.815833
 2690.915770    6.931314
 2691.536380    7.046064
 2692.155270    7.159337
 2692.776370    7.271729
 2693.395750    7.382415
 2694.016850    7.491890
 2694.636720    7.599518
 2695.256590    7.705401
 2695.877930    7.809669
 2696.498050    7.911751
 2697.119870    8.012018
 2697.740480    8.109880
 2698.362550    8.205649
 2698.983400    8.298800
 2699.604250    8.389418
 2700.226810    8.477633
 2700.847900    8.562894
 2701.470700    8.645532
 2702.092040    8.725026
 2702.715330    8.801717
 2703.337160    8.875086
 2703.958980    8.945231
 2704.582520    9.012245
 2705.204830    9.075728
 2705.828370    9.135851
 2706.450930    9.192327
 2707.074950    9.245303
 2707.697750    9.294486
 2708.320800    9.339939
 2708.945310    9.381680
 2709.568360    9.419461
 2710.193360    9.453441
 2710.816650    9.483375
 2711.441890    9.509403
 2712.065670    9.531348
 2712.689450    9.549249
 2713.314940    9.563120
 2713.939210    9.572877
 2714.565190    9.578551
 2715.189450    9.580111
 2715.815670    9.577563
 2716.440430    9.570928
 2717.066890    9.560181
 2717.691890    9.545396
 2718.317140    9.526568
 2718.943850    9.503678
 2719.569340    9.476856
 2720.196530    9.446013
 2720.822270    9.411354
 2721.449710    9.372753
 2722.075680    9.330462
 2722.702150    9.284420
 2723.329830    9.234630
 2723.956300    9.181357
 2724.584470    9.124431
 2725.211430    9.064196
 2725.839600    9.000505
 2726.466800    8.933675
 2727.093990    8.863707
 2727.722900    8.790500
 2728.350340    8.714525
 2728.979490    8.635512
 2729.607420    8.553938
 2730.236820    8.469571
 2730.864750    8.382925
 2731.493160    8.293860
 2732.122800    8.202394
 2732.751460    8.108973
 2733.381590    8.013367
 2734.010500    7.916118
 2734.640870    7.816948
 2735.270020    7.716421
 2735.899410    7.614449
 2736.530270    7.510972
 2737.159670    7.406616
 2737.790770    7.301005
 2738.420650    7.194775
 2739.052250    7.087581
 2739.682370    6.980113
 2740.312500    6.872273
 2740.944340    6.763920
 2741.575200    6.655665
 2742.207280    6.547286
 2742.838130    6.439353
 2743.470460    6.331558
 2744.101560    6.224513
 2744.732910    6.118119
 2745.365970    6.012283
 2745.997310    5.907728
 2746.630860    5.803957
 2747.262700    5.701760
 2747.896000    5.600771
 2748.528080    5.501566
 2749.160640    5.404017
 2749.794430    5.308165
 2750.427000    5.214519
 2751.061280    5.122790
 2751.694090    5.033577
 2752.328610    4.946572
 2752.961910    4.862315
 2753.595210    4.780771
 2754.230220    4.701862
 2754.863770    4.626115
 2755.499020    4.553280
 2756.132810    4.483851
 2756.768550    4.417580
 2757.402590    4.354974
 2758.036870    4.295946
 2758.673100    4.240477
 2759.307620    4.189003
 2759.943850    4.141359
 2760.578860    4.097883
 2761.215330    4.058502
 2761.850590    4.023491
 2762.487550    3.992799
 2763.123050    3.966682
 2763.758790    3.945161
 2764.396000    3.928309
 2765.031980    3.916293
 2765.669430    3.909161
 2766.305910    3.907035
 2766.943600    3.910000
 2767.580320    3.918132
 2768.216800    3.931510
 2768.855220    3.950281
 2769.492190    3.974427
 2770.130860    4.004149
 2770.768070    4.039372
 2771.407230    4.080362
 2772.044680    4.126954
 2772.682130    4.179310
 2773.321780    4.237703
 2773.959720    4.301840
 2774.599370    4.372115
 2775.237550    4.448236
 2775.877690    4.530663
 2776.516360    4.619003
 2777.155030    4.713481
 2777.795170    4.814366
 2778.434330    4.921313
 2779.074950    5.034765
 2779.714360    5.154270
 2780.355470    5.280402
 2780.995120    5.412556
 2781.634770    5.551015
 2782.276120    5.696182
 2782.916260    5.847400
 2783.558110    6.005359
 2784.198490    6.169270
 2784.840330    6.339861
 2785.480960    6.516405
 2786.121830    6.699257
 2786.764400    6.888826
 2787.405270    7.084062
 2788.048100    7.286038
 2788.689450    7.493626
 2789.332520    7.707798
 2789.974370    7.927515
 2790.615970    8.153010
 2791.259770    8.385091
 2791.901610    8.622166
 2792.545410    8.865584
 2793.187990    9.114044
 2793.832030    9.368475
 2794.474850    9.627697
 2795.117680    9.892055
 2795.762210    10.162133
 2796.405520    10.436564
 2797.050290    10.716341
 2797.693600    11.000027
 2798.338870    11.288965
 2798.982420    11.581337
 2799.626460    11.877942
 2800.272220    12.179168
 2800.916260    12.483209
 2801.562260    12.791590
 2802.206790    13.102462
 2802.852780    13.417005
 2803.497560    13.733679
 2804.142580    14.052953
 2804.789310    14.375312
 2805.434330    14.698791
 2806.081300    15.024964
 2806.726810    15.351835
 2807.374020    15.680735
 2808.020020    16.009888
 2808.666020    16.339621
 2809.313480    16.670385
 2809.959960    17.000631
 2810.607910    17.331299
 2811.254390    17.660578
 2811.902830    17.989889
 2812.549560    18.317053
 2813.198240    18.643597
 2813.845210    18.967346
 2814.492680    19.289074
 2815.141600    19.608929
 2815.789310    19.925245
 2816.438720    20.239119
 2817.086430    20.548559
 2817.736080    20.854977
 2818.384520    21.156536
 2819.032710    21.453369
 2819.682620    21.746019
 2820.331300    22.032839
 2820.981930    22.314888
 2821.630620    22.590147
 2822.281490    22.860060
 2822.930660    23.122677
 2823.580080    23.378504
 2824.231200    23.627781
 2824.880860    23.868988
 2825.532230    24.103010
 2826.182370    24.328499
 2826.833980    24.546102
 2827.484380    24.754654
 2828.134770    24.954308
 2828.786870    25.145304
 2829.437740    25.326538
 2830.090090    25.498518
 2830.741210    25.660317
 2831.394040    25.812443
 2832.045410    25.953953
 2832.697020    26.085070
 2833.350100    26.205826
 2834.001950    26.315561
 2834.655520    26.414616
 2835.307620    26.502373
 2835.961180    26.579109
 2836.613770    26.644426
 2837.266360    26.698362
 2837.920410    26.740925
 2838.573490    26.771887
 2839.228030    26.791309
 2839.881100    26.799082
 2840.535890    26.795221
 2841.189450    26.779732
 2841.843020    26.752644
 2842.498540    26.713854
 2843.152340    26.663624
 2843.807860    26.601753
 2844.462160    26.528589
 2845.118160    26.443884
 2845.772710    26.348148
 2846.427250    26.241333
 2847.083740    26.123203
 2847.738770    25.994518
 2848.395260    25.854862
 2849.050540    25.704987
 2849.707760    25.544331
 2850.363280    25.373995
 2851.018800    25.193785
 2851.676270    25.003351
 2852.332280    24.803909
 2852.989990    24.594742
 2853.646480    24.377028
 2854.304440    24.150143
 2854.960940    23.915375
 2855.617920    23.672329
 2856.276370    23.420906
 2856.933350    23.162523
 2857.592290    22.896143
 2858.249760    22.623449
 2858.908940    22.343450
 2859.566650    22.057810
 2860.224370    21.766245
 2860.883790    21.468311
 2861.541750    21.165775
 2862.201900    20.857283
 2862.860350    20.544998
 2863.520510    20.227644
 2864.179200    19.907085
 2864.839840    19.581999
 2865.498780    19.254528
 2866.157960    18.924053
 2866.818850    18.590172
 2867.478520    18.254690
 2868.139650    17.916584
 2868.799320    17.577683
 2869.460940    17.236551
 2870.121090    16.895277
 2870.781490    16.553297
 2871.443360    16.210289
 2872.103760    15.868076
 2872.766360    15.525066
 2873.427000    15.183700
 2874.089600    14.842245
 2874.750730    14.502745
 2875.412110    14.164589
 2876.075440    13.827173
 2876.736820    13.492743
 2877.400390    13.159448
 2878.062260    12.829488
 2878.725830    12.501389
 2879.388180    12.176825
 2880.050540    11.855396
 2880.714600    11.536489
 2881.377440    11.221703
 2882.041750    10.909947
 2882.704830    10.602657
 2883.369380    10.298750
 2884.032960    9.999501
 2884.696530    9.704600
 2885.361330    9.413651
 2886.025390    9.127634
 2886.690920    8.845725
 2887.354980    8.569267
 2888.020510    8.297132
 2888.685060    8.030413
 2889.349610    7.768777
 2890.015870    7.511640
 2890.680910    7.260191
 2891.347410    7.013467
 2892.012700    6.772507
 2892.679200    6.536454
 2893.344970    6.306031
 2894.010500    6.081072
 2894.677730    5.860938
 2895.343510    5.646684
 2896.011470    5.437129
 2896.677490    5.233564
 2897.345460    5.034778
 2898.011960    4.841764
 2898.678960    4.653909
 2899.347170    4.470991
 2900.014160    4.293633
 2900.682860    4.121010
 2901.350100    3.953891
 2902.019530    3.791307
 2902.687010    3.634204
 2903.354740    3.481980
 2904.024410    3.334193
 2904.692380    3.191585
 2905.361820    3.053391
 2906.030520    2.919995
 2906.700680    2.790880
 2907.369140    2.666568
 2908.038090    2.546550
 2908.708500    2.430579
 2909.377930    2.318988
 2910.048830    2.211282
 2910.718260    2.107836
 2911.389650    2.008029
 2912.059330    1.912312
 2912.729250    1.820292
 2913.400630    1.731722
 2914.070800    1.646856
 2914.742920    1.565204
 2915.413570    1.487082
 2916.085690    1.412055
 2916.756590    1.340324
 2917.429200    1.271484
 2918.100340    1.205766
 2918.771730    1.142898
 2919.444580    1.082684
 2920.116210    1.025271
 2920.789550    0.970322
 2921.461670    0.917987
 2922.135500    0.867952
 2922.807370    0.820401
 2923.479740    0.775066
 2924.154050    0.731778
 2924.826660    0.690691
 2925.500980    0.651513
 2926.174070    0.614339
 2926.848880    0.578933
 2927.522220    0.545384
 2928.195800    0.513533
 2928.870850    0.483254
 2929.544920    0.454591
 2930.220460    0.427373
 2930.894530    0.401652
 2931.570310    0.377245
 2932.244630    0.354205
 2932.919190    0.332411
 2933.595700    0.311755
 2934.270260    0.292302
 2934.947270    0.273871
 2935.622310    0.256533
 2936.299070    0.240139
 2936.974850    0.224710
 2937.650390    0.210180
 2938.327880    0.196461
 2939.003660    0.183582
 2939.681400    0.171434
 2940.357670    0.160040
 2941.035640    0.149306
 2941.712160    0.139250
 2942.389160    0.129803
 2943.067630    0.120922
 2943.744630    0.112613
 2944.423580    0.104805
 2945.100830    0.097509
 2945.780030    0.090661
 2946.457760    0.084268
 2947.135500    0.078289
 2947.815190    0.072684
 2948.493410    0.067460
 2949.173100    0.062572
 2949.851560    0.058019
 2950.531980    0.053760
 2951.210450    0.049801
 2951.889650    0.046108
 2952.570070    0.042664
 2953.249270    0.039463
 2953.930660    0.036476
 2954.610110    0.033708
 2955.291500    0.031127
 2955.971190    0.028736
 2956.651120    0.026516
 2957.333010    0.024449
 2958.013180    0.022538
 2958.695560    0.020761
 2959.376220    0.019119
 2960.058350    0.017596
 2960.739500    0.016189
 2961.420410    0.014887
 2962.103520    0.013680
 2962.784910    0.012567
 2963.468020    0.011537
 2964.149900    0.010588
 2964.833500    0.009709
 2965.515380    0.008903
 2966.197750    0.008158
 2966.881590    0.007471
 2967.564210    0.006840
 2968.248540    0.006257
 2968.931150    0.005723
 2969.615720    0.005230
 2970.299070    0.004779
 2970.984130    0.004363
 2971.667480    0.003983
 2972.351070    0.003633
 2973.036620    0.003312
 2973.720700    0.003018
 2974.406250    0.002749
 2975.090580    0.002503
 2975.776610    0.002277
 2976.461180    0.002071
 2977.146000    0.001884
 2977.832280    0.001711
 2978.517580    0.001554
 2979.204350    0.001410
 2979.889650    0.001280
 2980.576660    0.001161
 2981.262210    0.001052
 2981.948240    0.000953
 2982.635990    0.000863
 2983.322020    0.000781
 2984.010010    0.000706
 2984.696530    0.000638
 2985.384770    0.000577
 2986.071530    0.000521
 2986.758540    0.000470
 2987.447270    0.000424
 2988.134770    0.000382
 2988.823490    0.000345
 2989.510990    0.000311
 2990.200440    0.000279
 2990.888180    0.000252
 2991.576170    0.000226
 2992.266360    0.000203
 2992.954830    0.000183
 2993.644780    0.000164
 2994.333500    0.000148
 2995.023930    0.000133
 2995.713130    0.000118
 2996.402100    0.000107
 2997.093020    0.000095
 2997.782710    0.000085
 2998.473880    0.000076
 2999.163570    0.000069
 2999.855470    0.000061
 3000.545410    0.000054
 3001.235600    0.000049
 3001.927730    0.000044
 3002.618410    0.000039
 3003.310550    0.000034
 3004.001710    0.000031
 3004.694340    0.000028
 3005.385740    0.000025
 3006.076900    0.000022
 3006.770020    0.000019
 3007.461670    0.000017
 3008.155270    0.000015
 3008.847410    0.000013
 3009.541260    0.000012
 3010.233400    0.000010
 3010.926270    0.000010
 3011.620360    0.000009
 3012.313230    0.000008
 3013.007810    0.000007
 3013.700930    0.000006
 3014.395750    0.000005
 3015.089360    0.000005
 3015.783200    0.000004
 3016.478270    0.000004
 3017.172610    0.000003
 3017.868160    0.000003
 3018.562260    0.000003
 3019.258540    0.000002
 3019.952880    0.000002
 3020.647950    0.000002
 3021.344480    0.000002
 3022.039310    0.000001
 3022.736330    0.000001
 3023.431640    0.000001
 3024.128660    0.000001
 3024.824460    0.000001
 3025.522220    0.000001
 3026.218020    0.000001
 3026.914310    0.000001
 3027.612300    0.000000
 3028.308840    0.000000
 3029.007080    0.000000
 3029.703860    0.000000
 3030.402590    0.000000
 3031.099850    0.000000
 3031.797120    0.000000
 3032.496090    0.000000
 3033.193600    0.000000
 3033.893310    0.000000
 3034.591060    0.000000
 3035.290770    0.000000
 3035.989010    0.000000
 3036.687740    0.000000
 3037.387700    0.000000
 3038.086670    0.000000
 3038.787350    0.000000
 3039.486080    0.000000
 3040.187260    0.000000
 3040.886470    0.000000
 3041.586180    0.000000
 3042.287350    0.000000
 3042.987550    0.000000
 3043.689210    0.000000
 3044.389160    0.000000
 3045.091060    0.000000
 3045.791750    0.000000
 3046.492430    0.000000
 3047.194820    0.000000
 3047.896000    0.000000
 3048.598880    0.000000
 3049.300050    0.000000
