 2653.384280    0.000000
 2653.996340    0.000000
 2654.606690    0.000000
 2655.217290    0.000000
 2655.829830    0.000000
 2656.440670    0.000000
 2657.053220    0.000000
 2657.664550    0.000000
 2658.277340    0.000000
 2658.888920    0.000000
 2659.500730    0.000000
 2660.114010    0.000000
 2660.725830    0.000000
 2661.339360    0.000000
 2661.951660    0.000000
 2662.565430    0.000000
 2663.177980    0.000000
 2663.790530    0.000000
 2664.404790    0.000000
 2665.017820    0.000000
 2665.632320    0.000000
 2666.245610    0.000000
 2666.860350    0.000000
 2667.473880    0.000000
 2668.089110    0.000000
 2668.702880    0.000000
 2669.316890    0.000000
 2669.932370    0.000000
 2670.546630    0.000000
 2671.162350    0.000000
 2671.776860    0.000000
 2672.393070    0.000000
 2673.007810    0.000000
 2673.622560    0.000000
 2674.239260    0.000000
 2674.854490    0.000000
 2675.471190    0.000000
 2676.086670    0.000000
 2676.703860    0.000000
 2677.319580    0.000000
 2677.935550    0.000000
 2678.552980    0.000000
 2679.169190    0.000000
 2679.786870    0.000000
 2680.403560    0.000000
 2681.021480    0.000000
 2681.638430    0.000000
 2682.255370    0.000000
 2682.873780    0.000000
 2683.490970    0.000000
 2684.109860    0.000000
 2684.727290    0.000000
 2685.346440    0.000000
 2685.964110    0.000000
 2686.582030    0.000000
 2687.201660    0.000000
 2687.819820    0.000000
 2688.439450    0.000000
 2689.057860    0.000000
 2689.677980    0.000000
 2690.296880    0.000000
 2690.915770    0.000000
 2691.536380    0.000000
 2692.155270    0.000000
 2692.776370    0.000000
 2693.395750    0.000000
 2694.016850    0.000000
 2694.636720    0.000000
 2695.256590    0.000000
 2695.877930    0.000000
 2696.498050    0.000000
 2697.119870    0.000000
 2697.740480    0.000000
 2698.362550    0.000000
 2698.983400    0.000000
 2699.604250    0.000000
 2700.226810    0.000000
 2700.847900    0.000000
 2701.470700    0.000000
 2702.092040    0.000000
 2702.715330    0.000000
 2703.337160    0.000000
 2703.958980    0.000000
 2704.582520    0.000000
 2705.204830    0.000000
 2705.828370    0.000000
 2706.450930    0.000000
 2707.074950    0.000000
 2707.697750    0.000000
 2708.320800    0.000000
 2708.945310    0.000000
 2709.568360    0.000000
 2710.193360    0.000000
 2710.816650    0.000000
 2711.441890    0.000000
 2712.065670    0.000000
 2712.689450    0.000000
 2713.314940    0.000000
 2713.939210    0.000000
 2714.565190    0.000000
 2715.189450    0.000000
 2715.815670    0.000000
 2716.440430    0.000000
 2717.066890    0.000000
 2717.691890    0.000000
 2718.317140    0.000000
 2718.943850    0.000000
 2719.569340    0.000000
 2720.196530    0.000000
 2720.822270    0.000000
 2721.449710    0.000000
 2722.075680    0.000000
 2722.702150    0.000000
 2723.329830    0.000000
 2723.956300    0.000000
 2724.584470    0.000000
 2725.211430    0.000000
 2725.839600    0.000000
 2726.466800    0.000000
 2727.093990    0.000000
 2727.722900    0.000000
 2728.350340    0.000000
 2728.979490    0.000000
 2729.607420    0.000000
 2730.236820    0.000000
 2730.864750    0.000000
 2731.493160    0.000000
 2732.122800    0.000000
 2732.751460    0.000000
 2733.381590    0.000000
 2734.010500    0.000000
 2734.640870    0.000000
 2735.270020    0.000000
 2735.899410    0.000000
 2736.530270    0.000000
 2737.159670    0.000000
 2737.790770    0.000000
 2738.420650    0.000000
 2739.052250    0.000000
 2739.682370    0.000000
 2740.312500    0.000000
 2740.944340    0.000000
 2741.575200    0.000000
 2742.207280    0.000000
 2742.838130    0.000000
 2743.470460    0.000000
 2744.101560    0.000000
 2744.732910    0.000000
 2745.365970    0.000000
 2745.997310    0.000001
 2746.630860    0.000001
 2747.262700    0.000001
 2747.896000    0.000001
 2748.528080    0.000001
 2749.160640    0.000002
 2749.794430    0.000002
 2750.427000    0.000003
 2751.061280    0.000004
 2751.694090    0.000004
 2752.328610    0.000005
 2752.961910    0.000007
 2753.595210    0.000008
 2754.230220    0.000010
 2754.863770    0.000011
 2755.499020    0.000014
 2756.132810    0.000018
 2756.768550    0.000022
 2757.402590    0.000027
 2758.036870    0.000031
 2758.673100    0.000039
 2759.307620    0.000047
 2759.943850    0.000056
 2760.578860    0.000068
 2761.215330    0.000082
 2761.850590    0.000098
 2762.487550    0.000117
 2763.123050    0.000140
 2763.758790    0.000167
 2764.396000    0.000198
 2765.031980    0.000235
 2765.669430    0.000278
 2766.305910    0.000328
 2766.943600    0.000387
 2767.580320    0.000455
 2768.216800    0.000534
 2768.855220    0.000626
 2769.492190    0.000731
 2770.130860    0.000853
 2770.768070    0.000992
 2771.407230    0.001152
 2772.044680    0.001334
 2772.682130    0.001542
 2773.321780    0.001780
 2773.959720    0.002048
 2774.599370    0.002354
 2775.237550    0.002698
 2775.877690    0.003087
 2776.516360    0.003523
 2777.155030    0.004012
 2777.795170    0.004560
 2778.434330    0.005171
 2779.074950    0.005853
 2779.714360    0.006609
 2780.355470    0.007449
 2780.995120    0.008376
 2781.634770    0.009398
 2782.276120    0.010524
 2782.916260    0.011759
 2783.558110    0.013113
 2784.198490    0.014590
 2784.840330    0.016202
 2785.480960    0.017951
 2786.121830    0.019849
 2786.764400    0.021906
 2787.405270    0.024121
 2788.048100    0.026513
 2788.689450    0.029077
 2789.332520    0.031831
 2789.974370    0.034771
 2790.615970    0.037906
 2791.259770    0.041255
 2791.901610    0.044802
 2792.545410    0.048574
 2793.187990    0.052557
 2793.832030    0.056774
 2794.474850    0.061211
 2795.117680    0.065880
 2795.762210    0.070800
 2796.405520    0.075953
 2797.050290    0.081367
 2797.693600    0.087024
 2798.338870    0.092961
 2798.982420    0.099154
 2799.626460    0.105634
 2800.272220    0.112427
 2800.916260    0.119514
 2801.562260    0.126954
 2802.206790    0.134731
 2802.852780    0.142911
 2803.497560    0.151491
 2804.142580    0.160530
 2804.789310    0.170097
 2805.434330    0.180197
 2806.081300    0.190949
 2806.726810    0.202374
 2807.374020    0.214607
 2808.020020    0.227695
 2808.666020    0.241765
 2809.313480    0.256976
 2809.959960    0.273409
 2810.607910    0.291283
 2811.254390    0.310685
 2811.902830    0.331910
 2812.549560    0.355046
 2813.198240    0.380453
 2813.845210    0.408236
 2814.492680    0.438752
 2815.141600    0.472351
 2815.789310    0.509209
 2816.438720    0.549833
 2817.086430    0.594371
 2817.736080    0.643458
 2818.384520    0.697269
 2819.032710    0.756296
 2819.682620    0.821183
 2820.331300    0.892117
 2820.981930    0.969947
 2821.630620    1.054714
 2822.281490    1.147491
 2822.930660    1.248273
 2823.580080    1.357885
 2824.231200    1.477178
 2824.880860    1.606143
 2825.532230    1.745990
 2826.182370    1.896671
 2826.833980    2.059383
 2827.484380    2.234017
 2828.134770    2.421407
 2828.786870    2.622616
 2829.437740    2.837253
 2830.090090    3.066673
 2830.741210    3.310367
 2831.394040    3.569830
 2832.045410    3.844139
 2832.697020    4.134244
 2833.350100    4.440956
 2834.001950    4.763157
 2834.655520    5.102371
 2835.307620    5.456929
 2835.961180    5.828303
 2836.613770    6.214899
 2837.266360    6.616937
 2837.920410    7.034930
 2838.573490    7.466787
 2839.228030    7.913460
 2839.881100    8.372156
 2840.535890    8.844188
 2841.189450    9.326407
 2841.843020    9.818510
 2842.498540    10.320704
 2843.152340    10.828759
 2843.807860    11.343777
 2844.462160    11.861794
 2845.118160    12.383351
 2845.772710    12.904043
 2846.427250    13.423063
 2847.083740    13.939887
 2847.738770    14.449687
 2848.395260    14.952548
 2849.050540    15.444173
 2849.707760    15.924660
 2850.363280    16.389044
 2851.018800    16.836334
 2851.676270    17.265535
 2852.332280    17.672192
 2852.989990    18.056112
 2853.646480    18.413502
 2854.304440    18.743837
 2854.960940    19.043814
 2855.617920    19.312679
 2856.276370    19.549141
 2856.933350    19.750763
 2857.592290    19.917349
 2858.249760    20.046999
 2858.908940    20.139515
 2859.566650    20.193855
 2860.224370    20.209917
 2860.883790    20.187469
 2861.541750    20.126707
 2862.201900    20.027575
 2862.860350    19.891188
 2863.520510    19.717648
 2864.179200    19.508785
 2864.839840    19.264717
 2865.498780    18.988209
 2866.157960    18.680168
 2866.818850    18.341574
 2867.478520    17.975834
 2868.139650    17.583544
 2868.799320    17.168640
 2869.460940    16.731260
 2870.121090    16.276020
 2870.781490    15.804226
 2871.443360    15.317416
 2872.103760    14.820229
 2872.766360    14.312371
 2873.427000    13.799464
 2874.089600    13.280882
 2874.750730    12.761628
 2875.412110    12.242608
 2876.075440    11.724642
 2876.736820    11.212812
 2877.400390    10.705832
 2878.062260    10.208461
 2878.725830    9.719767
 2879.388180    9.243394
 2880.050540    8.779749
 2880.714600    8.328848
 2881.377440    7.893688
 2882.041750    7.473354
 2882.704830    7.070228
 2883.369380    6.683207
 2884.032960    6.314098
 2884.696530    5.962543
 2885.361330    5.628028
 2886.025390    5.311511
 2886.690920    5.011810
 2887.354980    4.729969
 2888.020510    4.464369
 2888.685060    4.215541
 2889.349610    3.982543
 2890.015870    3.764225
 2890.680910    3.560903
 2891.347410    3.371050
 2892.012700    3.194693
 2892.679200    3.030415
 2893.344970    2.877926
 2894.010500    2.736299
 2894.677730    2.604362
 2895.343510    2.481969
 2896.011470    2.367697
 2896.677490    2.261520
 2897.345460    2.162101
 2898.011960    2.069276
 2898.678960    1.982115
 2899.347170    1.899940
 2900.014160    1.822490
 2900.682860    1.748906
 2901.350100    1.679068
 2902.019530    1.612164
 2902.687010    1.548227
 2903.354740    1.486694
 2904.024410    1.427120
 2904.692380    1.369574
 2905.361820    1.313560
 2906.030520    1.259083
 2906.700680    1.205816
 2907.369140    1.153896
 2908.038090    1.103059
 2908.708500    1.053172
 2909.377930    1.004379
 2910.048830    0.956482
 2910.718260    0.909686
 2911.389650    0.863765
 2912.059330    0.818990
 2912.729250    0.775259
 2913.400630    0.732532
 2914.070800    0.691024
 2914.742920    0.650580
 2915.413570    0.611453
 2916.085690    0.573514
 2916.756590    0.536954
 2917.429200    0.501651
 2918.100340    0.467802
 2918.771730    0.435345
 2919.444580    0.404243
 2920.116210    0.374634
 2920.789550    0.346396
 2921.461670    0.319655
 2922.135500    0.294287
 2922.807370    0.270413
 2923.479740    0.247924
 2924.154050    0.226751
 2924.826660    0.206980
 2925.500980    0.188471
 2926.174070    0.171267
 2926.848880    0.155249
 2927.522220    0.140445
 2928.195800    0.126763
 2928.870850    0.114133
 2929.544920    0.102544
 2930.220460    0.091903
 2930.894530    0.082198
 2931.570310    0.073331
 2932.244630    0.065289
 2932.919190    0.057993
 2933.595700    0.051376
 2934.270260    0.045427
 2934.947270    0.040057
 2935.622310    0.035254
 2936.299070    0.030945
 2936.974850    0.027105
 2937.650390    0.023689
 2938.327880    0.020648
 2939.003660    0.017962
 2939.681400    0.015582
 2940.357670    0.013491
 2941.035640    0.011649
 2941.712160    0.010038
 2942.389160    0.008630
 2943.067630    0.007400
 2943.744630    0.006331
 2944.423580    0.005403
 2945.100830    0.004601
 2945.780030    0.003908
 2946.457760    0.003312
 2947.135500    0.002801
 2947.815190    0.002362
 2948.493410    0.001988
 2949.173100    0.001669
 2949.851560    0.001398
 2950.531980    0.001167
 2951.210450    0.000974
 2951.889650    0.000810
 2952.570070    0.000671
 2953.249270    0.000556
 2953.930660    0.000459
 2954.610110    0.000378
 2955.291500    0.000310
 2955.971190    0.000255
 2956.651120    0.000208
 2957.333010    0.000170
 2958.013180    0.000138
 2958.695560    0.000113
 2959.376220    0.000091
 2960.058350    0.000073
 2960.739500    0.000059
 2961.420410    0.000048
 2962.103520    0.000038
 2962.784910    0.000031
 2963.468020    0.000025
 2964.149900    0.000019
 2964.833500    0.000015
 2965.515380    0.000012
 2966.197750    0.000010
 2966.881590    0.000008
 2967.564210    0.000006
 2968.248540    0.000005
 2968.931150    0.000004
 2969.615720    0.000003
 2970.299070    0.000002
 2970.984130    0.000002
 2971.667480    0.000001
 2972.351070    0.000001
 2973.036620    0.000001
 2973.720700    0.000001
 2974.406250    0.000001
 2975.090580    0.000000
 2975.776610    0.000000
 2976.461180    0.000000
 2977.146000    0.000000
 2977.832280    0.000000
 2978.517580    0.000000
 2979.204350    0.000000
 2979.889650    0.000000
 2980.576660    0.000000
 2981.262210    0.000000
 2981.948240    0.000000
 2982.635990    0.000000
 2983.322020    0.000000
 2984.010010    0.000000
 2984.696530    0.000000
 2985.384770    0.000000
 2986.071530    0.000000
 2986.758540    0.000000
 2987.447270    0.000000
 2988.134770    0.000000
 2988.823490    0.000000
 2989.510990    0.000000
 2990.200440    0.000000
 2990.888180    0.000000
 2991.576170    0.000000
 2992.266360    0.000000
 2992.954830    0.000000
 2993.644780    0.000000
 2994.333500    0.000000
 2995.023930    0.000000
 2995.713130    0.000000
 2996.402100    0.000000
 2997.093020    0.000000
 2997.782710    0.000000
 2998.473880    0.000000
 2999.163570    0.000000
 2999.855470    0.000000
 3000.545410    0.000000
 3001.235600    0.000000
 3001.927730    0.000000
 3002.618410    0.000000
 3003.310550    0.000000
 3004.001710    0.000000
 3004.694340    0.000000
 3005.385740    0.000000
 3006.076900    0.000000
 3006.770020    0.000000
 3007.461670    0.000000
 3008.155270    0.000000
 3008.847410    0.000000
 3009.541260    0.000000
 3010.233400    0.000000
 3010.926270    0.000000
 3011.620360    0.000000
 3012.313230    0.000000
 3013.007810    0.000000
 3013.700930    0.000000
 3014.395750    0.000000
 3015.089360    0.000000
 3015.783200    0.000000
 3016.478270    0.000000
 3017.172610    0.000000
 3017.868160    0.000000
 3018.562260    0.000000
 3019.258540    0.000000
 3019.952880    0.000000
 3020.647950    0.000000
 3021.344480    0.000000
 3022.039310    0.000000
 3022.736330    0.000000
 3023.431640    0.000000
 3024.128660    0.000000
 3024.824460    0.000000
 3025.522220    0.000000
 3026.218020    0.000000
 3026.914310    0.000000
 3027.612300    0.000000
 3028.308840    0.000000
 3029.007080    0.000000
 3029.703860    0.000000
 3030.402590    0.000000
 3031.099850    0.000000
 3031.797120    0.000000
 3032.496090    0.000000
 3033.193600    0.000000
 3033.893310    0.000000
 3034.591060    0.000000
 3035.290770    0.000000
 3035.989010    0.000000
 3036.687740    0.000000
 3037.387700    0.000000
 3038.086670    0.000000
 3038.787350    0.000000
 3039.486080    0.000000
 3040.187260    0.000000
 3040.886470    0.000000
 3041.586180    0.000000
 3042.287350    0.000000
 3042.987550    0.000000
 3043.689210    0.000000
 3044.389160    0.000000
 3045.091060    0.000000
 3045.791750    0.000000
 3046.492430    0.000000
 3047.194820    0.000000
 3047.896000    0.000000
 3048.598880    0.000000
 3049.300050    0.000000
