 2653.384280    0.037249
 2653.996340    0.043490
 2654.606690    0.050646
 2655.217290    0.058853
 2655.829830    0.068274
 2656.440670    0.078996
 2657.053220    0.091239
 2657.664550    0.105120
 2658.277340    0.120887
 2658.888920    0.138676
 2659.500730    0.158743
 2660.114010    0.181373
 2660.725830    0.206710
 2661.339360    0.235153
 2661.951660    0.266855
 2662.565430    0.302256
 2663.177980    0.341516
 2663.790530    0.385029
 2664.404790    0.433274
 2665.017820    0.486378
 2665.632320    0.544936
 2666.245610    0.609062
 2666.860350    0.679412
 2667.473880    0.756053
 2668.089110    0.839729
 2668.702880    0.930377
 2669.316890    1.028579
 2669.932370    1.134901
 2670.546630    1.249203
 2671.162350    1.372286
 2671.776860    1.503882
 2672.393070    1.644862
 2673.007810    1.794695
 2673.622560    1.953846
 2674.239260    2.122960
 2674.854490    2.301144
 2675.471190    2.489219
 2676.086670    2.686276
 2676.703860    2.893095
 2677.319580    3.108372
 2677.935550    3.332353
 2678.552980    3.565104
 2679.169190    3.805127
 2679.786870    4.052885
 2680.403560    4.306734
 2681.021480    4.566821
 2681.638430    4.831378
 2682.255370    5.099880
 2682.873780    5.371968
 2683.490970    5.645372
 2684.109860    5.920231
 2684.727290    6.193915
 2685.346440    6.466551
 2685.964110    6.735417
 2686.582030    6.999909
 2687.201660    7.259247
 2687.819820    7.510700
 2688.439450    7.754058
 2689.057860    7.986876
 2689.677980    8.208876
 2690.296880    8.417672
 2690.915770    8.612439
 2691.536380    8.792445
 2692.155270    8.955565
 2692.776370    9.101761
 2693.395750    9.229145
 2694.016850    9.337584
 2694.636720    9.425827
 2695.256590    9.493520
 2695.877930    9.540294
 2696.498050    9.565620
 2697.119870    9.569423
 2697.740480    9.551631
 2698.362550    9.512277
 2698.983400    9.451783
 2699.604250    9.370501
 2700.226810    9.268664
 2700.847900    9.147461
 2701.470700    9.007061
 2702.092040    8.849089
 2702.715330    8.673680
 2703.337160    8.482897
 2703.958980    8.277547
 2704.582520    8.058282
 2705.204830    7.827449
 2705.828370    7.585523
 2706.450930    7.334757
 2707.074950    7.075586
 2707.697750    6.810552
 2708.320800    6.540466
 2708.945310    6.266182
 2709.568360    5.990357
 2710.193360    5.712802
 2710.816650    5.436417
 2711.441890    5.160789
 2712.065670    4.888570
 2712.689450    4.620170
 2713.314940    4.355855
 2713.939210    4.097761
 2714.565190    3.845494
 2715.189450    3.601145
 2715.815670    3.363908
 2716.440430    3.135616
 2717.066890    2.915558
 2717.691890    2.705203
 2718.317140    2.504212
 2718.943850    2.312418
 2719.569340    2.130753
 2720.196530    1.958410
 2720.822270    1.796233
 2721.449710    1.643311
 2722.075680    1.500268
 2722.702150    1.366438
 2723.329830    1.241454
 2723.956300    1.125521
 2724.584470    1.017790
 2725.211430    0.918431
 2725.839600    0.826696
 2726.466800    0.742533
 2727.093990    0.665402
 2727.722900    0.594729
 2728.350340    0.530476
 2728.979490    0.471922
 2729.607420    0.418958
 2730.236820    0.370975
 2730.864750    0.327821
 2731.493160    0.288990
 2732.122800    0.254107
 2732.751460    0.222961
 2733.381590    0.195121
 2734.010500    0.170404
 2734.640870    0.148427
 2735.270020    0.129020
 2735.899410    0.111883
 2736.530270    0.096766
 2737.159670    0.083524
 2737.790770    0.071898
 2738.420650    0.061766
 2739.052250    0.052915
 2739.682370    0.045243
 2740.312500    0.038594
 2740.944340    0.032832
 2741.575200    0.027871
 2742.207280    0.023599
 2742.838130    0.019940
 2743.470460    0.016804
 2744.101560    0.014133
 2744.732910    0.011858
 2745.365970    0.009922
 2745.997310    0.008288
 2746.630860    0.006904
 2747.262700    0.005742
 2747.896000    0.004764
 2748.528080    0.003947
 2749.160640    0.003266
 2749.794430    0.002699
 2750.427000    0.002232
 2751.061280    0.001846
 2751.694090    0.001533
 2752.328610    0.001280
 2752.961910    0.001080
 2753.595210    0.000924
 2754.230220    0.000809
 2754.863770    0.000730
 2755.499020    0.000683
 2756.132810    0.000669
 2756.768550    0.000685
 2757.402590    0.000732
 2758.036870    0.000813
 2758.673100    0.000933
 2759.307620    0.001092
 2759.943850    0.001298
 2760.578860    0.001559
 2761.215330    0.001884
 2761.850590    0.002283
 2762.487550    0.002773
 2763.123050    0.003366
 2763.758790    0.004086
 2764.396000    0.004953
 2765.031980    0.005994
 2765.669430    0.007244
 2766.305910    0.008735
 2766.943600    0.010516
 2767.580320    0.012630
 2768.216800    0.015138
 2768.855220    0.018113
 2769.492190    0.021618
 2770.130860    0.025758
 2770.768070    0.030612
 2771.407230    0.036322
 2772.044680    0.042982
 2772.682130    0.050754
 2773.321780    0.059834
 2773.959720    0.070354
 2774.599370    0.082581
 2775.237550    0.096683
 2775.877690    0.113003
 2776.516360    0.131741
 2777.155030    0.153251
 2777.795170    0.177945
 2778.434330    0.206120
 2779.074950    0.238313
 2779.714360    0.274855
 2780.355470    0.316425
 2780.995120    0.363368
 2781.634770    0.416363
 2782.276120    0.476212
 2782.916260    0.543329
 2783.558110    0.618762
 2784.198490    0.702912
 2784.840330    0.796983
 2785.480960    0.901443
 2786.121830    1.017404
 2786.764400    1.146121
 2787.405270    1.287876
 2788.048100    1.444485
 2788.689450    1.616148
 2789.332520    1.804761
 2789.974370    2.010522
 2790.615970    2.234719
 2791.259770    2.479321
 2791.901610    2.743765
 2792.545410    3.030630
 2793.187990    3.339463
 2793.832030    3.672429
 2794.474850    4.028938
 2795.117680    4.410293
 2795.762210    4.818196
 2796.405520    5.251291
 2797.050290    5.711727
 2797.693600    6.197595
 2798.338870    6.711509
 2798.982420    7.250397
 2799.626460    7.815650
 2800.272220    8.407889
 2800.916260    9.023181
 2801.562260    9.664001
 2802.206790    10.325714
 2802.852780    11.009808
 2803.497560    11.711692
 2804.142580    12.430908
 2804.789310    13.166910
 2805.434330    13.913316
 2806.081300    14.671638
 2806.726810    15.434933
 2807.374020    16.203804
 2808.020020    16.971436
 2808.666020    17.735779
 2809.313480    18.494905
 2809.959960    19.242189
 2810.607910    19.976580
 2811.254390    20.690857
 2811.902830    21.384851
 2812.549560    22.050722
 2813.198240    22.688360
 2813.845210    23.290384
 2814.492680    23.855297
 2815.141600    24.380297
 2815.789310    24.859899
 2816.438720    25.293167
 2817.086430    25.675030
 2817.736080    26.005123
 2818.384520    26.279570
 2819.032710    26.497152
 2819.682620    26.656872
 2820.331300    26.756874
 2820.981930    26.796871
 2821.630620    26.776350
 2822.281490    26.695288
 2822.930660    26.554647
 2823.580080    26.355158
 2824.231200    26.097446
 2824.880860    25.784456
 2825.532230    25.416712
 2826.182370    24.998222
 2826.833980    24.529962
 2827.484380    24.016848
 2828.134770    23.461292
 2828.786870    22.865158
 2829.437740    22.234728
 2830.090090    21.571194
 2830.741210    20.881174
 2831.394040    20.165514
 2832.045410    19.431684
 2832.697020    18.681810
 2833.350100    17.918386
 2834.001950    17.148424
 2834.655520    16.372236
 2835.307620    15.597231
 2835.961180    14.823408
 2836.613770    14.056950
 2837.266360    13.299776
 2837.920410    12.553084
 2838.573490    11.822301
 2839.228030    11.107098
 2839.881100    10.412797
 2840.535890    9.737908
 2841.189450    9.087084
 2841.843020    8.460395
 2842.498540    7.857182
 2843.152340    7.281683
 2843.807860    6.731521
 2844.462160    6.209580
 2845.118160    5.713744
 2845.772710    5.246420
 2846.427250    4.806289
 2847.083740    4.391802
 2847.738770    4.004651
 2848.395260    3.642474
 2849.050540    3.306024
 2849.707760    2.992868
 2850.363280    2.703843
 2851.018800    2.437120
 2851.676270    2.190961
 2852.332280    1.965595
 2852.989990    1.758842
 2853.646480    1.570530
 2854.304440    1.398786
 2854.960940    1.243269
 2855.617920    1.102397
 2856.276370    0.974963
 2856.933350    0.860503
 2857.592290    0.757440
 2858.249760    0.665367
 2858.908940    0.582933
 2859.566650    0.509681
 2860.224370    0.444603
 2860.883790    0.386796
 2861.541750    0.335831
 2862.201900    0.290765
 2862.860350    0.251256
 2863.520510    0.216528
 2864.179200    0.186229
 2864.839840    0.159724
 2865.498780    0.136728
 2866.157960    0.116764
 2866.818850    0.099442
 2867.478520    0.084517
 2868.139650    0.071640
 2868.799320    0.060605
 2869.460940    0.051125
 2870.121090    0.043042
 2870.781490    0.036152
 2871.443360    0.030281
 2872.103760    0.025314
 2872.766360    0.021101
 2873.427000    0.017556
 2874.089600    0.014565
 2874.750730    0.012060
 2875.412110    0.009962
 2876.075440    0.008205
 2876.736820    0.006746
 2877.400390    0.005530
 2878.062260    0.004524
 2878.725830    0.003692
 2879.388180    0.003006
 2880.050540    0.002441
 2880.714600    0.001978
 2881.377440    0.001599
 2882.041750    0.001288
 2882.704830    0.001037
 2883.369380    0.000832
 2884.032960    0.000666
 2884.696530    0.000532
 2885.361330    0.000423
 2886.025390    0.000337
 2886.690920    0.000267
 2887.354980    0.000211
 2888.020510    0.000167
 2888.685060    0.000132
 2889.349610    0.000103
 2890.015870    0.000081
 2890.680910    0.000063
 2891.347410    0.000050
 2892.012700    0.000038
 2892.679200    0.000030
 2893.344970    0.000023
 2894.010500    0.000018
 2894.677730    0.000013
 2895.343510    0.000010
 2896.011470    0.000008
 2896.677490    0.000006
 2897.345460    0.000005
 2898.011960    0.000004
 2898.678960    0.000003
 2899.347170    0.000002
 2900.014160    0.000002
 2900.682860    0.000001
 2901.350100    0.000001
 2902.019530    0.000001
 2902.687010    0.000001
 2903.354740    0.000000
 2904.024410    0.000000
 2904.692380    0.000000
 2905.361820    0.000000
 2906.030520    0.000000
 2906.700680    0.000000
 2907.369140    0.000000
 2908.038090    0.000000
 2908.708500    0.000000
 2909.377930    0.000000
 2910.048830    0.000000
 2910.718260    0.000000
 2911.389650    0.000000
 2912.059330    0.000000
 2912.729250    0.000000
 2913.400630    0.000000
 2914.070800    0.000000
 2914.742920    0.000000
 2915.413570    0.000000
 2916.085690    0.000000
 2916.756590    0.000000
 2917.429200    0.000000
 2918.100340    0.000000
 2918.771730    0.000000
 2919.444580    0.000000
 2920.116210    0.000000
 2920.789550    0.000000
 2921.461670    0.000000
 2922.135500    0.000000
 2922.807370    0.000000
 2923.479740    0.000000
 2924.154050    0.000000
 2924.826660    0.000000
 2925.500980    0.000000
 2926.174070    0.000000
 2926.848880    0.000000
 2927.522220    0.000000
 2928.195800    0.000000
 2928.870850    0.000000
 2929.544920    0.000000
 2930.220460    0.000000
 2930.894530    0.000000
 2931.570310    0.000000
 2932.244630    0.000000
 2932.919190    0.000000
 2933.595700    0.000000
 2934.270260    0.000000
 2934.947270    0.000000
 2935.622310    0.000000
 2936.299070    0.000000
 2936.974850    0.000000
 2937.650390    0.000000
 2938.327880    0.000000
 2939.003660    0.000000
 2939.681400    0.000000
 2940.357670    0.000000
 2941.035640    0.000000
 2941.712160    0.000000
 2942.389160    0.000000
 2943.067630    0.000000
 2943.744630    0.000000
 2944.423580    0.000000
 2945.100830    0.000000
 2945.780030    0.000000
 2946.457760    0.000000
 2947.135500    0.000000
 2947.815190    0.000000
 2948.493410    0.000000
 2949.173100    0.000000
 2949.851560    0.000000
 2950.531980    0.000000
 2951.210450    0.000000
 2951.889650    0.000000
 2952.570070    0.000000
 2953.249270    0.000000
 2953.930660    0.000000
 2954.610110    0.000000
 2955.291500    0.000000
 2955.971190    0.000000
 2956.651120    0.000000
 2957.333010    0.000000
 2958.013180    0.000000
 2958.695560    0.000000
 2959.376220    0.000000
 2960.058350    0.000000
 2960.739500    0.000000
 2961.420410    0.000000
 2962.103520    0.000000
 2962.784910    0.000000
 2963.468020    0.000000
 2964.149900    0.000000
 2964.833500    0.000000
 2965.515380    0.000000
 2966.197750    0.000000
 2966.881590    0.000000
 2967.564210    0.000000
 2968.248540    0.000000
 2968.931150    0.000000
 2969.615720    0.000000
 2970.299070    0.000000
 2970.984130    0.000000
 2971.667480    0.000000
 2972.351070    0.000000
 2973.036620    0.000000
 2973.720700    0.000000
 2974.406250    0.000000
 2975.090580    0.000000
 2975.776610    0.000000
 2976.461180    0.000000
 2977.146000    0.000000
 2977.832280    0.000000
 2978.517580    0.000000
 2979.204350    0.000000
 2979.889650    0.000000
 2980.576660    0.000000
 2981.262210    0.000000
 2981.948240    0.000000
 2982.635990    0.000000
 2983.322020    0.000000
 2984.010010    0.000000
 2984.696530    0.000000
 2985.384770    0.000000
 2986.071530    0.000000
 2986.758540    0.000000
 2987.447270    0.000000
 2988.134770    0.000000
 2988.823490    0.000000
 2989.510990    0.000000
 2990.200440    0.000000
 2990.888180    0.000000
 2991.576170    0.000000
 2992.266360    0.000000
 2992.954830    0.000000
 2993.644780    0.000000
 2994.333500    0.000000
 2995.023930    0.000000
 2995.713130    0.000000
 2996.402100    0.000000
 2997.093020    0.000000
 2997.782710    0.000000
 2998.473880    0.000000
 2999.163570    0.000000
 2999.855470    0.000000
 3000.545410    0.000000
 3001.235600    0.000000
 3001.927730    0.000000
 3002.618410    0.000000
 3003.310550    0.000000
 3004.001710    0.000000
 3004.694340    0.000000
 3005.385740    0.000000
 3006.076900    0.000000
 3006.770020    0.000000
 3007.461670    0.000000
 3008.155270    0.000000
 3008.847410    0.000000
 3009.541260    0.000000
 3010.233400    0.000000
 3010.926270    0.000000
 3011.620360    0.000000
 3012.313230    0.000000
 3013.007810    0.000000
 3013.700930    0.000000
 3014.395750    0.000000
 3015.089360    0.000000
 3015.783200    0.000000
 3016.478270    0.000000
 3017.172610    0.000000
 3017.868160    0.000000
 3018.562260    0.000000
 3019.258540    0.000000
 3019.952880    0.000000
 3020.647950    0.000000
 3021.344480    0.000000
 3022.039310    0.000000
 3022.736330    0.000000
 3023.431640    0.000000
 3024.128660    0.000000
 3024.824460    0.000000
 3025.522220    0.000000
 3026.218020    0.000000
 3026.914310    0.000000
 3027.612300    0.000000
 3028.308840    0.000000
 3029.007080    0.000000
 3029.703860    0.000000
 3030.402590    0.000000
 3031.099850    0.000000
 3031.797120    0.000000
 3032.496090    0.000000
 3033.193600    0.000000
 3033.893310    0.000000
 3034.591060    0.000000
 3035.290770    0.000000
 3035.989010    0.000000
 3036.687740    0.000000
 3037.387700    0.000000
 3038.086670    0.000000
 3038.787350    0.000000
 3039.486080    0.000000
 3040.187260    0.000000
 3040.886470    0.000000
 3041.586180    0.000000
 3042.287350    0.000000
 3042.987550    0.000000
 3043.689210    0.000000
 3044.389160    0.000000
 3045.091060    0.000000
 3045.791750    0.000000
 3046.492430    0.000000
 3047.194820    0.000000
 3047.896000    0.000000
 3048.598880    0.000000
 3049.300050    0.000000
