 2653.384280    0.000329
 2653.996340    0.000362
 2654.606690    0.000400
 2655.217290    0.000440
 2655.829830    0.000484
 2656.440670    0.000530
 2657.053220    0.000583
 2657.664550    0.000638
 2658.277340    0.000699
 2658.888920    0.000765
 2659.500730    0.000836
 2660.114010    0.000914
 2660.725830    0.000997
 2661.339360    0.001087
 2661.951660    0.001184
 2662.565430    0.001289
 2663.177980    0.001402
 2663.790530    0.001523
 2664.404790    0.001654
 2665.017820    0.001795
 2665.632320    0.001945
 2666.245610    0.002108
 2666.860350    0.002282
 2667.473880    0.002469
 2668.089110    0.002670
 2668.702880    0.002885
 2669.316890    0.003116
 2669.932370    0.003364
 2670.546630    0.003629
 2671.162350    0.003913
 2671.776860    0.004217
 2672.393070    0.004544
 2673.007810    0.004894
 2673.622560    0.005269
 2674.239260    0.005672
 2674.854490    0.006104
 2675.471190    0.006569
 2676.086670    0.007068
 2676.703860    0.007604
 2677.319580    0.008180
 2677.935550    0.008800
 2678.552980    0.009468
 2679.169190    0.010188
 2679.786870    0.010966
 2680.403560    0.011805
 2681.021480    0.012713
 2681.638430    0.013694
 2682.255370    0.014755
 2682.873780    0.015909
 2683.490970    0.017158
 2684.109860    0.018517
 2684.727290    0.019990
 2685.346440    0.021598
 2685.964110    0.023343
 2686.582030    0.025245
 2687.201660    0.027324
 2687.819820    0.029587
 2688.439450    0.032063
 2689.057860    0.034761
 2689.677980    0.037720
 2690.296880    0.040946
 2690.915770    0.044476
 2691.536380    0.048347
 2692.155270    0.052570
 2692.776370    0.057209
 2693.395750    0.062273
 2694.016850    0.067829
 2694.636720    0.073899
 2695.256590    0.080540
 2695.877930    0.087823
 2696.498050    0.095774
 2697.119870    0.104492
 2697.740480    0.114004
 2698.362550    0.124423
 2698.983400    0.135779
 2699.604250    0.148176
 2700.226810    0.161740
 2700.847900    0.176497
 2701.470700    0.192622
 2702.092040    0.210143
 2702.715330    0.229272
 2703.337160    0.250028
 2703.958980    0.272582
 2704.582520    0.297141
 2705.204830    0.323738
 2705.828370    0.352629
 2706.450930    0.383876
 2707.074950    0.417773
 2707.697750    0.454355
 2708.320800    0.493889
 2708.945310    0.536660
 2709.568360    0.582672
 2710.193360    0.632396
 2710.816650    0.685762
 2711.441890    0.743320
 2712.065670    0.804996
 2712.689450    0.871168
 2713.314940    0.942288
 2713.939210    1.018291
 2714.565190    1.099808
 2715.189450    1.186668
 2715.815670    1.279664
 2716.440430    1.378579
 2717.066890    1.484210
 2717.691890    1.596314
 2718.317140    1.715472
 2718.943850    1.842239
 2719.569340    1.976372
 2720.196530    2.118796
 2720.822270    2.269089
 2721.449710    2.428299
 2722.075680    2.595905
 2722.702150    2.772680
 2723.329830    2.959128
 2723.956300    3.154773
 2724.584470    3.360778
 2725.211430    3.576415
 2725.839600    3.802727
 2726.466800    4.039112
 2727.093990    4.286077
 2727.722900    4.544475
 2728.350340    4.813126
 2728.979490    5.093477
 2729.607420    5.384293
 2730.236820    5.686847
 2730.864750    5.999720
 2731.493160    6.323811
 2732.122800    6.659459
 2732.751460    7.005375
 2733.381590    7.362746
 2734.010500    7.729847
 2734.640870    8.107996
 2735.270020    8.495287
 2735.899410    8.892255
 2736.530270    9.299310
 2737.159670    9.714119
 2737.790770    10.138288
 2738.420650    10.569311
 2739.052250    11.008614
 2739.682370    11.453352
 2740.312500    11.903851
 2740.944340    12.360620
 2741.575200    12.820945
 2742.207280    13.285603
 2742.838130    13.751934
 2743.470460    14.221010
 2744.101560    14.689898
 2744.732910    15.158700
 2745.365970    15.627485
 2745.997310    16.092678
 2746.630860    16.556084
 2747.262700    17.013744
 2747.896000    17.466854
 2748.528080    17.912359
 2749.160640    18.350349
 2749.794430    18.780157
 2750.427000    19.198994
 2751.061280    19.607651
 2751.694090    20.002953
 2752.328610    20.385773
 2752.961910    20.753235
 2753.595210    21.105038
 2754.230220    21.441031
 2754.863770    21.758533
 2755.499020    22.058172
 2756.132810    22.337532
 2756.768550    22.597237
 2757.402590    22.834976
 2758.036870    23.050816
 2758.673100    23.244541
 2759.307620    23.414408
 2759.943850    23.560783
 2760.578860    23.682501
 2761.215330    23.779659
 2761.850590    23.851517
 2762.487550    23.898136
 2763.123050    23.919115
 2763.758790    23.914509
 2764.396000    23.884209
 2765.031980    23.828417
 2765.669430    23.747059
 2766.305910    23.640669
 2766.943600    23.509201
 2767.580320    23.353506
 2768.216800    23.173963
 2768.855220    22.970425
 2769.492190    22.744587
 2770.130860    22.496014
 2770.768070    22.226700
 2771.407230    21.936005
 2772.044680    21.626469
 2772.682130    21.298279
 2773.321780    20.951191
 2773.959720    20.588337
 2774.599370    20.208832
 2775.237550    19.815657
 2775.877690    19.407812
 2776.516360    18.988609
 2777.155030    18.558292
 2777.795170    18.117008
 2778.434330    17.667610
 2779.074950    17.209560
 2779.714360    16.745949
 2780.355470    16.275816
 2780.995120    15.802639
 2781.634770    15.326486
 2782.276120    14.847182
 2782.916260    14.368006
 2783.558110    13.887817
 2784.198490    13.410012
 2784.840330    12.933392
 2785.480960    12.460890
 2786.121830    11.992317
 2786.764400    11.527476
 2787.405270    11.069645
 2788.048100    10.616968
 2788.689450    10.172564
 2789.332520    9.734890
 2789.974370    9.306553
 2790.615970    8.887419
 2791.259770    8.476427
 2791.901610    8.076677
 2792.545410    7.686125
 2793.187990    7.307051
 2793.832030    6.938166
 2794.474850    6.581250
 2795.117680    6.235784
 2795.762210    5.901035
 2796.405520    5.578639
 2797.050290    5.267310
 2797.693600    4.968475
 2798.338870    4.680537
 2798.982420    4.405075
 2799.626460    4.141020
 2800.272220    3.887800
 2800.916260    3.646602
 2801.562260    3.415874
 2802.206790    3.196642
 2802.852780    2.987677
 2803.497560    2.789603
 2804.142580    2.601678
 2804.789310    2.423238
 2805.434330    2.254928
 2806.081300    2.095490
 2806.726810    1.945458
 2807.374020    1.803780
 2808.020020    1.670773
 2808.666020    1.545833
 2809.313480    1.428368
 2809.959960    1.318497
 2810.607910    1.215478
 2811.254390    1.119450
 2811.902830    1.029581
 2812.549560    0.946066
 2813.198240    0.868114
 2813.845210    0.795864
 2814.492680    0.728752
 2815.141600    0.666407
 2815.789310    0.608805
 2816.438720    0.555414
 2817.086430    0.506252
 2817.736080    0.460786
 2818.384520    0.418999
 2819.032710    0.380580
 2819.682620    0.345201
 2820.331300    0.312811
 2820.981930    0.283050
 2821.630620    0.255904
 2822.281490    0.231017
 2822.930660    0.208367
 2823.580080    0.187715
 2824.231200    0.168869
 2824.880860    0.151776
 2825.532230    0.136218
 2826.182370    0.122138
 2826.833980    0.109361
 2827.484380    0.097827
 2828.134770    0.087409
 2828.786870    0.077987
 2829.437740    0.069514
 2830.090090    0.061874
 2830.741210    0.055023
 2831.394040    0.048858
 2832.045410    0.043344
 2832.697020    0.038407
 2833.350100    0.033983
 2834.001950    0.030041
 2834.655520    0.026516
 2835.307620    0.023384
 2835.961180    0.020593
 2836.613770    0.018116
 2837.266360    0.015920
 2837.920410    0.013968
 2838.573490    0.012244
 2839.228030    0.010717
 2839.881100    0.009373
 2840.535890    0.008184
 2841.189450    0.007140
 2841.843020    0.006222
 2842.498540    0.005412
 2843.152340    0.004704
 2843.807860    0.004084
 2844.462160    0.003541
 2845.118160    0.003066
 2845.772710    0.002652
 2846.427250    0.002292
 2847.083740    0.001977
 2847.738770    0.001703
 2848.395260    0.001466
 2849.050540    0.001261
 2849.707760    0.001082
 2850.363280    0.000928
 2851.018800    0.000795
 2851.676270    0.000680
 2852.332280    0.000581
 2852.989990    0.000496
 2853.646480    0.000422
 2854.304440    0.000360
 2854.960940    0.000306
 2855.617920    0.000259
 2856.276370    0.000220
 2856.933350    0.000187
 2857.592290    0.000157
 2858.249760    0.000134
 2858.908940    0.000113
 2859.566650    0.000094
 2860.224370    0.000080
 2860.883790    0.000067
 2861.541750    0.000056
 2862.201900    0.000048
 2862.860350    0.000040
 2863.520510    0.000033
 2864.179200    0.000028
 2864.839840    0.000023
 2865.498780    0.000019
 2866.157960    0.000016
 2866.818850    0.000013
 2867.478520    0.000011
 2868.139650    0.000010
 2868.799320    0.000008
 2869.460940    0.000007
 2870.121090    0.000005
 2870.781490    0.000004
 2871.443360    0.000004
 2872.103760    0.000003
 2872.766360    0.000003
 2873.427000    0.000002
 2874.089600    0.000002
 2874.750730    0.000001
 2875.412110    0.000001
 2876.075440    0.000001
 2876.736820    0.000001
 2877.400390    0.000001
 2878.062260    0.000000
 2878.725830    0.000000
 2879.388180    0.000000
 2880.050540    0.000000
 2880.714600    0.000000
 2881.377440    0.000000
 2882.041750    0.000000
 2882.704830    0.000000
 2883.369380    0.000000
 2884.032960    0.000000
 2884.696530    0.000000
 2885.361330    0.000000
 2886.025390    0.000000
 2886.690920    0.000000
 2887.354980    0.000000
 2888.020510    0.000000
 2888.685060    0.000000
 2889.349610    0.000000
 2890.015870    0.000000
 2890.680910    0.000000
 2891.347410    0.000000
 2892.012700    0.000000
 2892.679200    0.000000
 2893.344970    0.000000
 2894.010500    0.000000
 2894.677730    0.000000
 2895.343510    0.000000
 2896.011470    0.000000
 2896.677490    0.000000
 2897.345460    0.000000
 2898.011960    0.000000
 2898.678960    0.000000
 2899.347170    0.000000
 2900.014160    0.000000
 2900.682860    0.000000
 2901.350100    0.000000
 2902.019530    0.000000
 2902.687010    0.000000
 2903.354740    0.000000
 2904.024410    0.000000
 2904.692380    0.000000
 2905.361820    0.000000
 2906.030520    0.000000
 2906.700680    0.000000
 2907.369140    0.000000
 2908.038090    0.000000
 2908.708500    0.000000
 2909.377930    0.000000
 2910.048830    0.000000
 2910.718260    0.000000
 2911.389650    0.000000
 2912.059330    0.000000
 2912.729250    0.000000
 2913.400630    0.000000
 2914.070800    0.000000
 2914.742920    0.000000
 2915.413570    0.000000
 2916.085690    0.000000
 2916.756590    0.000000
 2917.429200    0.000000
 2918.100340    0.000000
 2918.771730    0.000000
 2919.444580    0.000000
 2920.116210    0.000000
 2920.789550    0.000000
 2921.461670    0.000000
 2922.135500    0.000000
 2922.807370    0.000000
 2923.479740    0.000000
 2924.154050    0.000000
 2924.826660    0.000000
 2925.500980    0.000000
 2926.174070    0.000000
 2926.848880    0.000000
 2927.522220    0.000000
 2928.195800    0.000000
 2928.870850    0.000000
 2929.544920    0.000000
 2930.220460    0.000000
 2930.894530    0.000000
 2931.570310    0.000000
 2932.244630    0.000000
 2932.919190    0.000000
 2933.595700    0.000000
 2934.270260    0.000000
 2934.947270    0.000000
 2935.622310    0.000000
 2936.299070    0.000000
 2936.974850    0.000000
 2937.650390    0.000000
 2938.327880    0.000000
 2939.003660    0.000000
 2939.681400    0.000000
 2940.357670    0.000000
 2941.035640    0.000000
 2941.712160    0.000000
 2942.389160    0.000000
 2943.067630    0.000000
 2943.744630    0.000000
 2944.423580    0.000000
 2945.100830    0.000000
 2945.780030    0.000000
 2946.457760    0.000000
 2947.135500    0.000000
 2947.815190    0.000000
 2948.493410    0.000000
 2949.173100    0.000000
 2949.851560    0.000000
 2950.531980    0.000000
 2951.210450    0.000000
 2951.889650    0.000000
 2952.570070    0.000000
 2953.249270    0.000000
 2953.930660    0.000000
 2954.610110    0.000000
 2955.291500    0.000000
 2955.971190    0.000000
 2956.651120    0.000000
 2957.333010    0.000000
 2958.013180    0.000000
 2958.695560    0.000000
 2959.376220    0.000000
 2960.058350    0.000000
 2960.739500    0.000000
 2961.420410    0.000000
 2962.103520    0.000000
 2962.784910    0.000000
 2963.468020    0.000000
 2964.149900    0.000000
 2964.833500    0.000000
 2965.515380    0.000000
 2966.197750    0.000000
 2966.881590    0.000000
 2967.564210    0.000000
 2968.248540    0.000000
 2968.931150    0.000000
 2969.615720    0.000000
 2970.299070    0.000000
 2970.984130    0.000000
 2971.667480    0.000000
 2972.351070    0.000000
 2973.036620    0.000000
 2973.720700    0.000000
 2974.406250    0.000000
 2975.090580    0.000000
 2975.776610    0.000000
 2976.461180    0.000000
 2977.146000    0.000000
 2977.832280    0.000000
 2978.517580    0.000000
 2979.204350    0.000000
 2979.889650    0.000000
 2980.576660    0.000000
 2981.262210    0.000000
 2981.948240    0.000000
 2982.635990    0.000000
 2983.322020    0.000000
 2984.010010    0.000000
 2984.696530    0.000000
 2985.384770    0.000000
 2986.071530    0.000000
 2986.758540    0.000000
 2987.447270    0.000000
 2988.134770    0.000000
 2988.823490    0.000000
 2989.510990    0.000000
 2990.200440    0.000000
 2990.888180    0.000000
 2991.576170    0.000000
 2992.266360    0.000000
 2992.954830    0.000000
 2993.644780    0.000000
 2994.333500    0.000000
 2995.023930    0.000000
 2995.713130    0.000000
 2996.402100    0.000000
 2997.093020    0.000000
 2997.782710    0.000000
 2998.473880    0.000000
 2999.163570    0.000000
 2999.855470    0.000000
 3000.545410    0.000000
 3001.235600    0.000000
 3001.927730    0.000000
 3002.618410    0.000000
 3003.310550    0.000000
 3004.001710    0.000000
 3004.694340    0.000000
 3005.385740    0.000000
 3006.076900    0.000000
 3006.770020    0.000000
 3007.461670    0.000000
 3008.155270    0.000000
 3008.847410    0.000000
 3009.541260    0.000000
 3010.233400    0.000000
 3010.926270    0.000000
 3011.620360    0.000000
 3012.313230    0.000000
 3013.007810    0.000000
 3013.700930    0.000000
 3014.395750    0.000000
 3015.089360    0.000000
 3015.783200    0.000000
 3016.478270    0.000000
 3017.172610    0.000000
 3017.868160    0.000000
 3018.562260    0.000000
 3019.258540    0.000000
 3019.952880    0.000000
 3020.647950    0.000000
 3021.344480    0.000000
 3022.039310    0.000000
 3022.736330    0.000000
 3023.431640    0.000000
 3024.128660    0.000000
 3024.824460    0.000000
 3025.522220    0.000000
 3026.218020    0.000000
 3026.914310    0.000000
 3027.612300    0.000000
 3028.308840    0.000000
 3029.007080    0.000000
 3029.703860    0.000000
 3030.402590    0.000000
 3031.099850    0.000000
 3031.797120    0.000000
 3032.496090    0.000000
 3033.193600    0.000000
 3033.893310    0.000000
 3034.591060    0.000000
 3035.290770    0.000000
 3035.989010    0.000000
 3036.687740    0.000000
 3037.387700    0.000000
 3038.086670    0.000000
 3038.787350    0.000000
 3039.486080    0.000000
 3040.187260    0.000000
 3040.886470    0.000000
 3041.586180    0.000000
 3042.287350    0.000000
 3042.987550    0.000000
 3043.689210    0.000000
 3044.389160    0.000000
 3045.091060    0.000000
 3045.791750    0.000000
 3046.492430    0.000000
 3047.194820    0.000000
 3047.896000    0.000000
 3048.598880    0.000000
 3049.300050    0.000000
