 2653.384280    0.000000
 2653.996340    0.000000
 2654.606690    0.000000
 2655.217290    0.000000
 2655.829830    0.000000
 2656.440670    0.000000
 2657.053220    0.000000
 2657.664550    0.000000
 2658.277340    0.000000
 2658.888920    0.000000
 2659.500730    0.000000
 2660.114010    0.000000
 2660.725830    0.000000
 2661.339360    0.000000
 2661.951660    0.000000
 2662.565430    0.000000
 2663.177980    0.000000
 2663.790530    0.000000
 2664.404790    0.000000
 2665.017820    0.000000
 2665.632320    0.000000
 2666.245610    0.000000
 2666.860350    0.000000
 2667.473880    0.000000
 2668.089110    0.000000
 2668.702880    0.000000
 2669.316890    0.000000
 2669.932370    0.000000
 2670.546630    0.000000
 2671.162350    0.000000
 2671.776860    0.000000
 2672.393070    0.000000
 2673.007810    0.000000
 2673.622560    0.000000
 2674.239260    0.000000
 2674.854490    0.000000
 2675.471190    0.000000
 2676.086670    0.000000
 2676.703860    0.000000
 2677.319580    0.000000
 2677.935550    0.000000
 2678.552980    0.000000
 2679.169190    0.000000
 2679.786870    0.000000
 2680.403560    0.000000
 2681.021480    0.000000
 2681.638430    0.000000
 2682.255370    0.000000
 2682.873780    0.000000
 2683.490970    0.000000
 2684.109860    0.000000
 2684.727290    0.000000
 2685.346440    0.000000
 2685.964110    0.000000
 2686.582030    0.000000
 2687.201660    0.000000
 2687.819820    0.000000
 2688.439450    0.000000
 2689.057860    0.000000
 2689.677980    0.000000
 2690.296880    0.000000
 2690.915770    0.000000
 2691.536380    0.000000
 2692.155270    0.000000
 2692.776370    0.000000
 2693.395750    0.000000
 2694.016850    0.000000
 2694.636720    0.000000
 2695.256590    0.000000
 2695.877930    0.000000
 2696.498050    0.000000
 2697.119870    0.000000
 2697.740480    0.000000
 2698.362550    0.000000
 2698.983400    0.000000
 2699.604250    0.000000
 2700.226810    0.000000
 2700.847900    0.000000
 2701.470700    0.000000
 2702.092040    0.000000
 2702.715330    0.000000
 2703.337160    0.000000
 2703.958980    0.000000
 2704.582520    0.000000
 2705.204830    0.000000
 2705.828370    0.000000
 2706.450930    0.000000
 2707.074950    0.000000
 2707.697750    0.000000
 2708.320800    0.000000
 2708.945310    0.000000
 2709.568360    0.000000
 2710.193360    0.000000
 2710.816650    0.000000
 2711.441890    0.000000
 2712.065670    0.000000
 2712.689450    0.000000
 2713.314940    0.000000
 2713.939210    0.000000
 2714.565190    0.000000
 2715.189450    0.000000
 2715.815670    0.000000
 2716.440430    0.000000
 2717.066890    0.000000
 2717.691890    0.000000
 2718.317140    0.000000
 2718.943850    0.000000
 2719.569340    0.000000
 2720.196530    0.000000
 2720.822270    0.000000
 2721.449710    0.000000
 2722.075680    0.000000
 2722.702150    0.000000
 2723.329830    0.000000
 2723.956300    0.000000
 2724.584470    0.000000
 2725.211430    0.000000
 2725.839600    0.000000
 2726.466800    0.000000
 2727.093990    0.000000
 2727.722900    0.000000
 2728.350340    0.000000
 2728.979490    0.000001
 2729.607420    0.000001
 2730.236820    0.000001
 2730.864750    0.000001
 2731.493160    0.000001
 2732.122800    0.000001
 2732.751460    0.000001
 2733.381590    0.000002
 2734.010500    0.000002
 2734.640870    0.000002
 2735.270020    0.000002
 2735.899410    0.000003
 2736.530270    0.000003
 2737.159670    0.000003
 2737.790770    0.000004
 2738.420650    0.000005
 2739.052250    0.000005
 2739.682370    0.000006
 2740.312500    0.000007
 2740.944340    0.000008
 2741.575200    0.000009
 2742.207280    0.000010
 2742.838130    0.000010
 2743.470460    0.000012
 2744.101560    0.000014
 2744.732910    0.000016
 2745.365970    0.000018
 2745.997310    0.000021
 2746.630860    0.000023
 2747.262700    0.000027
 2747.896000    0.000030
 2748.528080    0.000033
 2749.160640    0.000038
 2749.794430    0.000043
 2750.427000    0.000049
 2751.061280    0.000054
 2751.694090    0.000061
 2752.328610    0.000069
 2752.961910    0.000077
 2753.595210    0.000087
 2754.230220    0.000097
 2754.863770    0.000110
 2755.499020    0.000123
 2756.132810    0.000137
 2756.768550    0.000154
 2757.402590    0.000172
 2758.036870    0.000192
 2758.673100    0.000214
 2759.307620    0.000238
 2759.943850    0.000265
 2760.578860    0.000296
 2761.215330    0.000329
 2761.850590    0.000365
 2762.487550    0.000406
 2763.123050    0.000451
 2763.758790    0.000500
 2764.396000    0.000554
 2765.031980    0.000614
 2765.669430    0.000680
 2766.305910    0.000751
 2766.943600    0.000831
 2767.580320    0.000917
 2768.216800    0.001012
 2768.855220    0.001116
 2769.492190    0.001230
 2770.130860    0.001354
 2770.768070    0.001491
 2771.407230    0.001639
 2772.044680    0.001801
 2772.682130    0.001978
 2773.321780    0.002171
 2773.959720    0.002380
 2774.599370    0.002609
 2775.237550    0.002858
 2775.877690    0.003129
 2776.516360    0.003422
 2777.155030    0.003740
 2777.795170    0.004087
 2778.434330    0.004462
 2779.074950    0.004869
 2779.714360    0.005310
 2780.355470    0.005789
 2780.995120    0.006305
 2781.634770    0.006864
 2782.276120    0.007468
 2782.916260    0.008121
 2783.558110    0.008828
 2784.198490    0.009589
 2784.840330    0.010413
 2785.480960    0.011299
 2786.121830    0.012256
 2786.764400    0.013289
 2787.405270    0.014400
 2788.048100    0.015599
 2788.689450    0.016889
 2789.332520    0.018280
 2789.974370    0.019774
 2790.615970    0.021380
 2791.259770    0.023115
 2791.901610    0.024974
 2792.545410    0.026978
 2793.187990    0.029128
 2793.832030    0.031444
 2794.474850    0.033926
 2795.117680    0.036592
 2795.762210    0.039464
 2796.405520    0.042541
 2797.050290    0.045852
 2797.693600    0.049397
 2798.338870    0.053215
 2798.982420    0.057300
 2799.626460    0.061686
 2800.272220    0.066402
 2800.916260    0.071449
 2801.562260    0.076879
 2802.206790    0.082686
 2802.852780    0.088928
 2803.497560    0.095608
 2804.142580    0.102769
 2804.789310    0.110463
 2805.434330    0.118688
 2806.081300    0.127525
 2806.726810    0.136971
 2807.374020    0.147113
 2808.020020    0.157953
 2808.666020    0.169559
 2809.313480    0.182008
 2809.959960    0.195310
 2810.607910    0.209573
 2811.254390    0.224794
 2811.902830    0.241119
 2812.549560    0.258524
 2813.198240    0.277181
 2813.845210    0.297058
 2814.492680    0.318301
 2815.141600    0.341030
 2815.789310    0.365241
 2816.438720    0.391137
 2817.086430    0.418676
 2817.736080    0.448119
 2818.384520    0.479429
 2819.032710    0.512756
 2819.682620    0.548323
 2820.331300    0.586090
 2820.981930    0.626370
 2821.630620    0.669051
 2822.281490    0.714540
 2822.930660    0.762703
 2823.580080    0.813818
 2824.231200    0.868161
 2824.880860    0.925618
 2825.532230    0.986627
 2826.182370    1.051074
 2826.833980    1.119390
 2827.484380    1.191462
 2828.134770    1.267578
 2828.786870    1.348126
 2829.437740    1.432922
 2830.090090    1.522494
 2830.741210    1.616649
 2831.394040    1.715992
 2832.045410    1.820222
 2832.697020    1.929771
 2833.350100    2.045042
 2834.001950    2.165736
 2834.655520    2.292575
 2835.307620    2.425113
 2835.961180    2.564108
 2836.613770    2.709208
 2837.266360    2.860769
 2837.920410    3.019300
 2838.573490    3.184356
 2839.228030    3.356692
 2839.881100    3.535660
 2840.535890    3.722242
 2841.189450    3.915715
 2841.843020    4.116504
 2842.498540    4.325317
 2843.152340    4.541051
 2843.807860    4.764879
 2844.462160    4.995836
 2845.118160    5.234973
 2845.772710    5.481133
 2846.427250    5.734810
 2847.083740    5.996747
 2847.738770    6.265522
 2848.395260    6.542242
 2849.050540    6.825667
 2849.707760    7.117044
 2850.363280    7.414589
 2851.018800    7.718868
 2851.676270    8.030603
 2852.332280    8.347942
 2852.989990    8.672162
 2853.646480    9.001535
 2854.304440    9.337093
 2854.960940    9.677000
 2855.617920    10.021888
 2856.276370    10.371893
 2856.933350    10.725039
 2857.592290    11.082719
 2858.249760    11.442611
 2858.908940    11.805955
 2859.566650    12.170489
 2860.224370    12.536476
 2860.883790    12.904313
 2861.541750    13.271646
 2862.201900    13.639924
 2862.860350    14.006344
 2863.520510    14.372177
 2864.179200    14.735021
 2864.839840    15.096090
 2865.498780    15.452719
 2866.157960    15.805297
 2866.818850    16.153912
 2867.478520    16.496325
 2868.139650    16.833237
 2868.799320    17.162472
 2869.460940    17.485041
 2870.121090    17.798595
 2870.781490    18.103300
 2871.443360    18.399027
 2872.103760    18.683819
 2872.766360    18.958611
 2873.427000    19.221060
 2874.089600    19.472130
 2874.750730    19.709938
 2875.412110    19.934595
 2876.075440    20.146097
 2876.736820    20.342714
 2877.400390    20.525206
 2878.062260    20.692068
 2878.725830    20.843769
 2879.388180    20.979273
 2880.050540    21.098560
 2880.714600    21.201599
 2881.377440    21.287687
 2882.041750    21.356970
 2882.704830    21.409010
 2883.369380    21.443899
 2884.032960    21.461435
 2884.696530    21.461658
 2885.361330    21.444551
 2886.025390    21.410208
 2886.690920    21.358612
 2887.354980    21.290142
 2888.020510    21.204691
 2888.685060    21.102804
 2889.349610    20.984644
 2890.015870    20.850170
 2890.680910    20.700317
 2891.347410    20.534862
 2892.012700    20.354906
 2892.679200    20.160246
 2893.344970    19.951939
 2894.010500    19.730383
 2894.677730    19.495441
 2895.343510    19.248798
 2896.011470    18.989685
 2896.677490    18.720320
 2897.345460    18.439764
 2898.011960    18.150093
 2898.678960    17.851151
 2899.347170    17.543243
 2900.014160    17.228182
 2900.682860    16.905268
 2901.350100    16.576715
 2902.019530    16.241405
 2902.687010    15.902103
 2903.354740    15.558394
 2904.024410    15.210055
 2904.692380    14.859658
 2905.361820    14.506197
 2906.030520    14.151470
 2906.700680    13.794942
 2907.369140    13.438911
 2908.038090    13.082802
 2908.708500    12.726667
 2909.377930    12.372363
 2910.048830    12.019121
 2910.718260    11.668999
 2911.389650    11.320689
 2912.059330    10.976549
 2912.729250    10.635996
 2913.400630    10.298830
 2914.070800    9.966774
 2914.742920    9.638619
 2915.413570    9.316359
 2916.085690    8.998883
 2916.756590    8.687733
 2917.429200    8.381798
 2918.100340    8.082741
 2918.771730    7.789973
 2919.444580    7.503152
 2920.116210    7.223566
 2920.789550    6.950116
 2921.461670    6.684095
 2922.135500    6.424421
 2922.807370    6.172553
 2923.479740    5.927576
 2924.154050    5.689009
 2924.826660    5.458141
 2925.500980    5.233774
 2926.174070    5.016846
 2926.848880    4.806365
 2927.522220    4.603254
 2928.195800    4.406894
 2928.870850    4.216860
 2929.544920    4.033740
 2930.220460    3.856762
 2930.894530    3.686570
 2931.570310    3.522233
 2932.244630    3.364390
 2932.919190    3.212480
 2933.595700    3.065996
 2934.270260    2.925635
 2934.947270    2.790333
 2935.622310    2.660815
 2936.299070    2.536217
 2936.974850    2.416882
 2937.650390    2.302506
 2938.327880    2.192578
 2939.003660    2.087534
 2939.681400    1.986650
 2940.357670    1.890285
 2941.035640    1.797835
 2941.712160    1.709583
 2942.389160    1.625118
 2943.067630    1.544190
 2943.744630    1.467008
 2944.423580    1.393045
 2945.100830    1.322571
 2945.780030    1.255072
 2946.457760    1.190766
 2947.135500    1.129382
 2947.815190    1.070637
 2948.493410    1.014711
 2949.173100    0.961255
 2949.851560    0.910374
 2950.531980    0.861728
 2951.210450    0.815499
 2951.889650    0.771402
 2952.570070    0.729322
 2953.249270    0.689322
 2953.930660    0.651119
 2954.610110    0.614867
 2955.291500    0.580276
 2955.971190    0.547461
 2956.651120    0.516246
 2957.333010    0.486494
 2958.013180    0.458298
 2958.695560    0.431433
 2959.376220    0.405993
 2960.058350    0.381800
 2960.739500    0.358884
 2961.420410    0.337165
 2962.103520    0.316515
 2962.784910    0.297006
 2963.468020    0.278488
 2964.149900    0.260999
 2964.833500    0.244416
 2965.515380    0.228783
 2966.197750    0.214002
 2966.881590    0.200018
 2967.564210    0.186847
 2968.248540    0.174397
 2968.931150    0.162694
 2969.615720    0.151641
 2970.299070    0.141258
 2970.984130    0.131470
 2971.667480    0.122293
 2972.351070    0.113672
 2973.036620    0.105559
 2973.720700    0.097967
 2974.406250    0.090838
 2975.090580    0.084176
 2975.776610    0.077928
 2976.461180    0.072099
 2977.146000    0.066651
 2977.832280    0.061557
 2978.517580    0.056813
 2979.204350    0.052383
 2979.889650    0.048269
 2980.576660    0.044432
 2981.262210    0.040874
 2981.948240    0.037567
 2982.635990    0.034492
 2983.322020    0.031649
 2984.010010    0.029008
 2984.696530    0.026570
 2985.384770    0.024311
 2986.071530    0.022229
 2986.758540    0.020308
 2987.447270    0.018532
 2988.134770    0.016899
 2988.823490    0.015394
 2989.510990    0.014013
 2990.200440    0.012742
 2990.888180    0.011579
 2991.576170    0.010511
 2992.266360    0.009531
 2992.954830    0.008636
 2993.644780    0.007817
 2994.333500    0.007071
 2995.023930    0.006388
 2995.713130    0.005767
 2996.402100    0.005202
 2997.093020    0.004686
 2997.782710    0.004219
 2998.473880    0.003794
 2999.163570    0.003409
 2999.855470    0.003059
 3000.545410    0.002745
 3001.235600    0.002460
 3001.927730    0.002201
 3002.618410    0.001968
 3003.310550    0.001759
 3004.001710    0.001570
 3004.694340    0.001399
 3005.385740    0.001246
 3006.076900    0.001109
 3006.770020    0.000986
 3007.461670    0.000876
 3008.155270    0.000777
 3008.847410    0.000690
 3009.541260    0.000610
 3010.233400    0.000540
 3010.926270    0.000478
 3011.620360    0.000422
 3012.313230    0.000372
 3013.007810    0.000328
 3013.700930    0.000289
 3014.395750    0.000254
 3015.089360    0.000223
 3015.783200    0.000196
 3016.478270    0.000172
 3017.172610    0.000151
 3017.868160    0.000132
 3018.562260    0.000115
 3019.258540    0.000100
 3019.952880    0.000088
 3020.647950    0.000076
 3021.344480    0.000067
 3022.039310    0.000058
 3022.736330    0.000051
 3023.431640    0.000044
 3024.128660    0.000038
 3024.824460    0.000032
 3025.522220    0.000029
 3026.218020    0.000025
 3026.914310    0.000021
 3027.612300    0.000018
 3028.308840    0.000016
 3029.007080    0.000013
 3029.703860    0.000011
 3030.402590    0.000010
 3031.099850    0.000009
 3031.797120    0.000008
 3032.496090    0.000007
 3033.193600    0.000006
 3033.893310    0.000005
 3034.591060    0.000004
 3035.290770    0.000004
 3035.989010    0.000003
 3036.687740    0.000003
 3037.387700    0.000002
 3038.086670    0.000002
 3038.787350    0.000002
 3039.486080    0.000001
 3040.187260    0.000001
 3040.886470    0.000001
 3041.586180    0.000001
 3042.287350    0.000001
 3042.987550    0.000001
 3043.689210    0.000000
 3044.389160    0.000000
 3045.091060    0.000000
 3045.791750    0.000000
 3046.492430    0.000000
 3047.194820    0.000000
 3047.896000    0.000000
 3048.598880    0.000000
 3049.300050    0.000000
