 2653.384280    0.005609
 2653.996340    0.006183
 2654.606690    0.006810
 2655.217290    0.007495
 2655.829830    0.008245
 2656.440670    0.009062
 2657.053220    0.009954
 2657.664550    0.010925
 2658.277340    0.011985
 2658.888920    0.013135
 2659.500730    0.014385
 2660.114010    0.015746
 2660.725830    0.017221
 2661.339360    0.018824
 2661.951660    0.020558
 2662.565430    0.022441
 2663.177980    0.024475
 2663.790530    0.026674
 2664.404790    0.029058
 2665.017820    0.031628
 2665.632320    0.034408
 2666.245610    0.037399
 2666.860350    0.040632
 2667.473880    0.044106
 2668.089110    0.047856
 2668.702880    0.051879
 2669.316890    0.056205
 2669.932370    0.060863
 2670.546630    0.065851
 2671.162350    0.071216
 2671.776860    0.076954
 2672.393070    0.083117
 2673.007810    0.089701
 2673.622560    0.096743
 2674.239260    0.104295
 2674.854490    0.112345
 2675.471190    0.120959
 2676.086670    0.130134
 2676.703860    0.139944
 2677.319580    0.150373
 2677.935550    0.161483
 2678.552980    0.173335
 2679.169190    0.185916
 2679.786870    0.199321
 2680.403560    0.213538
 2681.021480    0.228661
 2681.638430    0.244678
 2682.255370    0.261662
 2682.873780    0.279699
 2683.490970    0.298762
 2684.109860    0.318992
 2684.727290    0.340337
 2685.346440    0.362960
 2685.964110    0.386800
 2686.582030    0.411974
 2687.201660    0.438606
 2687.819820    0.466618
 2688.439450    0.496202
 2689.057860    0.527292
 2689.677980    0.560101
 2690.296880    0.594534
 2690.915770    0.630722
 2691.536380    0.668836
 2692.155270    0.708731
 2692.776370    0.750728
 2693.395750    0.794631
 2694.016850    0.840751
 2694.636720    0.888939
 2695.256590    0.939351
 2695.877930    0.992182
 2696.498050    1.047271
 2697.119870    1.104948
 2697.740480    1.165009
 2698.362550    1.227779
 2698.983400    1.293055
 2699.604250    1.361015
 2700.226810    1.431920
 2700.847900    1.505466
 2701.470700    1.582087
 2702.092040    1.661446
 2702.715330    1.744032
 2703.337160    1.829442
 2703.958980    1.917909
 2704.582520    2.009726
 2705.204830    2.104498
 2705.828370    2.202626
 2706.450930    2.303790
 2707.074950    2.408408
 2707.697750    2.516043
 2708.320800    2.626944
 2708.945310    2.741342
 2709.568360    2.858689
 2710.193360    2.979619
 2710.816650    3.103398
 2711.441890    3.230724
 2712.065670    3.360864
 2712.689450    3.494060
 2713.314940    3.630629
 2713.939210    3.769868
 2714.565190    3.912354
 2715.189450    4.057219
 2715.815670    4.205214
 2716.440430    4.355425
 2717.066890    4.508494
 2717.691890    4.663518
 2718.317140    4.820770
 2718.943850    4.980412
 2719.569340    5.141599
 2720.196530    5.304910
 2720.822270    5.469336
 2721.449710    5.635513
 2722.075680    5.802395
 2722.702150    5.970285
 2723.329830    6.139154
 2723.956300    6.308110
 2724.584470    6.477697
 2725.211430    6.646872
 2725.839600    6.816029
 2726.466800    6.984307
 2727.093990    7.151695
 2727.722900    7.318361
 2728.350340    7.483175
 2728.979490    7.646676
 2729.607420    7.807806
 2730.236820    7.966948
 2730.864750    8.123064
 2731.493160    8.276338
 2732.122800    8.426635
 2732.751460    8.573124
 2733.381590    8.716071
 2734.010500    8.854562
 2734.640870    8.988892
 2735.270020    9.118195
 2735.899410    9.242498
 2736.530270    9.361747
 2737.159670    9.475116
 2737.790770    9.582912
 2738.420650    9.684380
 2739.052250    9.779744
 2739.682370    9.868293
 2740.312500    9.950040
 2740.944340    10.024980
 2741.575200    10.092594
 2742.207280    10.152945
 2742.838130    10.205647
 2743.470460    10.250776
 2744.101560    10.288023
 2744.732910    10.317386
 2745.365970    10.338816
 2745.997310    10.352130
 2746.630860    10.357357
 2747.262700    10.354433
 2747.896000    10.343341
 2748.528080    10.324136
 2749.160640    10.296813
 2749.794430    10.261366
 2750.427000    10.218002
 2751.061280    10.166608
 2751.694090    10.107545
 2752.328610    10.040644
 2752.961910    9.966354
 2753.595210    9.884722
 2754.230220    9.795681
 2754.863770    9.699873
 2755.499020    9.597030
 2756.132810    9.487891
 2756.768550    9.372108
 2757.402590    9.250599
 2758.036870    9.123282
 2758.673100    8.990064
 2759.307620    8.851998
 2759.943850    8.708644
 2760.578860    8.560960
 2761.215330    8.408637
 2761.850590    8.252630
 2762.487550    8.092546
 2763.123050    7.929502
 2763.758790    7.763400
 2764.396000    7.594240
 2765.031980    7.423062
 2765.669430    7.249474
 2766.305910    7.074463
 2766.943600    6.897748
 2767.580320    6.720257
 2768.216800    6.542100
 2768.855220    6.362970
 2769.492190    6.184125
 2770.130860    6.004966
 2770.768070    5.826670
 2771.407230    5.648553
 2772.044680    5.471905
 2772.682130    5.296501
 2773.321780    5.121985
 2773.959720    4.949659
 2774.599370    4.778820
 2775.237550    4.610522
 2775.877690    4.444065
 2776.516360    4.280523
 2777.155030    4.119681
 2777.795170    3.961337
 2778.434330    3.806241
 2779.074950    3.653936
 2779.714360    3.505183
 2780.355470    3.359406
 2780.995120    3.217423
 2781.634770    3.078978
 2782.276120    2.943783
 2782.916260    2.812516
 2783.558110    2.684627
 2784.198490    2.560782
 2784.840330    2.440439
 2785.480960    2.324118
 2786.121830    2.211545
 2786.764400    2.102475
 2787.405270    1.997472
 2788.048100    1.895914
 2788.689450    1.798316
 2789.332520    1.704155
 2789.974370    1.613819
 2790.615970    1.527107
 2791.259770    1.443645
 2791.901610    1.363913
 2792.545410    1.287353
 2793.187990    1.214276
 2793.832030    1.144303
 2794.474850    1.077647
 2795.117680    1.014090
 2795.762210    0.953386
 2796.405520    0.895731
 2797.050290    0.840794
 2797.693600    0.788733
 2798.338870    0.739185
 2798.982420    0.692340
 2799.626460    0.647936
 2800.272220    0.605811
 2800.916260    0.566096
 2801.562260    0.528474
 2802.206790    0.493056
 2802.852780    0.459592
 2803.497560    0.428134
 2804.142580    0.398520
 2804.789310    0.370605
 2805.434330    0.344454
 2806.081300    0.319838
 2806.726810    0.296810
 2807.374020    0.275182
 2808.020020    0.254976
 2808.666020    0.236081
 2809.313480    0.218386
 2809.959960    0.201893
 2810.607910    0.186474
 2811.254390    0.172138
 2811.902830    0.158751
 2812.549560    0.146328
 2813.198240    0.134746
 2813.845210    0.124018
 2814.492680    0.114054
 2815.141600    0.104795
 2815.789310    0.096233
 2816.438720    0.088288
 2817.086430    0.080958
 2817.736080    0.074164
 2818.384520    0.067904
 2819.032710    0.062129
 2819.682620    0.056791
 2820.331300    0.051884
 2820.981930    0.047354
 2821.630620    0.043200
 2822.281490    0.039371
 2822.930660    0.035864
 2823.580080    0.032646
 2824.231200    0.029688
 2824.880860    0.026984
 2825.532230    0.024504
 2826.182370    0.022239
 2826.833980    0.020164
 2827.484380    0.018275
 2828.134770    0.016550
 2828.786870    0.014974
 2829.437740    0.013541
 2830.090090    0.012234
 2830.741210    0.011046
 2831.394040    0.009965
 2832.045410    0.008985
 2832.697020    0.008096
 2833.350100    0.007287
 2834.001950    0.006556
 2834.655520    0.005893
 2835.307620    0.005294
 2835.961180    0.004751
 2836.613770    0.004262
 2837.266360    0.003820
 2837.920410    0.003421
 2838.573490    0.003062
 2839.228030    0.002738
 2839.881100    0.002447
 2840.535890    0.002185
 2841.189450    0.001949
 2841.843020    0.001739
 2842.498540    0.001549
 2843.152340    0.001379
 2843.807860    0.001226
 2844.462160    0.001090
 2845.118160    0.000968
 2845.772710    0.000859
 2846.427250    0.000762
 2847.083740    0.000675
 2847.738770    0.000598
 2848.395260    0.000529
 2849.050540    0.000468
 2849.707760    0.000414
 2850.363280    0.000365
 2851.018800    0.000322
 2851.676270    0.000284
 2852.332280    0.000250
 2852.989990    0.000220
 2853.646480    0.000194
 2854.304440    0.000170
 2854.960940    0.000149
 2855.617920    0.000131
 2856.276370    0.000114
 2856.933350    0.000100
 2857.592290    0.000088
 2858.249760    0.000077
 2858.908940    0.000067
 2859.566650    0.000058
 2860.224370    0.000051
 2860.883790    0.000045
 2861.541750    0.000039
 2862.201900    0.000033
 2862.860350    0.000030
 2863.520510    0.000026
 2864.179200    0.000022
 2864.839840    0.000019
 2865.498780    0.000016
 2866.157960    0.000014
 2866.818850    0.000012
 2867.478520    0.000010
 2868.139650    0.000010
 2868.799320    0.000008
 2869.460940    0.000007
 2870.121090    0.000006
 2870.781490    0.000005
 2871.443360    0.000005
 2872.103760    0.000004
 2872.766360    0.000003
 2873.427000    0.000003
 2874.089600    0.000002
 2874.750730    0.000002
 2875.412110    0.000002
 2876.075440    0.000002
 2876.736820    0.000001
 2877.400390    0.000001
 2878.062260    0.000001
 2878.725830    0.000001
 2879.388180    0.000001
 2880.050540    0.000001
 2880.714600    0.000001
 2881.377440    0.000000
 2882.041750    0.000000
 2882.704830    0.000000
 2883.369380    0.000000
 2884.032960    0.000000
 2884.696530    0.000000
 2885.361330    0.000000
 2886.025390    0.000000
 2886.690920    0.000000
 2887.354980    0.000000
 2888.020510    0.000000
 2888.685060    0.000000
 2889.349610    0.000000
 2890.015870    0.000000
 2890.680910    0.000000
 2891.347410    0.000000
 2892.012700    0.000000
 2892.679200    0.000000
 2893.344970    0.000000
 2894.010500    0.000000
 2894.677730    0.000000
 2895.343510    0.000000
 2896.011470    0.000000
 2896.677490    0.000000
 2897.345460    0.000000
 2898.011960    0.000000
 2898.678960    0.000000
 2899.347170    0.000000
 2900.014160    0.000000
 2900.682860    0.000000
 2901.350100    0.000000
 2902.019530    0.000000
 2902.687010    0.000000
 2903.354740    0.000000
 2904.024410    0.000000
 2904.692380    0.000000
 2905.361820    0.000000
 2906.030520    0.000000
 2906.700680    0.000000
 2907.369140    0.000000
 2908.038090    0.000000
 2908.708500    0.000000
 2909.377930    0.000000
 2910.048830    0.000000
 2910.718260    0.000000
 2911.389650    0.000000
 2912.059330    0.000000
 2912.729250    0.000000
 2913.400630    0.000000
 2914.070800    0.000000
 2914.742920    0.000000
 2915.413570    0.000000
 2916.085690    0.000000
 2916.756590    0.000000
 2917.429200    0.000000
 2918.100340    0.000000
 2918.771730    0.000000
 2919.444580    0.000000
 2920.116210    0.000000
 2920.789550    0.000000
 2921.461670    0.000000
 2922.135500    0.000000
 2922.807370    0.000000
 2923.479740    0.000000
 2924.154050    0.000000
 2924.826660    0.000000
 2925.500980    0.000000
 2926.174070    0.000000
 2926.848880    0.000000
 2927.522220    0.000000
 2928.195800    0.000000
 2928.870850    0.000000
 2929.544920    0.000000
 2930.220460    0.000000
 2930.894530    0.000000
 2931.570310    0.000000
 2932.244630    0.000000
 2932.919190    0.000000
 2933.595700    0.000000
 2934.270260    0.000000
 2934.947270    0.000000
 2935.622310    0.000000
 2936.299070    0.000000
 2936.974850    0.000000
 2937.650390    0.000000
 2938.327880    0.000000
 2939.003660    0.000000
 2939.681400    0.000000
 2940.357670    0.000000
 2941.035640    0.000000
 2941.712160    0.000000
 2942.389160    0.000000
 2943.067630    0.000000
 2943.744630    0.000000
 2944.423580    0.000000
 2945.100830    0.000000
 2945.780030    0.000000
 2946.457760    0.000000
 2947.135500    0.000000
 2947.815190    0.000000
 2948.493410    0.000000
 2949.173100    0.000000
 2949.851560    0.000000
 2950.531980    0.000000
 2951.210450    0.000000
 2951.889650    0.000000
 2952.570070    0.000000
 2953.249270    0.000000
 2953.930660    0.000000
 2954.610110    0.000000
 2955.291500    0.000000
 2955.971190    0.000000
 2956.651120    0.000000
 2957.333010    0.000000
 2958.013180    0.000000
 2958.695560    0.000000
 2959.376220    0.000000
 2960.058350    0.000000
 2960.739500    0.000000
 2961.420410    0.000000
 2962.103520    0.000000
 2962.784910    0.000000
 2963.468020    0.000000
 2964.149900    0.000000
 2964.833500    0.000000
 2965.515380    0.000000
 2966.197750    0.000000
 2966.881590    0.000000
 2967.564210    0.000000
 2968.248540    0.000000
 2968.931150    0.000000
 2969.615720    0.000000
 2970.299070    0.000000
 2970.984130    0.000000
 2971.667480    0.000000
 2972.351070    0.000000
 2973.036620    0.000000
 2973.720700    0.000000
 2974.406250    0.000000
 2975.090580    0.000000
 2975.776610    0.000000
 2976.461180    0.000000
 2977.146000    0.000000
 2977.832280    0.000000
 2978.517580    0.000000
 2979.204350    0.000000
 2979.889650    0.000000
 2980.576660    0.000000
 2981.262210    0.000000
 2981.948240    0.000000
 2982.635990    0.000000
 2983.322020    0.000000
 2984.010010    0.000000
 2984.696530    0.000000
 2985.384770    0.000000
 2986.071530    0.000000
 2986.758540    0.000000
 2987.447270    0.000000
 2988.134770    0.000000
 2988.823490    0.000000
 2989.510990    0.000000
 2990.200440    0.000000
 2990.888180    0.000000
 2991.576170    0.000000
 2992.266360    0.000000
 2992.954830    0.000000
 2993.644780    0.000000
 2994.333500    0.000000
 2995.023930    0.000000
 2995.713130    0.000000
 2996.402100    0.000000
 2997.093020    0.000000
 2997.782710    0.000000
 2998.473880    0.000000
 2999.163570    0.000000
 2999.855470    0.000000
 3000.545410    0.000000
 3001.235600    0.000000
 3001.927730    0.000000
 3002.618410    0.000000
 3003.310550    0.000000
 3004.001710    0.000000
 3004.694340    0.000000
 3005.385740    0.000000
 3006.076900    0.000000
 3006.770020    0.000000
 3007.461670    0.000000
 3008.155270    0.000000
 3008.847410    0.000000
 3009.541260    0.000000
 3010.233400    0.000000
 3010.926270    0.000000
 3011.620360    0.000000
 3012.313230    0.000000
 3013.007810    0.000000
 3013.700930    0.000000
 3014.395750    0.000000
 3015.089360    0.000000
 3015.783200    0.000000
 3016.478270    0.000000
 3017.172610    0.000000
 3017.868160    0.000000
 3018.562260    0.000000
 3019.258540    0.000000
 3019.952880    0.000000
 3020.647950    0.000000
 3021.344480    0.000000
 3022.039310    0.000000
 3022.736330    0.000000
 3023.431640    0.000000
 3024.128660    0.000000
 3024.824460    0.000000
 3025.522220    0.000000
 3026.218020    0.000000
 3026.914310    0.000000
 3027.612300    0.000000
 3028.308840    0.000000
 3029.007080    0.000000
 3029.703860    0.000000
 3030.402590    0.000000
 3031.099850    0.000000
 3031.797120    0.000000
 3032.496090    0.000000
 3033.193600    0.000000
 3033.893310    0.000000
 3034.591060    0.000000
 3035.290770    0.000000
 3035.989010    0.000000
 3036.687740    0.000000
 3037.387700    0.000000
 3038.086670    0.000000
 3038.787350    0.000000
 3039.486080    0.000000
 3040.187260    0.000000
 3040.886470    0.000000
 3041.586180    0.000000
 3042.287350    0.000000
 3042.987550    0.000000
 3043.689210    0.000000
 3044.389160    0.000000
 3045.091060    0.000000
 3045.791750    0.000000
 3046.492430    0.000000
 3047.194820    0.000000
 3047.896000    0.000000
 3048.598880    0.000000
 3049.300050    0.000000
