 2653.384280    0.000000
 2653.996340    0.000000
 2654.606690    0.000000
 2655.217290    0.000000
 2655.829830    0.000000
 2656.440670    0.000000
 2657.053220    0.000000
 2657.664550    0.000000
 2658.277340    0.000000
 2658.888920    0.000000
 2659.500730    0.000000
 2660.114010    0.000000
 2660.725830    0.000000
 2661.339360    0.000000
 2661.951660    0.000000
 2662.565430    0.000000
 2663.177980    0.000000
 2663.790530    0.000000
 2664.404790    0.000000
 2665.017820    0.000000
 2665.632320    0.000000
 2666.245610    0.000000
 2666.860350    0.000000
 2667.473880    0.000000
 2668.089110    0.000000
 2668.702880    0.000000
 2669.316890    0.000000
 2669.932370    0.000000
 2670.546630    0.000000
 2671.162350    0.000000
 2671.776860    0.000000
 2672.393070    0.000000
 2673.007810    0.000000
 2673.622560    0.000000
 2674.239260    0.000000
 2674.854490    0.000000
 2675.471190    0.000000
 2676.086670    0.000000
 2676.703860    0.000000
 2677.319580    0.000000
 2677.935550    0.000000
 2678.552980    0.000000
 2679.169190    0.000000
 2679.786870    0.000000
 2680.403560    0.000000
 2681.021480    0.000000
 2681.638430    0.000000
 2682.255370    0.000000
 2682.873780    0.000000
 2683.490970    0.000000
 2684.109860    0.000000
 2684.727290    0.000000
 2685.346440    0.000000
 2685.964110    0.000000
 2686.582030    0.000000
 2687.201660    0.000000
 2687.819820    0.000000
 2688.439450    0.000000
 2689.057860    0.000000
 2689.677980    0.000000
 2690.296880    0.000000
 2690.915770    0.000000
 2691.536380    0.000000
 2692.155270    0.000000
 2692.776370    0.000000
 2693.395750    0.000000
 2694.016850    0.000000
 2694.636720    0.000000
 2695.256590    0.000000
 2695.877930    0.000000
 2696.498050    0.000000
 2697.119870    0.000000
 2697.740480    0.000000
 2698.362550    0.000000
 2698.983400    0.000000
 2699.604250    0.000000
 2700.226810    0.000000
 2700.847900    0.000000
 2701.470700    0.000000
 2702.092040    0.000000
 2702.715330    0.000000
 2703.337160    0.000000
 2703.958980    0.000000
 2704.582520    0.000000
 2705.204830    0.000001
 2705.828370    0.000001
 2706.450930    0.000001
 2707.074950    0.000001
 2707.697750    0.000001
 2708.320800    0.000001
 2708.945310    0.000001
 2709.568360    0.000001
 2710.193360    0.000001
 2710.816650    0.000001
 2711.441890    0.000001
 2712.065670    0.000002
 2712.689450    0.000002
 2713.314940    0.000002
 2713.939210    0.000002
 2714.565190    0.000002
 2715.189450    0.000003
 2715.815670    0.000003
 2716.440430    0.000003
 2717.066890    0.000003
 2717.691890    0.000004
 2718.317140    0.000004
 2718.943850    0.000005
 2719.569340    0.000005
 2720.196530    0.000006
 2720.822270    0.000006
 2721.449710    0.000007
 2722.075680    0.000007
 2722.702150    0.000008
 2723.329830    0.000009
 2723.956300    0.000010
 2724.584470    0.000010
 2725.211430    0.000011
 2725.839600    0.000012
 2726.466800    0.000013
 2727.093990    0.000014
 2727.722900    0.000016
 2728.350340    0.000018
 2728.979490    0.000019
 2729.607420    0.000021
 2730.236820    0.000023
 2730.864750    0.000026
 2731.493160    0.000028
 2732.122800    0.000031
 2732.751460    0.000033
 2733.381590    0.000036
 2734.010500    0.000039
 2734.640870    0.000043
 2735.270020    0.000047
 2735.899410    0.000051
 2736.530270    0.000055
 2737.159670    0.000061
 2737.790770    0.000067
 2738.420650    0.000072
 2739.052250    0.000079
 2739.682370    0.000086
 2740.312500    0.000093
 2740.944340    0.000101
 2741.575200    0.000111
 2742.207280    0.000120
 2742.838130    0.000131
 2743.470460    0.000142
 2744.101560    0.000155
 2744.732910    0.000168
 2745.365970    0.000182
 2745.997310    0.000198
 2746.630860    0.000215
 2747.262700    0.000234
 2747.896000    0.000253
 2748.528080    0.000275
 2749.160640    0.000298
 2749.794430    0.000322
 2750.427000    0.000350
 2751.061280    0.000379
 2751.694090    0.000410
 2752.328610    0.000444
 2752.961910    0.000481
 2753.595210    0.000521
 2754.230220    0.000564
 2754.863770    0.000609
 2755.499020    0.000659
 2756.132810    0.000712
 2756.768550    0.000770
 2757.402590    0.000831
 2758.036870    0.000897
 2758.673100    0.000969
 2759.307620    0.001046
 2759.943850    0.001129
 2760.578860    0.001218
 2761.215330    0.001313
 2761.850590    0.001415
 2762.487550    0.001526
 2763.123050    0.001644
 2763.758790    0.001771
 2764.396000    0.001906
 2765.031980    0.002052
 2765.669430    0.002209
 2766.305910    0.002377
 2766.943600    0.002557
 2767.580320    0.002748
 2768.216800    0.002954
 2768.855220    0.003176
 2769.492190    0.003411
 2770.130860    0.003664
 2770.768070    0.003933
 2771.407230    0.004223
 2772.044680    0.004531
 2772.682130    0.004860
 2773.321780    0.005212
 2773.959720    0.005588
 2774.599370    0.005989
 2775.237550    0.006416
 2775.877690    0.006874
 2776.516360    0.007360
 2777.155030    0.007878
 2777.795170    0.008432
 2778.434330    0.009021
 2779.074950    0.009649
 2779.714360    0.010317
 2780.355470    0.011029
 2780.995120    0.011786
 2781.634770    0.012589
 2782.276120    0.013447
 2782.916260    0.014356
 2783.558110    0.015325
 2784.198490    0.016351
 2784.840330    0.017443
 2785.480960    0.018600
 2786.121830    0.019827
 2786.764400    0.021133
 2787.405270    0.022514
 2788.048100    0.023983
 2788.689450    0.025536
 2789.332520    0.027185
 2789.974370    0.028929
 2790.615970    0.030773
 2791.259770    0.032733
 2791.901610    0.034800
 2792.545410    0.036991
 2793.187990    0.039305
 2793.832030    0.041756
 2794.474850    0.044341
 2795.117680    0.047071
 2795.762210    0.049962
 2796.405520    0.053007
 2797.050290    0.056229
 2797.693600    0.059619
 2798.338870    0.063205
 2798.982420    0.066976
 2799.626460    0.070952
 2800.272220    0.075153
 2800.916260    0.079565
 2801.562260    0.084225
 2802.206790    0.089118
 2802.852780    0.094278
 2803.497560    0.099695
 2804.142580    0.105392
 2804.789310    0.111397
 2805.434330    0.117689
 2806.081300    0.124319
 2806.726810    0.131266
 2807.374020    0.138577
 2808.020020    0.146234
 2808.666020    0.154265
 2809.313480    0.162707
 2809.959960    0.171544
 2810.607910    0.180826
 2811.254390    0.190528
 2811.902830    0.200719
 2812.549560    0.211360
 2813.198240    0.222530
 2813.845210    0.234186
 2814.492680    0.246386
 2815.141600    0.259169
 2815.789310    0.272504
 2816.438720    0.286474
 2817.086430    0.301027
 2817.736080    0.316267
 2818.384520    0.332145
 2819.032710    0.348704
 2819.682620    0.366022
 2820.331300    0.384046
 2820.981930    0.402889
 2821.630620    0.422464
 2822.281490    0.442925
 2822.930660    0.464173
 2823.580080    0.486299
 2824.231200    0.509382
 2824.880860    0.533340
 2825.532230    0.558318
 2826.182370    0.584234
 2826.833980    0.611225
 2827.484380    0.639212
 2828.134770    0.668271
 2828.786870    0.698517
 2829.437740    0.729844
 2830.090090    0.762414
 2830.741210    0.796127
 2831.394040    0.831166
 2832.045410    0.867395
 2832.697020    0.904938
 2833.350100    0.943902
 2834.001950    0.984163
 2834.655520    1.025935
 2835.307620    1.069051
 2835.961180    1.113737
 2836.613770    1.159862
 2837.266360    1.207523
 2837.920410    1.256870
 2838.573490    1.307752
 2839.228030    1.360395
 2839.881100    1.414597
 2840.535890    1.470654
 2841.189450    1.528354
 2841.843020    1.587829
 2842.498540    1.649299
 2843.152340    1.712454
 2843.807860    1.777655
 2844.462160    1.844645
 2845.118160    1.913757
 2845.772710    1.984688
 2846.427250    2.057620
 2847.083740    2.132808
 2847.738770    2.209891
 2848.395260    2.289242
 2849.050540    2.370564
 2849.707760    2.454280
 2850.363280    2.539950
 2851.018800    2.627813
 2851.676270    2.718163
 2852.332280    2.810554
 2852.989990    2.905455
 2853.646480    3.002464
 2854.304440    3.101998
 2854.960940    3.203630
 2855.617920    3.307672
 2856.276370    3.414302
 2856.933350    3.523058
 2857.592290    3.634519
 2858.249760    3.748116
 2858.908940    3.864408
 2859.566650    3.982840
 2860.224370    4.103672
 2860.883790    4.227226
 2861.541750    4.352908
 2862.201900    4.481423
 2862.860350    4.612003
 2863.520510    4.745321
 2864.179200    4.880729
 2864.839840    5.018919
 2865.498780    5.159112
 2866.157960    5.301701
 2866.818850    5.446994
 2867.478520    5.594330
 2868.139650    5.744284
 2868.799320    5.896169
 2869.460940    6.050742
 2870.121090    6.207179
 2870.781490    6.365843
 2871.443360    6.527004
 2872.103760    6.689906
 2872.766360    6.855417
 2873.427000    7.022454
 2874.089600    7.191963
 2874.750730    7.363019
 2875.412110    7.536008
 2876.075440    7.711333
 2876.736820    7.887902
 2877.400390    8.066769
 2878.062260    8.246814
 2878.725830    8.428906
 2879.388180    8.612178
 2880.050540    8.796888
 2880.714600    8.983449
 2881.377440    9.170963
 2882.041750    9.360115
 2882.704830    9.550057
 2883.369380    9.741481
 2884.032960    9.933599
 2884.696530    10.126604
 2885.361330    10.320765
 2886.025390    10.515421
 2886.690920    10.711123
 2887.354980    10.906918
 2888.020510    11.103568
 2888.685060    11.300256
 2889.349610    11.497168
 2890.015870    11.694709
 2890.680910    11.891908
 2891.347410    12.089454
 2892.012700    12.286442
 2892.679200    12.483487
 2893.344970    12.679907
 2894.010500    12.875728
 2894.677730    13.071415
 2895.343510    13.265923
 2896.011470    13.460210
 2896.677490    13.652949
 2897.345460    13.845160
 2898.011960    14.035736
 2898.678960    14.225125
 2899.347170    14.413418
 2900.014160    14.599807
 2900.682860    14.784991
 2901.350100    14.967975
 2902.019530    15.149645
 2902.687010    15.328755
 2903.354740    15.505791
 2904.024410    15.681080
 2904.692380    15.853542
 2905.361820    16.023893
 2906.030520    16.191452
 2906.700680    16.356653
 2907.369140    16.518612
 2908.038090    16.677753
 2908.708500    16.834190
 2909.377930    16.987244
 2910.048830    17.137367
 2910.718260    17.283800
 2911.389650    17.427187
 2912.059330    17.566643
 2912.729250    17.702494
 2913.400630    17.834875
 2914.070800    17.963167
 2914.742920    18.087879
 2915.413570    18.208288
 2916.085690    18.324833
 2916.756590    18.436966
 2917.429200    18.545094
 2918.100340    18.648628
 2918.771730    18.747768
 2919.444580    18.842611
 2920.116210    18.932713
 2920.789550    19.018393
 2921.461670    19.099216
 2922.135500    19.175476
 2922.807370    19.246698
 2923.479740    19.313118
 2924.154050    19.374804
 2924.826660    19.431374
 2925.500980    19.483078
 2926.174070    19.529652
 2926.848880    19.571264
 2927.522220    19.607685
 2928.195800    19.639002
 2928.870850    19.665226
 2929.544920    19.686247
 2930.220460    19.702118
 2930.894530    19.712767
 2931.570310    19.718239
 2932.244630    19.718496
 2932.919190    19.713568
 2933.595700    19.703415
 2934.270260    19.688118
 2934.947270    19.667578
 2935.622310    19.641943
 2936.299070    19.611103
 2936.974850    19.575199
 2937.650390    19.534233
 2938.327880    19.488092
 2939.003660    19.437058
 2939.681400    19.380896
 2940.357670    19.319927
 2941.035640    19.253908
 2941.712160    19.183208
 2942.389160    19.107679
 2943.067630    19.027260
 2943.744630    18.942352
 2944.423580    18.852594
 2945.100830    18.758533
 2945.780030    18.659735
 2946.457760    18.556759
 2947.135500    18.449482
 2947.815190    18.337660
 2948.493410    18.221924
 2949.173100    18.101871
 2949.851560    17.978056
 2950.531980    17.849987
 2951.210450    17.718493
 2951.889650    17.583158
 2952.570070    17.443968
 2953.249270    17.301523
 2953.930660    17.155203
 2954.610110    17.005997
 2955.291500    16.853157
 2955.971190    16.697609
 2956.651120    16.539022
 2957.333010    16.377096
 2958.013180    16.212809
 2958.695560    16.045330
 2959.376220    15.875725
 2960.058350    15.703320
 2960.739500    15.528846
 2961.420410    15.352234
 2962.103520    15.172962
 2962.784910    14.992169
 2963.468020    14.809067
 2964.149900    14.624549
 2964.833500    14.437946
 2965.515380    14.250305
 2966.197750    14.061144
 2966.881590    13.870301
 2967.564210    13.678644
 2968.248540    13.485463
 2968.931150    13.291842
 2969.615720    13.096854
 2970.299070    12.901513
 2970.984130    12.705100
 2971.667480    12.508703
 2972.351070    12.311874
 2973.036620    12.114227
 2973.720700    11.916861
 2974.406250    11.719030
 2975.090580    11.521621
 2975.776610    11.323889
 2976.461180    11.126853
 2977.146000    10.930120
 2977.832280    10.733441
 2978.517580    10.537609
 2979.204350    10.342026
 2979.889650    10.147616
 2980.576660    9.953570
 2981.262210    9.760877
 2981.948240    9.569067
 2982.635990    9.377891
 2983.322020    9.188379
 2984.010010    8.999598
 2984.696530    8.812568
 2985.384770    8.626496
 2986.071530    8.442315
 2986.758540    8.259629
 2987.447270    8.078125
 2988.134770    7.898639
 2988.823490    7.720596
 2989.510990    7.544685
 2990.200440    7.370154
 2990.888180    7.197985
 2991.576170    7.027733
 2992.266360    6.858973
 2992.954830    6.692709
 2993.644780    6.528216
 2994.333500    6.366178
 2995.023930    6.205939
 2995.713130    6.048224
 2996.402100    5.892832
 2997.093020    5.739304
 2997.782710    5.588377
 2998.473880    5.439491
 2999.163570    5.293298
 2999.855470    5.149045
 3000.545410    5.007617
 3001.235600    4.868568
 3001.927730    4.731580
 3002.618410    4.597339
 3003.310550    4.465287
 3004.001710    4.335895
 3004.694340    4.208714
 3005.385740    4.084239
 3006.076900    3.962287
 3006.770020    3.842474
 3007.461670    3.725391
 3008.155270    3.610454
 3008.847410    3.498223
 3009.541260    3.388175
 3010.233400    3.280840
 3010.926270    3.175820
 3011.620360    3.073036
 3012.313230    2.972832
 3013.007810    2.874769
 3013.700930    2.779275
 3014.395750    2.685894
 3015.089360    2.594998
 3015.783200    2.506367
 3016.478270    2.419858
 3017.172610    2.335691
 3017.868160    2.253602
 3018.562260    2.173881
 3019.258540    2.096078
 3019.952880    2.020631
 3020.647950    1.947210
 3021.344480    1.875716
 3022.039310    1.806441
 3022.736330    1.738964
 3023.431640    1.673633
 3024.128660    1.610089
 3024.824460    1.548571
 3025.522220    1.488763
 3026.218020    1.430964
 3026.914310    1.374931
 3027.612300    1.320539
 3028.308840    1.267997
 3029.007080    1.217031
 3029.703860    1.167839
 3030.402590    1.120142
 3031.099850    1.074139
 3031.797120    1.029693
 3032.496090    0.986662
 3033.193600    0.945207
 3033.893310    0.905075
 3034.591060    0.866470
 3035.290770    0.829139
 3035.989010    0.793230
 3036.687740    0.758604
 3037.387700    0.725195
 3038.086670    0.693072
 3038.787350    0.662081
 3039.486080    0.632348
 3040.187260    0.603654
 3040.886470    0.576145
 3041.586180    0.549690
 3042.287350    0.524225
 3042.987550    0.499806
 3043.689210    0.476318
 3044.389160    0.453836
 3045.091060    0.432213
 3045.791750    0.411517
 3046.492430    0.391682
 3047.194820    0.372633
 3047.896000    0.354422
 3048.598880    0.336946
 3049.300050    0.320264
