 2653.384280    0.009478
 2653.996340    0.010741
 2654.606690    0.012150
 2655.217290    0.013721
 2655.829830    0.015476
 2656.440670    0.017423
 2657.053220    0.019589
 2657.664550    0.021985
 2658.277340    0.024641
 2658.888920    0.027569
 2659.500730    0.030798
 2660.114010    0.034360
 2660.725830    0.038266
 2661.339360    0.042563
 2661.951660    0.047261
 2662.565430    0.052411
 2663.177980    0.058024
 2663.790530    0.064143
 2664.404790    0.070822
 2665.017820    0.078068
 2665.632320    0.085950
 2666.245610    0.094477
 2666.860350    0.103724
 2667.473880    0.113699
 2668.089110    0.124493
 2668.702880    0.136097
 2669.316890    0.148590
 2669.932370    0.162050
 2670.546630    0.176471
 2671.162350    0.191968
 2671.776860    0.208530
 2672.393070    0.226295
 2673.007810    0.245230
 2673.622560    0.265435
 2674.239260    0.287046
 2674.854490    0.310009
 2675.471190    0.334499
 2676.086670    0.360482
 2676.703860    0.388156
 2677.319580    0.417454
 2677.935550    0.448529
 2678.552980    0.481534
 2679.169190    0.516410
 2679.786870    0.553397
 2680.403560    0.592444
 2681.021480    0.633787
 2681.638430    0.677380
 2682.255370    0.723388
 2682.873780    0.772037
 2683.490970    0.823228
 2684.109860    0.877324
 2684.727290    0.934168
 2685.346440    0.994178
 2685.964110    1.057175
 2686.582030    1.123453
 2687.201660    1.193320
 2687.819820    1.266556
 2688.439450    1.343646
 2689.057860    1.424397
 2689.677980    1.509336
 2690.296880    1.598206
 2690.915770    1.691306
 2691.536380    1.789048
 2692.155270    1.891024
 2692.776370    1.998008
 2693.395750    2.109451
 2694.016850    2.226078
 2694.636720    2.347444
 2695.256590    2.473857
 2695.877930    2.605710
 2696.498050    2.742489
 2697.119870    2.884885
 2697.740480    3.032250
 2698.362550    3.185218
 2698.983400    3.343102
 2699.604250    3.506137
 2700.226810    3.674709
 2700.847900    3.847843
 2701.470700    4.026277
 2702.092040    4.208920
 2702.715330    4.396563
 2703.337160    4.587926
 2703.958980    4.783151
 2704.582520    4.982458
 2705.204830    5.184546
 2705.828370    5.389796
 2706.450930    5.597041
 2707.074950    5.806608
 2707.697750    6.017076
 2708.320800    6.228380
 2708.945310    6.440344
 2709.568360    6.651356
 2710.193360    6.861918
 2710.816650    7.070122
 2711.441890    7.276490
 2712.065670    7.479175
 2712.689450    7.677935
 2713.314940    7.872555
 2713.939210    8.061373
 2714.565190    8.244516
 2715.189450    8.420246
 2715.815670    8.588852
 2716.440430    8.748682
 2717.066890    8.899844
 2717.691890    9.040891
 2718.317140    9.171594
 2718.943850    9.291553
 2719.569340    9.399679
 2720.196530    9.495935
 2720.822270    9.579350
 2721.449710    9.649919
 2722.075680    9.706901
 2722.702150    9.750201
 2723.329830    9.779567
 2723.956300    9.794701
 2724.584470    9.795538
 2725.211430    9.782016
 2725.839600    9.754095
 2726.466800    9.711954
 2727.093990    9.655715
 2727.722900    9.585389
 2728.350340    9.501610
 2728.979490    9.404294
 2729.607420    9.294292
 2730.236820    9.171592
 2730.864750    9.037286
 2731.493160    8.891553
 2732.122800    8.734793
 2732.751460    8.568205
 2733.381590    8.391826
 2734.010500    8.207124
 2734.640870    8.014056
 2735.270020    7.814215
 2735.899410    7.607933
 2736.530270    7.395581
 2737.159670    7.178946
 2737.790770    6.957733
 2738.420650    6.733755
 2739.052250    6.506756
 2739.682370    6.278641
 2740.312500    6.049631
 2740.944340    5.819827
 2741.575200    5.590906
 2742.207280    5.362737
 2742.838130    5.136836
 2743.470460    4.912840
 2744.101560    4.692264
 2744.732910    4.475103
 2745.365970    4.261353
 2745.997310    4.052604
 2746.630860    3.847962
 2747.262700    3.649047
 2747.896000    3.455163
 2748.528080    3.267402
 2749.160640    3.085470
 2749.794430    2.909364
 2750.427000    2.739905
 2751.061280    2.576425
 2751.694090    2.419815
 2752.328610    2.269329
 2752.961910    2.125674
 2753.595210    1.988531
 2754.230220    1.857502
 2754.863770    1.733169
 2755.499020    1.614810
 2756.132810    1.502899
 2756.768550    1.396701
 2757.402590    1.296674
 2758.036870    1.202320
 2758.673100    1.113234
 2759.307620    1.029740
 2759.943850    0.951191
 2760.578860    0.877748
 2761.215330    0.808896
 2761.850590    0.744717
 2762.487550    0.684707
 2763.123050    0.628955
 2763.758790    0.577091
 2764.396000    0.528824
 2765.031980    0.484153
 2765.669430    0.442694
 2766.305910    0.404412
 2766.943600    0.368991
 2767.580320    0.336370
 2768.216800    0.306329
 2768.855220    0.278605
 2769.492190    0.253187
 2770.130860    0.229797
 2770.768070    0.208405
 2771.407230    0.188757
 2772.044680    0.170836
 2772.682130    0.154463
 2773.321780    0.139470
 2773.959720    0.125842
 2774.599370    0.113400
 2775.237550    0.102111
 2775.877690    0.091823
 2776.516360    0.082508
 2777.155030    0.074063
 2777.795170    0.066399
 2778.434330    0.059475
 2779.074950    0.053205
 2779.714360    0.047556
 2780.355470    0.042449
 2780.995120    0.037860
 2781.634770    0.033731
 2782.276120    0.030010
 2782.916260    0.026675
 2783.558110    0.023678
 2784.198490    0.020999
 2784.840330    0.018597
 2785.480960    0.016454
 2786.121830    0.014540
 2786.764400    0.012829
 2787.405270    0.011310
 2788.048100    0.009954
 2788.689450    0.008753
 2789.332520    0.007685
 2789.974370    0.006740
 2790.615970    0.005903
 2791.259770    0.005161
 2791.901610    0.004509
 2792.545410    0.003932
 2793.187990    0.003425
 2793.832030    0.002978
 2794.474850    0.002587
 2795.117680    0.002244
 2795.762210    0.001944
 2796.405520    0.001680
 2797.050290    0.001451
 2797.693600    0.001251
 2798.338870    0.001077
 2798.982420    0.000926
 2799.626460    0.000794
 2800.272220    0.000681
 2800.916260    0.000583
 2801.562260    0.000498
 2802.206790    0.000424
 2802.852780    0.000361
 2803.497560    0.000307
 2804.142580    0.000261
 2804.789310    0.000221
 2805.434330    0.000187
 2806.081300    0.000158
 2806.726810    0.000134
 2807.374020    0.000113
 2808.020020    0.000094
 2808.666020    0.000079
 2809.313480    0.000066
 2809.959960    0.000055
 2810.607910    0.000046
 2811.254390    0.000038
 2811.902830    0.000032
 2812.549560    0.000027
 2813.198240    0.000022
 2813.845210    0.000018
 2814.492680    0.000015
 2815.141600    0.000012
 2815.789310    0.000010
 2816.438720    0.000009
 2817.086430    0.000007
 2817.736080    0.000006
 2818.384520    0.000005
 2819.032710    0.000004
 2819.682620    0.000003
 2820.331300    0.000003
 2820.981930    0.000002
 2821.630620    0.000002
 2822.281490    0.000001
 2822.930660    0.000001
 2823.580080    0.000001
 2824.231200    0.000001
 2824.880860    0.000001
 2825.532230    0.000000
 2826.182370    0.000000
 2826.833980    0.000000
 2827.484380    0.000000
 2828.134770    0.000000
 2828.786870    0.000000
 2829.437740    0.000000
 2830.090090    0.000000
 2830.741210    0.000000
 2831.394040    0.000000
 2832.045410    0.000000
 2832.697020    0.000000
 2833.350100    0.000000
 2834.001950    0.000000
 2834.655520    0.000000
 2835.307620    0.000000
 2835.961180    0.000000
 2836.613770    0.000000
 2837.266360    0.000000
 2837.920410    0.000000
 2838.573490    0.000000
 2839.228030    0.000000
 2839.881100    0.000000
 2840.535890    0.000000
 2841.189450    0.000000
 2841.843020    0.000000
 2842.498540    0.000000
 2843.152340    0.000000
 2843.807860    0.000000
 2844.462160    0.000000
 2845.118160    0.000000
 2845.772710    0.000000
 2846.427250    0.000000
 2847.083740    0.000000
 2847.738770    0.000000
 2848.395260    0.000000
 2849.050540    0.000000
 2849.707760    0.000000
 2850.363280    0.000000
 2851.018800    0.000000
 2851.676270    0.000000
 2852.332280    0.000000
 2852.989990    0.000000
 2853.646480    0.000000
 2854.304440    0.000000
 2854.960940    0.000000
 2855.617920    0.000000
 2856.276370    0.000000
 2856.933350    0.000000
 2857.592290    0.000000
 2858.249760    0.000000
 2858.908940    0.000000
 2859.566650    0.000000
 2860.224370    0.000000
 2860.883790    0.000000
 2861.541750    0.000000
 2862.201900    0.000000
 2862.860350    0.000000
 2863.520510    0.000000
 2864.179200    0.000000
 2864.839840    0.000000
 2865.498780    0.000000
 2866.157960    0.000000
 2866.818850    0.000000
 2867.478520    0.000000
 2868.139650    0.000000
 2868.799320    0.000000
 2869.460940    0.000000
 2870.121090    0.000000
 2870.781490    0.000000
 2871.443360    0.000000
 2872.103760    0.000000
 2872.766360    0.000000
 2873.427000    0.000000
 2874.089600    0.000000
 2874.750730    0.000000
 2875.412110    0.000000
 2876.075440    0.000000
 2876.736820    0.000000
 2877.400390    0.000000
 2878.062260    0.000000
 2878.725830    0.000000
 2879.388180    0.000000
 2880.050540    0.000000
 2880.714600    0.000000
 2881.377440    0.000000
 2882.041750    0.000000
 2882.704830    0.000000
 2883.369380    0.000000
 2884.032960    0.000000
 2884.696530    0.000000
 2885.361330    0.000000
 2886.025390    0.000000
 2886.690920    0.000000
 2887.354980    0.000000
 2888.020510    0.000000
 2888.685060    0.000000
 2889.349610    0.000000
 2890.015870    0.000000
 2890.680910    0.000000
 2891.347410    0.000000
 2892.012700    0.000000
 2892.679200    0.000000
 2893.344970    0.000000
 2894.010500    0.000000
 2894.677730    0.000000
 2895.343510    0.000000
 2896.011470    0.000000
 2896.677490    0.000000
 2897.345460    0.000000
 2898.011960    0.000000
 2898.678960    0.000000
 2899.347170    0.000000
 2900.014160    0.000000
 2900.682860    0.000000
 2901.350100    0.000000
 2902.019530    0.000000
 2902.687010    0.000000
 2903.354740    0.000000
 2904.024410    0.000000
 2904.692380    0.000000
 2905.361820    0.000000
 2906.030520    0.000000
 2906.700680    0.000000
 2907.369140    0.000000
 2908.038090    0.000000
 2908.708500    0.000000
 2909.377930    0.000000
 2910.048830    0.000000
 2910.718260    0.000000
 2911.389650    0.000000
 2912.059330    0.000000
 2912.729250    0.000000
 2913.400630    0.000000
 2914.070800    0.000000
 2914.742920    0.000000
 2915.413570    0.000000
 2916.085690    0.000000
 2916.756590    0.000000
 2917.429200    0.000000
 2918.100340    0.000000
 2918.771730    0.000000
 2919.444580    0.000000
 2920.116210    0.000000
 2920.789550    0.000000
 2921.461670    0.000000
 2922.135500    0.000000
 2922.807370    0.000000
 2923.479740    0.000000
 2924.154050    0.000000
 2924.826660    0.000000
 2925.500980    0.000000
 2926.174070    0.000000
 2926.848880    0.000000
 2927.522220    0.000000
 2928.195800    0.000000
 2928.870850    0.000000
 2929.544920    0.000000
 2930.220460    0.000000
 2930.894530    0.000000
 2931.570310    0.000000
 2932.244630    0.000000
 2932.919190    0.000000
 2933.595700    0.000000
 2934.270260    0.000000
 2934.947270    0.000000
 2935.622310    0.000000
 2936.299070    0.000000
 2936.974850    0.000000
 2937.650390    0.000000
 2938.327880    0.000000
 2939.003660    0.000000
 2939.681400    0.000000
 2940.357670    0.000000
 2941.035640    0.000000
 2941.712160    0.000000
 2942.389160    0.000000
 2943.067630    0.000000
 2943.744630    0.000000
 2944.423580    0.000000
 2945.100830    0.000000
 2945.780030    0.000000
 2946.457760    0.000000
 2947.135500    0.000000
 2947.815190    0.000000
 2948.493410    0.000000
 2949.173100    0.000000
 2949.851560    0.000000
 2950.531980    0.000000
 2951.210450    0.000000
 2951.889650    0.000000
 2952.570070    0.000000
 2953.249270    0.000000
 2953.930660    0.000000
 2954.610110    0.000000
 2955.291500    0.000000
 2955.971190    0.000000
 2956.651120    0.000000
 2957.333010    0.000000
 2958.013180    0.000000
 2958.695560    0.000000
 2959.376220    0.000000
 2960.058350    0.000000
 2960.739500    0.000000
 2961.420410    0.000000
 2962.103520    0.000000
 2962.784910    0.000000
 2963.468020    0.000000
 2964.149900    0.000000
 2964.833500    0.000000
 2965.515380    0.000000
 2966.197750    0.000000
 2966.881590    0.000000
 2967.564210    0.000000
 2968.248540    0.000000
 2968.931150    0.000000
 2969.615720    0.000000
 2970.299070    0.000000
 2970.984130    0.000000
 2971.667480    0.000000
 2972.351070    0.000000
 2973.036620    0.000000
 2973.720700    0.000000
 2974.406250    0.000000
 2975.090580    0.000000
 2975.776610    0.000000
 2976.461180    0.000000
 2977.146000    0.000000
 2977.832280    0.000000
 2978.517580    0.000000
 2979.204350    0.000000
 2979.889650    0.000000
 2980.576660    0.000000
 2981.262210    0.000000
 2981.948240    0.000000
 2982.635990    0.000000
 2983.322020    0.000000
 2984.010010    0.000000
 2984.696530    0.000000
 2985.384770    0.000000
 2986.071530    0.000000
 2986.758540    0.000000
 2987.447270    0.000000
 2988.134770    0.000000
 2988.823490    0.000000
 2989.510990    0.000000
 2990.200440    0.000000
 2990.888180    0.000000
 2991.576170    0.000000
 2992.266360    0.000000
 2992.954830    0.000000
 2993.644780    0.000000
 2994.333500    0.000000
 2995.023930    0.000000
 2995.713130    0.000000
 2996.402100    0.000000
 2997.093020    0.000000
 2997.782710    0.000000
 2998.473880    0.000000
 2999.163570    0.000000
 2999.855470    0.000000
 3000.545410    0.000000
 3001.235600    0.000000
 3001.927730    0.000000
 3002.618410    0.000000
 3003.310550    0.000000
 3004.001710    0.000000
 3004.694340    0.000000
 3005.385740    0.000000
 3006.076900    0.000000
 3006.770020    0.000000
 3007.461670    0.000000
 3008.155270    0.000000
 3008.847410    0.000000
 3009.541260    0.000000
 3010.233400    0.000000
 3010.926270    0.000000
 3011.620360    0.000000
 3012.313230    0.000000
 3013.007810    0.000000
 3013.700930    0.000000
 3014.395750    0.000000
 3015.089360    0.000000
 3015.783200    0.000000
 3016.478270    0.000000
 3017.172610    0.000000
 3017.868160    0.000000
 3018.562260    0.000000
 3019.258540    0.000000
 3019.952880    0.000000
 3020.647950    0.000000
 3021.344480    0.000000
 3022.039310    0.000000
 3022.736330    0.000000
 3023.431640    0.000000
 3024.128660    0.000000
 3024.824460    0.000000
 3025.522220    0.000000
 3026.218020    0.000000
 3026.914310    0.000000
 3027.612300    0.000000
 3028.308840    0.000000
 3029.007080    0.000000
 3029.703860    0.000000
 3030.402590    0.000000
 3031.099850    0.000000
 3031.797120    0.000000
 3032.496090    0.000000
 3033.193600    0.000000
 3033.893310    0.000000
 3034.591060    0.000000
 3035.290770    0.000000
 3035.989010    0.000000
 3036.687740    0.000000
 3037.387700    0.000000
 3038.086670    0.000000
 3038.787350    0.000000
 3039.486080    0.000000
 3040.187260    0.000000
 3040.886470    0.000000
 3041.586180    0.000000
 3042.287350    0.000000
 3042.987550    0.000000
 3043.689210    0.000000
 3044.389160    0.000000
 3045.091060    0.000000
 3045.791750    0.000000
 3046.492430    0.000000
 3047.194820    0.000000
 3047.896000    0.000000
 3048.598880    0.000000
 3049.300050    0.000000
