 2653.384280    0.015233
 2653.996340    0.016491
 2654.606690    0.017847
 2655.217290    0.019312
 2655.829830    0.020901
 2656.440670    0.022611
 2657.053220    0.024463
 2657.664550    0.026457
 2658.277340    0.028615
 2658.888920    0.030938
 2659.500730    0.033445
 2660.114010    0.036155
 2660.725830    0.039068
 2661.339360    0.042216
 2661.951660    0.045601
 2662.565430    0.049254
 2663.177980    0.053179
 2663.790530    0.057402
 2664.404790    0.061957
 2665.017820    0.066845
 2665.632320    0.072112
 2666.245610    0.077760
 2666.860350    0.083838
 2667.473880    0.090352
 2668.089110    0.097362
 2668.702880    0.104862
 2669.316890    0.112906
 2669.932370    0.121547
 2670.546630    0.130784
 2671.162350    0.140697
 2671.776860    0.151285
 2672.393070    0.162642
 2673.007810    0.174756
 2673.622560    0.187698
 2674.239260    0.201567
 2674.854490    0.216336
 2675.471190    0.232132
 2676.086670    0.248943
 2676.703860    0.266912
 2677.319580    0.286009
 2677.935550    0.306348
 2678.552980    0.328043
 2679.169190    0.351072
 2679.786870    0.375608
 2680.403560    0.401635
 2681.021480    0.429325
 2681.638430    0.458662
 2682.255370    0.489775
 2682.873780    0.522831
 2683.490970    0.557780
 2684.109860    0.594884
 2684.727290    0.634050
 2685.346440    0.675583
 2685.964110    0.719372
 2686.582030    0.765636
 2687.201660    0.814607
 2687.819820    0.866144
 2688.439450    0.920607
 2689.057860    0.977875
 2689.677980    1.038342
 2690.296880    1.101845
 2690.915770    1.168623
 2691.536380    1.238997
 2692.155270    1.312705
 2692.776370    1.390345
 2693.395750    1.471559
 2694.016850    1.556925
 2694.636720    1.646174
 2695.256590    1.739601
 2695.877930    1.837571
 2696.498050    1.939794
 2697.119870    2.046885
 2697.740480    2.158476
 2698.362550    2.275180
 2698.983400    2.396620
 2699.604250    2.523143
 2700.226810    2.655242
 2700.847900    2.792362
 2701.470700    2.935323
 2702.092040    3.083509
 2702.715330    3.237851
 2703.337160    3.397608
 2703.958980    3.563232
 2704.582520    3.735295
 2705.204830    3.913078
 2705.828370    4.097356
 2706.450930    4.287553
 2707.074950    4.484482
 2707.697750    4.687354
 2708.320800    4.896675
 2708.945310    5.112914
 2709.568360    5.335083
 2710.193360    5.564419
 2710.816650    5.799584
 2711.441890    6.041957
 2712.065670    6.290196
 2712.689450    6.544827
 2713.314940    6.806526
 2713.939210    7.074012
 2714.565190    7.348475
 2715.189450    7.628321
 2715.815670    7.915094
 2716.440430    8.207114
 2717.066890    8.505732
 2717.691890    8.809286
 2718.317140    9.118423
 2718.943850    9.433585
 2719.569340    9.753223
 2720.196530    10.078626
 2720.822270    10.407912
 2721.449710    10.742507
 2722.075680    11.080454
 2722.702150    11.422516
 2723.329830    11.768806
 2723.956300    12.117669
 2724.584470    12.470402
 2725.211430    12.825019
 2725.839600    13.182539
 2726.466800    13.541338
 2727.093990    13.901581
 2727.722900    14.263848
 2728.350340    14.625898
 2728.979490    14.989131
 2729.607420    15.351415
 2730.236820    15.713848
 2730.864750    16.074282
 2731.493160    16.433369
 2732.122800    16.791042
 2732.751460    17.145569
 2733.381590    17.497826
 2734.010500    17.845818
 2734.640870    18.190521
 2735.270020    18.529964
 2735.899410    18.864445
 2736.530270    19.194080
 2737.159670    19.516842
 2737.790770    19.833843
 2738.420650    20.143112
 2739.052250    20.445580
 2739.682370    20.739235
 2740.312500    21.024307
 2740.944340    21.301063
 2741.575200    21.567852
 2742.207280    21.825140
 2742.838130    22.071497
 2743.470460    22.307545
 2744.101560    22.531856
 2744.732910    22.744597
 2745.365970    22.945824
 2745.997310    23.134094
 2746.630860    23.310223
 2747.262700    23.472794
 2747.896000    23.622330
 2748.528080    23.757923
 2749.160640    23.879711
 2749.794430    23.987560
 2750.427000    24.080851
 2751.061280    24.159826
 2751.694090    24.223934
 2752.328610    24.273369
 2752.961910    24.307793
 2753.595210    24.327244
 2754.230220    24.331682
 2754.863770    24.321062
 2755.499020    24.295341
 2756.132810    24.254686
 2756.768550    24.198933
 2757.402590    24.128494
 2758.036870    24.043339
 2758.673100    23.943310
 2759.307620    23.829163
 2759.943850    23.700485
 2760.578860    23.558096
 2761.215330    23.401638
 2761.850590    23.232052
 2762.487550    23.048845
 2763.123050    22.853252
 2763.758790    22.645132
 2764.396000    22.424410
 2765.031980    22.192398
 2765.669430    21.948517
 2766.305910    21.694119
 2766.943600    21.428759
 2767.580320    21.153801
 2768.216800    20.869425
 2768.855220    20.575098
 2769.492190    20.272873
 2770.130860    19.961744
 2770.768070    19.643763
 2771.407230    19.317732
 2772.044680    18.986034
 2772.682130    18.648335
 2773.321780    18.303965
 2773.959720    17.955549
 2774.599370    17.601753
 2775.237550    17.244854
 2775.877690    16.883465
 2776.516360    16.520029
 2777.155030    16.154238
 2777.795170    15.785752
 2778.434330    15.416479
 2779.074950    15.045496
 2779.714360    14.674845
 2780.355470    14.303297
 2780.995120    13.933153
 2781.634770    13.564011
 2782.276120    13.195324
 2782.916260    12.829197
 2783.558110    12.464366
 2784.198490    12.103024
 2784.840330    11.743896
 2785.480960    11.388844
 2786.121830    11.037390
 2786.764400    10.689070
 2787.405270    10.346046
 2788.048100    10.006650
 2788.689450    9.672962
 2789.332520    9.343586
 2789.974370    9.020268
 2790.615970    8.702710
 2791.259770    8.389932
 2791.901610    8.084132
 2792.545410    7.783614
 2793.187990    7.490015
 2793.832030    7.202242
 2794.474850    6.921608
 2795.117680    6.647658
 2795.762210    6.379769
 2796.405520    6.119228
 2797.050290    5.865001
 2797.693600    5.618273
 2798.338870    5.377761
 2798.982420    5.144838
 2799.626460    4.918681
 2800.272220    4.698873
 2800.916260    4.486546
 2801.562260    4.280449
 2802.206790    4.081627
 2802.852780    3.889108
 2803.497560    3.703619
 2804.142580    3.524642
 2804.789310    3.351704
 2805.434330    3.185618
 2806.081300    3.025338
 2806.726810    2.871601
 2807.374020    2.723534
 2808.020020    2.581689
 2808.666020    2.445649
 2809.313480    2.314991
 2809.959960    2.190074
 2810.607910    2.070292
 2811.254390    1.956039
 2811.902830    1.846575
 2812.549560    1.742368
 2813.198240    1.642683
 2813.845210    1.547935
 2814.492680    1.457641
 2815.141600    1.371531
 2815.789310    1.289815
 2816.438720    1.211980
 2817.086430    1.138286
 2817.736080    1.068172
 2818.384520    1.001843
 2819.032710    0.939042
 2819.682620    0.879453
 2820.331300    0.823208
 2820.981930    0.769901
 2821.630620    0.719720
 2822.281490    0.672215
 2822.930660    0.627546
 2823.580080    0.585447
 2824.231200    0.545714
 2824.880860    0.508425
 2825.532230    0.473283
 2826.182370    0.440340
 2826.833980    0.409354
 2827.484380    0.380350
 2828.134770    0.353168
 2828.786870    0.327650
 2829.437740    0.303818
 2830.090090    0.281485
 2830.741210    0.260659
 2831.394040    0.241165
 2832.045410    0.223022
 2832.697020    0.206100
 2833.350100    0.190304
 2834.001950    0.175628
 2834.655520    0.161942
 2835.307620    0.149250
 2835.961180    0.137437
 2836.613770    0.126491
 2837.266360    0.116340
 2837.920410    0.106911
 2838.573490    0.098194
 2839.228030    0.090111
 2839.881100    0.082654
 2840.535890    0.075747
 2841.189450    0.069382
 2841.843020    0.063509
 2842.498540    0.058079
 2843.152340    0.053091
 2843.807860    0.048487
 2844.462160    0.044260
 2845.118160    0.040365
 2845.772710    0.036797
 2846.427250    0.033521
 2847.083740    0.030507
 2847.738770    0.027752
 2848.395260    0.025224
 2849.050540    0.022914
 2849.707760    0.020796
 2850.363280    0.018866
 2851.018800    0.017103
 2851.676270    0.015491
 2852.332280    0.014024
 2852.989990    0.012684
 2853.646480    0.011466
 2854.304440    0.010356
 2854.960940    0.009350
 2855.617920    0.008434
 2856.276370    0.007602
 2856.933350    0.006848
 2857.592290    0.006164
 2858.249760    0.005546
 2858.908940    0.004984
 2859.566650    0.004478
 2860.224370    0.004020
 2860.883790    0.003605
 2861.541750    0.003232
 2862.201900    0.002894
 2862.860350    0.002591
 2863.520510    0.002317
 2864.179200    0.002071
 2864.839840    0.001850
 2865.498780    0.001652
 2866.157960    0.001473
 2866.818850    0.001313
 2867.478520    0.001170
 2868.139650    0.001041
 2868.799320    0.000926
 2869.460940    0.000823
 2870.121090    0.000731
 2870.781490    0.000649
 2871.443360    0.000575
 2872.103760    0.000510
 2872.766360    0.000452
 2873.427000    0.000400
 2874.089600    0.000354
 2874.750730    0.000313
 2875.412110    0.000276
 2876.075440    0.000243
 2876.736820    0.000215
 2877.400390    0.000189
 2878.062260    0.000167
 2878.725830    0.000147
 2879.388180    0.000129
 2880.050540    0.000113
 2880.714600    0.000099
 2881.377440    0.000088
 2882.041750    0.000076
 2882.704830    0.000067
 2883.369380    0.000059
 2884.032960    0.000051
 2884.696530    0.000045
 2885.361330    0.000039
 2886.025390    0.000034
 2886.690920    0.000030
 2887.354980    0.000026
 2888.020510    0.000023
 2888.685060    0.000020
 2889.349610    0.000017
 2890.015870    0.000015
 2890.680910    0.000013
 2891.347410    0.000011
 2892.012700    0.000010
 2892.679200    0.000009
 2893.344970    0.000008
 2894.010500    0.000007
 2894.677730    0.000006
 2895.343510    0.000005
 2896.011470    0.000004
 2896.677490    0.000004
 2897.345460    0.000003
 2898.011960    0.000003
 2898.678960    0.000002
 2899.347170    0.000002
 2900.014160    0.000002
 2900.682860    0.000002
 2901.350100    0.000001
 2902.019530    0.000001
 2902.687010    0.000001
 2903.354740    0.000001
 2904.024410    0.000001
 2904.692380    0.000001
 2905.361820    0.000001
 2906.030520    0.000000
 2906.700680    0.000000
 2907.369140    0.000000
 2908.038090    0.000000
 2908.708500    0.000000
 2909.377930    0.000000
 2910.048830    0.000000
 2910.718260    0.000000
 2911.389650    0.000000
 2912.059330    0.000000
 2912.729250    0.000000
 2913.400630    0.000000
 2914.070800    0.000000
 2914.742920    0.000000
 2915.413570    0.000000
 2916.085690    0.000000
 2916.756590    0.000000
 2917.429200    0.000000
 2918.100340    0.000000
 2918.771730    0.000000
 2919.444580    0.000000
 2920.116210    0.000000
 2920.789550    0.000000
 2921.461670    0.000000
 2922.135500    0.000000
 2922.807370    0.000000
 2923.479740    0.000000
 2924.154050    0.000000
 2924.826660    0.000000
 2925.500980    0.000000
 2926.174070    0.000000
 2926.848880    0.000000
 2927.522220    0.000000
 2928.195800    0.000000
 2928.870850    0.000000
 2929.544920    0.000000
 2930.220460    0.000000
 2930.894530    0.000000
 2931.570310    0.000000
 2932.244630    0.000000
 2932.919190    0.000000
 2933.595700    0.000000
 2934.270260    0.000000
 2934.947270    0.000000
 2935.622310    0.000000
 2936.299070    0.000000
 2936.974850    0.000000
 2937.650390    0.000000
 2938.327880    0.000000
 2939.003660    0.000000
 2939.681400    0.000000
 2940.357670    0.000000
 2941.035640    0.000000
 2941.712160    0.000000
 2942.389160    0.000000
 2943.067630    0.000000
 2943.744630    0.000000
 2944.423580    0.000000
 2945.100830    0.000000
 2945.780030    0.000000
 2946.457760    0.000000
 2947.135500    0.000000
 2947.815190    0.000000
 2948.493410    0.000000
 2949.173100    0.000000
 2949.851560    0.000000
 2950.531980    0.000000
 2951.210450    0.000000
 2951.889650    0.000000
 2952.570070    0.000000
 2953.249270    0.000000
 2953.930660    0.000000
 2954.610110    0.000000
 2955.291500    0.000000
 2955.971190    0.000000
 2956.651120    0.000000
 2957.333010    0.000000
 2958.013180    0.000000
 2958.695560    0.000000
 2959.376220    0.000000
 2960.058350    0.000000
 2960.739500    0.000000
 2961.420410    0.000000
 2962.103520    0.000000
 2962.784910    0.000000
 2963.468020    0.000000
 2964.149900    0.000000
 2964.833500    0.000000
 2965.515380    0.000000
 2966.197750    0.000000
 2966.881590    0.000000
 2967.564210    0.000000
 2968.248540    0.000000
 2968.931150    0.000000
 2969.615720    0.000000
 2970.299070    0.000000
 2970.984130    0.000000
 2971.667480    0.000000
 2972.351070    0.000000
 2973.036620    0.000000
 2973.720700    0.000000
 2974.406250    0.000000
 2975.090580    0.000000
 2975.776610    0.000000
 2976.461180    0.000000
 2977.146000    0.000000
 2977.832280    0.000000
 2978.517580    0.000000
 2979.204350    0.000000
 2979.889650    0.000000
 2980.576660    0.000000
 2981.262210    0.000000
 2981.948240    0.000000
 2982.635990    0.000000
 2983.322020    0.000000
 2984.010010    0.000000
 2984.696530    0.000000
 2985.384770    0.000000
 2986.071530    0.000000
 2986.758540    0.000000
 2987.447270    0.000000
 2988.134770    0.000000
 2988.823490    0.000000
 2989.510990    0.000000
 2990.200440    0.000000
 2990.888180    0.000000
 2991.576170    0.000000
 2992.266360    0.000000
 2992.954830    0.000000
 2993.644780    0.000000
 2994.333500    0.000000
 2995.023930    0.000000
 2995.713130    0.000000
 2996.402100    0.000000
 2997.093020    0.000000
 2997.782710    0.000000
 2998.473880    0.000000
 2999.163570    0.000000
 2999.855470    0.000000
 3000.545410    0.000000
 3001.235600    0.000000
 3001.927730    0.000000
 3002.618410    0.000000
 3003.310550    0.000000
 3004.001710    0.000000
 3004.694340    0.000000
 3005.385740    0.000000
 3006.076900    0.000000
 3006.770020    0.000000
 3007.461670    0.000000
 3008.155270    0.000000
 3008.847410    0.000000
 3009.541260    0.000000
 3010.233400    0.000000
 3010.926270    0.000000
 3011.620360    0.000000
 3012.313230    0.000000
 3013.007810    0.000000
 3013.700930    0.000000
 3014.395750    0.000000
 3015.089360    0.000000
 3015.783200    0.000000
 3016.478270    0.000000
 3017.172610    0.000000
 3017.868160    0.000000
 3018.562260    0.000000
 3019.258540    0.000000
 3019.952880    0.000000
 3020.647950    0.000000
 3021.344480    0.000000
 3022.039310    0.000000
 3022.736330    0.000000
 3023.431640    0.000000
 3024.128660    0.000000
 3024.824460    0.000000
 3025.522220    0.000000
 3026.218020    0.000000
 3026.914310    0.000000
 3027.612300    0.000000
 3028.308840    0.000000
 3029.007080    0.000000
 3029.703860    0.000000
 3030.402590    0.000000
 3031.099850    0.000000
 3031.797120    0.000000
 3032.496090    0.000000
 3033.193600    0.000000
 3033.893310    0.000000
 3034.591060    0.000000
 3035.290770    0.000000
 3035.989010    0.000000
 3036.687740    0.000000
 3037.387700    0.000000
 3038.086670    0.000000
 3038.787350    0.000000
 3039.486080    0.000000
 3040.187260    0.000000
 3040.886470    0.000000
 3041.586180    0.000000
 3042.287350    0.000000
 3042.987550    0.000000
 3043.689210    0.000000
 3044.389160    0.000000
 3045.091060    0.000000
 3045.791750    0.000000
 3046.492430    0.000000
 3047.194820    0.000000
 3047.896000    0.000000
 3048.598880    0.000000
 3049.300050    0.000000
