 2653.384280    1.808884
 2653.996340    1.862673
 2654.606690    1.917450
 2655.217290    1.973392
 2655.829830    2.030671
 2656.440670    2.088948
 2657.053220    2.148555
 2657.664550    2.209214
 2658.277340    2.271194
 2658.888920    2.334229
 2659.500730    2.398466
 2660.114010    2.464043
 2660.725830    2.530644
 2661.339360    2.598618
 2661.951660    2.667639
 2662.565430    2.738007
 2663.177980    2.809413
 2663.790530    2.881991
 2664.404790    2.955944
 2665.017820    3.030914
 2665.632320    3.107224
 2666.245610    3.184531
 2666.860350    3.263167
 2667.473880    3.342778
 2668.089110    3.423734
 2668.702880    3.505606
 2669.316890    3.588603
 2669.932370    3.672884
 2670.546630    3.758061
 2671.162350    3.844493
 2671.776860    3.931785
 2672.393070    4.020333
 2673.007810    4.109662
 2673.622560    4.199959
 2674.239260    4.291492
 2674.854490    4.383731
 2675.471190    4.477089
 2676.086670    4.571133
 2676.703860    4.666284
 2677.319580    4.762022
 2677.935550    4.858582
 2678.552980    4.956124
 2679.169190    5.054194
 2679.786870    5.153182
 2680.403560    5.252663
 2681.021480    5.352955
 2681.638430    5.453665
 2682.255370    5.554910
 2682.873780    5.656892
 2683.490970    5.759127
 2684.109860    5.862059
 2684.727290    5.965113
 2685.346440    6.068778
 2685.964110    6.172474
 2686.582030    6.276442
 2687.201660    6.380879
 2687.819820    6.485203
 2688.439450    6.589857
 2689.057860    6.694335
 2689.677980    6.799084
 2690.296880    6.903553
 2690.915770    7.007895
 2691.536380    7.112345
 2692.155270    7.216269
 2692.776370    7.320271
 2693.395750    7.423636
 2694.016850    7.526880
 2694.636720    7.629457
 2695.256590    7.731512
 2695.877930    7.833225
 2696.498050    7.934100
 2697.119870    8.034550
 2697.740480    8.134042
 2698.362550    8.232946
 2698.983400    8.330776
 2699.604250    8.427666
 2700.226810    8.523817
 2700.847900    8.618682
 2701.470700    8.712680
 2702.092040    8.805274
 2702.715330    8.896910
 2703.337160    8.987029
 2703.958980    9.075785
 2704.582520    9.163358
 2705.204830    9.249276
 2705.828370    9.333817
 2706.450930    9.416629
 2707.074950    9.497977
 2707.697750    9.577450
 2708.320800    9.655188
 2708.945310    9.731279
 2709.568360    9.805314
 2710.193360    9.877645
 2710.816650    9.947795
 2711.441890    10.016123
 2712.065670    10.082208
 2712.689450    10.146159
 2713.314940    10.208101
 2713.939210    10.267694
 2714.565190    10.325170
 2715.189450    10.380175
 2715.815670    10.432985
 2716.440430    10.483274
 2717.066890    10.531257
 2717.691890    10.576653
 2718.317140    10.619558
 2718.943850    10.660017
 2719.569340    10.697819
 2720.196530    10.733112
 2720.822270    10.765688
 2721.449710    10.795685
 2722.075680    10.822926
 2722.702150    10.847484
 2723.329830    10.869354
 2723.956300    10.888435
 2724.584470    10.904797
 2725.211430    10.918351
 2725.839600    10.929134
 2726.466800    10.937103
 2727.093990    10.942266
 2727.722900    10.944624
 2728.350340    10.944156
 2728.979490    10.940865
 2729.607420    10.934762
 2730.236820    10.925823
 2730.864750    10.914099
 2731.493160    10.899565
 2732.122800    10.882202
 2732.751460    10.862088
 2733.381590    10.839154
 2734.010500    10.813512
 2734.640870    10.785072
 2735.270020    10.753975
 2735.899410    10.720179
 2736.530270    10.683631
 2737.159670    10.644529
 2737.790770    10.602706
 2738.420650    10.558385
 2739.052250    10.511386
 2739.682370    10.461983
 2740.312500    10.410107
 2740.944340    10.355641
 2741.575200    10.298862
 2742.207280    10.239608
 2742.838130    10.178151
 2743.470460    10.114276
 2744.101560    10.048300
 2744.732910    9.980122
 2745.365970    9.909624
 2745.997310    9.837242
 2746.630860    9.762574
 2747.262700    9.686135
 2747.896000    9.607597
 2748.528080    9.527347
 2749.160640    9.445230
 2749.794430    9.361198
 2750.427000    9.275639
 2751.061280    9.188215
 2751.694090    9.099420
 2752.328610    9.008871
 2752.961910    8.917047
 2753.595210    8.823837
 2754.230220    8.729049
 2754.863770    8.633217
 2755.499020    8.535928
 2756.132810    8.437727
 2756.768550    8.338152
 2757.402590    8.237838
 2758.036870    8.136546
 2758.673100    8.034063
 2759.307620    7.931042
 2759.943850    7.826993
 2760.578860    7.722459
 2761.215330    7.617061
 2761.850590    7.511309
 2762.487550    7.404778
 2763.123050    7.298059
 2763.758790    7.190932
 2764.396000    7.083248
 2765.031980    6.975526
 2765.669430    6.867369
 2766.305910    6.759252
 2766.943600    6.650862
 2767.580320    6.542627
 2768.216800    6.434484
 2768.855220    6.326113
 2769.492190    6.218152
 2770.130860    6.110117
 2770.768070    6.002598
 2771.407230    5.895072
 2772.044680    5.788204
 2772.682130    5.681759
 2773.321780    5.575419
 2773.959720    5.469882
 2774.599370    5.364629
 2775.237550    5.260227
 2775.877690    5.156162
 2776.516360    5.053031
 2777.155030    4.950638
 2777.795170    4.848788
 2778.434330    4.747910
 2779.074950    4.647656
 2779.714360    4.548482
 2780.355470    4.449969
 2780.995120    4.352636
 2781.634770    4.256290
 2782.276120    4.160706
 2782.916260    4.066349
 2783.558110    3.972816
 2784.198490    3.880595
 2784.840330    3.789287
 2785.480960    3.699298
 2786.121830    3.610440
 2786.764400    3.522535
 2787.405270    3.436069
 2788.048100    3.350564
 2788.689450    3.266492
 2789.332520    3.183451
 2789.974370    3.101834
 2790.615970    3.021523
 2791.259770    2.942229
 2791.901610    2.864471
 2792.545410    2.787786
 2793.187990    2.712557
 2793.832030    2.638477
 2794.474850    2.565859
 2795.117680    2.494564
 2795.762210    2.424409
 2796.405520    2.355714
 2797.050290    2.288194
 2797.693600    2.222152
 2798.338870    2.157237
 2798.982420    2.093813
 2799.626460    2.031656
 2800.272220    1.970650
 2800.916260    1.911109
 2801.562260    1.852690
 2802.206790    1.795693
 2802.852780    1.739852
 2803.497560    1.685388
 2804.142580    1.632166
 2804.789310    1.580057
 2805.434330    1.529326
 2806.081300    1.479673
 2806.726810    1.431349
 2807.374020    1.384103
 2808.020020    1.338135
 2808.666020    1.293341
 2809.313480    1.249606
 2809.959960    1.207085
 2810.607910    1.165598
 2811.254390    1.125319
 2811.902830    1.086018
 2812.549560    1.047901
 2813.198240    1.010735
 2813.845210    0.974713
 2814.492680    0.939692
 2815.141600    0.905606
 2815.789310    0.872578
 2816.438720    0.840441
 2817.086430    0.809344
 2817.736080    0.779097
 2818.384520    0.749826
 2819.032710    0.721469
 2819.682620    0.693922
 2820.331300    0.667293
 2820.981930    0.641433
 2821.630620    0.616479
 2822.281490    0.592253
 2822.930660    0.568882
 2823.580080    0.546275
 2824.231200    0.524365
 2824.880860    0.503243
 2825.532230    0.482786
 2826.182370    0.463069
 2826.833980    0.443993
 2827.484380    0.425619
 2828.134770    0.407893
 2828.786870    0.390754
 2829.437740    0.374261
 2830.090090    0.358331
 2830.741210    0.343012
 2831.394040    0.328219
 2832.045410    0.314010
 2832.697020    0.300327
 2833.350100    0.287132
 2834.001950    0.274465
 2834.655520    0.262252
 2835.307620    0.250540
 2835.961180    0.239259
 2836.613770    0.228438
 2837.266360    0.218048
 2837.920410    0.208050
 2838.573490    0.198469
 2839.228030    0.189258
 2839.881100    0.180443
 2840.535890    0.171969
 2841.189450    0.163863
 2841.843020    0.156095
 2842.498540    0.148634
 2843.152340    0.141507
 2843.807860    0.134667
 2844.462160    0.128136
 2845.118160    0.121870
 2845.772710    0.115891
 2846.427250    0.110176
 2847.083740    0.104697
 2847.738770    0.099475
 2848.395260    0.094476
 2849.050540    0.089712
 2849.707760    0.085152
 2850.363280    0.080811
 2851.018800    0.076671
 2851.676270    0.072711
 2852.332280    0.068945
 2852.989990    0.065346
 2853.646480    0.061924
 2854.304440    0.058659
 2854.960940    0.055556
 2855.617920    0.052601
 2856.276370    0.049783
 2856.933350    0.047109
 2857.592290    0.044559
 2858.249760    0.042140
 2858.908940    0.039835
 2859.566650    0.037651
 2860.224370    0.035577
 2860.883790    0.033603
 2861.541750    0.031733
 2862.201900    0.029953
 2862.860350    0.028270
 2863.520510    0.026670
 2864.179200    0.025156
 2864.839840    0.023718
 2865.498780    0.022359
 2866.157960    0.021071
 2866.818850    0.019850
 2867.478520    0.018695
 2868.139650    0.017601
 2868.799320    0.016568
 2869.460940    0.015589
 2870.121090    0.014666
 2870.781490    0.013793
 2871.443360    0.012966
 2872.103760    0.012188
 2872.766360    0.011451
 2873.427000    0.010756
 2874.089600    0.010100
 2874.750730    0.009482
 2875.412110    0.008900
 2876.075440    0.008349
 2876.736820    0.007832
 2877.400390    0.007342
 2878.062260    0.006884
 2878.725830    0.006451
 2879.388180    0.006043
 2880.050540    0.005660
 2880.714600    0.005300
 2881.377440    0.004960
 2882.041750    0.004642
 2882.704830    0.004342
 2883.369380    0.004061
 2884.032960    0.003797
 2884.696530    0.003549
 2885.361330    0.003315
 2886.025390    0.003097
 2886.690920    0.002892
 2887.354980    0.002700
 2888.020510    0.002520
 2888.685060    0.002351
 2889.349610    0.002192
 2890.015870    0.002044
 2890.680910    0.001905
 2891.347410    0.001776
 2892.012700    0.001654
 2892.679200    0.001540
 2893.344970    0.001434
 2894.010500    0.001335
 2894.677730    0.001243
 2895.343510    0.001156
 2896.011470    0.001075
 2896.677490    0.000999
 2897.345460    0.000928
 2898.011960    0.000863
 2898.678960    0.000801
 2899.347170    0.000744
 2900.014160    0.000690
 2900.682860    0.000641
 2901.350100    0.000594
 2902.019530    0.000551
 2902.687010    0.000511
 2903.354740    0.000474
 2904.024410    0.000439
 2904.692380    0.000407
 2905.361820    0.000377
 2906.030520    0.000349
 2906.700680    0.000322
 2907.369140    0.000298
 2908.038090    0.000277
 2908.708500    0.000256
 2909.377930    0.000237
 2910.048830    0.000218
 2910.718260    0.000201
 2911.389650    0.000186
 2912.059330    0.000172
 2912.729250    0.000158
 2913.400630    0.000147
 2914.070800    0.000135
 2914.742920    0.000125
 2915.413570    0.000114
 2916.085690    0.000106
 2916.756590    0.000097
 2917.429200    0.000090
 2918.100340    0.000083
 2918.771730    0.000076
 2919.444580    0.000070
 2920.116210    0.000065
 2920.789550    0.000059
 2921.461670    0.000054
 2922.135500    0.000051
 2922.807370    0.000046
 2923.479740    0.000042
 2924.154050    0.000039
 2924.826660    0.000035
 2925.500980    0.000032
 2926.174070    0.000030
 2926.848880    0.000028
 2927.522220    0.000025
 2928.195800    0.000023
 2928.870850    0.000021
 2929.544920    0.000019
 2930.220460    0.000018
 2930.894530    0.000016
 2931.570310    0.000015
 2932.244630    0.000013
 2932.919190    0.000012
 2933.595700    0.000011
 2934.270260    0.000010
 2934.947270    0.000010
 2935.622310    0.000009
 2936.299070    0.000008
 2936.974850    0.000008
 2937.650390    0.000007
 2938.327880    0.000006
 2939.003660    0.000006
 2939.681400    0.000005
 2940.357670    0.000005
 2941.035640    0.000004
 2941.712160    0.000004
 2942.389160    0.000004
 2943.067630    0.000003
 2943.744630    0.000003
 2944.423580    0.000003
 2945.100830    0.000002
 2945.780030    0.000002
 2946.457760    0.000002
 2947.135500    0.000002
 2947.815190    0.000002
 2948.493410    0.000002
 2949.173100    0.000001
 2949.851560    0.000001
 2950.531980    0.000001
 2951.210450    0.000001
 2951.889650    0.000001
 2952.570070    0.000001
 2953.249270    0.000001
 2953.930660    0.000001
 2954.610110    0.000001
 2955.291500    0.000001
 2955.971190    0.000001
 2956.651120    0.000000
 2957.333010    0.000000
 2958.013180    0.000000
 2958.695560    0.000000
 2959.376220    0.000000
 2960.058350    0.000000
 2960.739500    0.000000
 2961.420410    0.000000
 2962.103520    0.000000
 2962.784910    0.000000
 2963.468020    0.000000
 2964.149900    0.000000
 2964.833500    0.000000
 2965.515380    0.000000
 2966.197750    0.000000
 2966.881590    0.000000
 2967.564210    0.000000
 2968.248540    0.000000
 2968.931150    0.000000
 2969.615720    0.000000
 2970.299070    0.000000
 2970.984130    0.000000
 2971.667480    0.000000
 2972.351070    0.000000
 2973.036620    0.000000
 2973.720700    0.000000
 2974.406250    0.000000
 2975.090580    0.000000
 2975.776610    0.000000
 2976.461180    0.000000
 2977.146000    0.000000
 2977.832280    0.000000
 2978.517580    0.000000
 2979.204350    0.000000
 2979.889650    0.000000
 2980.576660    0.000000
 2981.262210    0.000000
 2981.948240    0.000000
 2982.635990    0.000000
 2983.322020    0.000000
 2984.010010    0.000000
 2984.696530    0.000000
 2985.384770    0.000000
 2986.071530    0.000000
 2986.758540    0.000000
 2987.447270    0.000000
 2988.134770    0.000000
 2988.823490    0.000000
 2989.510990    0.000000
 2990.200440    0.000000
 2990.888180    0.000000
 2991.576170    0.000000
 2992.266360    0.000000
 2992.954830    0.000000
 2993.644780    0.000000
 2994.333500    0.000000
 2995.023930    0.000000
 2995.713130    0.000000
 2996.402100    0.000000
 2997.093020    0.000000
 2997.782710    0.000000
 2998.473880    0.000000
 2999.163570    0.000000
 2999.855470    0.000000
 3000.545410    0.000000
 3001.235600    0.000000
 3001.927730    0.000000
 3002.618410    0.000000
 3003.310550    0.000000
 3004.001710    0.000000
 3004.694340    0.000000
 3005.385740    0.000000
 3006.076900    0.000000
 3006.770020    0.000000
 3007.461670    0.000000
 3008.155270    0.000000
 3008.847410    0.000000
 3009.541260    0.000000
 3010.233400    0.000000
 3010.926270    0.000000
 3011.620360    0.000000
 3012.313230    0.000000
 3013.007810    0.000000
 3013.700930    0.000000
 3014.395750    0.000000
 3015.089360    0.000000
 3015.783200    0.000000
 3016.478270    0.000000
 3017.172610    0.000000
 3017.868160    0.000000
 3018.562260    0.000000
 3019.258540    0.000000
 3019.952880    0.000000
 3020.647950    0.000000
 3021.344480    0.000000
 3022.039310    0.000000
 3022.736330    0.000000
 3023.431640    0.000000
 3024.128660    0.000000
 3024.824460    0.000000
 3025.522220    0.000000
 3026.218020    0.000000
 3026.914310    0.000000
 3027.612300    0.000000
 3028.308840    0.000000
 3029.007080    0.000000
 3029.703860    0.000000
 3030.402590    0.000000
 3031.099850    0.000000
 3031.797120    0.000000
 3032.496090    0.000000
 3033.193600    0.000000
 3033.893310    0.000000
 3034.591060    0.000000
 3035.290770    0.000000
 3035.989010    0.000000
 3036.687740    0.000000
 3037.387700    0.000000
 3038.086670    0.000000
 3038.787350    0.000000
 3039.486080    0.000000
 3040.187260    0.000000
 3040.886470    0.000000
 3041.586180    0.000000
 3042.287350    0.000000
 3042.987550    0.000000
 3043.689210    0.000000
 3044.389160    0.000000
 3045.091060    0.000000
 3045.791750    0.000000
 3046.492430    0.000000
 3047.194820    0.000000
 3047.896000    0.000000
 3048.598880    0.000000
 3049.300050    0.000000
