 2653.384280    0.000000
 2653.996340    0.000000
 2654.606690    0.000000
 2655.217290    0.000000
 2655.829830    0.000000
 2656.440670    0.000000
 2657.053220    0.000000
 2657.664550    0.000000
 2658.277340    0.000000
 2658.888920    0.000000
 2659.500730    0.000000
 2660.114010    0.000000
 2660.725830    0.000000
 2661.339360    0.000000
 2661.951660    0.000000
 2662.565430    0.000000
 2663.177980    0.000000
 2663.790530    0.000000
 2664.404790    0.000000
 2665.017820    0.000000
 2665.632320    0.000000
 2666.245610    0.000000
 2666.860350    0.000000
 2667.473880    0.000000
 2668.089110    0.000000
 2668.702880    0.000000
 2669.316890    0.000000
 2669.932370    0.000000
 2670.546630    0.000000
 2671.162350    0.000000
 2671.776860    0.000000
 2672.393070    0.000000
 2673.007810    0.000000
 2673.622560    0.000000
 2674.239260    0.000000
 2674.854490    0.000000
 2675.471190    0.000000
 2676.086670    0.000000
 2676.703860    0.000000
 2677.319580    0.000000
 2677.935550    0.000000
 2678.552980    0.000000
 2679.169190    0.000000
 2679.786870    0.000000
 2680.403560    0.000000
 2681.021480    0.000000
 2681.638430    0.000000
 2682.255370    0.000000
 2682.873780    0.000000
 2683.490970    0.000000
 2684.109860    0.000000
 2684.727290    0.000000
 2685.346440    0.000000
 2685.964110    0.000000
 2686.582030    0.000000
 2687.201660    0.000000
 2687.819820    0.000000
 2688.439450    0.000000
 2689.057860    0.000000
 2689.677980    0.000000
 2690.296880    0.000000
 2690.915770    0.000000
 2691.536380    0.000000
 2692.155270    0.000000
 2692.776370    0.000000
 2693.395750    0.000000
 2694.016850    0.000000
 2694.636720    0.000000
 2695.256590    0.000000
 2695.877930    0.000000
 2696.498050    0.000000
 2697.119870    0.000000
 2697.740480    0.000000
 2698.362550    0.000000
 2698.983400    0.000000
 2699.604250    0.000000
 2700.226810    0.000000
 2700.847900    0.000000
 2701.470700    0.000000
 2702.092040    0.000000
 2702.715330    0.000000
 2703.337160    0.000000
 2703.958980    0.000001
 2704.582520    0.000001
 2705.204830    0.000001
 2705.828370    0.000001
 2706.450930    0.000001
 2707.074950    0.000001
 2707.697750    0.000001
 2708.320800    0.000001
 2708.945310    0.000001
 2709.568360    0.000002
 2710.193360    0.000002
 2710.816650    0.000002
 2711.441890    0.000002
 2712.065670    0.000003
 2712.689450    0.000003
 2713.314940    0.000003
 2713.939210    0.000004
 2714.565190    0.000004
 2715.189450    0.000005
 2715.815670    0.000005
 2716.440430    0.000006
 2717.066890    0.000007
 2717.691890    0.000007
 2718.317140    0.000008
 2718.943850    0.000009
 2719.569340    0.000010
 2720.196530    0.000010
 2720.822270    0.000012
 2721.449710    0.000013
 2722.075680    0.000015
 2722.702150    0.000017
 2723.329830    0.000019
 2723.956300    0.000021
 2724.584470    0.000023
 2725.211430    0.000026
 2725.839600    0.000029
 2726.466800    0.000031
 2727.093990    0.000035
 2727.722900    0.000039
 2728.350340    0.000043
 2728.979490    0.000048
 2729.607420    0.000052
 2730.236820    0.000058
 2730.864750    0.000065
 2731.493160    0.000072
 2732.122800    0.000079
 2732.751460    0.000087
 2733.381590    0.000096
 2734.010500    0.000106
 2734.640870    0.000117
 2735.270020    0.000129
 2735.899410    0.000142
 2736.530270    0.000156
 2737.159670    0.000173
 2737.790770    0.000190
 2738.420650    0.000209
 2739.052250    0.000230
 2739.682370    0.000252
 2740.312500    0.000277
 2740.944340    0.000304
 2741.575200    0.000334
 2742.207280    0.000365
 2742.838130    0.000401
 2743.470460    0.000439
 2744.101560    0.000481
 2744.732910    0.000526
 2745.365970    0.000576
 2745.997310    0.000629
 2746.630860    0.000689
 2747.262700    0.000752
 2747.896000    0.000822
 2748.528080    0.000897
 2749.160640    0.000979
 2749.794430    0.001068
 2750.427000    0.001164
 2751.061280    0.001269
 2751.694090    0.001384
 2752.328610    0.001507
 2752.961910    0.001640
 2753.595210    0.001785
 2754.230220    0.001943
 2754.863770    0.002111
 2755.499020    0.002295
 2756.132810    0.002495
 2756.768550    0.002710
 2757.402590    0.002942
 2758.036870    0.003193
 2758.673100    0.003466
 2759.307620    0.003758
 2759.943850    0.004075
 2760.578860    0.004416
 2761.215330    0.004786
 2761.850590    0.005183
 2762.487550    0.005613
 2763.123050    0.006076
 2763.758790    0.006574
 2764.396000    0.007112
 2765.031980    0.007689
 2765.669430    0.008313
 2766.305910    0.008984
 2766.943600    0.009707
 2767.580320    0.010483
 2768.216800    0.011317
 2768.855220    0.012217
 2769.492190    0.013182
 2770.130860    0.014221
 2770.768070    0.015336
 2771.407230    0.016536
 2772.044680    0.017821
 2772.682130    0.019200
 2773.321780    0.020686
 2773.959720    0.022276
 2774.599370    0.023985
 2775.237550    0.025813
 2775.877690    0.027780
 2776.516360    0.029882
 2777.155030    0.032135
 2777.795170    0.034554
 2778.434330    0.037139
 2779.074950    0.039914
 2779.714360    0.042878
 2780.355470    0.046058
 2780.995120    0.049452
 2781.634770    0.053082
 2782.276120    0.056972
 2782.916260    0.061123
 2783.558110    0.065570
 2784.198490    0.070309
 2784.840330    0.075381
 2785.480960    0.080787
 2786.121830    0.086557
 2786.764400    0.092731
 2787.405270    0.099298
 2788.048100    0.106322
 2788.689450    0.113792
 2789.332520    0.121774
 2789.974370    0.130260
 2790.615970    0.139293
 2791.259770    0.148941
 2791.901610    0.159177
 2792.545410    0.170100
 2793.187990    0.181693
 2793.832030    0.194045
 2794.474850    0.207147
 2795.117680    0.221062
 2795.762210    0.235877
 2796.405520    0.251573
 2797.050290    0.268264
 2797.693600    0.285927
 2798.338870    0.304708
 2798.982420    0.324558
 2799.626460    0.345600
 2800.272220    0.367939
 2800.916260    0.391520
 2801.562260    0.416541
 2802.206790    0.442941
 2802.852780    0.470907
 2803.497560    0.500397
 2804.142580    0.531548
 2804.789310    0.564515
 2805.434330    0.599203
 2806.081300    0.635893
 2806.726810    0.674475
 2807.374020    0.715226
 2808.020020    0.758055
 2808.666020    0.803124
 2809.313480    0.850639
 2809.959960    0.900516
 2810.607910    0.953044
 2811.254390    1.008083
 2811.902830    1.066031
 2812.549560    1.126660
 2813.198240    1.190423
 2813.845210    1.257064
 2814.492680    1.326907
 2815.141600    1.400180
 2815.789310    1.476689
 2816.438720    1.556893
 2817.086430    1.640479
 2817.736080    1.728031
 2818.384520    1.819236
 2819.032710    1.914328
 2819.682620    2.013713
 2820.331300    2.117057
 2820.981930    2.224977
 2821.630620    2.336928
 2822.281490    2.453733
 2822.930660    2.574797
 2823.580080    2.700562
 2824.231200    2.831429
 2824.880860    2.966854
 2825.532230    3.107586
 2826.182370    3.253081
 2826.833980    3.404019
 2827.484380    3.559856
 2828.134770    3.720935
 2828.786870    3.887760
 2829.437740    4.059642
 2830.090090    4.237341
 2830.741210    4.420167
 2831.394040    4.608983
 2832.045410    4.802895
 2832.697020    5.002413
 2833.350100    5.207936
 2834.001950    5.418621
 2834.655520    5.635405
 2835.307620    5.857213
 2835.961180    6.085006
 2836.613770    6.317895
 2837.266360    6.556153
 2837.920410    6.800268
 2838.573490    7.049249
 2839.228030    7.303937
 2839.881100    7.563084
 2840.535890    7.827832
 2841.189450    8.096866
 2841.843020    8.370527
 2842.498540    8.649492
 2843.152340    8.932031
 2843.807860    9.219428
 2844.462160    9.510202
 2845.118160    9.805444
 2845.772710    10.103492
 2846.427250    10.404761
 2847.083740    10.709905
 2847.738770    11.017066
 2848.395260    11.327334
 2849.050540    11.639146
 2849.707760    11.953700
 2850.363280    12.268927
 2851.018800    12.585308
 2851.676270    12.903446
 2852.332280    13.221334
 2852.989990    13.540142
 2853.646480    13.858075
 2854.304440    14.176051
 2854.960940    14.492263
 2855.617920    14.807249
 2856.276370    15.121073
 2856.933350    15.431923
 2857.592290    15.740997
 2858.249760    16.046272
 2858.908940    16.348791
 2859.566650    16.646675
 2860.224370    16.940172
 2860.883790    17.229603
 2861.541750    17.513147
 2862.201900    17.791950
 2862.860350    18.063936
 2863.520510    18.330103
 2864.179200    18.588755
 2864.839840    18.840828
 2865.498780    19.084517
 2866.157960    19.320192
 2866.818850    19.547956
 2867.478520    19.766428
 2868.139650    19.976133
 2868.799320    20.175804
 2869.460940    20.366137
 2870.121090    20.545816
 2870.781490    20.715050
 2871.443360    20.873817
 2872.103760    21.021158
 2872.766360    21.157625
 2873.427000    21.282127
 2874.089600    21.395199
 2874.750730    21.496050
 2875.412110    21.584814
 2876.075440    21.661514
 2876.736820    21.725573
 2877.400390    21.777287
 2878.062260    21.816261
 2878.725830    21.842636
 2879.388180    21.856253
 2880.050540    21.857164
 2880.714600    21.845333
 2881.377440    21.820833
 2882.041750    21.783621
 2882.704830    21.733923
 2883.369380    21.671633
 2884.032960    21.597094
 2884.696530    21.510374
 2885.361330    21.411446
 2886.025390    21.300783
 2886.690920    21.178206
 2887.354980    21.044491
 2888.020510    20.899296
 2888.685060    20.743406
 2889.349610    20.576908
 2890.015870    20.399630
 2890.680910    20.212656
 2891.347410    20.015564
 2892.012700    19.809488
 2892.679200    19.594030
 2893.344970    19.370178
 2894.010500    19.138176
 2894.677730    18.897703
 2895.343510    18.650299
 2896.011470    18.394995
 2896.677490    18.133793
 2897.345460    17.865576
 2898.011960    17.592133
 2898.678960    17.313099
 2899.347170    17.028580
 2900.014160    16.740040
 2900.682860    16.446636
 2901.350100    16.150188
 2902.019530    15.849487
 2902.687010    15.546814
 2903.354740    15.241605
 2904.024410    14.933476
 2904.692380    14.624519
 2905.361820    14.313663
 2906.030520    14.002323
 2906.700680    13.689856
 2907.369140    13.378115
 2908.038090    13.066439
 2908.708500    12.754728
 2909.377930    12.444461
 2910.048830    12.134840
 2910.718260    11.827534
 2911.389650    11.521285
 2912.059330    11.218055
 2912.729250    10.917236
 2913.400630    10.618553
 2914.070800    10.323459
 2914.742920    10.030798
 2915.413570    9.742291
 2916.085690    9.456889
 2916.756590    9.175931
 2917.429200    8.898379
 2918.100340    8.625715
 2918.771730    8.357389
 2919.444580    8.093070
 2920.116210    7.833949
 2920.789550    7.579014
 2921.461670    7.329482
 2922.135500    7.084360
 2922.807370    6.845055
 2923.479740    6.610747
 2924.154050    6.381007
 2924.826660    6.157126
 2925.500980    5.938001
 2926.174070    5.724607
 2926.848880    5.516030
 2927.522220    5.313260
 2928.195800    5.115753
 2928.870850    4.923159
 2929.544920    4.736152
 2930.220460    4.554028
 2930.894530    4.377534
 2931.570310    4.205795
 2932.244630    4.039566
 2932.919190    3.878350
 2933.595700    3.721698
 2934.270260    3.570443
 2934.947270    3.423530
 2935.622310    3.281836
 2936.299070    3.144506
 2936.974850    3.012004
 2937.650390    2.884085
 2938.327880    2.760257
 2939.003660    2.641095
 2939.681400    2.525858
 2940.357670    2.415032
 2941.035640    2.308000
 2941.712160    2.205163
 2942.389160    2.106113
 2943.067630    2.010622
 2943.744630    1.918999
 2944.423580    1.830682
 2945.100830    1.746048
 2945.780030    1.664537
 2946.457760    1.586464
 2947.135500    1.511548
 2947.815190    1.439487
 2948.493410    1.370550
 2949.173100    1.304342
 2949.851560    1.241030
 2950.531980    1.180227
 2951.210450    1.122192
 2951.889650    1.066598
 2952.570070    1.013326
 2953.249270    0.962481
 2953.930660    0.913726
 2954.610110    0.867277
 2955.291500    0.822787
 2955.971190    0.780416
 2956.651120    0.739962
 2957.333010    0.701253
 2958.013180    0.664429
 2958.695560    0.629209
 2959.376220    0.595726
 2960.058350    0.563759
 2960.739500    0.533359
 2961.420410    0.504426
 2962.103520    0.476803
 2962.784910    0.450589
 2963.468020    0.425599
 2964.149900    0.401885
 2964.833500    0.379294
 2965.515380    0.357887
 2966.197750    0.337545
 2966.881590    0.318194
 2967.564210    0.299866
 2968.248540    0.282438
 2968.931150    0.265956
 2969.615720    0.250290
 2970.299070    0.235475
 2970.984130    0.221411
 2971.667480    0.208130
 2972.351070    0.195559
 2973.036620    0.183635
 2973.720700    0.172386
 2974.406250    0.161733
 2975.090580    0.151688
 2975.776610    0.142179
 2976.461180    0.133224
 2977.146000    0.124774
 2977.832280    0.116789
 2978.517580    0.109273
 2979.204350    0.102178
 2979.889650    0.095511
 2980.576660    0.089222
 2981.262210    0.083318
 2981.948240    0.077763
 2982.635990    0.072529
 2983.322020    0.067625
 2984.010010    0.063008
 2984.696530    0.058685
 2985.384770    0.054622
 2986.071530    0.050820
 2986.758540    0.047257
 2987.447270    0.043914
 2988.134770    0.040790
 2988.823490    0.037863
 2989.510990    0.035131
 2990.200440    0.032573
 2990.888180    0.030189
 2991.576170    0.027964
 2992.266360    0.025882
 2992.954830    0.023946
 2993.644780    0.022139
 2994.333500    0.020459
 2995.023930    0.018892
 2995.713130    0.017438
 2996.402100    0.016087
 2997.093020    0.014829
 2997.782710    0.013662
 2998.473880    0.012578
 2999.163570    0.011576
 2999.855470    0.010644
 3000.545410    0.009784
 3001.235600    0.008986
 3001.927730    0.008248
 3002.618410    0.007567
 3003.310550    0.006937
 3004.001710    0.006355
 3004.694340    0.005818
 3005.385740    0.005324
 3006.076900    0.004869
 3006.770020    0.004450
 3007.461670    0.004065
 3008.155270    0.003709
 3008.847410    0.003383
 3009.541260    0.003083
 3010.233400    0.002809
 3010.926270    0.002557
 3011.620360    0.002326
 3012.313230    0.002114
 3013.007810    0.001921
 3013.700930    0.001744
 3014.395750    0.001582
 3015.089360    0.001435
 3015.783200    0.001300
 3016.478270    0.001177
 3017.172610    0.001065
 3017.868160    0.000963
 3018.562260    0.000871
 3019.258540    0.000786
 3019.952880    0.000710
 3020.647950    0.000640
 3021.344480    0.000576
 3022.039310    0.000519
 3022.736330    0.000467
 3023.431640    0.000421
 3024.128660    0.000378
 3024.824460    0.000340
 3025.522220    0.000304
 3026.218020    0.000273
 3026.914310    0.000245
 3027.612300    0.000219
 3028.308840    0.000196
 3029.007080    0.000175
 3029.703860    0.000156
 3030.402590    0.000140
 3031.099850    0.000125
 3031.797120    0.000112
 3032.496090    0.000099
 3033.193600    0.000089
 3033.893310    0.000079
 3034.591060    0.000070
 3035.290770    0.000062
 3035.989010    0.000055
 3036.687740    0.000049
 3037.387700    0.000044
 3038.086670    0.000038
 3038.787350    0.000034
 3039.486080    0.000031
 3040.187260    0.000027
 3040.886470    0.000024
 3041.586180    0.000021
 3042.287350    0.000018
 3042.987550    0.000016
 3043.689210    0.000014
 3044.389160    0.000012
 3045.091060    0.000011
 3045.791750    0.000010
 3046.492430    0.000009
 3047.194820    0.000008
 3047.896000    0.000007
 3048.598880    0.000006
 3049.300050    0.000005
