 2653.384280    0.120109
 2653.996340    0.128609
 2654.606690    0.137636
 2655.217290    0.147247
 2655.829830    0.157507
 2656.440670    0.168388
 2657.053220    0.179988
 2657.664550    0.192288
 2658.277340    0.205385
 2658.888920    0.219262
 2659.500730    0.233993
 2660.114010    0.249654
 2660.725830    0.266218
 2661.339360    0.283821
 2661.951660    0.302429
 2662.565430    0.322177
 2663.177980    0.343033
 2663.790530    0.365091
 2664.404790    0.388476
 2665.017820    0.413138
 2665.632320    0.439248
 2666.245610    0.466757
 2666.860350    0.495852
 2667.473880    0.526476
 2668.089110    0.558846
 2668.702880    0.592871
 2669.316890    0.628713
 2669.932370    0.666527
 2670.546630    0.706227
 2671.162350    0.748071
 2671.776860    0.791957
 2672.393070    0.838181
 2673.007810    0.886594
 2673.622560    0.937389
 2674.239260    0.990828
 2674.854490    1.046708
 2675.471190    1.105389
 2676.086670    1.166708
 2676.703860    1.231058
 2677.319580    1.298203
 2677.935550    1.368420
 2678.552980    1.441955
 2679.169190    1.518591
 2679.786870    1.598763
 2680.403560    1.682257
 2681.021480    1.769471
 2681.638430    1.860197
 2682.255370    1.954671
 2682.873780    2.053226
 2683.490970    2.155538
 2684.109860    2.262192
 2684.727290    2.372740
 2685.346440    2.487848
 2685.964110    2.607021
 2686.582030    2.730668
 2687.201660    2.859189
 2687.819820    2.992018
 2688.439450    3.129865
 2689.057860    3.272217
 2689.677980    3.419830
 2690.296880    3.572086
 2690.915770    3.729340
 2691.536380    3.892109
 2692.155270    4.059557
 2692.776370    4.232802
 2693.395750    4.410809
 2694.016850    4.594601
 2694.636720    4.783357
 2695.256590    4.977463
 2695.877930    5.177417
 2696.498050    5.382376
 2697.119870    5.593324
 2697.740480    5.809271
 2698.362550    6.031150
 2698.983400    6.257988
 2699.604250    6.490190
 2700.226810    6.728382
 2700.847900    6.971312
 2701.470700    7.220167
 2702.092040    7.473620
 2702.715330    7.732998
 2703.337160    7.996798
 2703.958980    8.265531
 2704.582520    8.539847
 2705.204830    8.818349
 2705.828370    9.101997
 2706.450930    9.389657
 2707.074950    9.682312
 2707.697750    9.978539
 2708.320800    10.278853
 2708.945310    10.583672
 2709.568360    10.891370
 2710.193360    11.203427
 2710.816650    11.517798
 2711.441890    11.836102
 2712.065670    12.156355
 2712.689450    12.479049
 2713.314940    12.804811
 2713.939210    13.131845
 2714.565190    13.461400
 2715.189450    13.791381
 2715.815670    14.123418
 2716.440430    14.455386
 2717.066890    14.788647
 2717.691890    15.121181
 2718.317140    15.453560
 2718.943850    15.786078
 2719.569340    16.116961
 2720.196530    16.447393
 2720.822270    16.775337
 2721.449710    17.102081
 2722.075680    17.425598
 2722.702150    17.746521
 2723.329830    18.064833
 2723.956300    18.378906
 2724.584470    18.689823
 2725.211430    18.995739
 2725.839600    19.297457
 2726.466800    19.593529
 2727.093990    19.884050
 2727.722900    20.169401
 2728.350340    20.447763
 2728.979490    20.720160
 2729.607420    20.984945
 2730.236820    21.242886
 2730.864750    21.492420
 2731.493160    21.733997
 2732.122800    21.967516
 2732.751460    22.191826
 2733.381590    22.407469
 2734.010500    22.613201
 2734.640870    22.809599
 2735.270020    22.995529
 2735.899410    23.171171
 2736.530270    23.336567
 2737.159670    23.490696
 2737.790770    23.634098
 2738.420650    23.765873
 2739.052250    23.886425
 2739.682370    23.994953
 2740.312500    24.091587
 2740.944340    24.176388
 2741.575200    24.248844
 2742.207280    24.309092
 2742.838130    24.356796
 2743.470460    24.392082
 2744.101560    24.414740
 2744.732910    24.424808
 2745.365970    24.422239
 2745.997310    24.407049
 2746.630860    24.379150
 2747.262700    24.338743
 2747.896000    24.285694
 2748.528080    24.220303
 2749.160640    24.142513
 2749.794430    24.052303
 2750.427000    23.950159
 2751.061280    23.835754
 2751.694090    23.709824
 2752.328610    23.571926
 2752.961910    23.422890
 2753.595210    23.262688
 2754.230220    23.091089
 2754.863770    22.909201
 2755.499020    22.716373
 2756.132810    22.513859
 2756.768550    22.300852
 2757.402590    22.078884
 2758.036870    21.847637
 2758.673100    21.606770
 2759.307620    21.358013
 2759.943850    21.100386
 2760.578860    20.835430
 2761.215330    20.562399
 2761.850590    20.282814
 2762.487550    19.995775
 2763.123050    19.703094
 2763.758790    19.404402
 2764.396000    19.099504
 2765.031980    18.790083
 2765.669430    18.475237
 2766.305910    18.156574
 2766.943600    17.833397
 2767.580320    17.507223
 2768.216800    17.178093
 2768.855220    16.845261
 2769.492190    16.510902
 2770.130860    16.173748
 2770.768070    15.835859
 2771.407230    15.495811
 2772.044680    15.155930
 2772.682130    14.815677
 2773.321780    14.474244
 2773.959720    14.134071
 2774.599370    13.793688
 2775.237550    13.455120
 2775.877690    13.116884
 2776.516360    12.781113
 2777.155030    12.447332
 2777.795170    12.115084
 2778.434330    11.785925
 2779.074950    11.458876
 2779.714360    11.135573
 2780.355470    10.814790
 2780.995120    10.498356
 2781.634770    10.185760
 2782.276120    9.876396
 2782.916260    9.571883
 2783.558110    9.271021
 2784.198490    8.975475
 2784.840330    8.684060
 2785.480960    8.398144
 2786.121830    8.117201
 2786.764400    7.840737
 2787.405270    7.570336
 2788.048100    7.304558
 2788.689450    7.044908
 2789.332520    6.790183
 2789.974370    6.541615
 2790.615970    6.298861
 2791.259770    6.061064
 2791.901610    5.829796
 2792.545410    5.603668
 2793.187990    5.383821
 2793.832030    5.169338
 2794.474850    4.961110
 2795.117680    4.758710
 2795.762210    4.561599
 2796.405520    4.370644
 2797.050290    4.185013
 2797.693600    4.005500
 2798.338870    3.831102
 2798.982420    3.662752
 2799.626460    3.499790
 2800.272220    3.341862
 2800.916260    3.189725
 2801.562260    3.042434
 2802.206790    2.900682
 2802.852780    2.763735
 2803.497560    2.632068
 2804.142580    2.505269
 2804.789310    2.382969
 2805.434330    2.265710
 2806.081300    2.152719
 2806.726810    2.044490
 2807.374020    1.940378
 2808.020020    1.840748
 2808.666020    1.745284
 2809.313480    1.653669
 2809.959960    1.566136
 2810.607910    1.482244
 2811.254390    1.402256
 2811.902830    1.325636
 2812.549560    1.252705
 2813.198240    1.182936
 2813.845210    1.116611
 2814.492680    1.053383
 2815.141600    0.993060
 2815.789310    0.935782
 2816.438720    0.881186
 2817.086430    0.829453
 2817.736080    0.780186
 2818.384520    0.733526
 2819.032710    0.689296
 2819.682620    0.647269
 2820.331300    0.607544
 2820.981930    0.569833
 2821.630620    0.534272
 2822.281490    0.500545
 2822.930660    0.468770
 2823.580080    0.438759
 2824.231200    0.410372
 2824.880860    0.383667
 2825.532230    0.358438
 2826.182370    0.334726
 2826.833980    0.312362
 2827.484380    0.291368
 2828.134770    0.271636
 2828.786870    0.253053
 2829.437740    0.235642
 2830.090090    0.219273
 2830.741210    0.203954
 2831.394040    0.189565
 2832.045410    0.176122
 2832.697020    0.163537
 2833.350100    0.151741
 2834.001950    0.140738
 2834.655520    0.130435
 2835.307620    0.120839
 2835.961180    0.111867
 2836.613770    0.103517
 2837.266360    0.095736
 2837.920410    0.088474
 2838.573490    0.081728
 2839.228030    0.075440
 2839.881100    0.069611
 2840.535890    0.064181
 2841.189450    0.059152
 2841.843020    0.054485
 2842.498540    0.050147
 2843.152340    0.046139
 2843.807860    0.042418
 2844.462160    0.038980
 2845.118160    0.035794
 2845.772710    0.032856
 2846.427250    0.030142
 2847.083740    0.027630
 2847.738770    0.025317
 2848.395260    0.023181
 2849.050540    0.021216
 2849.707760    0.019402
 2850.363280    0.017737
 2851.018800    0.016207
 2851.676270    0.014795
 2852.332280    0.013502
 2852.989990    0.012312
 2853.646480    0.011222
 2854.304440    0.010221
 2854.960940    0.009306
 2855.617920    0.008468
 2856.276370    0.007699
 2856.933350    0.006997
 2857.592290    0.006353
 2858.249760    0.005768
 2858.908940    0.005232
 2859.566650    0.004744
 2860.224370    0.004298
 2860.883790    0.003892
 2861.541750    0.003523
 2862.201900    0.003186
 2862.860350    0.002880
 2863.520510    0.002602
 2864.179200    0.002349
 2864.839840    0.002119
 2865.498780    0.001911
 2866.157960    0.001723
 2866.818850    0.001552
 2867.478520    0.001397
 2868.139650    0.001257
 2868.799320    0.001130
 2869.460940    0.001016
 2870.121090    0.000912
 2870.781490    0.000818
 2871.443360    0.000734
 2872.103760    0.000658
 2872.766360    0.000589
 2873.427000    0.000528
 2874.089600    0.000472
 2874.750730    0.000422
 2875.412110    0.000378
 2876.075440    0.000338
 2876.736820    0.000301
 2877.400390    0.000269
 2878.062260    0.000239
 2878.725830    0.000214
 2879.388180    0.000190
 2880.050540    0.000169
 2880.714600    0.000151
 2881.377440    0.000134
 2882.041750    0.000119
 2882.704830    0.000106
 2883.369380    0.000093
 2884.032960    0.000083
 2884.696530    0.000073
 2885.361330    0.000065
 2886.025390    0.000057
 2886.690920    0.000051
 2887.354980    0.000045
 2888.020510    0.000040
 2888.685060    0.000035
 2889.349610    0.000031
 2890.015870    0.000028
 2890.680910    0.000024
 2891.347410    0.000021
 2892.012700    0.000019
 2892.679200    0.000016
 2893.344970    0.000014
 2894.010500    0.000012
 2894.677730    0.000011
 2895.343510    0.000010
 2896.011470    0.000009
 2896.677490    0.000008
 2897.345460    0.000007
 2898.011960    0.000006
 2898.678960    0.000005
 2899.347170    0.000005
 2900.014160    0.000004
 2900.682860    0.000004
 2901.350100    0.000003
 2902.019530    0.000003
 2902.687010    0.000002
 2903.354740    0.000002
 2904.024410    0.000002
 2904.692380    0.000002
 2905.361820    0.000001
 2906.030520    0.000001
 2906.700680    0.000001
 2907.369140    0.000001
 2908.038090    0.000001
 2908.708500    0.000001
 2909.377930    0.000001
 2910.048830    0.000000
 2910.718260    0.000000
 2911.389650    0.000000
 2912.059330    0.000000
 2912.729250    0.000000
 2913.400630    0.000000
 2914.070800    0.000000
 2914.742920    0.000000
 2915.413570    0.000000
 2916.085690    0.000000
 2916.756590    0.000000
 2917.429200    0.000000
 2918.100340    0.000000
 2918.771730    0.000000
 2919.444580    0.000000
 2920.116210    0.000000
 2920.789550    0.000000
 2921.461670    0.000000
 2922.135500    0.000000
 2922.807370    0.000000
 2923.479740    0.000000
 2924.154050    0.000000
 2924.826660    0.000000
 2925.500980    0.000000
 2926.174070    0.000000
 2926.848880    0.000000
 2927.522220    0.000000
 2928.195800    0.000000
 2928.870850    0.000000
 2929.544920    0.000000
 2930.220460    0.000000
 2930.894530    0.000000
 2931.570310    0.000000
 2932.244630    0.000000
 2932.919190    0.000000
 2933.595700    0.000000
 2934.270260    0.000000
 2934.947270    0.000000
 2935.622310    0.000000
 2936.299070    0.000000
 2936.974850    0.000000
 2937.650390    0.000000
 2938.327880    0.000000
 2939.003660    0.000000
 2939.681400    0.000000
 2940.357670    0.000000
 2941.035640    0.000000
 2941.712160    0.000000
 2942.389160    0.000000
 2943.067630    0.000000
 2943.744630    0.000000
 2944.423580    0.000000
 2945.100830    0.000000
 2945.780030    0.000000
 2946.457760    0.000000
 2947.135500    0.000000
 2947.815190    0.000000
 2948.493410    0.000000
 2949.173100    0.000000
 2949.851560    0.000000
 2950.531980    0.000000
 2951.210450    0.000000
 2951.889650    0.000000
 2952.570070    0.000000
 2953.249270    0.000000
 2953.930660    0.000000
 2954.610110    0.000000
 2955.291500    0.000000
 2955.971190    0.000000
 2956.651120    0.000000
 2957.333010    0.000000
 2958.013180    0.000000
 2958.695560    0.000000
 2959.376220    0.000000
 2960.058350    0.000000
 2960.739500    0.000000
 2961.420410    0.000000
 2962.103520    0.000000
 2962.784910    0.000000
 2963.468020    0.000000
 2964.149900    0.000000
 2964.833500    0.000000
 2965.515380    0.000000
 2966.197750    0.000000
 2966.881590    0.000000
 2967.564210    0.000000
 2968.248540    0.000000
 2968.931150    0.000000
 2969.615720    0.000000
 2970.299070    0.000000
 2970.984130    0.000000
 2971.667480    0.000000
 2972.351070    0.000000
 2973.036620    0.000000
 2973.720700    0.000000
 2974.406250    0.000000
 2975.090580    0.000000
 2975.776610    0.000000
 2976.461180    0.000000
 2977.146000    0.000000
 2977.832280    0.000000
 2978.517580    0.000000
 2979.204350    0.000000
 2979.889650    0.000000
 2980.576660    0.000000
 2981.262210    0.000000
 2981.948240    0.000000
 2982.635990    0.000000
 2983.322020    0.000000
 2984.010010    0.000000
 2984.696530    0.000000
 2985.384770    0.000000
 2986.071530    0.000000
 2986.758540    0.000000
 2987.447270    0.000000
 2988.134770    0.000000
 2988.823490    0.000000
 2989.510990    0.000000
 2990.200440    0.000000
 2990.888180    0.000000
 2991.576170    0.000000
 2992.266360    0.000000
 2992.954830    0.000000
 2993.644780    0.000000
 2994.333500    0.000000
 2995.023930    0.000000
 2995.713130    0.000000
 2996.402100    0.000000
 2997.093020    0.000000
 2997.782710    0.000000
 2998.473880    0.000000
 2999.163570    0.000000
 2999.855470    0.000000
 3000.545410    0.000000
 3001.235600    0.000000
 3001.927730    0.000000
 3002.618410    0.000000
 3003.310550    0.000000
 3004.001710    0.000000
 3004.694340    0.000000
 3005.385740    0.000000
 3006.076900    0.000000
 3006.770020    0.000000
 3007.461670    0.000000
 3008.155270    0.000000
 3008.847410    0.000000
 3009.541260    0.000000
 3010.233400    0.000000
 3010.926270    0.000000
 3011.620360    0.000000
 3012.313230    0.000000
 3013.007810    0.000000
 3013.700930    0.000000
 3014.395750    0.000000
 3015.089360    0.000000
 3015.783200    0.000000
 3016.478270    0.000000
 3017.172610    0.000000
 3017.868160    0.000000
 3018.562260    0.000000
 3019.258540    0.000000
 3019.952880    0.000000
 3020.647950    0.000000
 3021.344480    0.000000
 3022.039310    0.000000
 3022.736330    0.000000
 3023.431640    0.000000
 3024.128660    0.000000
 3024.824460    0.000000
 3025.522220    0.000000
 3026.218020    0.000000
 3026.914310    0.000000
 3027.612300    0.000000
 3028.308840    0.000000
 3029.007080    0.000000
 3029.703860    0.000000
 3030.402590    0.000000
 3031.099850    0.000000
 3031.797120    0.000000
 3032.496090    0.000000
 3033.193600    0.000000
 3033.893310    0.000000
 3034.591060    0.000000
 3035.290770    0.000000
 3035.989010    0.000000
 3036.687740    0.000000
 3037.387700    0.000000
 3038.086670    0.000000
 3038.787350    0.000000
 3039.486080    0.000000
 3040.187260    0.000000
 3040.886470    0.000000
 3041.586180    0.000000
 3042.287350    0.000000
 3042.987550    0.000000
 3043.689210    0.000000
 3044.389160    0.000000
 3045.091060    0.000000
 3045.791750    0.000000
 3046.492430    0.000000
 3047.194820    0.000000
 3047.896000    0.000000
 3048.598880    0.000000
 3049.300050    0.000000
