 2653.384280    1.684022
 2653.996340    1.742869
 2654.606690    1.802985
 2655.217290    1.864564
 2655.829830    1.927792
 2656.440670    1.992297
 2657.053220    2.058444
 2657.664550    2.125920
 2658.277340    2.195024
 2658.888920    2.265455
 2659.500730    2.337374
 2660.114010    2.410927
 2660.725830    2.485758
 2661.339360    2.562249
 2661.951660    2.640028
 2662.565430    2.719425
 2663.177980    2.800083
 2663.790530    2.882144
 2664.404790    2.965825
 2665.017820    3.050713
 2665.632320    3.137158
 2666.245610    3.224763
 2666.860350    3.313888
 2667.473880    3.404117
 2668.089110    3.495855
 2668.702880    3.588601
 2669.316890    3.682574
 2669.932370    3.777933
 2670.546630    3.874227
 2671.162350    3.971837
 2671.776860    4.070297
 2672.393070    4.170035
 2673.007810    4.270494
 2673.622560    4.371861
 2674.239260    4.474413
 2674.854490    4.577531
 2675.471190    4.681653
 2676.086670    4.786271
 2676.703860    4.891823
 2677.319580    4.997711
 2677.935550    5.104161
 2678.552980    5.211327
 2679.169190    5.318675
 2679.786870    5.426606
 2680.403560    5.534626
 2681.021480    5.643048
 2681.638430    5.751414
 2682.255370    5.859823
 2682.873780    5.968457
 2683.490970    6.076765
 2684.109860    6.185185
 2684.727290    6.293083
 2685.346440    6.400929
 2685.964110    6.508092
 2686.582030    6.614785
 2687.201660    6.721177
 2687.819820    6.826638
 2688.439450    6.931582
 2689.057860    7.035470
 2689.677980    7.138707
 2690.296880    7.240718
 2690.915770    7.341622
 2691.536380    7.441607
 2692.155270    7.540036
 2692.776370    7.637442
 2693.395750    7.733127
 2694.016850    7.827532
 2694.636720    7.920127
 2695.256590    8.011017
 2695.877930    8.100325
 2696.498050    8.187583
 2697.119870    8.273123
 2697.740480    8.356458
 2698.362550    8.437870
 2698.983400    8.516930
 2699.604250    8.593725
 2700.226810    8.668386
 2700.847900    8.740458
 2701.470700    8.810241
 2702.092040    8.877310
 2702.715330    8.941966
 2703.337160    9.003793
 2703.958980    9.062884
 2704.582520    9.119334
 2705.204830    9.172822
 2705.828370    9.223508
 2706.450930    9.271160
 2707.074950    9.315921
 2707.697750    9.357554
 2708.320800    9.396126
 2708.945310    9.431665
 2709.568360    9.463975
 2710.193360    9.493200
 2710.816650    9.519143
 2711.441890    9.541937
 2712.065670    9.561435
 2712.689450    9.577682
 2713.314940    9.590702
 2713.939210    9.600426
 2714.565190    9.606893
 2715.189450    9.610073
 2715.815670    9.609990
 2716.440430    9.606651
 2717.066890    9.600055
 2717.691890    9.590253
 2718.317140    9.577250
 2718.943850    9.561037
 2719.569340    9.541712
 2720.196530    9.519220
 2720.822270    9.493712
 2721.449710    9.465099
 2722.075680    9.433578
 2722.702150    9.399103
 2723.329830    9.361683
 2723.956300    9.321522
 2724.584470    9.278492
 2725.211430    9.232861
 2725.839600    9.184521
 2726.466800    9.133713
 2727.093990    9.080445
 2727.722900    9.024643
 2728.350340    8.966673
 2728.979490    8.906329
 2729.607420    8.843982
 2730.236820    8.779457
 2730.864750    8.713157
 2731.493160    8.644976
 2732.122800    8.574932
 2732.751460    8.503379
 2733.381590    8.430141
 2734.010500    8.355643
 2734.640870    8.279680
 2735.270020    8.202692
 2735.899410    8.124619
 2736.530270    8.045426
 2737.159670    7.965602
 2737.790770    7.884869
 2738.420650    7.803725
 2739.052250    7.721920
 2739.682370    7.639991
 2740.312500    7.557880
 2740.944340    7.475492
 2741.575200    7.393311
 2742.207280    7.311180
 2742.838130    7.229551
 2743.470460    7.148211
 2744.101560    7.067636
 2744.732910    6.987776
 2745.365970    6.908581
 2745.997310    6.830614
 2746.630860    6.753529
 2747.262700    6.677935
 2747.896000    6.603588
 2748.528080    6.530937
 2749.160640    6.459915
 2749.794430    6.390580
 2750.427000    6.323329
 2751.061280    6.257987
 2751.694090    6.195011
 2752.328610    6.134214
 2752.961910    6.076008
 2753.595210    6.020400
 2754.230220    5.967376
 2754.863770    5.917326
 2755.499020    5.870122
 2756.132810    5.826124
 2756.768550    5.785214
 2757.402590    5.747748
 2758.036870    5.713714
 2758.673100    5.683150
 2759.307620    5.656343
 2759.943850    5.633260
 2760.578860    5.614115
 2761.215330    5.598934
 2761.850590    5.587883
 2762.487550    5.581015
 2763.123050    5.578462
 2763.758790    5.580297
 2764.396000    5.586632
 2765.031980    5.597527
 2765.669430    5.613119
 2766.305910    5.633430
 2766.943600    5.658613
 2767.580320    5.688657
 2768.216800    5.723653
 2768.855220    5.763807
 2769.492190    5.808976
 2770.130860    5.859447
 2770.768070    5.915029
 2771.407230    5.976075
 2772.044680    6.042290
 2772.682130    6.113873
 2773.321780    6.191138
 2773.959720    6.273655
 2774.599370    6.361897
 2775.237550    6.455460
 2775.877690    6.554869
 2776.516360    6.659619
 2777.155030    6.769947
 2777.795170    6.886128
 2778.434330    7.007735
 2779.074950    7.135234
 2779.714360    7.268089
 2780.355470    7.406902
 2780.995120    7.550975
 2781.634770    7.700592
 2782.276120    7.856152
 2782.916260    8.016916
 2783.558110    8.183590
 2784.198490    8.355307
 2784.840330    8.532804
 2785.480960    8.715286
 2786.121830    8.903097
 2786.764400    9.096625
 2787.405270    9.294766
 2788.048100    9.498579
 2788.689450    9.706901
 2789.332520    9.920675
 2789.974370    10.138836
 2790.615970    10.361599
 2791.259770    10.589724
 2791.901610    10.821628
 2792.545410    11.058601
 2793.187990    11.299357
 2793.832030    11.544774
 2794.474850    11.793691
 2795.117680    12.046424
 2795.762210    12.303511
 2796.405520    12.563631
 2797.050290    12.827709
 2797.693600    13.094380
 2798.338870    13.364891
 2798.982420    13.637528
 2799.626460    13.913031
 2800.272220    14.191742
 2800.916260    14.471998
 2801.562260    14.755187
 2802.206790    15.039613
 2802.852780    15.326355
 2803.497560    15.614011
 2804.142580    15.903011
 2804.789310    16.193794
 2805.434330    16.484598
 2806.081300    16.776840
 2806.726810    17.068745
 2807.374020    17.361507
 2808.020020    17.653563
 2808.666020    17.945217
 2809.313480    18.236887
 2809.959960    18.527220
 2810.607910    18.817062
 2811.254390    19.104849
 2811.902830    19.391842
 2812.549560    19.676167
 2813.198240    19.959173
 2813.845210    20.239006
 2814.492680    20.516367
 2815.141600    20.791399
 2815.789310    21.062710
 2816.438720    21.331263
 2817.086430    21.595392
 2817.736080    21.856329
 2818.384520    22.112543
 2819.032710    22.364185
 2819.682620    22.611748
 2820.331300    22.853867
 2820.981930    23.091473
 2821.630620    23.322905
 2822.281490    23.549404
 2822.930660    23.769373
 2823.580080    23.983269
 2824.231200    24.191328
 2824.880860    24.392313
 2825.532230    24.586996
 2826.182370    24.774286
 2826.833980    24.954754
 2827.484380    25.127468
 2828.134770    25.292583
 2828.786870    25.450329
 2829.437740    25.599815
 2830.090090    25.741497
 2830.741210    25.874632
 2831.394040    25.999662
 2832.045410    26.115839
 2832.697020    26.223362
 2833.350100    26.322285
 2834.001950    26.412083
 2834.655520    26.493048
 2835.307620    26.564691
 2835.961180    26.627254
 2836.613770    26.680426
 2837.266360    26.724239
 2837.920410    26.758713
 2838.573490    26.783670
 2839.228030    26.799160
 2839.881100    26.805090
 2840.535890    26.801481
 2841.189450    26.788336
 2841.843020    26.765663
 2842.498540    26.733385
 2843.152340    26.691700
 2843.807860    26.640436
 2844.462160    26.579863
 2845.118160    26.509760
 2845.772710    26.430540
 2846.427250    26.342135
 2847.083740    26.244331
 2847.738770    26.137735
 2848.395260    26.021977
 2849.050540    25.897650
 2849.707760    25.764267
 2850.363280    25.622702
 2851.018800    25.472771
 2851.676270    25.314144
 2852.332280    25.147799
 2852.989990    24.973103
 2853.646480    24.791000
 2854.304440    24.600933
 2854.960940    24.403940
 2855.617920    24.199648
 2856.276370    23.987934
 2856.933350    23.769945
 2857.592290    23.544767
 2858.249760    23.313778
 2858.908940    23.076090
 2859.566650    22.833073
 2860.224370    22.584448
 2860.883790    22.329784
 2861.541750    22.070549
 2862.201900    21.805538
 2862.860350    21.536562
 2863.520510    21.262480
 2864.179200    20.984856
 2864.839840    20.702505
 2865.498780    20.417244
 2866.157960    20.128494
 2866.818850    19.835859
 2867.478520    19.540888
 2868.139650    19.242632
 2868.799320    18.942675
 2869.460940    18.639706
 2870.121090    18.335548
 2870.781490    18.029665
 2871.443360    17.721739
 2872.103760    17.413372
 2872.766360    17.103104
 2873.427000    16.793108
 2874.089600    16.481800
 2874.750730    16.171009
 2875.412110    15.860165
 2876.075440    15.548692
 2876.736820    15.238637
 2877.400390    14.928276
 2878.062260    14.619648
 2878.725830    14.311362
 2879.388180    14.004980
 2880.050540    13.700130
 2880.714600    13.396218
 2881.377440    13.094770
 2882.041750    12.794744
 2882.704830    12.497520
 2883.369380    12.202065
 2884.032960    11.909624
 2884.696530    11.619909
 2885.361330    11.332543
 2886.025390    11.048510
 2886.690920    10.767007
 2887.354980    10.489398
 2888.020510    10.214576
 2888.685060    9.943666
 2889.349610    9.676365
 2890.015870    9.412099
 2890.680910    9.152122
 2891.347410    8.895478
 2892.012700    8.643277
 2892.679200    8.394666
 2893.344970    8.150443
 2894.010500    7.910478
 2894.677730    7.674135
 2895.343510    7.442585
 2896.011470    7.214602
 2896.677490    6.991642
 2897.345460    6.772424
 2898.011960    6.558096
 2898.678960    6.348040
 2899.347170    6.142055
 2900.014160    5.940897
 2900.682860    5.743692
 2901.350100    5.551373
 2902.019530    5.362885
 2902.687010    5.179383
 2903.354740    5.000234
 2904.024410    4.824976
 2904.692380    4.654543
 2905.361820    4.488098
 2906.030520    4.326157
 2906.700680    4.168159
 2907.369140    4.014809
 2908.038090    3.865548
 2908.708500    3.720130
 2909.377930    3.579041
 2910.048830    3.441716
 2910.718260    3.308701
 2911.389650    3.179263
 2912.059330    3.054051
 2912.729250    2.932628
 2913.400630    2.814722
 2914.070800    2.700741
 2914.742920    2.590087
 2915.413570    2.483258
 2916.085690    2.379717
 2916.756590    2.279811
 2917.429200    2.183034
 2918.100340    2.089775
 2918.771730    1.999715
 2919.444580    1.912628
 2920.116210    1.828790
 2920.789550    1.747766
 2921.461670    1.669836
 2922.135500    1.594592
 2922.807370    1.522367
 2923.479740    1.452813
 2924.154050    1.385723
 2924.826660    1.321389
 2925.500980    1.259412
 2926.174070    1.199989
 2926.848880    1.142796
 2927.522220    1.088031
 2928.195800    1.035479
 2928.870850    0.984983
 2929.544920    0.936662
 2930.220460    0.890274
 2930.894530    0.845955
 2931.570310    0.803431
 2932.244630    0.762839
 2932.919190    0.724010
 2933.595700    0.686790
 2934.270260    0.651335
 2934.947270    0.617355
 2935.622310    0.585015
 2936.299070    0.554082
 2936.974850    0.524625
 2937.650390    0.496553
 2938.327880    0.469729
 2939.003660    0.444246
 2939.681400    0.419918
 2940.357670    0.396817
 2941.035640    0.374790
 2941.712160    0.353894
 2942.389160    0.334021
 2943.067630    0.315103
 2943.744630    0.297180
 2944.423580    0.280121
 2945.100830    0.263979
 2945.780030    0.248630
 2946.457760    0.234112
 2947.135500    0.220358
 2947.815190    0.207295
 2948.493410    0.194958
 2949.173100    0.183260
 2949.851560    0.172215
 2950.531980    0.161746
 2951.210450    0.151882
 2951.889650    0.142554
 2952.570070    0.133733
 2953.249270    0.125423
 2953.930660    0.117559
 2954.610110    0.110167
 2955.291500    0.103180
 2955.971190    0.096615
 2956.651120    0.090430
 2957.333010    0.084592
 2958.013180    0.079114
 2958.695560    0.073946
 2959.376220    0.069099
 2960.058350    0.064537
 2960.739500    0.060258
 2961.420410    0.056242
 2962.103520    0.052462
 2962.784910    0.048925
 2963.468020    0.045601
 2964.149900    0.042492
 2964.833500    0.039572
 2965.515380    0.036845
 2966.197750    0.034291
 2966.881590    0.031897
 2967.564210    0.029661
 2968.248540    0.027567
 2968.931150    0.025616
 2969.615720    0.023787
 2970.299070    0.022084
 2970.984130    0.020492
 2971.667480    0.019010
 2972.351070    0.017628
 2973.036620    0.016335
 2973.720700    0.015136
 2974.406250    0.014015
 2975.090580    0.012975
 2975.776610    0.012005
 2976.461180    0.011105
 2977.146000    0.010267
 2977.832280    0.009488
 2978.517580    0.008765
 2979.204350    0.008094
 2979.889650    0.007471
 2980.576660    0.006893
 2981.262210    0.006357
 2981.948240    0.005861
 2982.635990    0.005401
 2983.322020    0.004975
 2984.010010    0.004580
 2984.696530    0.004216
 2985.384770    0.003879
 2986.071530    0.003567
 2986.758540    0.003279
 2987.447270    0.003013
 2988.134770    0.002767
 2988.823490    0.002541
 2989.510990    0.002332
 2990.200440    0.002138
 2990.888180    0.001961
 2991.576170    0.001798
 2992.266360    0.001646
 2992.954830    0.001508
 2993.644780    0.001380
 2994.333500    0.001263
 2995.023930    0.001155
 2995.713130    0.001056
 2996.402100    0.000965
 2997.093020    0.000882
 2997.782710    0.000805
 2998.473880    0.000734
 2999.163570    0.000670
 2999.855470    0.000611
 3000.545410    0.000557
 3001.235600    0.000508
 3001.927730    0.000463
 3002.618410    0.000422
 3003.310550    0.000383
 3004.001710    0.000349
 3004.694340    0.000317
 3005.385740    0.000288
 3006.076900    0.000261
 3006.770020    0.000237
 3007.461670    0.000216
 3008.155270    0.000196
 3008.847410    0.000177
 3009.541260    0.000161
 3010.233400    0.000146
 3010.926270    0.000133
 3011.620360    0.000119
 3012.313230    0.000109
 3013.007810    0.000098
 3013.700930    0.000089
 3014.395750    0.000080
 3015.089360    0.000072
 3015.783200    0.000066
 3016.478270    0.000059
 3017.172610    0.000053
 3017.868160    0.000048
 3018.562260    0.000043
 3019.258540    0.000039
 3019.952880    0.000035
 3020.647950    0.000031
 3021.344480    0.000029
 3022.039310    0.000026
 3022.736330    0.000023
 3023.431640    0.000021
 3024.128660    0.000019
 3024.824460    0.000017
 3025.522220    0.000015
 3026.218020    0.000013
 3026.914310    0.000012
 3027.612300    0.000010
 3028.308840    0.000010
 3029.007080    0.000009
 3029.703860    0.000008
 3030.402590    0.000007
 3031.099850    0.000007
 3031.797120    0.000006
 3032.496090    0.000005
 3033.193600    0.000005
 3033.893310    0.000004
 3034.591060    0.000004
 3035.290770    0.000003
 3035.989010    0.000003
 3036.687740    0.000003
 3037.387700    0.000002
 3038.086670    0.000002
 3038.787350    0.000002
 3039.486080    0.000002
 3040.187260    0.000001
 3040.886470    0.000001
 3041.586180    0.000001
 3042.287350    0.000001
 3042.987550    0.000001
 3043.689210    0.000001
 3044.389160    0.000001
 3045.091060    0.000001
 3045.791750    0.000001
 3046.492430    0.000001
 3047.194820    0.000000
 3047.896000    0.000000
 3048.598880    0.000000
 3049.300050    0.000000
