 2653.384280    0.001146
 2653.996340    0.001269
 2654.606690    0.001402
 2655.217290    0.001547
 2655.829830    0.001704
 2656.440670    0.001874
 2657.053220    0.002057
 2657.664550    0.002254
 2658.277340    0.002467
 2658.888920    0.002695
 2659.500730    0.002939
 2660.114010    0.003201
 2660.725830    0.003479
 2661.339360    0.003777
 2661.951660    0.004092
 2662.565430    0.004429
 2663.177980    0.004785
 2663.790530    0.005161
 2664.404790    0.005560
 2665.017820    0.005980
 2665.632320    0.006425
 2666.245610    0.006892
 2666.860350    0.007384
 2667.473880    0.007900
 2668.089110    0.008444
 2668.702880    0.009012
 2669.316890    0.009609
 2669.932370    0.010236
 2670.546630    0.010891
 2671.162350    0.011580
 2671.776860    0.012301
 2672.393070    0.013061
 2673.007810    0.013856
 2673.622560    0.014693
 2674.239260    0.015578
 2674.854490    0.016509
 2675.471190    0.017497
 2676.086670    0.018542
 2676.703860    0.019658
 2677.319580    0.020844
 2677.935550    0.022114
 2678.552980    0.023479
 2679.169190    0.024948
 2679.786870    0.026540
 2680.403560    0.028262
 2681.021480    0.030141
 2681.638430    0.032189
 2682.255370    0.034431
 2682.873780    0.036901
 2683.490970    0.039614
 2684.109860    0.042618
 2684.727290    0.045934
 2685.346440    0.049619
 2685.964110    0.053701
 2686.582030    0.058241
 2687.201660    0.063308
 2687.819820    0.068938
 2688.439450    0.075229
 2689.057860    0.082229
 2689.677980    0.090056
 2690.296880    0.098769
 2690.915770    0.108482
 2691.536380    0.119340
 2692.155270    0.131403
 2692.776370    0.144883
 2693.395750    0.159842
 2694.016850    0.176521
 2694.636720    0.195014
 2695.256590    0.215537
 2695.877930    0.238346
 2696.498050    0.263558
 2697.119870    0.291531
 2697.740480    0.322380
 2698.362550    0.356511
 2698.983400    0.394062
 2699.604250    0.435398
 2700.226810    0.480972
 2700.847900    0.530894
 2701.470700    0.585783
 2702.092040    0.645741
 2702.715330    0.711506
 2703.337160    0.783139
 2703.958980    0.861223
 2704.582520    0.946455
 2705.204830    1.038911
 2705.828370    1.139441
 2706.450930    1.248194
 2707.074950    1.366117
 2707.697750    1.493231
 2708.320800    1.630339
 2708.945310    1.778286
 2709.568360    1.936912
 2710.193360    2.107635
 2710.816650    2.289988
 2711.441890    2.485570
 2712.065670    2.693831
 2712.689450    2.915699
 2713.314940    3.152301
 2713.939210    3.402978
 2714.565190    3.669325
 2715.189450    3.950246
 2715.815670    4.247713
 2716.440430    4.560384
 2717.066890    4.890059
 2717.691890    5.235221
 2718.317140    5.596836
 2718.943850    5.975673
 2719.569340    6.370033
 2720.196530    6.781610
 2720.822270    7.208067
 2721.449710    7.651218
 2722.075680    8.108370
 2722.702150    8.580351
 2723.329830    9.067101
 2723.956300    9.565948
 2724.584470    10.078348
 2725.211430    10.600924
 2725.839600    11.134598
 2726.466800    11.676287
 2727.093990    12.225486
 2727.722900    12.782288
 2728.350340    13.342350
 2728.979490    13.906880
 2729.607420    14.471533
 2730.236820    15.036924
 2730.864750    15.598550
 2731.493160    16.156235
 2732.122800    16.708620
 2732.751460    17.251743
 2733.381590    17.785645
 2734.010500    18.305964
 2734.640870    18.812828
 2735.270020    19.302000
 2735.899410    19.772610
 2736.530270    20.223480
 2737.159670    20.650557
 2737.790770    21.054083
 2738.420650    21.430344
 2739.052250    21.779331
 2739.682370    22.097660
 2740.312500    22.384685
 2740.944340    22.639694
 2741.575200    22.860315
 2742.207280    23.046228
 2742.838130    23.195808
 2743.470460    23.308927
 2744.101560    23.384518
 2744.732910    23.422455
 2745.365970    23.422447
 2745.997310    23.384476
 2746.630860    23.308432
 2747.262700    23.195087
 2747.896000    23.044434
 2748.528080    22.857798
 2749.160640    22.635620
 2749.794430    22.378553
 2750.427000    22.088795
 2751.061280    21.766321
 2751.694090    21.414226
 2752.328610    21.032349
 2752.961910    20.624157
 2753.595210    20.190773
 2754.230220    19.732857
 2754.863770    19.254677
 2755.499020    18.755894
 2756.132810    18.241085
 2756.768550    17.709597
 2757.402590    17.166622
 2758.036870    16.612684
 2758.673100    16.048374
 2759.307620    15.479040
 2759.943850    14.903698
 2760.578860    14.327011
 2761.215330    13.748499
 2761.850590    13.172489
 2762.487550    12.598137
 2763.123050    12.030018
 2763.758790    11.468208
 2764.396000    10.913166
 2765.031980    10.368644
 2765.669430    9.833639
 2766.305910    9.311390
 2766.943600    8.801160
 2767.580320    8.305655
 2768.216800    7.825087
 2768.855220    7.358558
 2769.492190    6.909175
 2770.130860    6.475185
 2770.768070    6.059125
 2771.407230    5.659043
 2772.044680    5.277406
 2772.682130    4.913189
 2773.321780    4.565207
 2773.959720    4.235501
 2774.599370    3.922126
 2775.237550    3.626395
 2775.877690    3.346431
 2776.516360    3.083375
 2777.155030    2.836150
 2777.795170    2.603776
 2778.434330    2.386658
 2779.074950    2.183446
 2779.714360    1.994441
 2780.355470    1.818215
 2780.995120    1.655054
 2781.634770    1.503940
 2782.276120    1.363907
 2782.916260    1.235003
 2783.558110    1.116043
 2784.198490    1.007025
 2784.840330    0.906861
 2785.480960    0.815402
 2786.121830    0.731861
 2786.764400    0.655541
 2787.405270    0.586327
 2788.048100    0.523322
 2788.689450    0.466390
 2789.332520    0.414794
 2789.974370    0.368339
 2790.615970    0.326527
 2791.259770    0.288831
 2791.901610    0.255131
 2792.545410    0.224879
 2793.187990    0.197910
 2793.832030    0.173817
 2794.474850    0.152423
 2795.117680    0.133425
 2795.762210    0.116545
 2796.405520    0.101645
 2797.050290    0.088465
 2797.693600    0.076880
 2798.338870    0.066664
 2798.982420    0.057724
 2799.626460    0.049888
 2800.272220    0.043021
 2800.916260    0.037047
 2801.562260    0.031831
 2802.206790    0.027309
 2802.852780    0.023379
 2803.497560    0.019985
 2804.142580    0.017052
 2804.789310    0.014516
 2805.434330    0.012341
 2806.081300    0.010467
 2806.726810    0.008864
 2807.374020    0.007490
 2808.020020    0.006320
 2808.666020    0.005322
 2809.313480    0.004473
 2809.959960    0.003753
 2810.607910    0.003141
 2811.254390    0.002626
 2811.902830    0.002190
 2812.549560    0.001823
 2813.198240    0.001515
 2813.845210    0.001257
 2814.492680    0.001041
 2815.141600    0.000860
 2815.789310    0.000710
 2816.438720    0.000584
 2817.086430    0.000480
 2817.736080    0.000394
 2818.384520    0.000322
 2819.032710    0.000263
 2819.682620    0.000215
 2820.331300    0.000175
 2820.981930    0.000142
 2821.630620    0.000115
 2822.281490    0.000093
 2822.930660    0.000075
 2823.580080    0.000061
 2824.231200    0.000049
 2824.880860    0.000039
 2825.532230    0.000031
 2826.182370    0.000025
 2826.833980    0.000020
 2827.484380    0.000016
 2828.134770    0.000012
 2828.786870    0.000010
 2829.437740    0.000008
 2830.090090    0.000007
 2830.741210    0.000005
 2831.394040    0.000004
 2832.045410    0.000003
 2832.697020    0.000003
 2833.350100    0.000002
 2834.001950    0.000002
 2834.655520    0.000001
 2835.307620    0.000001
 2835.961180    0.000001
 2836.613770    0.000001
 2837.266360    0.000000
 2837.920410    0.000000
 2838.573490    0.000000
 2839.228030    0.000000
 2839.881100    0.000000
 2840.535890    0.000000
 2841.189450    0.000000
 2841.843020    0.000000
 2842.498540    0.000000
 2843.152340    0.000000
 2843.807860    0.000000
 2844.462160    0.000000
 2845.118160    0.000000
 2845.772710    0.000000
 2846.427250    0.000000
 2847.083740    0.000000
 2847.738770    0.000000
 2848.395260    0.000000
 2849.050540    0.000000
 2849.707760    0.000000
 2850.363280    0.000000
 2851.018800    0.000000
 2851.676270    0.000000
 2852.332280    0.000000
 2852.989990    0.000000
 2853.646480    0.000000
 2854.304440    0.000000
 2854.960940    0.000000
 2855.617920    0.000000
 2856.276370    0.000000
 2856.933350    0.000000
 2857.592290    0.000000
 2858.249760    0.000000
 2858.908940    0.000000
 2859.566650    0.000000
 2860.224370    0.000000
 2860.883790    0.000000
 2861.541750    0.000000
 2862.201900    0.000000
 2862.860350    0.000000
 2863.520510    0.000000
 2864.179200    0.000000
 2864.839840    0.000000
 2865.498780    0.000000
 2866.157960    0.000000
 2866.818850    0.000000
 2867.478520    0.000000
 2868.139650    0.000000
 2868.799320    0.000000
 2869.460940    0.000000
 2870.121090    0.000000
 2870.781490    0.000000
 2871.443360    0.000000
 2872.103760    0.000000
 2872.766360    0.000000
 2873.427000    0.000000
 2874.089600    0.000000
 2874.750730    0.000000
 2875.412110    0.000000
 2876.075440    0.000000
 2876.736820    0.000000
 2877.400390    0.000000
 2878.062260    0.000000
 2878.725830    0.000000
 2879.388180    0.000000
 2880.050540    0.000000
 2880.714600    0.000000
 2881.377440    0.000000
 2882.041750    0.000000
 2882.704830    0.000000
 2883.369380    0.000000
 2884.032960    0.000000
 2884.696530    0.000000
 2885.361330    0.000000
 2886.025390    0.000000
 2886.690920    0.000000
 2887.354980    0.000000
 2888.020510    0.000000
 2888.685060    0.000000
 2889.349610    0.000000
 2890.015870    0.000000
 2890.680910    0.000000
 2891.347410    0.000000
 2892.012700    0.000000
 2892.679200    0.000000
 2893.344970    0.000000
 2894.010500    0.000000
 2894.677730    0.000000
 2895.343510    0.000000
 2896.011470    0.000000
 2896.677490    0.000000
 2897.345460    0.000000
 2898.011960    0.000000
 2898.678960    0.000000
 2899.347170    0.000000
 2900.014160    0.000000
 2900.682860    0.000000
 2901.350100    0.000000
 2902.019530    0.000000
 2902.687010    0.000000
 2903.354740    0.000000
 2904.024410    0.000000
 2904.692380    0.000000
 2905.361820    0.000000
 2906.030520    0.000000
 2906.700680    0.000000
 2907.369140    0.000000
 2908.038090    0.000000
 2908.708500    0.000000
 2909.377930    0.000000
 2910.048830    0.000000
 2910.718260    0.000000
 2911.389650    0.000000
 2912.059330    0.000000
 2912.729250    0.000000
 2913.400630    0.000000
 2914.070800    0.000000
 2914.742920    0.000000
 2915.413570    0.000000
 2916.085690    0.000000
 2916.756590    0.000000
 2917.429200    0.000000
 2918.100340    0.000000
 2918.771730    0.000000
 2919.444580    0.000000
 2920.116210    0.000000
 2920.789550    0.000000
 2921.461670    0.000000
 2922.135500    0.000000
 2922.807370    0.000000
 2923.479740    0.000000
 2924.154050    0.000000
 2924.826660    0.000000
 2925.500980    0.000000
 2926.174070    0.000000
 2926.848880    0.000000
 2927.522220    0.000000
 2928.195800    0.000000
 2928.870850    0.000000
 2929.544920    0.000000
 2930.220460    0.000000
 2930.894530    0.000000
 2931.570310    0.000000
 2932.244630    0.000000
 2932.919190    0.000000
 2933.595700    0.000000
 2934.270260    0.000000
 2934.947270    0.000000
 2935.622310    0.000000
 2936.299070    0.000000
 2936.974850    0.000000
 2937.650390    0.000000
 2938.327880    0.000000
 2939.003660    0.000000
 2939.681400    0.000000
 2940.357670    0.000000
 2941.035640    0.000000
 2941.712160    0.000000
 2942.389160    0.000000
 2943.067630    0.000000
 2943.744630    0.000000
 2944.423580    0.000000
 2945.100830    0.000000
 2945.780030    0.000000
 2946.457760    0.000000
 2947.135500    0.000000
 2947.815190    0.000000
 2948.493410    0.000000
 2949.173100    0.000000
 2949.851560    0.000000
 2950.531980    0.000000
 2951.210450    0.000000
 2951.889650    0.000000
 2952.570070    0.000000
 2953.249270    0.000000
 2953.930660    0.000000
 2954.610110    0.000000
 2955.291500    0.000000
 2955.971190    0.000000
 2956.651120    0.000000
 2957.333010    0.000000
 2958.013180    0.000000
 2958.695560    0.000000
 2959.376220    0.000000
 2960.058350    0.000000
 2960.739500    0.000000
 2961.420410    0.000000
 2962.103520    0.000000
 2962.784910    0.000000
 2963.468020    0.000000
 2964.149900    0.000000
 2964.833500    0.000000
 2965.515380    0.000000
 2966.197750    0.000000
 2966.881590    0.000000
 2967.564210    0.000000
 2968.248540    0.000000
 2968.931150    0.000000
 2969.615720    0.000000
 2970.299070    0.000000
 2970.984130    0.000000
 2971.667480    0.000000
 2972.351070    0.000000
 2973.036620    0.000000
 2973.720700    0.000000
 2974.406250    0.000000
 2975.090580    0.000000
 2975.776610    0.000000
 2976.461180    0.000000
 2977.146000    0.000000
 2977.832280    0.000000
 2978.517580    0.000000
 2979.204350    0.000000
 2979.889650    0.000000
 2980.576660    0.000000
 2981.262210    0.000000
 2981.948240    0.000000
 2982.635990    0.000000
 2983.322020    0.000000
 2984.010010    0.000000
 2984.696530    0.000000
 2985.384770    0.000000
 2986.071530    0.000000
 2986.758540    0.000000
 2987.447270    0.000000
 2988.134770    0.000000
 2988.823490    0.000000
 2989.510990    0.000000
 2990.200440    0.000000
 2990.888180    0.000000
 2991.576170    0.000000
 2992.266360    0.000000
 2992.954830    0.000000
 2993.644780    0.000000
 2994.333500    0.000000
 2995.023930    0.000000
 2995.713130    0.000000
 2996.402100    0.000000
 2997.093020    0.000000
 2997.782710    0.000000
 2998.473880    0.000000
 2999.163570    0.000000
 2999.855470    0.000000
 3000.545410    0.000000
 3001.235600    0.000000
 3001.927730    0.000000
 3002.618410    0.000000
 3003.310550    0.000000
 3004.001710    0.000000
 3004.694340    0.000000
 3005.385740    0.000000
 3006.076900    0.000000
 3006.770020    0.000000
 3007.461670    0.000000
 3008.155270    0.000000
 3008.847410    0.000000
 3009.541260    0.000000
 3010.233400    0.000000
 3010.926270    0.000000
 3011.620360    0.000000
 3012.313230    0.000000
 3013.007810    0.000000
 3013.700930    0.000000
 3014.395750    0.000000
 3015.089360    0.000000
 3015.783200    0.000000
 3016.478270    0.000000
 3017.172610    0.000000
 3017.868160    0.000000
 3018.562260    0.000000
 3019.258540    0.000000
 3019.952880    0.000000
 3020.647950    0.000000
 3021.344480    0.000000
 3022.039310    0.000000
 3022.736330    0.000000
 3023.431640    0.000000
 3024.128660    0.000000
 3024.824460    0.000000
 3025.522220    0.000000
 3026.218020    0.000000
 3026.914310    0.000000
 3027.612300    0.000000
 3028.308840    0.000000
 3029.007080    0.000000
 3029.703860    0.000000
 3030.402590    0.000000
 3031.099850    0.000000
 3031.797120    0.000000
 3032.496090    0.000000
 3033.193600    0.000000
 3033.893310    0.000000
 3034.591060    0.000000
 3035.290770    0.000000
 3035.989010    0.000000
 3036.687740    0.000000
 3037.387700    0.000000
 3038.086670    0.000000
 3038.787350    0.000000
 3039.486080    0.000000
 3040.187260    0.000000
 3040.886470    0.000000
 3041.586180    0.000000
 3042.287350    0.000000
 3042.987550    0.000000
 3043.689210    0.000000
 3044.389160    0.000000
 3045.091060    0.000000
 3045.791750    0.000000
 3046.492430    0.000000
 3047.194820    0.000000
 3047.896000    0.000000
 3048.598880    0.000000
 3049.300050    0.000000
