 2653.384280    2.120607
 2653.996340    2.203082
 2654.606690    2.287406
 2655.217290    2.373838
 2655.829830    2.462623
 2656.440670    2.553220
 2657.053220    2.646123
 2657.664550    2.740870
 2658.277340    2.837861
 2658.888920    2.936644
 2659.500730    3.037421
 2660.114010    3.140370
 2660.725830    3.244962
 2661.339360    3.351698
 2661.951660    3.460025
 2662.565430    3.570371
 2663.177980    3.682199
 2663.790530    3.795670
 2664.404790    3.911044
 2665.017820    4.027706
 2665.632320    4.146096
 2666.245610    4.265623
 2666.860350    4.386731
 2667.473880    4.508808
 2668.089110    4.632348
 2668.702880    4.756624
 2669.316890    4.881882
 2669.932370    5.008274
 2670.546630    5.135145
 2671.162350    5.262941
 2671.776860    5.390992
 2672.393070    5.519794
 2673.007810    5.648565
 2673.622560    5.777488
 2674.239260    5.906848
 2674.854490    6.035799
 2675.471190    6.164823
 2676.086670    6.293224
 2676.703860    6.421478
 2677.319580    6.548786
 2677.935550    6.675361
 2678.552980    6.801310
 2679.169190    6.925941
 2679.786870    7.049654
 2680.403560    7.171809
 2681.021480    7.292695
 2681.638430    7.411737
 2682.255370    7.528980
 2682.873780    7.644548
 2683.490970    7.757795
 2684.109860    7.869108
 2684.727290    7.977775
 2685.346440    8.084208
 2685.964110    8.187719
 2686.582030    8.288467
 2687.201660    8.386540
 2687.819820    8.481303
 2688.439450    8.573072
 2689.057860    8.661323
 2689.677980    8.746345
 2690.296880    8.827614
 2690.915770    8.905186
 2691.536380    8.979151
 2692.155270    9.048994
 2692.776370    9.115052
 2693.395750    9.176809
 2694.016850    9.234517
 2694.636720    9.287814
 2695.256590    9.336740
 2695.877930    9.381323
 2696.498050    9.421304
 2697.119870    9.456806
 2697.740480    9.487607
 2698.362550    9.513790
 2698.983400    9.535201
 2699.604250    9.551867
 2700.226810    9.563790
 2700.847900    9.570890
 2701.470700    9.573193
 2702.092040    9.570680
 2702.715330    9.563339
 2703.337160    9.551219
 2703.958980    9.534328
 2704.582520    9.512630
 2705.204830    9.486255
 2705.828370    9.455144
 2706.450930    9.419454
 2707.074950    9.379096
 2707.697750    9.334307
 2708.320800    9.285064
 2708.945310    9.231330
 2709.568360    9.173442
 2710.193360    9.111168
 2710.816650    9.044969
 2711.441890    8.974557
 2712.065670    8.900423
 2712.689450    8.822520
 2713.314940    8.740741
 2713.939210    8.655588
 2714.565190    8.566791
 2715.189450    8.474968
 2715.815670    8.379719
 2716.440430    8.281703
 2717.066890    8.180569
 2717.691890    8.076978
 2718.317140    7.970808
 2718.943850    7.862000
 2719.569340    7.751176
 2720.196530    7.637980
 2720.822270    7.523146
 2721.449710    7.406255
 2722.075680    7.288067
 2722.702150    7.168384
 2723.329830    7.047231
 2723.956300    6.925249
 2724.584470    6.802035
 2725.211430    6.678337
 2725.839600    6.553841
 2726.466800    6.429154
 2727.093990    6.304252
 2727.722900    6.178962
 2728.350340    6.054085
 2728.979490    5.929156
 2729.607420    5.804922
 2730.236820    5.681015
 2730.864750    5.558176
 2731.493160    5.436178
 2732.122800    5.315043
 2732.751460    5.195349
 2733.381590    5.076786
 2734.010500    4.960012
 2734.640870    4.844678
 2735.270020    4.731423
 2735.899410    4.620122
 2736.530270    4.510708
 2737.159670    4.403828
 2737.790770    4.299078
 2738.420650    4.197083
 2739.052250    4.097500
 2739.682370    4.000960
 2740.312500    3.907351
 2740.944340    3.816555
 2741.575200    3.729082
 2742.207280    3.644746
 2742.838130    3.563988
 2743.470460    3.486578
 2744.101560    3.412956
 2744.732910    3.343050
 2745.365970    3.276819
 2745.997310    3.214725
 2746.630860    3.156489
 2747.262700    3.102572
 2747.896000    3.052799
 2748.528080    3.007479
 2749.160640    2.966572
 2749.794430    2.930143
 2750.427000    2.898419
 2751.061280    2.871350
 2751.694090    2.849159
 2752.328610    2.831822
 2752.961910    2.819510
 2753.595210    2.812267
 2754.230220    2.810175
 2754.863770    2.813327
 2755.499020    2.821820
 2756.132810    2.835694
 2756.768550    2.855104
 2757.402590    2.880018
 2758.036870    2.910566
 2758.673100    2.946931
 2759.307620    2.988979
 2759.943850    3.037005
 2760.578860    3.090863
 2761.215330    3.150850
 2761.850590    3.216783
 2762.487550    3.289032
 2763.123050    3.367302
 2763.758790    3.451845
 2764.396000    3.542905
 2765.031980    3.640154
 2765.669430    3.744058
 2766.305910    3.854273
 2766.943600    3.971231
 2767.580320    4.094571
 2768.216800    4.224455
 2768.855220    4.361393
 2769.492190    4.504688
 2770.130860    4.655083
 2770.768070    4.811856
 2771.407230    4.975874
 2772.044680    5.146208
 2772.682130    5.323295
 2773.321780    5.507777
 2773.959720    5.698531
 2774.599370    5.896563
 2775.237550    6.100873
 2775.877690    6.312539
 2776.516360    6.530402
 2777.155030    6.754893
 2777.795170    6.986503
 2778.434330    7.224293
 2779.074950    7.469114
 2779.714360    7.719864
 2780.355470    7.977615
 2780.995120    8.240996
 2781.634770    8.510484
 2782.276120    8.786709
 2782.916260    9.068289
 2783.558110    9.356385
 2784.198490    9.649423
 2784.840330    9.948592
 2785.480960    10.252471
 2786.121830    10.561564
 2786.764400    10.876410
 2787.405270    11.195130
 2788.048100    11.519336
 2788.689450    11.847087
 2789.332520    12.179765
 2789.974370    12.515615
 2790.615970    12.854877
 2791.259770    13.198586
 2791.901610    13.544250
 2792.545410    13.893681
 2793.187990    14.244860
 2793.832030    14.598941
 2794.474850    14.954128
 2795.117680    15.310761
 2795.762210    15.669451
 2796.405520    16.028219
 2797.050290    16.388208
 2797.693600    16.747416
 2798.338870    17.107372
 2798.982420    17.465658
 2799.626460    17.823109
 2800.272220    18.180004
 2800.916260    18.534058
 2801.562260    18.886879
 2802.206790    19.236191
 2802.852780    19.583166
 2803.497560    19.925957
 2804.142580    20.264933
 2804.789310    20.600426
 2805.434330    20.930254
 2806.081300    21.255871
 2806.726810    21.575132
 2807.374020    21.889198
 2808.020020    22.196230
 2808.666020    22.496424
 2809.313480    22.790035
 2809.959960    23.075558
 2810.607910    23.353674
 2811.254390    23.622746
 2811.902830    23.883812
 2812.549560    24.135033
 2813.198240    24.377474
 2813.845210    24.609419
 2814.492680    24.831352
 2815.141600    25.043247
 2815.789310    25.243914
 2816.438720    25.433954
 2817.086430    25.612097
 2817.736080    25.779074
 2818.384520    25.933813
 2819.032710    26.076349
 2819.682620    26.206867
 2820.331300    26.324566
 2820.981930    26.429825
 2821.630620    26.521851
 2822.281490    26.601088
 2822.930660    26.666927
 2823.580080    26.719511
 2824.231200    26.758820
 2824.880860    26.784592
 2825.532230    26.796906
 2826.182370    26.795673
 2826.833980    26.780884
 2827.484380    26.752607
 2828.134770    26.710878
 2828.786870    26.655594
 2829.437740    26.587070
 2830.090090    26.505123
 2830.741210    26.410202
 2831.394040    26.302010
 2832.045410    26.181231
 2832.697020    26.047760
 2833.350100    25.901501
 2834.001950    25.743263
 2834.655520    25.572559
 2835.307620    25.390463
 2835.961180    25.196428
 2836.613770    24.991445
 2837.266360    24.775536
 2837.920410    24.548490
 2838.573490    24.311472
 2839.228030    24.063929
 2839.881100    23.807312
 2840.535890    23.540739
 2841.189450    23.265764
 2841.843020    22.982284
 2842.498540    22.689804
 2843.152340    22.390354
 2843.807860    22.082775
 2844.462160    21.768847
 2845.118160    21.447575
 2845.772710    21.120930
 2846.427250    20.788628
 2847.083740    20.450083
 2847.738770    20.107473
 2848.395260    19.759703
 2849.050540    19.408619
 2849.707760    19.052944
 2850.363280    18.695086
 2851.018800    18.334539
 2851.676270    17.970648
 2852.332280    17.605709
 2852.989990    17.238367
 2853.646480    16.870663
 2854.304440    16.501488
 2854.960940    16.132879
 2855.617920    15.764118
 2856.276370    15.395032
 2856.933350    15.027629
 2857.592290    14.660352
 2858.249760    14.295451
 2858.908940    13.931504
 2859.566650    13.570585
 2860.224370    13.212193
 2860.883790    12.855707
 2861.541750    12.503130
 2862.201900    12.152780
 2862.860350    11.806997
 2863.520510    11.464238
 2864.179200    11.126387
 2864.839840    10.791920
 2865.498780    10.462904
 2866.157960    10.138542
 2866.818850    9.818324
 2867.478520    9.503839
 2868.139650    9.193970
 2868.799320    8.890234
 2869.460940    8.591195
 2870.121090    8.298522
 2870.781490    8.011545
 2871.443360    7.729851
 2872.103760    7.454767
 2872.766360    7.184844
 2873.427000    6.921838
 2874.089600    6.664236
 2874.750730    6.413409
 2875.412110    6.168712
 2876.075440    5.929562
 2876.736820    5.697367
 2877.400390    5.470665
 2878.062260    5.250786
 2878.725830    5.036566
 2879.388180    4.828923
 2880.050540    4.627419
 2880.714600    4.431503
 2881.377440    4.241995
 2882.041750    4.058062
 2882.704830    3.880382
 2883.369380    3.708161
 2884.032960    3.541958
 2884.696530    3.381427
 2885.361330    3.226194
 2886.025390    3.076627
 2886.690920    2.932139
 2887.354980    2.793259
 2888.020510    2.659268
 2888.685060    2.530553
 2889.349610    2.406798
 2890.015870    2.287590
 2890.680910    2.173340
 2891.347410    2.063470
 2892.012700    1.958304
 2892.679200    1.857336
 2893.344970    1.760743
 2894.010500    1.668325
 2894.677730    1.579700
 2895.343510    1.495171
 2896.011470    1.414155
 2896.677490    1.337038
 2897.345460    1.263247
 2898.011960    1.193044
 2898.678960    1.126097
 2899.347170    1.062228
 2900.014160    1.001556
 2900.682860    0.943706
 2901.350100    0.888838
 2902.019530    0.836550
 2902.687010    0.787056
 2903.354740    0.740081
 2904.024410    0.695413
 2904.692380    0.653195
 2905.361820    0.613130
 2906.030520    0.575254
 2906.700680    0.539353
 2907.369140    0.505507
 2908.038090    0.473509
 2908.708500    0.443235
 2909.377930    0.414715
 2910.048830    0.387765
 2910.718260    0.362426
 2911.389650    0.338494
 2912.059330    0.316028
 2912.729250    0.294888
 2913.400630    0.274972
 2914.070800    0.256296
 2914.742920    0.238711
 2915.413570    0.222248
 2916.085690    0.206777
 2916.756590    0.192304
 2917.429200    0.178715
 2918.100340    0.166022
 2918.771730    0.154145
 2919.444580    0.143017
 2920.116210    0.132639
 2920.789550    0.122924
 2921.461670    0.113874
 2922.135500    0.105413
 2922.807370    0.097550
 2923.479740    0.090220
 2924.154050    0.083377
 2924.826660    0.077026
 2925.500980    0.071107
 2926.174070    0.065616
 2926.848880    0.060504
 2927.522220    0.055770
 2928.195800    0.051376
 2928.870850    0.047296
 2929.544920    0.043520
 2930.220460    0.040017
 2930.894530    0.036782
 2931.570310    0.033784
 2932.244630    0.031018
 2932.919190    0.028463
 2933.595700    0.026098
 2934.270260    0.023922
 2934.947270    0.021909
 2935.622310    0.020059
 2936.299070    0.018352
 2936.974850    0.016782
 2937.650390    0.015339
 2938.327880    0.014009
 2939.003660    0.012790
 2939.681400    0.011667
 2940.357670    0.010640
 2941.035640    0.009695
 2941.712160    0.008831
 2942.389160    0.008039
 2943.067630    0.007314
 2943.744630    0.006651
 2944.423580    0.006042
 2945.100830    0.005488
 2945.780030    0.004981
 2946.457760    0.004519
 2947.135500    0.004098
 2947.815190    0.003713
 2948.493410    0.003363
 2949.173100    0.003043
 2949.851560    0.002753
 2950.531980    0.002489
 2951.210450    0.002249
 2951.889650    0.002031
 2952.570070    0.001833
 2953.249270    0.001654
 2953.930660    0.001491
 2954.610110    0.001343
 2955.291500    0.001209
 2955.971190    0.001088
 2956.651120    0.000978
 2957.333010    0.000879
 2958.013180    0.000791
 2958.695560    0.000710
 2959.376220    0.000637
 2960.058350    0.000571
 2960.739500    0.000512
 2961.420410    0.000459
 2962.103520    0.000410
 2962.784910    0.000367
 2963.468020    0.000328
 2964.149900    0.000294
 2964.833500    0.000262
 2965.515380    0.000234
 2966.197750    0.000209
 2966.881590    0.000186
 2967.564210    0.000166
 2968.248540    0.000148
 2968.931150    0.000132
 2969.615720    0.000117
 2970.299070    0.000104
 2970.984130    0.000093
 2971.667480    0.000082
 2972.351070    0.000072
 2973.036620    0.000065
 2973.720700    0.000057
 2974.406250    0.000051
 2975.090580    0.000045
 2975.776610    0.000040
 2976.461180    0.000035
 2977.146000    0.000031
 2977.832280    0.000028
 2978.517580    0.000024
 2979.204350    0.000021
 2979.889650    0.000019
 2980.576660    0.000016
 2981.262210    0.000014
 2981.948240    0.000012
 2982.635990    0.000011
 2983.322020    0.000010
 2984.010010    0.000009
 2984.696530    0.000008
 2985.384770    0.000007
 2986.071530    0.000006
 2986.758540    0.000005
 2987.447270    0.000005
 2988.134770    0.000004
 2988.823490    0.000004
 2989.510990    0.000003
 2990.200440    0.000003
 2990.888180    0.000002
 2991.576170    0.000002
 2992.266360    0.000002
 2992.954830    0.000002
 2993.644780    0.000001
 2994.333500    0.000001
 2995.023930    0.000001
 2995.713130    0.000001
 2996.402100    0.000001
 2997.093020    0.000001
 2997.782710    0.000001
 2998.473880    0.000001
 2999.163570    0.000000
 2999.855470    0.000000
 3000.545410    0.000000
 3001.235600    0.000000
 3001.927730    0.000000
 3002.618410    0.000000
 3003.310550    0.000000
 3004.001710    0.000000
 3004.694340    0.000000
 3005.385740    0.000000
 3006.076900    0.000000
 3006.770020    0.000000
 3007.461670    0.000000
 3008.155270    0.000000
 3008.847410    0.000000
 3009.541260    0.000000
 3010.233400    0.000000
 3010.926270    0.000000
 3011.620360    0.000000
 3012.313230    0.000000
 3013.007810    0.000000
 3013.700930    0.000000
 3014.395750    0.000000
 3015.089360    0.000000
 3015.783200    0.000000
 3016.478270    0.000000
 3017.172610    0.000000
 3017.868160    0.000000
 3018.562260    0.000000
 3019.258540    0.000000
 3019.952880    0.000000
 3020.647950    0.000000
 3021.344480    0.000000
 3022.039310    0.000000
 3022.736330    0.000000
 3023.431640    0.000000
 3024.128660    0.000000
 3024.824460    0.000000
 3025.522220    0.000000
 3026.218020    0.000000
 3026.914310    0.000000
 3027.612300    0.000000
 3028.308840    0.000000
 3029.007080    0.000000
 3029.703860    0.000000
 3030.402590    0.000000
 3031.099850    0.000000
 3031.797120    0.000000
 3032.496090    0.000000
 3033.193600    0.000000
 3033.893310    0.000000
 3034.591060    0.000000
 3035.290770    0.000000
 3035.989010    0.000000
 3036.687740    0.000000
 3037.387700    0.000000
 3038.086670    0.000000
 3038.787350    0.000000
 3039.486080    0.000000
 3040.187260    0.000000
 3040.886470    0.000000
 3041.586180    0.000000
 3042.287350    0.000000
 3042.987550    0.000000
 3043.689210    0.000000
 3044.389160    0.000000
 3045.091060    0.000000
 3045.791750    0.000000
 3046.492430    0.000000
 3047.194820    0.000000
 3047.896000    0.000000
 3048.598880    0.000000
 3049.300050    0.000000
