 2653.384280    0.000000
 2653.996340    0.000000
 2654.606690    0.000000
 2655.217290    0.000000
 2655.829830    0.000000
 2656.440670    0.000000
 2657.053220    0.000000
 2657.664550    0.000000
 2658.277340    0.000000
 2658.888920    0.000000
 2659.500730    0.000000
 2660.114010    0.000000
 2660.725830    0.000000
 2661.339360    0.000000
 2661.951660    0.000000
 2662.565430    0.000000
 2663.177980    0.000000
 2663.790530    0.000000
 2664.404790    0.000000
 2665.017820    0.000000
 2665.632320    0.000000
 2666.245610    0.000000
 2666.860350    0.000000
 2667.473880    0.000000
 2668.089110    0.000000
 2668.702880    0.000000
 2669.316890    0.000000
 2669.932370    0.000000
 2670.546630    0.000000
 2671.162350    0.000000
 2671.776860    0.000000
 2672.393070    0.000000
 2673.007810    0.000000
 2673.622560    0.000000
 2674.239260    0.000000
 2674.854490    0.000000
 2675.471190    0.000000
 2676.086670    0.000000
 2676.703860    0.000000
 2677.319580    0.000000
 2677.935550    0.000000
 2678.552980    0.000000
 2679.169190    0.000000
 2679.786870    0.000000
 2680.403560    0.000000
 2681.021480    0.000000
 2681.638430    0.000000
 2682.255370    0.000000
 2682.873780    0.000000
 2683.490970    0.000000
 2684.109860    0.000000
 2684.727290    0.000000
 2685.346440    0.000000
 2685.964110    0.000000
 2686.582030    0.000000
 2687.201660    0.000000
 2687.819820    0.000000
 2688.439450    0.000000
 2689.057860    0.000000
 2689.677980    0.000000
 2690.296880    0.000000
 2690.915770    0.000000
 2691.536380    0.000000
 2692.155270    0.000000
 2692.776370    0.000000
 2693.395750    0.000000
 2694.016850    0.000000
 2694.636720    0.000000
 2695.256590    0.000000
 2695.877930    0.000000
 2696.498050    0.000000
 2697.119870    0.000000
 2697.740480    0.000000
 2698.362550    0.000000
 2698.983400    0.000000
 2699.604250    0.000000
 2700.226810    0.000000
 2700.847900    0.000000
 2701.470700    0.000000
 2702.092040    0.000000
 2702.715330    0.000000
 2703.337160    0.000000
 2703.958980    0.000000
 2704.582520    0.000000
 2705.204830    0.000000
 2705.828370    0.000000
 2706.450930    0.000000
 2707.074950    0.000000
 2707.697750    0.000000
 2708.320800    0.000000
 2708.945310    0.000000
 2709.568360    0.000000
 2710.193360    0.000000
 2710.816650    0.000000
 2711.441890    0.000000
 2712.065670    0.000000
 2712.689450    0.000000
 2713.314940    0.000000
 2713.939210    0.000000
 2714.565190    0.000000
 2715.189450    0.000000
 2715.815670    0.000000
 2716.440430    0.000000
 2717.066890    0.000000
 2717.691890    0.000000
 2718.317140    0.000000
 2718.943850    0.000000
 2719.569340    0.000000
 2720.196530    0.000000
 2720.822270    0.000000
 2721.449710    0.000000
 2722.075680    0.000000
 2722.702150    0.000000
 2723.329830    0.000000
 2723.956300    0.000000
 2724.584470    0.000000
 2725.211430    0.000000
 2725.839600    0.000000
 2726.466800    0.000000
 2727.093990    0.000000
 2727.722900    0.000000
 2728.350340    0.000000
 2728.979490    0.000000
 2729.607420    0.000000
 2730.236820    0.000000
 2730.864750    0.000000
 2731.493160    0.000000
 2732.122800    0.000000
 2732.751460    0.000000
 2733.381590    0.000000
 2734.010500    0.000000
 2734.640870    0.000000
 2735.270020    0.000000
 2735.899410    0.000000
 2736.530270    0.000000
 2737.159670    0.000000
 2737.790770    0.000000
 2738.420650    0.000001
 2739.052250    0.000001
 2739.682370    0.000001
 2740.312500    0.000001
 2740.944340    0.000001
 2741.575200    0.000001
 2742.207280    0.000001
 2742.838130    0.000001
 2743.470460    0.000001
 2744.101560    0.000002
 2744.732910    0.000002
 2745.365970    0.000002
 2745.997310    0.000002
 2746.630860    0.000003
 2747.262700    0.000003
 2747.896000    0.000003
 2748.528080    0.000004
 2749.160640    0.000004
 2749.794430    0.000004
 2750.427000    0.000005
 2751.061280    0.000006
 2751.694090    0.000006
 2752.328610    0.000007
 2752.961910    0.000008
 2753.595210    0.000009
 2754.230220    0.000010
 2754.863770    0.000010
 2755.499020    0.000011
 2756.132810    0.000013
 2756.768550    0.000014
 2757.402590    0.000016
 2758.036870    0.000018
 2758.673100    0.000020
 2759.307620    0.000022
 2759.943850    0.000025
 2760.578860    0.000028
 2761.215330    0.000031
 2761.850590    0.000034
 2762.487550    0.000038
 2763.123050    0.000042
 2763.758790    0.000047
 2764.396000    0.000051
 2765.031980    0.000057
 2765.669430    0.000064
 2766.305910    0.000071
 2766.943600    0.000078
 2767.580320    0.000087
 2768.216800    0.000095
 2768.855220    0.000106
 2769.492190    0.000117
 2770.130860    0.000130
 2770.768070    0.000143
 2771.407230    0.000158
 2772.044680    0.000175
 2772.682130    0.000194
 2773.321780    0.000214
 2773.959720    0.000236
 2774.599370    0.000259
 2775.237550    0.000286
 2775.877690    0.000315
 2776.516360    0.000347
 2777.155030    0.000381
 2777.795170    0.000420
 2778.434330    0.000462
 2779.074950    0.000507
 2779.714360    0.000558
 2780.355470    0.000613
 2780.995120    0.000673
 2781.634770    0.000738
 2782.276120    0.000811
 2782.916260    0.000889
 2783.558110    0.000974
 2784.198490    0.001067
 2784.840330    0.001168
 2785.480960    0.001279
 2786.121830    0.001400
 2786.764400    0.001532
 2787.405270    0.001674
 2788.048100    0.001829
 2788.689450    0.001998
 2789.332520    0.002182
 2789.974370    0.002381
 2790.615970    0.002598
 2791.259770    0.002834
 2791.901610    0.003089
 2792.545410    0.003366
 2793.187990    0.003666
 2793.832030    0.003991
 2794.474850    0.004343
 2795.117680    0.004724
 2795.762210    0.005136
 2796.405520    0.005582
 2797.050290    0.006064
 2797.693600    0.006584
 2798.338870    0.007148
 2798.982420    0.007753
 2799.626460    0.008409
 2800.272220    0.009115
 2800.916260    0.009876
 2801.562260    0.010698
 2802.206790    0.011580
 2802.852780    0.012533
 2803.497560    0.013556
 2804.142580    0.014655
 2804.789310    0.015841
 2805.434330    0.017110
 2806.081300    0.018477
 2806.726810    0.019941
 2807.374020    0.021516
 2808.020020    0.023202
 2808.666020    0.025008
 2809.313480    0.026947
 2809.959960    0.029020
 2810.607910    0.031244
 2811.254390    0.033618
 2811.902830    0.036163
 2812.549560    0.038877
 2813.198240    0.041783
 2813.845210    0.044879
 2814.492680    0.048185
 2815.141600    0.051720
 2815.789310    0.055480
 2816.438720    0.059499
 2817.086430    0.063768
 2817.736080    0.068327
 2818.384520    0.073170
 2819.032710    0.078318
 2819.682620    0.083805
 2820.331300    0.089625
 2820.981930    0.095825
 2821.630620    0.102387
 2822.281490    0.109374
 2822.930660    0.116765
 2823.580080    0.124601
 2824.231200    0.132927
 2824.880860    0.141724
 2825.532230    0.151059
 2826.182370    0.160919
 2826.833980    0.171369
 2827.484380    0.182393
 2828.134770    0.194038
 2828.786870    0.206368
 2829.437740    0.219357
 2830.090090    0.233091
 2830.741210    0.247544
 2831.394040    0.262816
 2832.045410    0.278868
 2832.697020    0.295774
 2833.350100    0.313602
 2834.001950    0.332321
 2834.655520    0.352052
 2835.307620    0.372738
 2835.961180    0.394512
 2836.613770    0.417335
 2837.266360    0.441279
 2837.920410    0.466447
 2838.573490    0.492787
 2839.228030    0.520446
 2839.881100    0.549342
 2840.535890    0.579664
 2841.189450    0.611325
 2841.843020    0.644427
 2842.498540    0.679123
 2843.152340    0.715270
 2843.807860    0.753105
 2844.462160    0.792511
 2845.118160    0.833716
 2845.772710    0.876575
 2846.427250    0.921225
 2847.083740    0.967860
 2847.738770    1.016293
 2848.395260    1.066789
 2849.050540    1.119196
 2849.707760    1.173822
 2850.363280    1.230416
 2851.018800    1.289167
 2851.676270    1.350313
 2852.332280    1.413588
 2852.989990    1.479347
 2853.646480    1.547352
 2854.304440    1.617930
 2854.960940    1.690814
 2855.617920    1.766263
 2856.276370    1.844444
 2856.933350    1.925055
 2857.592290    2.008562
 2858.249760    2.094575
 2858.908940    2.183552
 2859.566650    2.275105
 2860.224370    2.369462
 2860.883790    2.466917
 2861.541750    2.567033
 2862.201900    2.670403
 2862.860350    2.776448
 2863.520510    2.885742
 2864.179200    2.997785
 2864.839840    3.113183
 2865.498780    3.231312
 2866.157960    3.352530
 2866.818850    3.477131
 2867.478520    3.604571
 2868.139650    3.735379
 2868.799320    3.868976
 2869.460940    4.006053
 2870.121090    4.145904
 2870.781490    4.288868
 2871.443360    4.435212
 2872.103760    4.584270
 2872.766360    4.736850
 2873.427000    4.891978
 2874.089600    5.050537
 2874.750730    5.211683
 2875.412110    5.375782
 2876.075440    5.543235
 2876.736820    5.713006
 2877.400390    5.886115
 2878.062260    6.061487
 2878.725830    6.239972
 2879.388180    6.420718
 2880.050540    6.603985
 2880.714600    6.790181
 2881.377440    6.978411
 2882.041750    7.169359
 2882.704830    7.362165
 2883.369380    7.557524
 2884.032960    7.754625
 2884.696530    7.953657
 2885.361330    8.154886
 2886.025390    8.357619
 2886.690920    8.562418
 2887.354980    8.768268
 2888.020510    8.975955
 2888.685060    9.184602
 2889.349610    9.394386
 2890.015870    9.605722
 2890.680910    9.817551
 2891.347410    10.030592
 2892.012700    10.243851
 2892.679200    10.457967
 2893.344970    10.672175
 2894.010500    10.886482
 2894.677730    11.101371
 2895.343510    11.315670
 2896.011470    11.530405
 2896.677490    11.744088
 2897.345460    11.957818
 2898.011960    12.170346
 2898.678960    12.382135
 2899.347170    12.593257
 2900.014160    12.802785
 2900.682860    13.011475
 2901.350100    13.218175
 2902.019530    13.423860
 2902.687010    13.627092
 2903.354740    13.828392
 2904.024410    14.028102
 2904.692380    14.224972
 2905.361820    14.419783
 2906.030520    14.611733
 2906.700680    14.801298
 2907.369140    14.987423
 2908.038090    15.170583
 2908.708500    15.350883
 2909.377930    15.527512
 2910.048830    15.700967
 2910.718260    15.870353
 2911.389650    16.036386
 2912.059330    16.198027
 2912.729250    16.355623
 2913.400630    16.509321
 2914.070800    16.658375
 2914.742920    16.803362
 2915.413570    16.943420
 2916.085690    17.079046
 2916.756590    17.209585
 2917.429200    17.335495
 2918.100340    17.456074
 2918.771730    17.571548
 2919.444580    17.682014
 2920.116210    17.786936
 2920.789550    17.886683
 2921.461670    17.980736
 2922.135500    18.069424
 2922.807370    18.152201
 2923.479740    18.229313
 2924.154050    18.300844
 2924.826660    18.366344
 2925.500980    18.426104
 2926.174070    18.479805
 2926.848880    18.527639
 2927.522220    18.569342
 2928.195800    18.605009
 2928.870850    18.634661
 2929.544920    18.658163
 2930.220460    18.675581
 2930.894530    18.686836
 2931.570310    18.691969
 2932.244630    18.690964
 2932.919190    18.683840
 2933.595700    18.670563
 2934.270260    18.651230
 2934.947270    18.625729
 2935.622310    18.594257
 2936.299070    18.556675
 2936.974850    18.513163
 2937.650390    18.463741
 2938.327880    18.408266
 2939.003660    18.347097
 2939.681400    18.279957
 2940.357670    18.207243
 2941.035640    18.128683
 2941.712160    18.044708
 2942.389160    17.955175
 2943.067630    17.860006
 2943.744630    17.759703
 2944.423580    17.653849
 2945.100830    17.543102
 2945.780030    17.426960
 2946.457760    17.306108
 2947.135500    17.180412
 2947.815190    17.049593
 2948.493410    16.914423
 2949.173100    16.774435
 2949.851560    16.630299
 2950.531980    16.481459
 2951.210450    16.328899
 2951.889650    16.172153
 2952.570070    16.011230
 2953.249270    15.846837
 2953.930660    15.678279
 2954.610110    15.506723
 2955.291500    15.331323
 2955.971190    15.153166
 2956.651120    14.971892
 2957.333010    14.787185
 2958.013180    14.600178
 2958.695560    14.409949
 2959.376220    14.217735
 2960.058350    14.022791
 2960.739500    13.825969
 2961.420410    13.627215
 2962.103520    13.425961
 2962.784910    13.223511
 2963.468020    13.019002
 2964.149900    12.813464
 2964.833500    12.606169
 2965.515380    12.398306
 2966.197750    12.189357
 2966.881590    11.979174
 2967.564210    11.768729
 2968.248540    11.557268
 2968.931150    11.345999
 2969.615720    11.133932
 2970.299070    10.922193
 2970.984130    10.710018
 2971.667480    10.498608
 2972.351070    10.287493
 2973.036620    10.076283
 2973.720700    9.866166
 2974.406250    9.656372
 2975.090580    9.447854
 2975.776610    9.239841
 2976.461180    9.033422
 2977.146000    8.828195
 2977.832280    8.623913
 2978.517580    8.421416
 2979.204350    8.220096
 2979.889650    8.020913
 2980.576660    7.823049
 2981.262210    7.627516
 2981.948240    7.433846
 2982.635990    7.241792
 2983.322020    7.052397
 2984.010010    6.864732
 2984.696530    6.679809
 2985.384770    6.496848
 2986.071530    6.316762
 2986.758540    6.139164
 2987.447270    5.963746
 2988.134770    5.791314
 2988.823490    5.621308
 2989.510990    5.454380
 2990.200440    5.289809
 2990.888180    5.128510
 2991.576170    4.970051
 2992.266360    4.814032
 2992.954830    4.661366
 2993.644780    4.511374
 2994.333500    4.364659
 2995.023930    4.220619
 2995.713130    4.079882
 2996.402100    3.942245
 2997.093020    3.807289
 2997.782710    3.675639
 2998.473880    3.546784
 2999.163570    3.421265
 2999.855470    3.298412
 3000.545410    3.178953
 3001.235600    3.062482
 3001.927730    2.948708
 3002.618410    2.838177
 3003.310550    2.730397
 3004.001710    2.625726
 3004.694340    2.523770
 3005.385740    2.424895
 3006.076900    2.328922
 3006.770020    2.235520
 3007.461670    2.145119
 3008.155270    2.057233
 3008.847410    1.972261
 3009.541260    1.889772
 3010.233400    1.810129
 3010.926270    1.733003
 3011.620360    1.658301
 3012.313230    1.586242
 3013.007810    1.516474
 3013.700930    1.449268
 3014.395750    1.384270
 3015.089360    1.321702
 3015.783200    1.261379
 3016.478270    1.203170
 3017.172610    1.147188
 3017.868160    1.093226
 3018.562260    1.041440
 3019.258540    0.991505
 3019.952880    0.943666
 3020.647950    0.897682
 3021.344480    0.853459
 3022.039310    0.811147
 3022.736330    0.770455
 3023.431640    0.731563
 3024.128660    0.694226
 3024.824460    0.658553
 3025.522220    0.624332
 3026.218020    0.591705
 3026.914310    0.560504
 3027.612300    0.530630
 3028.308840    0.502174
 3029.007080    0.474959
 3029.703860    0.449062
 3030.402590    0.424312
 3031.099850    0.400786
 3031.797120    0.378388
 3032.496090    0.357024
 3033.193600    0.336749
 3033.893310    0.317417
 3034.591060    0.299103
 3035.290770    0.281666
 3035.989010    0.265153
 3036.687740    0.249480
 3037.387700    0.234597
 3038.086670    0.220515
 3038.787350    0.207150
 3039.486080    0.194534
 3040.187260    0.182560
 3040.886470    0.171271
 3041.586180    0.160597
 3042.287350    0.150495
 3042.987550    0.140973
 3043.689210    0.131972
 3044.389160    0.123507
 3045.091060    0.115506
 3045.791750    0.107985
 3046.492430    0.100904
 3047.194820    0.094227
 3047.896000    0.087959
 3048.598880    0.082054
 3049.300050    0.076522
