 2653.384280    0.006645
 2653.996340    0.007196
 2654.606690    0.007792
 2655.217290    0.008434
 2655.829830    0.009131
 2656.440670    0.009883
 2657.053220    0.010697
 2657.664550    0.011576
 2658.277340    0.012527
 2658.888920    0.013552
 2659.500730    0.014660
 2660.114010    0.015858
 2660.725830    0.017149
 2661.339360    0.018545
 2661.951660    0.020049
 2662.565430    0.021676
 2663.177980    0.023426
 2663.790530    0.025312
 2664.404790    0.027351
 2665.017820    0.029543
 2665.632320    0.031911
 2666.245610    0.034454
 2666.860350    0.037199
 2667.473880    0.040148
 2668.089110    0.043327
 2668.702880    0.046740
 2669.316890    0.050408
 2669.932370    0.054360
 2670.546630    0.058597
 2671.162350    0.063157
 2671.776860    0.068043
 2672.393070    0.073299
 2673.007810    0.078924
 2673.622560    0.084954
 2674.239260    0.091437
 2674.854490    0.098365
 2675.471190    0.105801
 2676.086670    0.113744
 2676.703860    0.122265
 2677.319580    0.131355
 2677.935550    0.141074
 2678.552980    0.151484
 2679.169190    0.162577
 2679.786870    0.174445
 2680.403560    0.187087
 2681.021480    0.200595
 2681.638430    0.214969
 2682.255370    0.230280
 2682.873780    0.246622
 2683.490970    0.263979
 2684.109860    0.282493
 2684.727290    0.302129
 2685.346440    0.323051
 2685.964110    0.345219
 2686.582030    0.368757
 2687.201660    0.393798
 2687.819820    0.420286
 2688.439450    0.448424
 2689.057860    0.478168
 2689.677980    0.509743
 2690.296880    0.543082
 2690.915770    0.578335
 2691.536380    0.615693
 2692.155270    0.655044
 2692.776370    0.696730
 2693.395750    0.740589
 2694.016850    0.786963
 2694.636720    0.835735
 2695.256590    0.887098
 2695.877930    0.941289
 2696.498050    0.998182
 2697.119870    1.058159
 2697.740480    1.121053
 2698.362550    1.187250
 2698.983400    1.256584
 2699.604250    1.329294
 2700.226810    1.405716
 2700.847900    1.485577
 2701.470700    1.569408
 2702.092040    1.656904
 2702.715330    1.748672
 2703.337160    1.844335
 2703.958980    1.944220
 2704.582520    2.048739
 2705.204830    2.157528
 2705.828370    2.271130
 2706.450930    2.389261
 2707.074950    2.512507
 2707.697750    2.640451
 2708.320800    2.773493
 2708.945310    2.912019
 2709.568360    3.055482
 2710.193360    3.204775
 2710.816650    3.359122
 2711.441890    3.519523
 2712.065670    3.685191
 2712.689450    3.856575
 2713.314940    4.034243
 2713.939210    4.217434
 2714.565190    4.407076
 2715.189450    4.602183
 2715.815670    4.803950
 2716.440430    5.011317
 2717.066890    5.225368
 2717.691890    5.445040
 2718.317140    5.670921
 2718.943850    5.903476
 2719.569340    6.141698
 2720.196530    6.386683
 2720.822270    6.637161
 2721.449710    6.894354
 2722.075680    7.156906
 2722.702150    7.425548
 2723.329830    7.700528
 2723.956300    7.980679
 2724.584470    8.267202
 2725.211430    8.558640
 2725.839600    8.855982
 2726.466800    9.158036
 2727.093990    9.465090
 2727.722900    9.777810
 2728.350340    10.094424
 2728.979490    10.416317
 2729.607420    10.741764
 2730.236820    11.071914
 2730.864750    11.404969
 2731.493160    11.741680
 2732.122800    12.082166
 2732.751460    12.424933
 2733.381590    12.771000
 2734.010500    13.118559
 2734.640870    13.468752
 2735.270020    13.819729
 2735.899410    14.171935
 2736.530270    14.525673
 2737.159670    14.878908
 2737.790770    15.233018
 2738.420650    15.585942
 2739.052250    15.938900
 2739.682370    16.289684
 2740.312500    16.638676
 2740.944340    16.986370
 2741.575200    17.330828
 2742.207280    17.672794
 2742.838130    18.010483
 2743.470460    18.344864
 2744.101560    18.674053
 2744.732910    18.998354
 2745.365970    19.318029
 2745.997310    19.630886
 2746.630860    19.938389
 2747.262700    20.238174
 2747.896000    20.531294
 2748.528080    20.816052
 2749.160640    21.092787
 2749.794430    21.361355
 2750.427000    21.620289
 2751.061280    21.870367
 2751.694090    22.109928
 2752.328610    22.339771
 2752.961910    22.558451
 2753.595210    22.766050
 2754.230220    22.962742
 2754.863770    23.147207
 2755.499020    23.320042
 2756.132810    23.480089
 2756.768550    23.627918
 2757.402590    23.762419
 2758.036870    23.883816
 2758.673100    23.992151
 2759.307620    24.086609
 2759.943850    24.167530
 2760.578860    24.234383
 2761.215330    24.287323
 2761.850590    24.326027
 2762.487550    24.350582
 2763.123050    24.360815
 2763.758790    24.356777
 2764.396000    24.338406
 2765.031980    24.305801
 2765.669430    24.258875
 2766.305910    24.197866
 2766.943600    24.122669
 2767.580320    24.033661
 2768.216800    23.930935
 2768.855220    23.814262
 2769.492190    23.684452
 2770.130860    23.541069
 2770.768070    23.385075
 2771.407230    23.215881
 2772.044680    23.034740
 2772.682130    22.841530
 2773.321780    22.635841
 2773.959720    22.419273
 2774.599370    22.191023
 2775.237550    21.952601
 2775.877690    21.703114
 2776.516360    21.444292
 2777.155030    21.175999
 2777.795170    20.898018
 2778.434330    20.611849
 2779.074950    20.316845
 2779.714360    20.014700
 2780.355470    19.704494
 2780.995120    19.388237
 2781.634770    19.065708
 2782.276120    18.736507
 2782.916260    18.402618
 2783.558110    18.062998
 2784.198490    17.719812
 2784.840330    17.371983
 2785.480960    17.021448
 2786.121830    16.667894
 2786.764400    16.310982
 2787.405270    15.953079
 2788.048100    15.592610
 2788.689450    15.231950
 2789.332520    14.869762
 2789.974370    14.508139
 2790.615970    14.146961
 2791.259770    13.785280
 2791.901610    13.425832
 2792.545410    13.066832
 2793.187990    12.710432
 2793.832030    12.355519
 2794.474850    12.003929
 2795.117680    11.655327
 2795.762210    11.309128
 2796.405520    10.967220
 2797.050290    10.628475
 2797.693600    10.294711
 2798.338870    9.964427
 2798.982420    9.639748
 2799.626460    9.319780
 2800.272220    9.004164
 2800.916260    8.694763
 2801.562260    8.390010
 2802.206790    8.091688
 2802.852780    7.798592
 2803.497560    7.512079
 2804.142580    7.231605
 2804.789310    6.956664
 2805.434330    6.688798
 2806.081300    6.426566
 2806.726810    6.171420
 2807.374020    5.922153
 2808.020020    5.679938
 2808.666020    5.444314
 2809.313480    5.214779
 2809.959960    4.992200
 2810.607910    4.775728
 2811.254390    4.566313
 2811.902830    4.362816
 2812.549560    4.166344
 2813.198240    3.975727
 2813.845210    3.791982
 2814.492680    3.614389
 2815.141600    3.442625
 2815.789310    3.277316
 2816.438720    3.117623
 2817.086430    2.964284
 2817.736080    2.816326
 2818.384520    2.674367
 2819.032710    2.538055
 2819.682620    2.406877
 2820.331300    2.281303
 2820.981930    2.160599
 2821.630620    2.045355
 2822.281490    1.934705
 2822.930660    1.829180
 2823.580080    1.728311
 2824.231200    1.631749
 2824.880860    1.539832
 2825.532230    1.451973
 2826.182370    1.368431
 2826.833980    1.288725
 2827.484380    1.213047
 2828.134770    1.141109
 2828.786870    1.072598
 2829.437740    1.007692
 2830.090090    0.945993
 2830.741210    0.887628
 2831.394040    0.832205
 2832.045410    0.779872
 2832.697020    0.730358
 2833.350100    0.683461
 2834.001950    0.639258
 2834.655520    0.597436
 2835.307620    0.558087
 2835.961180    0.520925
 2836.613770    0.485984
 2837.266360    0.453105
 2837.920410    0.422120
 2838.573490    0.393050
 2839.228030    0.365694
 2839.881100    0.340085
 2840.535890    0.316010
 2841.189450    0.293497
 2841.843020    0.272417
 2842.498540    0.252637
 2843.152340    0.234191
 2843.807860    0.216913
 2844.462160    0.200813
 2845.118160    0.185753
 2845.772710    0.171745
 2846.427250    0.158693
 2847.083740    0.146507
 2847.738770    0.135195
 2848.395260    0.124656
 2849.050540    0.114883
 2849.707760    0.105783
 2850.363280    0.097364
 2851.018800    0.089560
 2851.676270    0.082307
 2852.332280    0.075608
 2852.989990    0.069396
 2853.646480    0.063663
 2854.304440    0.058356
 2854.960940    0.053469
 2855.617920    0.048956
 2856.276370    0.044786
 2856.933350    0.040955
 2857.592290    0.037416
 2858.249760    0.034169
 2858.908940    0.031178
 2859.566650    0.028435
 2860.224370    0.025916
 2860.883790    0.023601
 2861.541750    0.021482
 2862.201900    0.019536
 2862.860350    0.017759
 2863.520510    0.016129
 2864.179200    0.014644
 2864.839840    0.013282
 2865.498780    0.012042
 2866.157960    0.010910
 2866.818850    0.009876
 2867.478520    0.008936
 2868.139650    0.008079
 2868.799320    0.007300
 2869.460940    0.006591
 2870.121090    0.005948
 2870.781490    0.005364
 2871.443360    0.004833
 2872.103760    0.004354
 2872.766360    0.003917
 2873.427000    0.003523
 2874.089600    0.003166
 2874.750730    0.002844
 2875.412110    0.002553
 2876.075440    0.002289
 2876.736820    0.002052
 2877.400390    0.001838
 2878.062260    0.001645
 2878.725830    0.001472
 2879.388180    0.001316
 2880.050540    0.001176
 2880.714600    0.001049
 2881.377440    0.000937
 2882.041750    0.000834
 2882.704830    0.000744
 2883.369380    0.000662
 2884.032960    0.000589
 2884.696530    0.000524
 2885.361330    0.000465
 2886.025390    0.000413
 2886.690920    0.000366
 2887.354980    0.000325
 2888.020510    0.000288
 2888.685060    0.000255
 2889.349610    0.000226
 2890.015870    0.000199
 2890.680910    0.000176
 2891.347410    0.000155
 2892.012700    0.000137
 2892.679200    0.000121
 2893.344970    0.000107
 2894.010500    0.000094
 2894.677730    0.000083
 2895.343510    0.000072
 2896.011470    0.000064
 2896.677490    0.000056
 2897.345460    0.000050
 2898.011960    0.000043
 2898.678960    0.000038
 2899.347170    0.000033
 2900.014160    0.000030
 2900.682860    0.000026
 2901.350100    0.000022
 2902.019530    0.000019
 2902.687010    0.000017
 2903.354740    0.000015
 2904.024410    0.000013
 2904.692380    0.000011
 2905.361820    0.000010
 2906.030520    0.000009
 2906.700680    0.000008
 2907.369140    0.000007
 2908.038090    0.000006
 2908.708500    0.000005
 2909.377930    0.000004
 2910.048830    0.000004
 2910.718260    0.000003
 2911.389650    0.000003
 2912.059330    0.000002
 2912.729250    0.000002
 2913.400630    0.000002
 2914.070800    0.000002
 2914.742920    0.000001
 2915.413570    0.000001
 2916.085690    0.000001
 2916.756590    0.000001
 2917.429200    0.000001
 2918.100340    0.000001
 2918.771730    0.000001
 2919.444580    0.000000
 2920.116210    0.000000
 2920.789550    0.000000
 2921.461670    0.000000
 2922.135500    0.000000
 2922.807370    0.000000
 2923.479740    0.000000
 2924.154050    0.000000
 2924.826660    0.000000
 2925.500980    0.000000
 2926.174070    0.000000
 2926.848880    0.000000
 2927.522220    0.000000
 2928.195800    0.000000
 2928.870850    0.000000
 2929.544920    0.000000
 2930.220460    0.000000
 2930.894530    0.000000
 2931.570310    0.000000
 2932.244630    0.000000
 2932.919190    0.000000
 2933.595700    0.000000
 2934.270260    0.000000
 2934.947270    0.000000
 2935.622310    0.000000
 2936.299070    0.000000
 2936.974850    0.000000
 2937.650390    0.000000
 2938.327880    0.000000
 2939.003660    0.000000
 2939.681400    0.000000
 2940.357670    0.000000
 2941.035640    0.000000
 2941.712160    0.000000
 2942.389160    0.000000
 2943.067630    0.000000
 2943.744630    0.000000
 2944.423580    0.000000
 2945.100830    0.000000
 2945.780030    0.000000
 2946.457760    0.000000
 2947.135500    0.000000
 2947.815190    0.000000
 2948.493410    0.000000
 2949.173100    0.000000
 2949.851560    0.000000
 2950.531980    0.000000
 2951.210450    0.000000
 2951.889650    0.000000
 2952.570070    0.000000
 2953.249270    0.000000
 2953.930660    0.000000
 2954.610110    0.000000
 2955.291500    0.000000
 2955.971190    0.000000
 2956.651120    0.000000
 2957.333010    0.000000
 2958.013180    0.000000
 2958.695560    0.000000
 2959.376220    0.000000
 2960.058350    0.000000
 2960.739500    0.000000
 2961.420410    0.000000
 2962.103520    0.000000
 2962.784910    0.000000
 2963.468020    0.000000
 2964.149900    0.000000
 2964.833500    0.000000
 2965.515380    0.000000
 2966.197750    0.000000
 2966.881590    0.000000
 2967.564210    0.000000
 2968.248540    0.000000
 2968.931150    0.000000
 2969.615720    0.000000
 2970.299070    0.000000
 2970.984130    0.000000
 2971.667480    0.000000
 2972.351070    0.000000
 2973.036620    0.000000
 2973.720700    0.000000
 2974.406250    0.000000
 2975.090580    0.000000
 2975.776610    0.000000
 2976.461180    0.000000
 2977.146000    0.000000
 2977.832280    0.000000
 2978.517580    0.000000
 2979.204350    0.000000
 2979.889650    0.000000
 2980.576660    0.000000
 2981.262210    0.000000
 2981.948240    0.000000
 2982.635990    0.000000
 2983.322020    0.000000
 2984.010010    0.000000
 2984.696530    0.000000
 2985.384770    0.000000
 2986.071530    0.000000
 2986.758540    0.000000
 2987.447270    0.000000
 2988.134770    0.000000
 2988.823490    0.000000
 2989.510990    0.000000
 2990.200440    0.000000
 2990.888180    0.000000
 2991.576170    0.000000
 2992.266360    0.000000
 2992.954830    0.000000
 2993.644780    0.000000
 2994.333500    0.000000
 2995.023930    0.000000
 2995.713130    0.000000
 2996.402100    0.000000
 2997.093020    0.000000
 2997.782710    0.000000
 2998.473880    0.000000
 2999.163570    0.000000
 2999.855470    0.000000
 3000.545410    0.000000
 3001.235600    0.000000
 3001.927730    0.000000
 3002.618410    0.000000
 3003.310550    0.000000
 3004.001710    0.000000
 3004.694340    0.000000
 3005.385740    0.000000
 3006.076900    0.000000
 3006.770020    0.000000
 3007.461670    0.000000
 3008.155270    0.000000
 3008.847410    0.000000
 3009.541260    0.000000
 3010.233400    0.000000
 3010.926270    0.000000
 3011.620360    0.000000
 3012.313230    0.000000
 3013.007810    0.000000
 3013.700930    0.000000
 3014.395750    0.000000
 3015.089360    0.000000
 3015.783200    0.000000
 3016.478270    0.000000
 3017.172610    0.000000
 3017.868160    0.000000
 3018.562260    0.000000
 3019.258540    0.000000
 3019.952880    0.000000
 3020.647950    0.000000
 3021.344480    0.000000
 3022.039310    0.000000
 3022.736330    0.000000
 3023.431640    0.000000
 3024.128660    0.000000
 3024.824460    0.000000
 3025.522220    0.000000
 3026.218020    0.000000
 3026.914310    0.000000
 3027.612300    0.000000
 3028.308840    0.000000
 3029.007080    0.000000
 3029.703860    0.000000
 3030.402590    0.000000
 3031.099850    0.000000
 3031.797120    0.000000
 3032.496090    0.000000
 3033.193600    0.000000
 3033.893310    0.000000
 3034.591060    0.000000
 3035.290770    0.000000
 3035.989010    0.000000
 3036.687740    0.000000
 3037.387700    0.000000
 3038.086670    0.000000
 3038.787350    0.000000
 3039.486080    0.000000
 3040.187260    0.000000
 3040.886470    0.000000
 3041.586180    0.000000
 3042.287350    0.000000
 3042.987550    0.000000
 3043.689210    0.000000
 3044.389160    0.000000
 3045.091060    0.000000
 3045.791750    0.000000
 3046.492430    0.000000
 3047.194820    0.000000
 3047.896000    0.000000
 3048.598880    0.000000
 3049.300050    0.000000
