 2653.384280    0.118297
 2653.996340    0.127030
 2654.606690    0.136303
 2655.217290    0.146173
 2655.829830    0.156699
 2656.440670    0.167854
 2657.053220    0.179733
 2657.664550    0.192315
 2658.277340    0.205691
 2658.888920    0.219840
 2659.500730    0.234833
 2660.114010    0.250740
 2660.725830    0.267527
 2661.339360    0.285323
 2661.951660    0.304087
 2662.565430    0.323944
 2663.177980    0.344853
 2663.790530    0.366898
 2664.404790    0.390191
 2665.017820    0.414669
 2665.632320    0.440489
 2666.245610    0.467587
 2666.860350    0.496131
 2667.473880    0.526049
 2668.089110    0.557532
 2668.702880    0.590473
 2669.316890    0.625009
 2669.932370    0.661263
 2670.546630    0.699134
 2671.162350    0.738836
 2671.776860    0.780249
 2672.393070    0.823622
 2673.007810    0.868783
 2673.622560    0.915883
 2674.239260    0.965128
 2674.854490    1.016296
 2675.471190    1.069677
 2676.086670    1.125084
 2676.703860    1.182828
 2677.319580    1.242655
 2677.935550    1.304763
 2678.552980    1.369324
 2679.169190    1.436094
 2679.786870    1.505399
 2680.403560    1.576997
 2681.021480    1.651173
 2681.638430    1.727689
 2682.255370    1.806683
 2682.873780    1.888367
 2683.490970    1.972404
 2684.109860    2.059202
 2684.727290    2.148328
 2685.346440    2.240241
 2685.964110    2.334468
 2686.582030    2.431256
 2687.201660    2.530832
 2687.819820    2.632670
 2688.439450    2.737232
 2689.057860    2.844035
 2689.677980    2.953555
 2690.296880    3.065236
 2690.915770    3.179248
 2691.536380    3.295862
 2692.155270    3.414379
 2692.776370    3.535484
 2693.395750    3.658349
 2694.016850    3.783575
 2694.636720    3.910491
 2695.256590    4.039252
 2695.877930    4.170071
 2696.498050    4.302282
 2697.119870    4.436405
 2697.740480    4.571693
 2698.362550    4.708612
 2698.983400    4.846443
 2699.604250    4.985322
 2700.226810    5.125495
 2700.847900    5.266104
 2701.470700    5.407717
 2702.092040    5.549456
 2702.715330    5.691943
 2703.337160    5.834227
 2703.958980    5.976477
 2704.582520    6.118907
 2705.204830    6.260670
 2705.828370    6.402138
 2706.450930    6.542630
 2707.074950    6.682505
 2707.697750    6.820971
 2708.320800    6.958163
 2708.945310    7.094152
 2709.568360    7.228103
 2710.193360    7.360553
 2710.816650    7.490527
 2711.441890    7.618592
 2712.065670    7.743849
 2712.689450    7.866407
 2713.314940    7.986398
 2713.939210    8.103066
 2714.565190    8.216766
 2715.189450    8.326695
 2715.815670    8.433311
 2716.440430    8.535853
 2717.066890    8.634667
 2717.691890    8.729084
 2718.317140    8.819212
 2718.943850    8.905055
 2719.569340    8.986093
 2720.196530    9.062559
 2720.822270    9.133931
 2721.449710    9.200440
 2722.075680    9.261629
 2722.702150    9.317591
 2723.329830    9.368271
 2723.956300    9.413381
 2724.584470    9.453041
 2725.211430    9.486992
 2725.839600    9.515301
 2726.466800    9.537816
 2727.093990    9.554543
 2727.722900    9.565477
 2728.350340    9.570537
 2728.979490    9.569737
 2729.607420    9.563077
 2730.236820    9.550535
 2730.864750    9.532197
 2731.493160    9.508050
 2732.122800    9.478090
 2732.751460    9.442474
 2733.381590    9.401121
 2734.010500    9.354284
 2734.640870    9.301843
 2735.270020    9.244117
 2735.899410    9.181087
 2736.530270    9.112728
 2737.159670    9.039480
 2737.790770    8.961104
 2738.420650    8.878098
 2739.052250    8.790219
 2739.682370    8.698065
 2740.312500    8.601599
 2740.944340    8.500710
 2741.575200    8.395996
 2742.207280    8.287274
 2742.838130    8.175149
 2743.470460    8.059335
 2744.101560    7.940515
 2744.732910    7.818620
 2745.365970    7.693558
 2745.997310    7.566207
 2746.630860    7.435986
 2747.262700    7.303900
 2747.896000    7.169502
 2748.528080    7.033570
 2749.160640    6.895948
 2749.794430    6.756684
 2750.427000    6.616524
 2751.061280    6.475025
 2751.694090    6.333104
 2752.328610    6.190253
 2752.961910    6.047335
 2753.595210    5.904274
 2754.230220    5.760883
 2754.863770    5.618070
 2755.499020    5.475314
 2756.132810    5.333511
 2756.768550    5.192081
 2757.402590    5.052015
 2758.036870    4.913054
 2758.673100    4.774994
 2759.307620    4.638797
 2759.943850    4.503884
 2760.578860    4.371035
 2761.215330    4.239836
 2761.850590    4.110981
 2762.487550    3.984020
 2763.123050    3.859716
 2763.758790    3.737855
 2764.396000    3.618334
 2765.031980    3.501775
 2765.669430    3.387799
 2766.305910    3.276952
 2766.943600    3.168954
 2767.580320    3.064277
 2768.216800    2.962883
 2768.855220    2.864525
 2769.492190    2.769816
 2770.130860    2.678369
 2770.768070    2.590715
 2771.407230    2.506464
 2772.044680    2.426172
 2772.682130    2.349676
 2773.321780    2.276797
 2773.959720    2.208048
 2774.599370    2.143124
 2775.237550    2.082407
 2775.877690    2.025638
 2776.516360    1.973180
 2777.155030    1.924955
 2777.795170    1.880925
 2778.434330    1.841317
 2779.074950    1.806042
 2779.714360    1.775307
 2780.355470    1.749030
 2780.995120    1.727404
 2781.634770    1.710421
 2782.276120    1.698113
 2782.916260    1.690604
 2783.558110    1.687926
 2784.198490    1.690160
 2784.840330    1.697380
 2785.480960    1.709626
 2786.121830    1.726986
 2786.764400    1.749590
 2787.405270    1.777394
 2788.048100    1.810635
 2788.689450    1.849216
 2789.332520    1.893414
 2789.974370    1.943111
 2790.615970    1.998449
 2791.259770    2.059745
 2791.901610    2.126695
 2792.545410    2.199793
 2793.187990    2.278774
 2793.832030    2.364062
 2794.474850    2.455395
 2795.117680    2.553014
 2795.762210    2.657295
 2796.405520    2.767859
 2797.050290    2.885259
 2797.693600    3.009048
 2798.338870    3.139977
 2798.982420    3.277388
 2799.626460    3.421810
 2800.272220    3.573631
 2800.916260    3.732119
 2801.562260    3.898248
 2802.206790    4.071213
 2802.852780    4.251858
 2803.497560    4.439489
 2804.142580    4.634564
 2804.789310    4.837597
 2805.434330    5.047550
 2806.081300    5.265639
 2806.726810    5.490740
 2807.374020    5.723966
 2808.020020    5.964267
 2808.666020    6.212059
 2809.313480    6.467903
 2809.959960    6.730805
 2810.607910    7.001718
 2811.254390    7.279349
 2811.902830    7.565097
 2812.549560    7.857265
 2813.198240    8.157402
 2813.845210    8.463696
 2814.492680    8.777038
 2815.141600    9.097774
 2815.789310    9.424411
 2816.438720    9.758253
 2817.086430    10.097340
 2817.736080    10.443375
 2818.384520    10.794443
 2819.032710    11.150801
 2819.682620    11.513270
 2820.331300    11.879938
 2820.981930    12.252297
 2821.630620    12.627798
 2822.281490    13.008501
 2822.930660    13.391773
 2823.580080    13.778382
 2824.231200    14.168828
 2824.880860    14.560804
 2825.532230    14.955808
 2826.182370    15.351630
 2826.833980    15.749460
 2827.484380    16.147194
 2828.134770    16.545107
 2828.786870    16.943754
 2829.437740    17.340847
 2830.090090    17.737518
 2830.741210    18.131613
 2831.394040    18.524378
 2832.045410    18.913366
 2832.697020    19.299074
 2833.350100    19.681660
 2834.001950    20.059002
 2834.655520    20.432241
 2835.307620    20.799011
 2835.961180    21.160404
 2836.613770    21.514515
 2837.266360    21.861342
 2837.920410    22.201096
 2838.573490    22.531961
 2839.228030    22.854631
 2839.881100    23.167145
 2840.535890    23.470493
 2841.189450    23.762816
 2841.843020    24.044195
 2842.498540    24.314945
 2843.152340    24.573092
 2843.807860    24.819536
 2844.462160    25.052736
 2845.118160    25.273323
 2845.772710    25.479826
 2846.427250    25.672396
 2847.083740    25.851198
 2847.738770    26.014969
 2848.395260    26.164148
 2849.050540    26.297846
 2849.707760    26.416441
 2850.363280    26.519054
 2851.018800    26.605823
 2851.676270    26.676779
 2852.332280    26.731403
 2852.989990    26.769850
 2853.646480    26.791861
 2854.304440    26.797478
 2854.960940    26.786663
 2855.617920    26.759443
 2856.276370    26.715750
 2856.933350    26.655861
 2857.592290    26.579557
 2858.249760    26.487358
 2858.908940    26.378975
 2859.566650    26.255119
 2860.224370    26.115795
 2860.883790    25.960835
 2861.541750    25.791252
 2862.201900    25.606390
 2862.860350    25.407654
 2863.520510    25.194374
 2864.179200    24.967939
 2864.839840    24.727570
 2865.498780    24.475006
 2866.157960    24.209988
 2866.818850    23.932333
 2867.478520    23.643734
 2868.139650    23.343504
 2868.799320    23.033484
 2869.460940    22.712576
 2870.121090    22.382961
 2870.781490    22.044352
 2871.443360    21.696646
 2872.103760    21.341932
 2872.766360    20.978804
 2873.427000    20.610096
 2874.089600    20.234207
 2874.750730    19.853638
 2875.412110    19.467995
 2876.075440    19.076826
 2876.736820    18.683008
 2877.400390    18.284632
 2878.062260    17.884594
 2878.725830    17.481390
 2879.388180    17.077339
 2880.050540    16.672234
 2880.714600    16.265553
 2881.377440    15.859602
 2882.041750    15.453244
 2882.704830    15.048603
 2883.369380    14.644523
 2884.032960    14.242943
 2884.696530    13.843715
 2885.361330    13.446539
 2886.025390    13.052993
 2886.690920    12.662177
 2887.354980    12.276182
 2888.020510    11.893666
 2888.685060    11.516374
 2889.349610    11.144055
 2890.015870    10.776076
 2890.680910    10.414339
 2891.347410    10.057647
 2892.012700    9.707681
 2892.679200    9.363379
 2893.344970    9.025960
 2894.010500    8.695344
 2894.677730    8.370749
 2895.343510    8.053864
 2896.011470    7.743087
 2896.677490    7.440465
 2897.345460    7.144311
 2898.011960    6.856226
 2898.678960    6.575402
 2899.347170    6.301605
 2900.014160    6.035858
 2900.682860    5.777017
 2901.350100    5.526306
 2902.019530    5.282343
 2902.687010    5.046619
 2903.354740    4.818280
 2904.024410    4.596725
 2904.692380    4.383104
 2905.361820    4.176317
 2906.030520    3.976969
 2906.700680    3.784318
 2907.369140    3.599167
 2908.038090    3.420775
 2908.708500    3.248791
 2909.377930    3.083722
 2910.048830    2.924836
 2910.718260    2.772691
 2911.389650    2.626370
 2912.059330    2.486528
 2912.729250    2.352584
 2913.400630    2.224164
 2914.070800    2.101626
 2914.742920    1.984241
 2915.413570    1.872448
 2916.085690    1.765597
 2916.756590    1.663957
 2917.429200    1.566925
 2918.100340    1.474800
 2918.771730    1.387172
 2919.444580    1.303739
 2920.116210    1.224676
 2920.789550    1.149486
 2921.461670    1.078342
 2922.135500    1.010786
 2922.807370    0.947033
 2923.479740    0.886688
 2924.154050    0.829495
 2924.826660    0.775623
 2925.500980    0.724659
 2926.174070    0.676691
 2926.848880    0.631380
 2927.522220    0.588812
 2928.195800    0.548746
 2928.870850    0.510998
 2929.544920    0.475589
 2930.220460    0.442277
 2930.894530    0.411098
 2931.570310    0.381799
 2932.244630    0.354415
 2932.919190    0.328774
 2933.595700    0.304724
 2934.270260    0.282312
 2934.947270    0.261307
 2935.622310    0.241761
 2936.299070    0.223489
 2936.974850    0.206487
 2937.650390    0.190660
 2938.327880    0.175891
 2939.003660    0.162193
 2939.681400    0.149430
 2940.357670    0.137607
 2941.035640    0.126610
 2941.712160    0.116436
 2942.389160    0.107004
 2943.067630    0.098254
 2943.744630    0.090178
 2944.423580    0.082690
 2945.100830    0.075791
 2945.780030    0.069406
 2946.457760    0.063528
 2947.135500    0.058111
 2947.815190    0.053107
 2948.493410    0.048512
 2949.173100    0.044276
 2949.851560    0.040391
 2950.531980    0.036812
 2951.210450    0.033538
 2951.889650    0.030532
 2952.570070    0.027772
 2953.249270    0.025249
 2953.930660    0.022934
 2954.610110    0.020823
 2955.291500    0.018888
 2955.971190    0.017126
 2956.651120    0.015518
 2957.333010    0.014048
 2958.013180    0.012712
 2958.695560    0.011491
 2959.376220    0.010383
 2960.058350    0.009374
 2960.739500    0.008459
 2961.420410    0.007628
 2962.103520    0.006872
 2962.784910    0.006188
 2963.468020    0.005568
 2964.149900    0.005007
 2964.833500    0.004498
 2965.515380    0.004041
 2966.197750    0.003626
 2966.881590    0.003251
 2967.564210    0.002913
 2968.248540    0.002608
 2968.931150    0.002335
 2969.615720    0.002088
 2970.299070    0.001866
 2970.984130    0.001666
 2971.667480    0.001487
 2972.351070    0.001327
 2973.036620    0.001182
 2973.720700    0.001053
 2974.406250    0.000937
 2975.090580    0.000833
 2975.776610    0.000740
 2976.461180    0.000657
 2977.146000    0.000584
 2977.832280    0.000518
 2978.517580    0.000459
 2979.204350    0.000406
 2979.889650    0.000360
 2980.576660    0.000318
 2981.262210    0.000281
 2981.948240    0.000248
 2982.635990    0.000219
 2983.322020    0.000194
 2984.010010    0.000170
 2984.696530    0.000150
 2985.384770    0.000132
 2986.071530    0.000116
 2986.758540    0.000102
 2987.447270    0.000090
 2988.134770    0.000078
 2988.823490    0.000069
 2989.510990    0.000060
 2990.200440    0.000052
 2990.888180    0.000047
 2991.576170    0.000040
 2992.266360    0.000035
 2992.954830    0.000031
 2993.644780    0.000027
 2994.333500    0.000024
 2995.023930    0.000020
 2995.713130    0.000018
 2996.402100    0.000015
 2997.093020    0.000013
 2997.782710    0.000011
 2998.473880    0.000010
 2999.163570    0.000009
 2999.855470    0.000008
 3000.545410    0.000007
 3001.235600    0.000006
 3001.927730    0.000005
 3002.618410    0.000005
 3003.310550    0.000004
 3004.001710    0.000003
 3004.694340    0.000003
 3005.385740    0.000003
 3006.076900    0.000002
 3006.770020    0.000002
 3007.461670    0.000002
 3008.155270    0.000001
 3008.847410    0.000001
 3009.541260    0.000001
 3010.233400    0.000001
 3010.926270    0.000001
 3011.620360    0.000001
 3012.313230    0.000001
 3013.007810    0.000000
 3013.700930    0.000000
 3014.395750    0.000000
 3015.089360    0.000000
 3015.783200    0.000000
 3016.478270    0.000000
 3017.172610    0.000000
 3017.868160    0.000000
 3018.562260    0.000000
 3019.258540    0.000000
 3019.952880    0.000000
 3020.647950    0.000000
 3021.344480    0.000000
 3022.039310    0.000000
 3022.736330    0.000000
 3023.431640    0.000000
 3024.128660    0.000000
 3024.824460    0.000000
 3025.522220    0.000000
 3026.218020    0.000000
 3026.914310    0.000000
 3027.612300    0.000000
 3028.308840    0.000000
 3029.007080    0.000000
 3029.703860    0.000000
 3030.402590    0.000000
 3031.099850    0.000000
 3031.797120    0.000000
 3032.496090    0.000000
 3033.193600    0.000000
 3033.893310    0.000000
 3034.591060    0.000000
 3035.290770    0.000000
 3035.989010    0.000000
 3036.687740    0.000000
 3037.387700    0.000000
 3038.086670    0.000000
 3038.787350    0.000000
 3039.486080    0.000000
 3040.187260    0.000000
 3040.886470    0.000000
 3041.586180    0.000000
 3042.287350    0.000000
 3042.987550    0.000000
 3043.689210    0.000000
 3044.389160    0.000000
 3045.091060    0.000000
 3045.791750    0.000000
 3046.492430    0.000000
 3047.194820    0.000000
 3047.896000    0.000000
 3048.598880    0.000000
 3049.300050    0.000000
