 2653.384280    0.000000
 2653.996340    0.000000
 2654.606690    0.000000
 2655.217290    0.000000
 2655.829830    0.000000
 2656.440670    0.000000
 2657.053220    0.000000
 2657.664550    0.000000
 2658.277340    0.000000
 2658.888920    0.000000
 2659.500730    0.000000
 2660.114010    0.000000
 2660.725830    0.000000
 2661.339360    0.000000
 2661.951660    0.000000
 2662.565430    0.000000
 2663.177980    0.000000
 2663.790530    0.000000
 2664.404790    0.000000
 2665.017820    0.000000
 2665.632320    0.000000
 2666.245610    0.000000
 2666.860350    0.000000
 2667.473880    0.000000
 2668.089110    0.000000
 2668.702880    0.000000
 2669.316890    0.000000
 2669.932370    0.000000
 2670.546630    0.000000
 2671.162350    0.000000
 2671.776860    0.000000
 2672.393070    0.000000
 2673.007810    0.000000
 2673.622560    0.000000
 2674.239260    0.000000
 2674.854490    0.000000
 2675.471190    0.000000
 2676.086670    0.000000
 2676.703860    0.000000
 2677.319580    0.000000
 2677.935550    0.000000
 2678.552980    0.000000
 2679.169190    0.000000
 2679.786870    0.000000
 2680.403560    0.000000
 2681.021480    0.000000
 2681.638430    0.000000
 2682.255370    0.000000
 2682.873780    0.000000
 2683.490970    0.000000
 2684.109860    0.000000
 2684.727290    0.000000
 2685.346440    0.000000
 2685.964110    0.000000
 2686.582030    0.000000
 2687.201660    0.000000
 2687.819820    0.000000
 2688.439450    0.000000
 2689.057860    0.000000
 2689.677980    0.000000
 2690.296880    0.000000
 2690.915770    0.000000
 2691.536380    0.000000
 2692.155270    0.000000
 2692.776370    0.000000
 2693.395750    0.000000
 2694.016850    0.000000
 2694.636720    0.000000
 2695.256590    0.000000
 2695.877930    0.000000
 2696.498050    0.000000
 2697.119870    0.000000
 2697.740480    0.000000
 2698.362550    0.000000
 2698.983400    0.000000
 2699.604250    0.000000
 2700.226810    0.000000
 2700.847900    0.000000
 2701.470700    0.000000
 2702.092040    0.000000
 2702.715330    0.000000
 2703.337160    0.000000
 2703.958980    0.000000
 2704.582520    0.000000
 2705.204830    0.000000
 2705.828370    0.000000
 2706.450930    0.000000
 2707.074950    0.000000
 2707.697750    0.000000
 2708.320800    0.000000
 2708.945310    0.000000
 2709.568360    0.000000
 2710.193360    0.000000
 2710.816650    0.000000
 2711.441890    0.000000
 2712.065670    0.000000
 2712.689450    0.000000
 2713.314940    0.000000
 2713.939210    0.000001
 2714.565190    0.000001
 2715.189450    0.000001
 2715.815670    0.000001
 2716.440430    0.000001
 2717.066890    0.000001
 2717.691890    0.000001
 2718.317140    0.000001
 2718.943850    0.000001
 2719.569340    0.000002
 2720.196530    0.000002
 2720.822270    0.000002
 2721.449710    0.000002
 2722.075680    0.000002
 2722.702150    0.000003
 2723.329830    0.000003
 2723.956300    0.000003
 2724.584470    0.000004
 2725.211430    0.000004
 2725.839600    0.000005
 2726.466800    0.000005
 2727.093990    0.000006
 2727.722900    0.000007
 2728.350340    0.000008
 2728.979490    0.000008
 2729.607420    0.000009
 2730.236820    0.000010
 2730.864750    0.000011
 2731.493160    0.000012
 2732.122800    0.000013
 2732.751460    0.000015
 2733.381590    0.000017
 2734.010500    0.000019
 2734.640870    0.000021
 2735.270020    0.000023
 2735.899410    0.000026
 2736.530270    0.000029
 2737.159670    0.000031
 2737.790770    0.000034
 2738.420650    0.000038
 2739.052250    0.000043
 2739.682370    0.000047
 2740.312500    0.000051
 2740.944340    0.000057
 2741.575200    0.000063
 2742.207280    0.000070
 2742.838130    0.000077
 2743.470460    0.000085
 2744.101560    0.000093
 2744.732910    0.000103
 2745.365970    0.000113
 2745.997310    0.000125
 2746.630860    0.000137
 2747.262700    0.000151
 2747.896000    0.000166
 2748.528080    0.000182
 2749.160640    0.000199
 2749.794430    0.000219
 2750.427000    0.000240
 2751.061280    0.000264
 2751.694090    0.000289
 2752.328610    0.000317
 2752.961910    0.000347
 2753.595210    0.000380
 2754.230220    0.000415
 2754.863770    0.000454
 2755.499020    0.000497
 2756.132810    0.000543
 2756.768550    0.000592
 2757.402590    0.000647
 2758.036870    0.000706
 2758.673100    0.000771
 2759.307620    0.000840
 2759.943850    0.000916
 2760.578860    0.000998
 2761.215330    0.001087
 2761.850590    0.001184
 2762.487550    0.001288
 2763.123050    0.001402
 2763.758790    0.001525
 2764.396000    0.001658
 2765.031980    0.001802
 2765.669430    0.001958
 2766.305910    0.002127
 2766.943600    0.002310
 2767.580320    0.002506
 2768.216800    0.002719
 2768.855220    0.002950
 2769.492190    0.003198
 2770.130860    0.003467
 2770.768070    0.003756
 2771.407230    0.004068
 2772.044680    0.004405
 2772.682130    0.004767
 2773.321780    0.005159
 2773.959720    0.005581
 2774.599370    0.006036
 2775.237550    0.006525
 2775.877690    0.007052
 2776.516360    0.007620
 2777.155030    0.008229
 2777.795170    0.008886
 2778.434330    0.009592
 2779.074950    0.010353
 2779.714360    0.011168
 2780.355470    0.012047
 2780.995120    0.012988
 2781.634770    0.013999
 2782.276120    0.015087
 2782.916260    0.016253
 2783.558110    0.017508
 2784.198490    0.018849
 2784.840330    0.020291
 2785.480960    0.021835
 2786.121830    0.023490
 2786.764400    0.025269
 2787.405270    0.027168
 2788.048100    0.029208
 2788.689450    0.031388
 2789.332520    0.033728
 2789.974370    0.036226
 2790.615970    0.038898
 2791.259770    0.041765
 2791.901610    0.044822
 2792.545410    0.048099
 2793.187990    0.051594
 2793.832030    0.055336
 2794.474850    0.059325
 2795.117680    0.063584
 2795.762210    0.068142
 2796.405520    0.072996
 2797.050290    0.078185
 2797.693600    0.083707
 2798.338870    0.089611
 2798.982420    0.095886
 2799.626460    0.102577
 2800.272220    0.109721
 2800.916260    0.117308
 2801.562260    0.125406
 2802.206790    0.134004
 2802.852780    0.143169
 2803.497560    0.152895
 2804.142580    0.163236
 2804.789310    0.174253
 2805.434330    0.185922
 2806.081300    0.198349
 2806.726810    0.211508
 2807.374020    0.225505
 2808.020020    0.240322
 2808.666020    0.256028
 2809.313480    0.272709
 2809.959960    0.290352
 2810.607910    0.309075
 2811.254390    0.328848
 2811.902830    0.349829
 2812.549560    0.371958
 2813.198240    0.395421
 2813.845210    0.420146
 2814.492680    0.446278
 2815.141600    0.473926
 2815.789310    0.503046
 2816.438720    0.533841
 2817.086430    0.566220
 2817.736080    0.600443
 2818.384520    0.636420
 2819.032710    0.674279
 2819.682620    0.714220
 2820.331300    0.756149
 2820.981930    0.800358
 2821.630620    0.846669
 2822.281490    0.895468
 2822.930660    0.946554
 2823.580080    1.000166
 2824.231200    1.056529
 2824.880860    1.115464
 2825.532230    1.177358
 2826.182370    1.242033
 2826.833980    1.309857
 2827.484380    1.380651
 2828.134770    1.454641
 2828.786870    1.532133
 2829.437740    1.612885
 2830.090090    1.697335
 2830.741210    1.785237
 2831.394040    1.877092
 2832.045410    1.972559
 2832.697020    2.071973
 2833.350100    2.175638
 2834.001950    2.283226
 2834.655520    2.395322
 2835.307620    2.511477
 2835.961180    2.632303
 2836.613770    2.757446
 2837.266360    2.887166
 2837.920410    3.021853
 2838.573490    3.161090
 2839.228030    3.305475
 2839.881100    3.454433
 2840.535890    3.608758
 2841.189450    3.767821
 2841.843020    3.931964
 2842.498540    4.101748
 2843.152340    4.276267
 2843.807860    4.456471
 2844.462160    4.641588
 2845.118160    4.832473
 2845.772710    5.028217
 2846.427250    5.229246
 2847.083740    5.436179
 2847.738770    5.647928
 2848.395260    5.865419
 2849.050540    6.087730
 2849.707760    6.315904
 2850.363280    6.548618
 2851.018800    6.786394
 2851.676270    7.029886
 2852.332280    7.277746
 2852.989990    7.531077
 2853.646480    7.788647
 2854.304440    8.051386
 2854.960940    8.317988
 2855.617920    8.589092
 2856.276370    8.864959
 2856.933350    9.144188
 2857.592290    9.428050
 2858.249760    9.714879
 2858.908940    10.005852
 2859.566650    10.299348
 2860.224370    10.595772
 2860.883790    10.895661
 2861.541750    11.197314
 2862.201900    11.502142
 2862.860350    11.808060
 2863.520510    12.116362
 2864.179200    12.425264
 2864.839840    12.736052
 2865.498780    13.046682
 2866.157960    13.357738
 2866.818850    13.669566
 2867.478520    13.980437
 2868.139650    14.291254
 2868.799320    14.600272
 2869.460940    14.908718
 2870.121090    15.214623
 2870.781490    15.518391
 2871.443360    15.820197
 2872.103760    16.118305
 2872.766360    16.413977
 2873.427000    16.704958
 2874.089600    16.992571
 2874.750730    17.274937
 2875.412110    17.552397
 2876.075440    17.825254
 2876.736820    18.091511
 2877.400390    18.352448
 2878.062260    18.606138
 2878.725830    18.853518
 2879.388180    19.093115
 2880.050540    19.325035
 2880.714600    19.549490
 2881.377440    19.765137
 2882.041750    19.972517
 2882.704830    20.170460
 2883.369380    20.359457
 2884.032960    20.538506
 2884.696530    20.707611
 2885.361330    20.866785
 2886.025390    21.015305
 2886.690920    21.153400
 2887.354980    21.280252
 2888.020510    21.396214
 2888.685060    21.500668
 2889.349610    21.593628
 2890.015870    21.675140
 2890.680910    21.744713
 2891.347410    21.802511
 2892.012700    21.848211
 2892.679200    21.881918
 2893.344970    21.903475
 2894.010500    21.912893
 2894.677730    21.910170
 2895.343510    21.895319
 2896.011470    21.868286
 2896.677490    21.829290
 2897.345460    21.778183
 2898.011960    21.715313
 2898.678960    21.640644
 2899.347170    21.554192
 2900.014160    21.456430
 2900.682860    21.347096
 2901.350100    21.226898
 2902.019530    21.095379
 2902.687010    20.953577
 2903.354740    20.801317
 2904.024410    20.638422
 2904.692380    20.466057
 2905.361820    20.283705
 2906.030520    20.092251
 2906.700680    19.891378
 2907.369140    19.682369
 2908.038090    19.464909
 2908.708500    19.238993
 2909.377930    19.005798
 2910.048830    18.764839
 2910.718260    18.517536
 2911.389650    18.263012
 2912.059330    18.003038
 2912.729250    17.737267
 2913.400630    17.465586
 2914.070800    17.189478
 2914.742920    16.908028
 2915.413570    16.623060
 2916.085690    16.333729
 2916.756590    16.041588
 2917.429200    15.745749
 2918.100340    15.447999
 2918.771730    15.147975
 2919.444580    14.845501
 2920.116210    14.542164
 2920.789550    14.237008
 2921.461670    13.931723
 2922.135500    13.625331
 2922.807370    13.319845
 2923.479740    13.014493
 2924.154050    12.708938
 2924.826660    12.405157
 2925.500980    12.101913
 2926.174070    11.800826
 2926.848880    11.500866
 2927.522220    11.203721
 2928.195800    10.908895
 2928.870850    10.616108
 2929.544920    10.326658
 2930.220460    10.039728
 2930.894530    9.756772
 2931.570310    9.476660
 2932.244630    9.200893
 2932.919190    8.928938
 2933.595700    8.660285
 2934.270260    8.396634
 2934.947270    8.136407
 2935.622310    7.881424
 2936.299070    7.630406
 2936.974850    7.384461
 2937.650390    7.143397
 2938.327880    6.906521
 2939.003660    6.675185
 2939.681400    6.448191
 2940.357670    6.226733
 2941.035640    6.009809
 2941.712160    5.798461
 2942.389160    5.592082
 2943.067630    5.390402
 2943.744630    5.194288
 2944.423580    5.002745
 2945.100830    4.816790
 2945.780030    4.635393
 2946.457760    4.459438
 2947.135500    4.288488
 2947.815190    4.122025
 2948.493410    3.960840
 2949.173100    3.804178
 2949.851560    3.652597
 2950.531980    3.505330
 2951.210450    3.363148
 2951.889650    3.225402
 2952.570070    3.091932
 2953.249270    2.963136
 2953.930660    2.838290
 2954.610110    2.718068
 2955.291500    2.601688
 2955.971190    2.489690
 2956.651120    2.381643
 2957.333010    2.277202
 2958.013180    2.176832
 2958.695560    2.079868
 2959.376220    1.986771
 2960.058350    1.897009
 2960.739500    1.810809
 2961.420410    1.727974
 2962.103520    1.648125
 2962.784910    1.571625
 2963.468020    1.497998
 2964.149900    1.427468
 2964.833500    1.359642
 2965.515380    1.294767
 2966.197750    1.232537
 2966.881590    1.172787
 2967.564210    1.115661
 2968.248540    1.060834
 2968.931150    1.008494
 2969.615720    0.958280
 2970.299070    0.910345
 2970.984130    0.864409
 2971.667480    0.820622
 2972.351070    0.778778
 2973.036620    0.738708
 2973.720700    0.700542
 2974.406250    0.664046
 2975.090580    0.629296
 2975.776610    0.596079
 2976.461180    0.564486
 2977.146000    0.534370
 2977.832280    0.505626
 2978.517580    0.478295
 2979.204350    0.452228
 2979.889650    0.427478
 2980.576660    0.403880
 2981.262210    0.381493
 2981.948240    0.360198
 2982.635990    0.339918
 2983.322020    0.320705
 2984.010010    0.302415
 2984.696530    0.285093
 2985.384770    0.268621
 2986.071530    0.253036
 2986.758540    0.238255
 2987.447270    0.224215
 2988.134770    0.210940
 2988.823490    0.198351
 2989.510990    0.186457
 2990.200440    0.175172
 2990.888180    0.164528
 2991.576170    0.154462
 2992.266360    0.144921
 2992.954830    0.135933
 2993.644780    0.127429
 2994.333500    0.119419
 2995.023930    0.111845
 2995.713130    0.104717
 2996.402100    0.098001
 2997.093020    0.091658
 2997.782710    0.085695
 2998.473880    0.080072
 2999.163570    0.074795
 2999.855470    0.069817
 3000.545410    0.065151
 3001.235600    0.060768
 3001.927730    0.056641
 3002.618410    0.052775
 3003.310550    0.049143
 3004.001710    0.045742
 3004.694340    0.042549
 3005.385740    0.039564
 3006.076900    0.036771
 3006.770020    0.034150
 3007.461670    0.031706
 3008.155270    0.029414
 3008.847410    0.027279
 3009.541260    0.025280
 3010.233400    0.023420
 3010.926270    0.021684
 3011.620360    0.020062
 3012.313230    0.018555
 3013.007810    0.017148
 3013.700930    0.015842
 3014.395750    0.014625
 3015.089360    0.013495
 3015.783200    0.012446
 3016.478270    0.011471
 3017.172610    0.010566
 3017.868160    0.009727
 3018.562260    0.008949
 3019.258540    0.008228
 3019.952880    0.007563
 3020.647950    0.006946
 3021.344480    0.006374
 3022.039310    0.005849
 3022.736330    0.005361
 3023.431640    0.004912
 3024.128660    0.004498
 3024.824460    0.004116
 3025.522220    0.003764
 3026.218020    0.003441
 3026.914310    0.003143
 3027.612300    0.002870
 3028.308840    0.002618
 3029.007080    0.002386
 3029.703860    0.002174
 3030.402590    0.001980
 3031.099850    0.001802
 3031.797120    0.001639
 3032.496090    0.001490
 3033.193600    0.001353
 3033.893310    0.001228
 3034.591060    0.001115
 3035.290770    0.001010
 3035.989010    0.000916
 3036.687740    0.000829
 3037.387700    0.000750
 3038.086670    0.000678
 3038.787350    0.000613
 3039.486080    0.000553
 3040.187260    0.000500
 3040.886470    0.000450
 3041.586180    0.000406
 3042.287350    0.000366
 3042.987550    0.000329
 3043.689210    0.000297
 3044.389160    0.000266
 3045.091060    0.000239
 3045.791750    0.000215
 3046.492430    0.000193
 3047.194820    0.000173
 3047.896000    0.000155
 3048.598880    0.000138
 3049.300050    0.000124
