 2653.384280    0.107588
 2653.996340    0.116391
 2654.606690    0.125852
 2655.217290    0.136043
 2655.829830    0.147048
 2656.440670    0.158855
 2657.053220    0.171588
 2657.664550    0.185246
 2658.277340    0.199951
 2658.888920    0.215707
 2659.500730    0.232618
 2660.114010    0.250795
 2660.725830    0.270230
 2661.339360    0.291103
 2661.951660    0.313402
 2662.565430    0.337314
 2663.177980    0.362825
 2663.790530    0.390080
 2664.404790    0.419260
 2665.017820    0.450335
 2665.632320    0.483548
 2666.245610    0.518870
 2666.860350    0.556574
 2667.473880    0.596616
 2668.089110    0.639316
 2668.702880    0.684584
 2669.316890    0.732672
 2669.932370    0.783823
 2670.546630    0.837956
 2671.162350    0.895456
 2671.776860    0.956221
 2672.393070    1.020695
 2673.007810    1.088702
 2673.622560    1.160550
 2674.239260    1.236644
 2674.854490    1.316729
 2675.471190    1.401350
 2676.086670    1.490307
 2676.703860    1.584197
 2677.319580    1.682707
 2677.935550    1.786264
 2678.552980    1.895264
 2679.169190    2.009400
 2679.786870    2.129343
 2680.403560    2.254789
 2681.021480    2.386352
 2681.638430    2.523726
 2682.255370    2.667272
 2682.873780    2.817505
 2683.490970    2.973923
 2684.109860    3.137419
 2684.727290    3.307294
 2685.346440    3.484555
 2685.964110    3.668415
 2686.582030    3.859476
 2687.201660    4.058326
 2687.819820    4.264044
 2688.439450    4.477685
 2689.057860    4.698398
 2689.677980    4.927289
 2690.296880    5.163334
 2690.915770    5.407000
 2691.536380    5.659004
 2692.155270    5.917956
 2692.776370    6.185478
 2693.395750    6.459860
 2694.016850    6.742556
 2694.636720    7.032168
 2695.256590    7.329149
 2695.877930    7.634110
 2696.498050    7.945601
 2697.119870    8.264943
 2697.740480    8.590460
 2698.362550    8.923362
 2698.983400    9.261990
 2699.604250    9.606742
 2700.226810    9.958322
 2700.847900    10.314646
 2701.470700    10.677220
 2702.092040    11.043859
 2702.715330    11.416219
 2703.337160    11.791878
 2703.958980    12.171297
 2704.582520    12.555100
 2705.204830    12.941038
 2705.828370    13.330146
 2706.450930    13.720562
 2707.074950    14.113303
 2707.697750    14.506147
 2708.320800    14.899469
 2708.945310    15.293469
 2709.568360    15.685720
 2710.193360    16.077774
 2710.816650    16.466726
 2711.441890    16.854237
 2712.065670    17.237556
 2712.689450    17.616957
 2713.314940    17.992821
 2713.939210    18.362734
 2714.565190    18.727772
 2715.189450    19.085289
 2715.815670    19.436726
 2716.440430    19.779509
 2717.066890    20.114727
 2717.691890    20.440044
 2718.317140    20.755749
 2718.943850    21.061798
 2719.569340    21.356272
 2720.196530    21.639946
 2720.822270    21.910805
 2721.449710    22.169666
 2722.075680    22.414675
 2722.702150    22.646118
 2723.329830    22.863728
 2723.956300    23.066195
 2724.584470    23.254019
 2725.211430    23.425899
 2725.839600    23.582142
 2726.466800    23.721844
 2727.093990    23.844959
 2727.722900    23.951485
 2728.350340    24.040638
 2728.979490    24.112659
 2729.607420    24.167038
 2730.236820    24.203865
 2730.864750    24.222889
 2731.493160    24.224167
 2732.122800    24.207619
 2732.751460    24.173328
 2733.381590    24.121212
 2734.010500    24.051594
 2734.640870    23.964319
 2735.270020    23.859936
 2735.899410    23.738468
 2736.530270    23.599876
 2737.159670    23.445103
 2737.790770    23.273689
 2738.420650    23.086784
 2739.052250    22.883900
 2739.682370    22.666477
 2740.312500    22.434528
 2740.944340    22.187849
 2741.575200    21.927982
 2742.207280    21.654556
 2742.838130    21.369192
 2743.470460    21.071251
 2744.101560    20.762596
 2744.732910    20.443153
 2745.365970    20.112768
 2745.997310    19.773876
 2746.630860    19.425026
 2747.262700    19.069027
 2747.896000    18.704769
 2748.528080    18.334471
 2749.160640    17.957821
 2749.794430    17.575043
 2750.427000    17.188290
 2751.061280    16.796440
 2751.694090    16.402119
 2752.328610    16.004017
 2752.961910    15.604616
 2753.595210    15.203798
 2754.230220    14.801103
 2754.863770    14.399158
 2755.499020    13.996552
 2756.132810    13.595879
 2756.768550    13.195543
 2757.402590    12.798399
 2758.036870    12.403738
 2758.673100    12.011016
 2759.307620    11.622974
 2759.943850    11.237982
 2760.578860    10.858252
 2761.215330    10.482590
 2761.850590    10.112970
 2762.487550    9.748055
 2763.123050    9.390001
 2763.758790    9.038137
 2764.396000    8.692099
 2765.031980    8.353607
 2765.669430    8.021472
 2766.305910    7.697181
 2766.943600    7.379806
 2767.580320    7.070603
 2768.216800    6.769334
 2768.855220    6.475101
 2769.492190    6.189583
 2770.130860    5.911431
 2770.768070    5.642078
 2771.407230    5.380119
 2772.044680    5.127068
 2772.682130    4.882202
 2773.321780    4.644693
 2773.959720    4.415956
 2774.599370    4.194703
 2775.237550    3.981962
 2775.877690    3.776513
 2776.516360    3.579358
 2777.155030    3.389903
 2777.795170    3.207614
 2778.434330    3.033059
 2779.074950    2.865432
 2779.714360    2.705286
 2780.355470    2.551733
 2780.995120    2.405369
 2781.634770    2.265661
 2782.276120    2.132082
 2782.916260    2.005068
 2783.558110    1.883857
 2784.198490    1.768862
 2784.840330    1.659365
 2785.480960    1.555635
 2786.121830    1.457230
 2786.764400    1.363756
 2787.405270    1.275517
 2788.048100    1.191822
 2788.689450    1.112928
 2789.332520    1.038262
 2789.974370    0.967983
 2790.615970    0.901787
 2791.259770    0.839261
 2791.901610    0.780636
 2792.545410    0.725380
 2793.187990    0.673607
 2793.832030    0.624935
 2794.474850    0.579412
 2795.117680    0.536789
 2795.762210    0.496812
 2796.405520    0.459521
 2797.050290    0.424622
 2797.693600    0.392138
 2798.338870    0.361768
 2798.982420    0.333561
 2799.626460    0.307294
 2800.272220    0.282812
 2800.916260    0.260135
 2801.562260    0.239028
 2802.206790    0.219502
 2802.852780    0.201376
 2803.497560    0.184631
 2804.142580    0.169140
 2804.789310    0.154791
 2805.434330    0.141582
 2806.081300    0.129362
 2806.726810    0.118129
 2807.374020    0.107759
 2808.020020    0.098240
 2808.666020    0.089491
 2809.313480    0.081440
 2809.959960    0.074065
 2810.607910    0.067290
 2811.254390    0.061100
 2811.902830    0.055419
 2812.549560    0.050240
 2813.198240    0.045495
 2813.845210    0.041176
 2814.492680    0.037235
 2815.141600    0.033637
 2815.789310    0.030368
 2816.438720    0.027388
 2817.086430    0.024687
 2817.736080    0.022227
 2818.384520    0.020001
 2819.032710    0.017984
 2819.682620    0.016153
 2820.331300    0.014501
 2820.981930    0.013002
 2821.630620    0.011653
 2822.281490    0.010431
 2822.930660    0.009334
 2823.580080    0.008344
 2824.231200    0.007451
 2824.880860    0.006650
 2825.532230    0.005929
 2826.182370    0.005282
 2826.833980    0.004702
 2827.484380    0.004182
 2828.134770    0.003717
 2828.786870    0.003301
 2829.437740    0.002929
 2830.090090    0.002596
 2830.741210    0.002299
 2831.394040    0.002034
 2832.045410    0.001800
 2832.697020    0.001590
 2833.350100    0.001404
 2834.001950    0.001238
 2834.655520    0.001091
 2835.307620    0.000960
 2835.961180    0.000845
 2836.613770    0.000743
 2837.266360    0.000652
 2837.920410    0.000573
 2838.573490    0.000503
 2839.228030    0.000440
 2839.881100    0.000385
 2840.535890    0.000337
 2841.189450    0.000295
 2841.843020    0.000257
 2842.498540    0.000224
 2843.152340    0.000196
 2843.807860    0.000171
 2844.462160    0.000148
 2845.118160    0.000129
 2845.772710    0.000112
 2846.427250    0.000097
 2847.083740    0.000084
 2847.738770    0.000073
 2848.395260    0.000063
 2849.050540    0.000054
 2849.707760    0.000048
 2850.363280    0.000041
 2851.018800    0.000035
 2851.676270    0.000031
 2852.332280    0.000026
 2852.989990    0.000023
 2853.646480    0.000019
 2854.304440    0.000016
 2854.960940    0.000014
 2855.617920    0.000012
 2856.276370    0.000010
 2856.933350    0.000009
 2857.592290    0.000008
 2858.249760    0.000007
 2858.908940    0.000006
 2859.566650    0.000005
 2860.224370    0.000004
 2860.883790    0.000004
 2861.541750    0.000003
 2862.201900    0.000003
 2862.860350    0.000002
 2863.520510    0.000002
 2864.179200    0.000002
 2864.839840    0.000001
 2865.498780    0.000001
 2866.157960    0.000001
 2866.818850    0.000001
 2867.478520    0.000001
 2868.139650    0.000001
 2868.799320    0.000000
 2869.460940    0.000000
 2870.121090    0.000000
 2870.781490    0.000000
 2871.443360    0.000000
 2872.103760    0.000000
 2872.766360    0.000000
 2873.427000    0.000000
 2874.089600    0.000000
 2874.750730    0.000000
 2875.412110    0.000000
 2876.075440    0.000000
 2876.736820    0.000000
 2877.400390    0.000000
 2878.062260    0.000000
 2878.725830    0.000000
 2879.388180    0.000000
 2880.050540    0.000000
 2880.714600    0.000000
 2881.377440    0.000000
 2882.041750    0.000000
 2882.704830    0.000000
 2883.369380    0.000000
 2884.032960    0.000000
 2884.696530    0.000000
 2885.361330    0.000000
 2886.025390    0.000000
 2886.690920    0.000000
 2887.354980    0.000000
 2888.020510    0.000000
 2888.685060    0.000000
 2889.349610    0.000000
 2890.015870    0.000000
 2890.680910    0.000000
 2891.347410    0.000000
 2892.012700    0.000000
 2892.679200    0.000000
 2893.344970    0.000000
 2894.010500    0.000000
 2894.677730    0.000000
 2895.343510    0.000000
 2896.011470    0.000000
 2896.677490    0.000000
 2897.345460    0.000000
 2898.011960    0.000000
 2898.678960    0.000000
 2899.347170    0.000000
 2900.014160    0.000000
 2900.682860    0.000000
 2901.350100    0.000000
 2902.019530    0.000000
 2902.687010    0.000000
 2903.354740    0.000000
 2904.024410    0.000000
 2904.692380    0.000000
 2905.361820    0.000000
 2906.030520    0.000000
 2906.700680    0.000000
 2907.369140    0.000000
 2908.038090    0.000000
 2908.708500    0.000000
 2909.377930    0.000000
 2910.048830    0.000000
 2910.718260    0.000000
 2911.389650    0.000000
 2912.059330    0.000000
 2912.729250    0.000000
 2913.400630    0.000000
 2914.070800    0.000000
 2914.742920    0.000000
 2915.413570    0.000000
 2916.085690    0.000000
 2916.756590    0.000000
 2917.429200    0.000000
 2918.100340    0.000000
 2918.771730    0.000000
 2919.444580    0.000000
 2920.116210    0.000000
 2920.789550    0.000000
 2921.461670    0.000000
 2922.135500    0.000000
 2922.807370    0.000000
 2923.479740    0.000000
 2924.154050    0.000000
 2924.826660    0.000000
 2925.500980    0.000000
 2926.174070    0.000000
 2926.848880    0.000000
 2927.522220    0.000000
 2928.195800    0.000000
 2928.870850    0.000000
 2929.544920    0.000000
 2930.220460    0.000000
 2930.894530    0.000000
 2931.570310    0.000000
 2932.244630    0.000000
 2932.919190    0.000000
 2933.595700    0.000000
 2934.270260    0.000000
 2934.947270    0.000000
 2935.622310    0.000000
 2936.299070    0.000000
 2936.974850    0.000000
 2937.650390    0.000000
 2938.327880    0.000000
 2939.003660    0.000000
 2939.681400    0.000000
 2940.357670    0.000000
 2941.035640    0.000000
 2941.712160    0.000000
 2942.389160    0.000000
 2943.067630    0.000000
 2943.744630    0.000000
 2944.423580    0.000000
 2945.100830    0.000000
 2945.780030    0.000000
 2946.457760    0.000000
 2947.135500    0.000000
 2947.815190    0.000000
 2948.493410    0.000000
 2949.173100    0.000000
 2949.851560    0.000000
 2950.531980    0.000000
 2951.210450    0.000000
 2951.889650    0.000000
 2952.570070    0.000000
 2953.249270    0.000000
 2953.930660    0.000000
 2954.610110    0.000000
 2955.291500    0.000000
 2955.971190    0.000000
 2956.651120    0.000000
 2957.333010    0.000000
 2958.013180    0.000000
 2958.695560    0.000000
 2959.376220    0.000000
 2960.058350    0.000000
 2960.739500    0.000000
 2961.420410    0.000000
 2962.103520    0.000000
 2962.784910    0.000000
 2963.468020    0.000000
 2964.149900    0.000000
 2964.833500    0.000000
 2965.515380    0.000000
 2966.197750    0.000000
 2966.881590    0.000000
 2967.564210    0.000000
 2968.248540    0.000000
 2968.931150    0.000000
 2969.615720    0.000000
 2970.299070    0.000000
 2970.984130    0.000000
 2971.667480    0.000000
 2972.351070    0.000000
 2973.036620    0.000000
 2973.720700    0.000000
 2974.406250    0.000000
 2975.090580    0.000000
 2975.776610    0.000000
 2976.461180    0.000000
 2977.146000    0.000000
 2977.832280    0.000000
 2978.517580    0.000000
 2979.204350    0.000000
 2979.889650    0.000000
 2980.576660    0.000000
 2981.262210    0.000000
 2981.948240    0.000000
 2982.635990    0.000000
 2983.322020    0.000000
 2984.010010    0.000000
 2984.696530    0.000000
 2985.384770    0.000000
 2986.071530    0.000000
 2986.758540    0.000000
 2987.447270    0.000000
 2988.134770    0.000000
 2988.823490    0.000000
 2989.510990    0.000000
 2990.200440    0.000000
 2990.888180    0.000000
 2991.576170    0.000000
 2992.266360    0.000000
 2992.954830    0.000000
 2993.644780    0.000000
 2994.333500    0.000000
 2995.023930    0.000000
 2995.713130    0.000000
 2996.402100    0.000000
 2997.093020    0.000000
 2997.782710    0.000000
 2998.473880    0.000000
 2999.163570    0.000000
 2999.855470    0.000000
 3000.545410    0.000000
 3001.235600    0.000000
 3001.927730    0.000000
 3002.618410    0.000000
 3003.310550    0.000000
 3004.001710    0.000000
 3004.694340    0.000000
 3005.385740    0.000000
 3006.076900    0.000000
 3006.770020    0.000000
 3007.461670    0.000000
 3008.155270    0.000000
 3008.847410    0.000000
 3009.541260    0.000000
 3010.233400    0.000000
 3010.926270    0.000000
 3011.620360    0.000000
 3012.313230    0.000000
 3013.007810    0.000000
 3013.700930    0.000000
 3014.395750    0.000000
 3015.089360    0.000000
 3015.783200    0.000000
 3016.478270    0.000000
 3017.172610    0.000000
 3017.868160    0.000000
 3018.562260    0.000000
 3019.258540    0.000000
 3019.952880    0.000000
 3020.647950    0.000000
 3021.344480    0.000000
 3022.039310    0.000000
 3022.736330    0.000000
 3023.431640    0.000000
 3024.128660    0.000000
 3024.824460    0.000000
 3025.522220    0.000000
 3026.218020    0.000000
 3026.914310    0.000000
 3027.612300    0.000000
 3028.308840    0.000000
 3029.007080    0.000000
 3029.703860    0.000000
 3030.402590    0.000000
 3031.099850    0.000000
 3031.797120    0.000000
 3032.496090    0.000000
 3033.193600    0.000000
 3033.893310    0.000000
 3034.591060    0.000000
 3035.290770    0.000000
 3035.989010    0.000000
 3036.687740    0.000000
 3037.387700    0.000000
 3038.086670    0.000000
 3038.787350    0.000000
 3039.486080    0.000000
 3040.187260    0.000000
 3040.886470    0.000000
 3041.586180    0.000000
 3042.287350    0.000000
 3042.987550    0.000000
 3043.689210    0.000000
 3044.389160    0.000000
 3045.091060    0.000000
 3045.791750    0.000000
 3046.492430    0.000000
 3047.194820    0.000000
 3047.896000    0.000000
 3048.598880    0.000000
 3049.300050    0.000000
