 2653.384280    0.006232
 2653.996340    0.006684
 2654.606690    0.007162
 2655.217290    0.007669
 2655.829830    0.008210
 2656.440670    0.008782
 2657.053220    0.009391
 2657.664550    0.010037
 2658.277340    0.010726
 2658.888920    0.011457
 2659.500730    0.012238
 2660.114010    0.013072
 2660.725830    0.013963
 2661.339360    0.014917
 2661.951660    0.015940
 2662.565430    0.017040
 2663.177980    0.018223
 2663.790530    0.019497
 2664.404790    0.020878
 2665.017820    0.022369
 2665.632320    0.023991
 2666.245610    0.025749
 2666.860350    0.027669
 2667.473880    0.029759
 2668.089110    0.032049
 2668.702880    0.034550
 2669.316890    0.037292
 2669.932370    0.040308
 2670.546630    0.043617
 2671.162350    0.047268
 2671.776860    0.051280
 2672.393070    0.055715
 2673.007810    0.060595
 2673.622560    0.065980
 2674.239260    0.071945
 2674.854490    0.078517
 2675.471190    0.085792
 2676.086670    0.093812
 2676.703860    0.102694
 2677.319580    0.112476
 2677.935550    0.123279
 2678.552980    0.135225
 2679.169190    0.148375
 2679.786870    0.162903
 2680.403560    0.178880
 2681.021480    0.196501
 2681.638430    0.215853
 2682.255370    0.237117
 2682.873780    0.260522
 2683.490970    0.286147
 2684.109860    0.314310
 2684.727290    0.345072
 2685.346440    0.378812
 2685.964110    0.415588
 2686.582030    0.455737
 2687.201660    0.499628
 2687.819820    0.547309
 2688.439450    0.599290
 2689.057860    0.655647
 2689.677980    0.716965
 2690.296880    0.783282
 2690.915770    0.855051
 2691.536380    0.932843
 2692.155270    1.016588
 2692.776370    1.107197
 2693.395750    1.204485
 2694.016850    1.309381
 2694.636720    1.421795
 2695.256590    1.542326
 2695.877930    1.671696
 2696.498050    1.809759
 2697.119870    1.957586
 2697.740480    2.114901
 2698.362550    2.282793
 2698.983400    2.460937
 2699.604250    2.650040
 2700.226810    2.851039
 2700.847900    3.063276
 2701.470700    3.288179
 2702.092040    3.524926
 2702.715330    3.775125
 2703.337160    4.037678
 2703.958980    4.313385
 2704.582520    4.603250
 2705.204830    4.906074
 2705.828370    5.223152
 2706.450930    5.553430
 2707.074950    5.898224
 2707.697750    6.256009
 2708.320800    6.627484
 2708.945310    7.013261
 2709.568360    7.411293
 2710.193360    7.823473
 2710.816650    8.247020
 2711.441890    8.683980
 2712.065670    9.131458
 2712.689450    9.589867
 2713.314940    10.059832
 2713.939210    10.538414
 2714.565190    11.027038
 2715.189450    11.522136
 2715.815670    12.025632
 2716.440430    12.533736
 2717.066890    13.047904
 2717.691890    13.564343
 2718.317140    14.083203
 2718.943850    14.604185
 2719.569340    15.123684
 2720.196530    15.642708
 2720.822270    16.157162
 2721.449710    16.668142
 2722.075680    17.171528
 2722.702150    17.667343
 2723.329830    18.154552
 2723.956300    18.629677
 2724.584470    19.093338
 2725.211430    19.541779
 2725.839600    19.975185
 2726.466800    20.390497
 2727.093990    20.786909
 2727.722900    21.163969
 2728.350340    21.518362
 2728.979490    21.850532
 2729.607420    22.157637
 2730.236820    22.439785
 2730.864750    22.694565
 2731.493160    22.921827
 2732.122800    23.120813
 2732.751460    23.290016
 2733.381590    23.429369
 2734.010500    23.537687
 2734.640870    23.614971
 2735.270020    23.660549
 2735.899410    23.674398
 2736.530270    23.656351
 2737.159670    23.606544
 2737.790770    23.524906
 2738.420650    23.412094
 2739.052250    23.267986
 2739.682370    23.093859
 2740.312500    22.890095
 2740.944340    22.656826
 2741.575200    22.395901
 2742.207280    22.107418
 2742.838130    21.793604
 2743.470460    21.454315
 2744.101560    21.092264
 2744.732910    20.708027
 2745.365970    20.302048
 2745.997310    19.877998
 2746.630860    19.434780
 2747.262700    18.976681
 2747.896000    18.503021
 2748.528080    18.017433
 2749.160640    17.520256
 2749.794430    17.012524
 2750.427000    16.497826
 2751.061280    15.975395
 2751.694090    15.449449
 2752.328610    14.918914
 2752.961910    14.387772
 2753.595210    13.856484
 2754.230220    13.325057
 2754.863770    12.797524
 2755.499020    12.272558
 2756.132810    11.754033
 2756.768550    11.240336
 2757.402590    10.735531
 2758.036870    10.239056
 2758.673100    9.750563
 2759.307620    9.273729
 2759.943850    8.806768
 2760.578860    8.352539
 2761.215330    7.909742
 2761.850590    7.480786
 2762.487550    7.064161
 2763.123050    6.662325
 2763.758790    6.274452
 2764.396000    5.900080
 2765.031980    5.540948
 2765.669430    5.195634
 2766.305910    4.865497
 2766.943600    4.549368
 2767.580320    4.248249
 2768.216800    3.961604
 2768.855220    3.688305
 2769.492190    3.429593
 2770.130860    3.183906
 2770.768070    2.952157
 2771.407230    2.732770
 2772.044680    2.526635
 2772.682130    2.332754
 2773.321780    2.150102
 2773.959720    1.979374
 2774.599370    1.819209
 2775.237550    1.669954
 2775.877690    1.530360
 2776.516360    1.400719
 2777.155030    1.280235
 2777.795170    1.168203
 2778.434330    1.064604
 2779.074950    0.968595
 2779.714360    0.880142
 2780.355470    0.798415
 2780.995120    0.723400
 2781.634770    0.654493
 2782.276120    0.591140
 2782.916260    0.533255
 2783.558110    0.480211
 2784.198490    0.431924
 2784.840330    0.387836
 2785.480960    0.347817
 2786.121830    0.311464
 2786.764400    0.278424
 2787.405270    0.248603
 2788.048100    0.221576
 2788.689450    0.197252
 2789.332520    0.175288
 2789.974370    0.155579
 2790.615970    0.137891
 2791.259770    0.121984
 2791.901610    0.107796
 2792.545410    0.095081
 2793.187990    0.083764
 2793.832030    0.073665
 2794.474850    0.064704
 2795.117680    0.056749
 2795.762210    0.049682
 2796.405520    0.043442
 2797.050290    0.037918
 2797.693600    0.033058
 2798.338870    0.028766
 2798.982420    0.025003
 2799.626460    0.021699
 2800.272220    0.018796
 2800.916260    0.016263
 2801.562260    0.014045
 2802.206790    0.012115
 2802.852780    0.010431
 2803.497560    0.008971
 2804.142580    0.007703
 2804.789310    0.006602
 2805.434330    0.005651
 2806.081300    0.004829
 2806.726810    0.004122
 2807.374020    0.003510
 2808.020020    0.002987
 2808.666020    0.002538
 2809.313480    0.002151
 2809.959960    0.001822
 2810.607910    0.001540
 2811.254390    0.001300
 2811.902830    0.001096
 2812.549560    0.000922
 2813.198240    0.000774
 2813.845210    0.000650
 2814.492680    0.000545
 2815.141600    0.000455
 2815.789310    0.000381
 2816.438720    0.000317
 2817.086430    0.000264
 2817.736080    0.000219
 2818.384520    0.000182
 2819.032710    0.000151
 2819.682620    0.000125
 2820.331300    0.000103
 2820.981930    0.000085
 2821.630620    0.000070
 2822.281490    0.000057
 2822.930660    0.000047
 2823.580080    0.000039
 2824.231200    0.000031
 2824.880860    0.000026
 2825.532230    0.000021
 2826.182370    0.000017
 2826.833980    0.000014
 2827.484380    0.000011
 2828.134770    0.000010
 2828.786870    0.000008
 2829.437740    0.000006
 2830.090090    0.000005
 2830.741210    0.000004
 2831.394040    0.000003
 2832.045410    0.000003
 2832.697020    0.000002
 2833.350100    0.000002
 2834.001950    0.000001
 2834.655520    0.000001
 2835.307620    0.000001
 2835.961180    0.000001
 2836.613770    0.000001
 2837.266360    0.000000
 2837.920410    0.000000
 2838.573490    0.000000
 2839.228030    0.000000
 2839.881100    0.000000
 2840.535890    0.000000
 2841.189450    0.000000
 2841.843020    0.000000
 2842.498540    0.000000
 2843.152340    0.000000
 2843.807860    0.000000
 2844.462160    0.000000
 2845.118160    0.000000
 2845.772710    0.000000
 2846.427250    0.000000
 2847.083740    0.000000
 2847.738770    0.000000
 2848.395260    0.000000
 2849.050540    0.000000
 2849.707760    0.000000
 2850.363280    0.000000
 2851.018800    0.000000
 2851.676270    0.000000
 2852.332280    0.000000
 2852.989990    0.000000
 2853.646480    0.000000
 2854.304440    0.000000
 2854.960940    0.000000
 2855.617920    0.000000
 2856.276370    0.000000
 2856.933350    0.000000
 2857.592290    0.000000
 2858.249760    0.000000
 2858.908940    0.000000
 2859.566650    0.000000
 2860.224370    0.000000
 2860.883790    0.000000
 2861.541750    0.000000
 2862.201900    0.000000
 2862.860350    0.000000
 2863.520510    0.000000
 2864.179200    0.000000
 2864.839840    0.000000
 2865.498780    0.000000
 2866.157960    0.000000
 2866.818850    0.000000
 2867.478520    0.000000
 2868.139650    0.000000
 2868.799320    0.000000
 2869.460940    0.000000
 2870.121090    0.000000
 2870.781490    0.000000
 2871.443360    0.000000
 2872.103760    0.000000
 2872.766360    0.000000
 2873.427000    0.000000
 2874.089600    0.000000
 2874.750730    0.000000
 2875.412110    0.000000
 2876.075440    0.000000
 2876.736820    0.000000
 2877.400390    0.000000
 2878.062260    0.000000
 2878.725830    0.000000
 2879.388180    0.000000
 2880.050540    0.000000
 2880.714600    0.000000
 2881.377440    0.000000
 2882.041750    0.000000
 2882.704830    0.000000
 2883.369380    0.000000
 2884.032960    0.000000
 2884.696530    0.000000
 2885.361330    0.000000
 2886.025390    0.000000
 2886.690920    0.000000
 2887.354980    0.000000
 2888.020510    0.000000
 2888.685060    0.000000
 2889.349610    0.000000
 2890.015870    0.000000
 2890.680910    0.000000
 2891.347410    0.000000
 2892.012700    0.000000
 2892.679200    0.000000
 2893.344970    0.000000
 2894.010500    0.000000
 2894.677730    0.000000
 2895.343510    0.000000
 2896.011470    0.000000
 2896.677490    0.000000
 2897.345460    0.000000
 2898.011960    0.000000
 2898.678960    0.000000
 2899.347170    0.000000
 2900.014160    0.000000
 2900.682860    0.000000
 2901.350100    0.000000
 2902.019530    0.000000
 2902.687010    0.000000
 2903.354740    0.000000
 2904.024410    0.000000
 2904.692380    0.000000
 2905.361820    0.000000
 2906.030520    0.000000
 2906.700680    0.000000
 2907.369140    0.000000
 2908.038090    0.000000
 2908.708500    0.000000
 2909.377930    0.000000
 2910.048830    0.000000
 2910.718260    0.000000
 2911.389650    0.000000
 2912.059330    0.000000
 2912.729250    0.000000
 2913.400630    0.000000
 2914.070800    0.000000
 2914.742920    0.000000
 2915.413570    0.000000
 2916.085690    0.000000
 2916.756590    0.000000
 2917.429200    0.000000
 2918.100340    0.000000
 2918.771730    0.000000
 2919.444580    0.000000
 2920.116210    0.000000
 2920.789550    0.000000
 2921.461670    0.000000
 2922.135500    0.000000
 2922.807370    0.000000
 2923.479740    0.000000
 2924.154050    0.000000
 2924.826660    0.000000
 2925.500980    0.000000
 2926.174070    0.000000
 2926.848880    0.000000
 2927.522220    0.000000
 2928.195800    0.000000
 2928.870850    0.000000
 2929.544920    0.000000
 2930.220460    0.000000
 2930.894530    0.000000
 2931.570310    0.000000
 2932.244630    0.000000
 2932.919190    0.000000
 2933.595700    0.000000
 2934.270260    0.000000
 2934.947270    0.000000
 2935.622310    0.000000
 2936.299070    0.000000
 2936.974850    0.000000
 2937.650390    0.000000
 2938.327880    0.000000
 2939.003660    0.000000
 2939.681400    0.000000
 2940.357670    0.000000
 2941.035640    0.000000
 2941.712160    0.000000
 2942.389160    0.000000
 2943.067630    0.000000
 2943.744630    0.000000
 2944.423580    0.000000
 2945.100830    0.000000
 2945.780030    0.000000
 2946.457760    0.000000
 2947.135500    0.000000
 2947.815190    0.000000
 2948.493410    0.000000
 2949.173100    0.000000
 2949.851560    0.000000
 2950.531980    0.000000
 2951.210450    0.000000
 2951.889650    0.000000
 2952.570070    0.000000
 2953.249270    0.000000
 2953.930660    0.000000
 2954.610110    0.000000
 2955.291500    0.000000
 2955.971190    0.000000
 2956.651120    0.000000
 2957.333010    0.000000
 2958.013180    0.000000
 2958.695560    0.000000
 2959.376220    0.000000
 2960.058350    0.000000
 2960.739500    0.000000
 2961.420410    0.000000
 2962.103520    0.000000
 2962.784910    0.000000
 2963.468020    0.000000
 2964.149900    0.000000
 2964.833500    0.000000
 2965.515380    0.000000
 2966.197750    0.000000
 2966.881590    0.000000
 2967.564210    0.000000
 2968.248540    0.000000
 2968.931150    0.000000
 2969.615720    0.000000
 2970.299070    0.000000
 2970.984130    0.000000
 2971.667480    0.000000
 2972.351070    0.000000
 2973.036620    0.000000
 2973.720700    0.000000
 2974.406250    0.000000
 2975.090580    0.000000
 2975.776610    0.000000
 2976.461180    0.000000
 2977.146000    0.000000
 2977.832280    0.000000
 2978.517580    0.000000
 2979.204350    0.000000
 2979.889650    0.000000
 2980.576660    0.000000
 2981.262210    0.000000
 2981.948240    0.000000
 2982.635990    0.000000
 2983.322020    0.000000
 2984.010010    0.000000
 2984.696530    0.000000
 2985.384770    0.000000
 2986.071530    0.000000
 2986.758540    0.000000
 2987.447270    0.000000
 2988.134770    0.000000
 2988.823490    0.000000
 2989.510990    0.000000
 2990.200440    0.000000
 2990.888180    0.000000
 2991.576170    0.000000
 2992.266360    0.000000
 2992.954830    0.000000
 2993.644780    0.000000
 2994.333500    0.000000
 2995.023930    0.000000
 2995.713130    0.000000
 2996.402100    0.000000
 2997.093020    0.000000
 2997.782710    0.000000
 2998.473880    0.000000
 2999.163570    0.000000
 2999.855470    0.000000
 3000.545410    0.000000
 3001.235600    0.000000
 3001.927730    0.000000
 3002.618410    0.000000
 3003.310550    0.000000
 3004.001710    0.000000
 3004.694340    0.000000
 3005.385740    0.000000
 3006.076900    0.000000
 3006.770020    0.000000
 3007.461670    0.000000
 3008.155270    0.000000
 3008.847410    0.000000
 3009.541260    0.000000
 3010.233400    0.000000
 3010.926270    0.000000
 3011.620360    0.000000
 3012.313230    0.000000
 3013.007810    0.000000
 3013.700930    0.000000
 3014.395750    0.000000
 3015.089360    0.000000
 3015.783200    0.000000
 3016.478270    0.000000
 3017.172610    0.000000
 3017.868160    0.000000
 3018.562260    0.000000
 3019.258540    0.000000
 3019.952880    0.000000
 3020.647950    0.000000
 3021.344480    0.000000
 3022.039310    0.000000
 3022.736330    0.000000
 3023.431640    0.000000
 3024.128660    0.000000
 3024.824460    0.000000
 3025.522220    0.000000
 3026.218020    0.000000
 3026.914310    0.000000
 3027.612300    0.000000
 3028.308840    0.000000
 3029.007080    0.000000
 3029.703860    0.000000
 3030.402590    0.000000
 3031.099850    0.000000
 3031.797120    0.000000
 3032.496090    0.000000
 3033.193600    0.000000
 3033.893310    0.000000
 3034.591060    0.000000
 3035.290770    0.000000
 3035.989010    0.000000
 3036.687740    0.000000
 3037.387700    0.000000
 3038.086670    0.000000
 3038.787350    0.000000
 3039.486080    0.000000
 3040.187260    0.000000
 3040.886470    0.000000
 3041.586180    0.000000
 3042.287350    0.000000
 3042.987550    0.000000
 3043.689210    0.000000
 3044.389160    0.000000
 3045.091060    0.000000
 3045.791750    0.000000
 3046.492430    0.000000
 3047.194820    0.000000
 3047.896000    0.000000
 3048.598880    0.000000
 3049.300050    0.000000
