 2653.384280    0.000813
 2653.996340    0.000940
 2654.606690    0.001088
 2655.217290    0.001256
 2655.829830    0.001448
 2656.440670    0.001667
 2657.053220    0.001917
 2657.664550    0.002199
 2658.277340    0.002522
 2658.888920    0.002886
 2659.500730    0.003297
 2660.114010    0.003763
 2660.725830    0.004287
 2661.339360    0.004878
 2661.951660    0.005542
 2662.565430    0.006288
 2663.177980    0.007122
 2663.790530    0.008056
 2664.404790    0.009100
 2665.017820    0.010263
 2665.632320    0.011561
 2666.245610    0.013002
 2666.860350    0.014605
 2667.473880    0.016377
 2668.089110    0.018346
 2668.702880    0.020515
 2669.316890    0.022909
 2669.932370    0.025554
 2670.546630    0.028457
 2671.162350    0.031654
 2671.776860    0.035154
 2672.393070    0.039000
 2673.007810    0.043195
 2673.622560    0.047777
 2674.239260    0.052792
 2674.854490    0.058240
 2675.471190    0.064181
 2676.086670    0.070622
 2676.703860    0.077629
 2677.319580    0.085203
 2677.935550    0.093400
 2678.552980    0.102280
 2679.169190    0.111845
 2679.786870    0.122180
 2680.403560    0.133290
 2681.021480    0.145263
 2681.638430    0.158103
 2682.255370    0.171880
 2682.873780    0.186680
 2683.490970    0.202495
 2684.109860    0.219457
 2684.727290    0.237535
 2685.346440    0.256887
 2685.964110    0.277475
 2686.582030    0.299416
 2687.201660    0.322835
 2687.819820    0.347683
 2688.439450    0.374149
 2689.057860    0.402195
 2689.677980    0.432032
 2690.296880    0.463600
 2690.915770    0.497042
 2691.536380    0.532541
 2692.155270    0.569992
 2692.776370    0.609726
 2693.395750    0.651591
 2694.016850    0.695916
 2694.636720    0.742598
 2695.256590    0.791824
 2695.877930    0.843830
 2696.498050    0.898502
 2697.119870    0.956218
 2697.740480    1.016822
 2698.362550    1.080699
 2698.983400    1.147697
 2699.604250    1.218057
 2700.226810    1.292112
 2700.847900    1.369610
 2701.470700    1.451072
 2702.092040    1.536208
 2702.715330    1.625612
 2703.337160    1.718916
 2703.958980    1.816440
 2704.582520    1.918578
 2705.204830    2.024960
 2705.828370    2.136097
 2706.450930    2.251690
 2707.074950    2.372273
 2707.697750    2.497396
 2708.320800    2.627394
 2708.945310    2.762579
 2709.568360    2.902338
 2710.193360    3.047445
 2710.816650    3.197037
 2711.441890    3.351957
 2712.065670    3.511302
 2712.689450    3.675344
 2713.314940    3.844438
 2713.939210    4.017659
 2714.565190    4.195659
 2715.189450    4.377264
 2715.815670    4.563318
 2716.440430    4.752546
 2717.066890    4.945622
 2717.691890    5.141245
 2718.317140    5.339585
 2718.943850    5.540652
 2719.569340    5.743165
 2720.196530    5.947624
 2720.822270    6.152513
 2721.449710    6.358362
 2722.075680    6.563593
 2722.702150    6.768284
 2723.329830    6.972088
 2723.956300    7.173608
 2724.584470    7.373159
 2725.211430    7.569169
 2725.839600    7.761753
 2726.466800    7.949578
 2727.093990    8.132287
 2727.722900    8.309697
 2728.350340    8.480251
 2728.979490    8.644156
 2729.607420    8.800008
 2730.236820    8.947841
 2730.864750    9.086369
 2731.493160    9.215470
 2732.122800    9.334706
 2732.751460    9.443143
 2733.381590    9.540707
 2734.010500    9.626541
 2734.640870    9.700606
 2735.270020    9.762236
 2735.899410    9.811297
 2736.530270    9.847590
 2737.159670    9.870753
 2737.790770    9.880751
 2738.420650    9.877444
 2739.052250    9.860776
 2739.682370    9.830852
 2740.312500    9.787740
 2740.944340    9.731421
 2741.575200    9.662313
 2742.207280    9.580424
 2742.838130    9.486390
 2743.470460    9.380162
 2744.101560    9.262598
 2744.732910    9.133908
 2745.365970    8.994248
 2745.997310    8.844910
 2746.630860    8.685534
 2747.262700    8.517701
 2747.896000    8.341211
 2748.528080    8.157468
 2749.160640    7.966660
 2749.794430    7.769238
 2750.427000    7.566661
 2751.061280    7.358699
 2751.694090    7.147101
 2752.328610    6.931513
 2752.961910    6.713631
 2753.595210    6.493734
 2754.230220    6.271899
 2754.863770    6.049897
 2755.499020    5.827256
 2756.132810    5.605707
 2756.768550    5.384647
 2757.402590    5.165914
 2758.036870    4.949356
 2758.673100    4.734903
 2759.307620    4.524257
 2759.943850    4.316712
 2760.578860    4.113626
 2761.215330    3.914498
 2761.850590    3.720494
 2762.487550    3.531010
 2763.123050    3.347240
 2763.758790    3.168890
 2764.396000    2.995814
 2765.031980    2.828892
 2765.669430    2.667532
 2766.305910    2.512439
 2766.943600    2.363130
 2767.580320    2.220145
 2768.216800    2.083296
 2768.855220    1.952106
 2769.492190    1.827229
 2770.130860    1.707973
 2770.768070    1.594839
 2771.407230    1.487116
 2772.044680    1.385299
 2772.682130    1.288951
 2773.321780    1.197617
 2773.959720    1.111697
 2774.599370    1.030561
 2775.237550    0.954438
 2775.877690    0.882741
 2776.516360    0.815673
 2777.155030    0.752876
 2777.795170    0.694030
 2778.434330    0.639174
 2779.074950    0.587914
 2779.714360    0.540278
 2780.355470    0.495869
 2780.995120    0.454725
 2781.634770    0.416566
 2782.276120    0.381127
 2782.916260    0.348410
 2783.558110    0.318102
 2784.198490    0.290199
 2784.840330    0.264424
 2785.480960    0.240743
 2786.121830    0.218959
 2786.764400    0.198900
 2787.405270    0.180548
 2788.048100    0.163681
 2788.689450    0.148279
 2789.332520    0.134160
 2789.974370    0.121291
 2790.615970    0.109555
 2791.259770    0.098824
 2791.901610    0.089085
 2792.545410    0.080202
 2793.187990    0.072149
 2793.832030    0.064825
 2794.474850    0.058200
 2795.117680    0.052200
 2795.762210    0.046759
 2796.405520    0.041851
 2797.050290    0.037412
 2797.693600    0.033418
 2798.338870    0.029809
 2798.982420    0.026571
 2799.626460    0.023658
 2800.272220    0.021036
 2800.916260    0.018690
 2801.562260    0.016582
 2802.206790    0.014701
 2802.852780    0.013015
 2803.497560    0.011512
 2804.142580    0.010171
 2804.789310    0.008973
 2805.434330    0.007910
 2806.081300    0.006962
 2806.726810    0.006122
 2807.374020    0.005375
 2808.020020    0.004715
 2808.666020    0.004131
 2809.313480    0.003614
 2809.959960    0.003159
 2810.607910    0.002756
 2811.254390    0.002402
 2811.902830    0.002091
 2812.549560    0.001818
 2813.198240    0.001578
 2813.845210    0.001369
 2814.492680    0.001185
 2815.141600    0.001024
 2815.789310    0.000885
 2816.438720    0.000763
 2817.086430    0.000657
 2817.736080    0.000565
 2818.384520    0.000485
 2819.032710    0.000416
 2819.682620    0.000356
 2820.331300    0.000304
 2820.981930    0.000259
 2821.630620    0.000221
 2822.281490    0.000189
 2822.930660    0.000160
 2823.580080    0.000136
 2824.231200    0.000115
 2824.880860    0.000097
 2825.532230    0.000082
 2826.182370    0.000070
 2826.833980    0.000058
 2827.484380    0.000050
 2828.134770    0.000041
 2828.786870    0.000034
 2829.437740    0.000029
 2830.090090    0.000024
 2830.741210    0.000020
 2831.394040    0.000017
 2832.045410    0.000014
 2832.697020    0.000011
 2833.350100    0.000010
 2834.001950    0.000008
 2834.655520    0.000007
 2835.307620    0.000006
 2835.961180    0.000005
 2836.613770    0.000004
 2837.266360    0.000003
 2837.920410    0.000003
 2838.573490    0.000002
 2839.228030    0.000002
 2839.881100    0.000001
 2840.535890    0.000001
 2841.189450    0.000001
 2841.843020    0.000001
 2842.498540    0.000001
 2843.152340    0.000000
 2843.807860    0.000000
 2844.462160    0.000000
 2845.118160    0.000000
 2845.772710    0.000000
 2846.427250    0.000000
 2847.083740    0.000000
 2847.738770    0.000000
 2848.395260    0.000000
 2849.050540    0.000000
 2849.707760    0.000000
 2850.363280    0.000000
 2851.018800    0.000000
 2851.676270    0.000000
 2852.332280    0.000000
 2852.989990    0.000000
 2853.646480    0.000000
 2854.304440    0.000000
 2854.960940    0.000000
 2855.617920    0.000000
 2856.276370    0.000000
 2856.933350    0.000000
 2857.592290    0.000000
 2858.249760    0.000000
 2858.908940    0.000000
 2859.566650    0.000000
 2860.224370    0.000000
 2860.883790    0.000000
 2861.541750    0.000000
 2862.201900    0.000000
 2862.860350    0.000000
 2863.520510    0.000000
 2864.179200    0.000000
 2864.839840    0.000000
 2865.498780    0.000000
 2866.157960    0.000000
 2866.818850    0.000000
 2867.478520    0.000000
 2868.139650    0.000000
 2868.799320    0.000000
 2869.460940    0.000000
 2870.121090    0.000000
 2870.781490    0.000000
 2871.443360    0.000000
 2872.103760    0.000000
 2872.766360    0.000000
 2873.427000    0.000000
 2874.089600    0.000000
 2874.750730    0.000000
 2875.412110    0.000000
 2876.075440    0.000000
 2876.736820    0.000000
 2877.400390    0.000000
 2878.062260    0.000000
 2878.725830    0.000000
 2879.388180    0.000000
 2880.050540    0.000000
 2880.714600    0.000000
 2881.377440    0.000000
 2882.041750    0.000000
 2882.704830    0.000000
 2883.369380    0.000000
 2884.032960    0.000000
 2884.696530    0.000000
 2885.361330    0.000000
 2886.025390    0.000000
 2886.690920    0.000000
 2887.354980    0.000000
 2888.020510    0.000000
 2888.685060    0.000000
 2889.349610    0.000000
 2890.015870    0.000000
 2890.680910    0.000000
 2891.347410    0.000000
 2892.012700    0.000000
 2892.679200    0.000000
 2893.344970    0.000000
 2894.010500    0.000000
 2894.677730    0.000000
 2895.343510    0.000000
 2896.011470    0.000000
 2896.677490    0.000000
 2897.345460    0.000000
 2898.011960    0.000000
 2898.678960    0.000000
 2899.347170    0.000000
 2900.014160    0.000000
 2900.682860    0.000000
 2901.350100    0.000000
 2902.019530    0.000000
 2902.687010    0.000000
 2903.354740    0.000000
 2904.024410    0.000000
 2904.692380    0.000000
 2905.361820    0.000000
 2906.030520    0.000000
 2906.700680    0.000000
 2907.369140    0.000000
 2908.038090    0.000000
 2908.708500    0.000000
 2909.377930    0.000000
 2910.048830    0.000000
 2910.718260    0.000000
 2911.389650    0.000000
 2912.059330    0.000000
 2912.729250    0.000000
 2913.400630    0.000000
 2914.070800    0.000000
 2914.742920    0.000000
 2915.413570    0.000000
 2916.085690    0.000000
 2916.756590    0.000000
 2917.429200    0.000000
 2918.100340    0.000000
 2918.771730    0.000000
 2919.444580    0.000000
 2920.116210    0.000000
 2920.789550    0.000000
 2921.461670    0.000000
 2922.135500    0.000000
 2922.807370    0.000000
 2923.479740    0.000000
 2924.154050    0.000000
 2924.826660    0.000000
 2925.500980    0.000000
 2926.174070    0.000000
 2926.848880    0.000000
 2927.522220    0.000000
 2928.195800    0.000000
 2928.870850    0.000000
 2929.544920    0.000000
 2930.220460    0.000000
 2930.894530    0.000000
 2931.570310    0.000000
 2932.244630    0.000000
 2932.919190    0.000000
 2933.595700    0.000000
 2934.270260    0.000000
 2934.947270    0.000000
 2935.622310    0.000000
 2936.299070    0.000000
 2936.974850    0.000000
 2937.650390    0.000000
 2938.327880    0.000000
 2939.003660    0.000000
 2939.681400    0.000000
 2940.357670    0.000000
 2941.035640    0.000000
 2941.712160    0.000000
 2942.389160    0.000000
 2943.067630    0.000000
 2943.744630    0.000000
 2944.423580    0.000000
 2945.100830    0.000000
 2945.780030    0.000000
 2946.457760    0.000000
 2947.135500    0.000000
 2947.815190    0.000000
 2948.493410    0.000000
 2949.173100    0.000000
 2949.851560    0.000000
 2950.531980    0.000000
 2951.210450    0.000000
 2951.889650    0.000000
 2952.570070    0.000000
 2953.249270    0.000000
 2953.930660    0.000000
 2954.610110    0.000000
 2955.291500    0.000000
 2955.971190    0.000000
 2956.651120    0.000000
 2957.333010    0.000000
 2958.013180    0.000000
 2958.695560    0.000000
 2959.376220    0.000000
 2960.058350    0.000000
 2960.739500    0.000000
 2961.420410    0.000000
 2962.103520    0.000000
 2962.784910    0.000000
 2963.468020    0.000000
 2964.149900    0.000000
 2964.833500    0.000000
 2965.515380    0.000000
 2966.197750    0.000000
 2966.881590    0.000000
 2967.564210    0.000000
 2968.248540    0.000000
 2968.931150    0.000000
 2969.615720    0.000000
 2970.299070    0.000000
 2970.984130    0.000000
 2971.667480    0.000000
 2972.351070    0.000000
 2973.036620    0.000000
 2973.720700    0.000000
 2974.406250    0.000000
 2975.090580    0.000000
 2975.776610    0.000000
 2976.461180    0.000000
 2977.146000    0.000000
 2977.832280    0.000000
 2978.517580    0.000000
 2979.204350    0.000000
 2979.889650    0.000000
 2980.576660    0.000000
 2981.262210    0.000000
 2981.948240    0.000000
 2982.635990    0.000000
 2983.322020    0.000000
 2984.010010    0.000000
 2984.696530    0.000000
 2985.384770    0.000000
 2986.071530    0.000000
 2986.758540    0.000000
 2987.447270    0.000000
 2988.134770    0.000000
 2988.823490    0.000000
 2989.510990    0.000000
 2990.200440    0.000000
 2990.888180    0.000000
 2991.576170    0.000000
 2992.266360    0.000000
 2992.954830    0.000000
 2993.644780    0.000000
 2994.333500    0.000000
 2995.023930    0.000000
 2995.713130    0.000000
 2996.402100    0.000000
 2997.093020    0.000000
 2997.782710    0.000000
 2998.473880    0.000000
 2999.163570    0.000000
 2999.855470    0.000000
 3000.545410    0.000000
 3001.235600    0.000000
 3001.927730    0.000000
 3002.618410    0.000000
 3003.310550    0.000000
 3004.001710    0.000000
 3004.694340    0.000000
 3005.385740    0.000000
 3006.076900    0.000000
 3006.770020    0.000000
 3007.461670    0.000000
 3008.155270    0.000000
 3008.847410    0.000000
 3009.541260    0.000000
 3010.233400    0.000000
 3010.926270    0.000000
 3011.620360    0.000000
 3012.313230    0.000000
 3013.007810    0.000000
 3013.700930    0.000000
 3014.395750    0.000000
 3015.089360    0.000000
 3015.783200    0.000000
 3016.478270    0.000000
 3017.172610    0.000000
 3017.868160    0.000000
 3018.562260    0.000000
 3019.258540    0.000000
 3019.952880    0.000000
 3020.647950    0.000000
 3021.344480    0.000000
 3022.039310    0.000000
 3022.736330    0.000000
 3023.431640    0.000000
 3024.128660    0.000000
 3024.824460    0.000000
 3025.522220    0.000000
 3026.218020    0.000000
 3026.914310    0.000000
 3027.612300    0.000000
 3028.308840    0.000000
 3029.007080    0.000000
 3029.703860    0.000000
 3030.402590    0.000000
 3031.099850    0.000000
 3031.797120    0.000000
 3032.496090    0.000000
 3033.193600    0.000000
 3033.893310    0.000000
 3034.591060    0.000000
 3035.290770    0.000000
 3035.989010    0.000000
 3036.687740    0.000000
 3037.387700    0.000000
 3038.086670    0.000000
 3038.787350    0.000000
 3039.486080    0.000000
 3040.187260    0.000000
 3040.886470    0.000000
 3041.586180    0.000000
 3042.287350    0.000000
 3042.987550    0.000000
 3043.689210    0.000000
 3044.389160    0.000000
 3045.091060    0.000000
 3045.791750    0.000000
 3046.492430    0.000000
 3047.194820    0.000000
 3047.896000    0.000000
 3048.598880    0.000000
 3049.300050    0.000000
