 2653.384280    0.009687
 2653.996340    0.011223
 2654.606690    0.012975
 2655.217290    0.014977
 2655.829830    0.017270
 2656.440670    0.019874
 2657.053220    0.022843
 2657.664550    0.026208
 2658.277340    0.030029
 2658.888920    0.034345
 2659.500730    0.039221
 2660.114010    0.044732
 2660.725830    0.050920
 2661.339360    0.057894
 2661.951660    0.065701
 2662.565430    0.074465
 2663.177980    0.084243
 2663.790530    0.095154
 2664.404790    0.107343
 2665.017820    0.120873
 2665.632320    0.135928
 2666.245610    0.152580
 2666.860350    0.171047
 2667.473880    0.191400
 2668.089110    0.213899
 2668.702880    0.238598
 2669.316890    0.265737
 2669.932370    0.295565
 2670.546630    0.328147
 2671.162350    0.363828
 2671.776860    0.402662
 2672.393070    0.445053
 2673.007810    0.491002
 2673.622560    0.540831
 2674.239260    0.594941
 2674.854490    0.653270
 2675.471190    0.716325
 2676.086670    0.784063
 2676.703860    0.857042
 2677.319580    0.935113
 2677.935550    1.018695
 2678.552980    1.108187
 2679.169190    1.203403
 2679.786870    1.304950
 2680.403560    1.412607
 2681.021480    1.526921
 2681.638430    1.647626
 2682.255370    1.775011
 2682.873780    1.909493
 2683.490970    2.050559
 2684.109860    2.198919
 2684.727290    2.353819
 2685.346440    2.516026
 2685.964110    2.684647
 2686.582030    2.860017
 2687.201660    3.042438
 2687.819820    3.230787
 2688.439450    3.425721
 2689.057860    3.626120
 2689.677980    3.832613
 2690.296880    4.043858
 2690.915770    4.259838
 2691.536380    4.480699
 2692.155270    4.704715
 2692.776370    4.932743
 2693.395750    5.162751
 2694.016850    5.395363
 2694.636720    5.628800
 2695.256590    5.862797
 2695.877930    6.097155
 2696.498050    6.330074
 2697.119870    6.561841
 2697.740480    6.790528
 2698.362550    7.016271
 2698.983400    7.237227
 2699.604250    7.452979
 2700.226810    7.663223
 2700.847900    7.866018
 2701.470700    8.061537
 2702.092040    8.247940
 2702.715330    8.425422
 2703.337160    8.592206
 2703.958980    8.747968
 2704.582520    8.892375
 2705.204830    9.024062
 2705.828370    9.142926
 2706.450930    9.247975
 2707.074950    9.339103
 2707.697750    9.415467
 2708.320800    9.476912
 2708.945310    9.523193
 2709.568360    9.553869
 2710.193360    9.568937
 2710.816650    9.568225
 2711.441890    9.551724
 2712.065670    9.519588
 2712.689450    9.471952
 2713.314940    9.408859
 2713.939210    9.330896
 2714.565190    9.238061
 2715.189450    9.131309
 2715.815670    9.010523
 2716.440430    8.876923
 2717.066890    8.730457
 2717.691890    8.572546
 2718.317140    8.403522
 2718.943850    8.223786
 2719.569340    8.034908
 2720.196530    7.836833
 2720.822270    7.631419
 2721.449710    7.418500
 2722.075680    7.200037
 2722.702150    6.976256
 2723.329830    6.747768
 2723.956300    6.516345
 2724.584470    6.281779
 2725.211430    6.046014
 2725.839600    5.808967
 2726.466800    5.572272
 2727.093990    5.336332
 2727.722900    5.101248
 2728.350340    4.868906
 2728.979490    4.638791
 2729.607420    4.412593
 2730.236820    4.189914
 2730.864750    3.972312
 2731.493160    3.759571
 2732.122800    3.551887
 2732.751460    3.350358
 2733.381590    3.154537
 2734.010500    2.965536
 2734.640870    2.782780
 2735.270020    2.607235
 2735.899410    2.438612
 2736.530270    2.276707
 2737.159670    2.122326
 2737.790770    1.974710
 2738.420650    1.834533
 2739.052250    1.701097
 2739.682370    1.574990
 2740.312500    1.455785
 2740.944340    1.343048
 2741.575200    1.237108
 2742.207280    1.137423
 2742.838130    1.044178
 2743.470460    0.956769
 2744.101560    0.875347
 2744.732910    0.799479
 2745.365970    0.728771
 2745.997310    0.663362
 2746.630860    0.602605
 2747.262700    0.546630
 2747.896000    0.494903
 2748.528080    0.447400
 2749.160640    0.403742
 2749.794430    0.363656
 2750.427000    0.327063
 2751.061280    0.293571
 2751.694090    0.263129
 2752.328610    0.235378
 2752.961910    0.210245
 2753.595210    0.187482
 2754.230220    0.166854
 2754.863770    0.148290
 2755.499020    0.131534
 2756.132810    0.116516
 2756.768550    0.103011
 2757.402590    0.090963
 2758.036870    0.080203
 2758.673100    0.070592
 2759.307620    0.062076
 2759.943850    0.054508
 2760.578860    0.047835
 2761.215330    0.041944
 2761.850590    0.036783
 2762.487550    0.032261
 2763.123050    0.028338
 2763.758790    0.024948
 2764.396000    0.022036
 2765.031980    0.019571
 2765.669430    0.017509
 2766.305910    0.015822
 2766.943600    0.014482
 2767.580320    0.013474
 2768.216800    0.012776
 2768.855220    0.012381
 2769.492190    0.012283
 2770.130860    0.012483
 2770.768070    0.012985
 2771.407230    0.013803
 2772.044680    0.014948
 2772.682130    0.016442
 2773.321780    0.018321
 2773.959720    0.020606
 2774.599370    0.023352
 2775.237550    0.026589
 2775.877690    0.030395
 2776.516360    0.034808
 2777.155030    0.039911
 2777.795170    0.045797
 2778.434330    0.052536
 2779.074950    0.060256
 2779.714360    0.069037
 2780.355470    0.079048
 2780.995120    0.090376
 2781.634770    0.103196
 2782.276120    0.117716
 2782.916260    0.134053
 2783.558110    0.152486
 2784.198490    0.173141
 2784.840330    0.196350
 2785.480960    0.222275
 2786.121830    0.251241
 2786.764400    0.283630
 2787.405270    0.319588
 2788.048100    0.359665
 2788.689450    0.404017
 2789.332520    0.453260
 2789.974370    0.507586
 2790.615970    0.567495
 2791.259770    0.633704
 2791.901610    0.706275
 2792.545410    0.786159
 2793.187990    0.873503
 2793.832030    0.969232
 2794.474850    1.073521
 2795.117680    1.187134
 2795.762210    1.311018
 2796.405520    1.445241
 2797.050290    1.591002
 2797.693600    1.748280
 2798.338870    1.918568
 2798.982420    2.101553
 2799.626460    2.298461
 2800.272220    2.510369
 2800.916260    2.736777
 2801.562260    2.979582
 2802.206790    3.238091
 2802.852780    3.514025
 2803.497560    3.806752
 2804.142580    4.117362
 2804.789310    4.447052
 2805.434330    4.794438
 2806.081300    5.161786
 2806.726810    5.547397
 2807.374020    5.953314
 2808.020020    6.377773
 2808.666020    6.821480
 2809.313480    7.285362
 2809.959960    7.767444
 2810.607910    8.269211
 2811.254390    8.787913
 2811.902830    9.325719
 2812.549560    9.878877
 2813.198240    10.449677
 2813.845210    11.033924
 2814.492680    11.632453
 2815.141600    12.244981
 2815.789310    12.867608
 2816.438720    13.501657
 2817.086430    14.142165
 2817.736080    14.791009
 2818.384520    15.443164
 2819.032710    16.097631
 2819.682620    16.754322
 2820.331300    17.408119
 2820.981930    18.059973
 2821.630620    18.703663
 2822.281490    19.340939
 2822.930660    19.965567
 2823.580080    20.577034
 2824.231200    21.174217
 2824.880860    21.751764
 2825.532230    22.310060
 2826.182370    22.844196
 2826.833980    23.354038
 2827.484380    23.835215
 2828.134770    24.286551
 2828.786870    24.707045
 2829.437740    25.092836
 2830.090090    25.443682
 2830.741210    25.756468
 2831.394040    26.031057
 2832.045410    26.264776
 2832.697020    26.457214
 2833.350100    26.607634
 2834.001950    26.714653
 2834.655520    26.778177
 2835.307620    26.797564
 2835.961180    26.772800
 2836.613770    26.704052
 2837.266360    26.591654
 2837.920410    26.435766
 2838.573490    26.237680
 2839.228030    25.997587
 2839.881100    25.717722
 2840.535890    25.398066
 2841.189450    25.041533
 2841.843020    24.649260
 2842.498540    24.221767
 2843.152340    23.763413
 2843.807860    23.273912
 2844.462160    22.757645
 2845.118160    22.214573
 2845.772710    21.649696
 2846.427250    21.064260
 2847.083740    20.458906
 2847.738770    19.839262
 2848.395260    19.205067
 2849.050540    18.561396
 2849.707760    17.907583
 2850.363280    17.249691
 2851.018800    16.588383
 2851.676270    15.923970
 2852.332280    15.262115
 2852.989990    14.601740
 2853.646480    13.947797
 2854.304440    13.299524
 2854.960940    12.661586
 2855.617920    12.033711
 2856.276370    11.416542
 2856.933350    10.814210
 2857.592290    10.224851
 2858.249760    9.652649
 2858.908940    9.095831
 2859.566650    8.557920
 2860.224370    8.038365
 2860.883790    7.536456
 2861.541750    7.055067
 2862.201900    6.591869
 2862.860350    6.149836
 2863.520510    5.726764
 2864.179200    5.324688
 2864.839840    4.941441
 2865.498780    4.578959
 2866.157960    4.235827
 2866.818850    3.911015
 2867.478520    3.605563
 2868.139650    3.317761
 2868.799320    3.048357
 2869.460940    2.795396
 2870.121090    2.559597
 2870.781490    2.339664
 2871.443360    2.134588
 2872.103760    1.944597
 2872.766360    1.767967
 2873.427000    1.605117
 2874.089600    1.454385
 2874.750730    1.315866
 2875.412110    1.188483
 2876.075440    1.071288
 2876.736820    0.964311
 2877.400390    0.866239
 2878.062260    0.777036
 2878.725830    0.695640
 2879.388180    0.621840
 2880.050540    0.554928
 2880.714600    0.494227
 2881.377440    0.439513
 2882.041750    0.390089
 2882.704830    0.345709
 2883.369380    0.305776
 2884.032960    0.270042
 2884.696530    0.238079
 2885.361330    0.209493
 2886.025390    0.184051
 2886.690920    0.161376
 2887.354980    0.141294
 2888.020510    0.123464
 2888.685060    0.107720
 2889.349610    0.093824
 2890.015870    0.081552
 2890.680910    0.070782
 2891.347410    0.061310
 2892.012700    0.053028
 2892.679200    0.045774
 2893.344970    0.039451
 2894.010500    0.033945
 2894.677730    0.029146
 2895.343510    0.024991
 2896.011470    0.021381
 2896.677490    0.018270
 2897.345460    0.015576
 2898.011960    0.013262
 2898.678960    0.011271
 2899.347170    0.009560
 2900.014160    0.008096
 2900.682860    0.006843
 2901.350100    0.005774
 2902.019530    0.004863
 2902.687010    0.004089
 2903.354740    0.003433
 2904.024410    0.002875
 2904.692380    0.002406
 2905.361820    0.002008
 2906.030520    0.001674
 2906.700680    0.001392
 2907.369140    0.001157
 2908.038090    0.000959
 2908.708500    0.000793
 2909.377930    0.000655
 2910.048830    0.000541
 2910.718260    0.000444
 2911.389650    0.000365
 2912.059330    0.000299
 2912.729250    0.000245
 2913.400630    0.000200
 2914.070800    0.000164
 2914.742920    0.000134
 2915.413570    0.000109
 2916.085690    0.000088
 2916.756590    0.000072
 2917.429200    0.000057
 2918.100340    0.000047
 2918.771730    0.000037
 2919.444580    0.000031
 2920.116210    0.000024
 2920.789550    0.000019
 2921.461670    0.000015
 2922.135500    0.000012
 2922.807370    0.000010
 2923.479740    0.000008
 2924.154050    0.000007
 2924.826660    0.000005
 2925.500980    0.000004
 2926.174070    0.000003
 2926.848880    0.000003
 2927.522220    0.000002
 2928.195800    0.000002
 2928.870850    0.000001
 2929.544920    0.000001
 2930.220460    0.000001
 2930.894530    0.000001
 2931.570310    0.000000
 2932.244630    0.000000
 2932.919190    0.000000
 2933.595700    0.000000
 2934.270260    0.000000
 2934.947270    0.000000
 2935.622310    0.000000
 2936.299070    0.000000
 2936.974850    0.000000
 2937.650390    0.000000
 2938.327880    0.000000
 2939.003660    0.000000
 2939.681400    0.000000
 2940.357670    0.000000
 2941.035640    0.000000
 2941.712160    0.000000
 2942.389160    0.000000
 2943.067630    0.000000
 2943.744630    0.000000
 2944.423580    0.000000
 2945.100830    0.000000
 2945.780030    0.000000
 2946.457760    0.000000
 2947.135500    0.000000
 2947.815190    0.000000
 2948.493410    0.000000
 2949.173100    0.000000
 2949.851560    0.000000
 2950.531980    0.000000
 2951.210450    0.000000
 2951.889650    0.000000
 2952.570070    0.000000
 2953.249270    0.000000
 2953.930660    0.000000
 2954.610110    0.000000
 2955.291500    0.000000
 2955.971190    0.000000
 2956.651120    0.000000
 2957.333010    0.000000
 2958.013180    0.000000
 2958.695560    0.000000
 2959.376220    0.000000
 2960.058350    0.000000
 2960.739500    0.000000
 2961.420410    0.000000
 2962.103520    0.000000
 2962.784910    0.000000
 2963.468020    0.000000
 2964.149900    0.000000
 2964.833500    0.000000
 2965.515380    0.000000
 2966.197750    0.000000
 2966.881590    0.000000
 2967.564210    0.000000
 2968.248540    0.000000
 2968.931150    0.000000
 2969.615720    0.000000
 2970.299070    0.000000
 2970.984130    0.000000
 2971.667480    0.000000
 2972.351070    0.000000
 2973.036620    0.000000
 2973.720700    0.000000
 2974.406250    0.000000
 2975.090580    0.000000
 2975.776610    0.000000
 2976.461180    0.000000
 2977.146000    0.000000
 2977.832280    0.000000
 2978.517580    0.000000
 2979.204350    0.000000
 2979.889650    0.000000
 2980.576660    0.000000
 2981.262210    0.000000
 2981.948240    0.000000
 2982.635990    0.000000
 2983.322020    0.000000
 2984.010010    0.000000
 2984.696530    0.000000
 2985.384770    0.000000
 2986.071530    0.000000
 2986.758540    0.000000
 2987.447270    0.000000
 2988.134770    0.000000
 2988.823490    0.000000
 2989.510990    0.000000
 2990.200440    0.000000
 2990.888180    0.000000
 2991.576170    0.000000
 2992.266360    0.000000
 2992.954830    0.000000
 2993.644780    0.000000
 2994.333500    0.000000
 2995.023930    0.000000
 2995.713130    0.000000
 2996.402100    0.000000
 2997.093020    0.000000
 2997.782710    0.000000
 2998.473880    0.000000
 2999.163570    0.000000
 2999.855470    0.000000
 3000.545410    0.000000
 3001.235600    0.000000
 3001.927730    0.000000
 3002.618410    0.000000
 3003.310550    0.000000
 3004.001710    0.000000
 3004.694340    0.000000
 3005.385740    0.000000
 3006.076900    0.000000
 3006.770020    0.000000
 3007.461670    0.000000
 3008.155270    0.000000
 3008.847410    0.000000
 3009.541260    0.000000
 3010.233400    0.000000
 3010.926270    0.000000
 3011.620360    0.000000
 3012.313230    0.000000
 3013.007810    0.000000
 3013.700930    0.000000
 3014.395750    0.000000
 3015.089360    0.000000
 3015.783200    0.000000
 3016.478270    0.000000
 3017.172610    0.000000
 3017.868160    0.000000
 3018.562260    0.000000
 3019.258540    0.000000
 3019.952880    0.000000
 3020.647950    0.000000
 3021.344480    0.000000
 3022.039310    0.000000
 3022.736330    0.000000
 3023.431640    0.000000
 3024.128660    0.000000
 3024.824460    0.000000
 3025.522220    0.000000
 3026.218020    0.000000
 3026.914310    0.000000
 3027.612300    0.000000
 3028.308840    0.000000
 3029.007080    0.000000
 3029.703860    0.000000
 3030.402590    0.000000
 3031.099850    0.000000
 3031.797120    0.000000
 3032.496090    0.000000
 3033.193600    0.000000
 3033.893310    0.000000
 3034.591060    0.000000
 3035.290770    0.000000
 3035.989010    0.000000
 3036.687740    0.000000
 3037.387700    0.000000
 3038.086670    0.000000
 3038.787350    0.000000
 3039.486080    0.000000
 3040.187260    0.000000
 3040.886470    0.000000
 3041.586180    0.000000
 3042.287350    0.000000
 3042.987550    0.000000
 3043.689210    0.000000
 3044.389160    0.000000
 3045.091060    0.000000
 3045.791750    0.000000
 3046.492430    0.000000
 3047.194820    0.000000
 3047.896000    0.000000
 3048.598880    0.000000
 3049.300050    0.000000
