 2653.384280    0.000000
 2653.996340    0.000000
 2654.606690    0.000000
 2655.217290    0.000000
 2655.829830    0.000000
 2656.440670    0.000000
 2657.053220    0.000000
 2657.664550    0.000000
 2658.277340    0.000000
 2658.888920    0.000000
 2659.500730    0.000000
 2660.114010    0.000000
 2660.725830    0.000000
 2661.339360    0.000000
 2661.951660    0.000000
 2662.565430    0.000000
 2663.177980    0.000000
 2663.790530    0.000000
 2664.404790    0.000000
 2665.017820    0.000000
 2665.632320    0.000000
 2666.245610    0.000000
 2666.860350    0.000000
 2667.473880    0.000000
 2668.089110    0.000000
 2668.702880    0.000000
 2669.316890    0.000000
 2669.932370    0.000000
 2670.546630    0.000000
 2671.162350    0.000000
 2671.776860    0.000000
 2672.393070    0.000000
 2673.007810    0.000000
 2673.622560    0.000000
 2674.239260    0.000000
 2674.854490    0.000000
 2675.471190    0.000000
 2676.086670    0.000000
 2676.703860    0.000000
 2677.319580    0.000000
 2677.935550    0.000000
 2678.552980    0.000000
 2679.169190    0.000000
 2679.786870    0.000000
 2680.403560    0.000000
 2681.021480    0.000000
 2681.638430    0.000000
 2682.255370    0.000000
 2682.873780    0.000000
 2683.490970    0.000000
 2684.109860    0.000000
 2684.727290    0.000000
 2685.346440    0.000000
 2685.964110    0.000000
 2686.582030    0.000000
 2687.201660    0.000000
 2687.819820    0.000000
 2688.439450    0.000000
 2689.057860    0.000000
 2689.677980    0.000000
 2690.296880    0.000000
 2690.915770    0.000000
 2691.536380    0.000000
 2692.155270    0.000000
 2692.776370    0.000000
 2693.395750    0.000000
 2694.016850    0.000000
 2694.636720    0.000000
 2695.256590    0.000000
 2695.877930    0.000000
 2696.498050    0.000000
 2697.119870    0.000000
 2697.740480    0.000000
 2698.362550    0.000000
 2698.983400    0.000000
 2699.604250    0.000000
 2700.226810    0.000000
 2700.847900    0.000000
 2701.470700    0.000000
 2702.092040    0.000000
 2702.715330    0.000000
 2703.337160    0.000000
 2703.958980    0.000000
 2704.582520    0.000000
 2705.204830    0.000000
 2705.828370    0.000000
 2706.450930    0.000000
 2707.074950    0.000000
 2707.697750    0.000000
 2708.320800    0.000000
 2708.945310    0.000000
 2709.568360    0.000000
 2710.193360    0.000000
 2710.816650    0.000000
 2711.441890    0.000000
 2712.065670    0.000000
 2712.689450    0.000000
 2713.314940    0.000000
 2713.939210    0.000000
 2714.565190    0.000000
 2715.189450    0.000000
 2715.815670    0.000000
 2716.440430    0.000000
 2717.066890    0.000000
 2717.691890    0.000000
 2718.317140    0.000000
 2718.943850    0.000000
 2719.569340    0.000000
 2720.196530    0.000000
 2720.822270    0.000000
 2721.449710    0.000000
 2722.075680    0.000000
 2722.702150    0.000000
 2723.329830    0.000000
 2723.956300    0.000000
 2724.584470    0.000000
 2725.211430    0.000000
 2725.839600    0.000000
 2726.466800    0.000000
 2727.093990    0.000000
 2727.722900    0.000000
 2728.350340    0.000000
 2728.979490    0.000000
 2729.607420    0.000000
 2730.236820    0.000000
 2730.864750    0.000000
 2731.493160    0.000000
 2732.122800    0.000000
 2732.751460    0.000000
 2733.381590    0.000000
 2734.010500    0.000000
 2734.640870    0.000000
 2735.270020    0.000000
 2735.899410    0.000000
 2736.530270    0.000000
 2737.159670    0.000000
 2737.790770    0.000000
 2738.420650    0.000000
 2739.052250    0.000000
 2739.682370    0.000000
 2740.312500    0.000000
 2740.944340    0.000000
 2741.575200    0.000000
 2742.207280    0.000000
 2742.838130    0.000000
 2743.470460    0.000000
 2744.101560    0.000000
 2744.732910    0.000000
 2745.365970    0.000000
 2745.997310    0.000000
 2746.630860    0.000000
 2747.262700    0.000000
 2747.896000    0.000000
 2748.528080    0.000000
 2749.160640    0.000000
 2749.794430    0.000000
 2750.427000    0.000000
 2751.061280    0.000000
 2751.694090    0.000000
 2752.328610    0.000000
 2752.961910    0.000000
 2753.595210    0.000000
 2754.230220    0.000000
 2754.863770    0.000000
 2755.499020    0.000000
 2756.132810    0.000000
 2756.768550    0.000000
 2757.402590    0.000000
 2758.036870    0.000000
 2758.673100    0.000000
 2759.307620    0.000000
 2759.943850    0.000000
 2760.578860    0.000000
 2761.215330    0.000000
 2761.850590    0.000000
 2762.487550    0.000000
 2763.123050    0.000000
 2763.758790    0.000000
 2764.396000    0.000000
 2765.031980    0.000000
 2765.669430    0.000000
 2766.305910    0.000000
 2766.943600    0.000000
 2767.580320    0.000000
 2768.216800    0.000000
 2768.855220    0.000000
 2769.492190    0.000000
 2770.130860    0.000000
 2770.768070    0.000000
 2771.407230    0.000000
 2772.044680    0.000000
 2772.682130    0.000000
 2773.321780    0.000000
 2773.959720    0.000000
 2774.599370    0.000000
 2775.237550    0.000000
 2775.877690    0.000000
 2776.516360    0.000000
 2777.155030    0.000000
 2777.795170    0.000000
 2778.434330    0.000000
 2779.074950    0.000000
 2779.714360    0.000000
 2780.355470    0.000000
 2780.995120    0.000000
 2781.634770    0.000000
 2782.276120    0.000000
 2782.916260    0.000000
 2783.558110    0.000000
 2784.198490    0.000000
 2784.840330    0.000000
 2785.480960    0.000000
 2786.121830    0.000000
 2786.764400    0.000000
 2787.405270    0.000000
 2788.048100    0.000000
 2788.689450    0.000000
 2789.332520    0.000000
 2789.974370    0.000000
 2790.615970    0.000000
 2791.259770    0.000000
 2791.901610    0.000000
 2792.545410    0.000000
 2793.187990    0.000000
 2793.832030    0.000000
 2794.474850    0.000000
 2795.117680    0.000000
 2795.762210    0.000000
 2796.405520    0.000000
 2797.050290    0.000000
 2797.693600    0.000000
 2798.338870    0.000000
 2798.982420    0.000000
 2799.626460    0.000000
 2800.272220    0.000000
 2800.916260    0.000000
 2801.562260    0.000000
 2802.206790    0.000000
 2802.852780    0.000000
 2803.497560    0.000000
 2804.142580    0.000000
 2804.789310    0.000000
 2805.434330    0.000000
 2806.081300    0.000000
 2806.726810    0.000000
 2807.374020    0.000000
 2808.020020    0.000000
 2808.666020    0.000000
 2809.313480    0.000000
 2809.959960    0.000000
 2810.607910    0.000000
 2811.254390    0.000000
 2811.902830    0.000000
 2812.549560    0.000000
 2813.198240    0.000000
 2813.845210    0.000000
 2814.492680    0.000000
 2815.141600    0.000000
 2815.789310    0.000000
 2816.438720    0.000000
 2817.086430    0.000000
 2817.736080    0.000000
 2818.384520    0.000000
 2819.032710    0.000000
 2819.682620    0.000000
 2820.331300    0.000000
 2820.981930    0.000000
 2821.630620    0.000000
 2822.281490    0.000000
 2822.930660    0.000000
 2823.580080    0.000000
 2824.231200    0.000000
 2824.880860    0.000000
 2825.532230    0.000000
 2826.182370    0.000000
 2826.833980    0.000000
 2827.484380    0.000000
 2828.134770    0.000000
 2828.786870    0.000000
 2829.437740    0.000000
 2830.090090    0.000000
 2830.741210    0.000000
 2831.394040    0.000000
 2832.045410    0.000000
 2832.697020    0.000000
 2833.350100    0.000000
 2834.001950    0.000000
 2834.655520    0.000000
 2835.307620    0.000000
 2835.961180    0.000000
 2836.613770    0.000000
 2837.266360    0.000000
 2837.920410    0.000000
 2838.573490    0.000000
 2839.228030    0.000000
 2839.881100    0.000000
 2840.535890    0.000000
 2841.189450    0.000000
 2841.843020    0.000000
 2842.498540    0.000000
 2843.152340    0.000000
 2843.807860    0.000000
 2844.462160    0.000000
 2845.118160    0.000000
 2845.772710    0.000000
 2846.427250    0.000000
 2847.083740    0.000000
 2847.738770    0.000000
 2848.395260    0.000000
 2849.050540    0.000000
 2849.707760    0.000000
 2850.363280    0.000000
 2851.018800    0.000000
 2851.676270    0.000000
 2852.332280    0.000000
 2852.989990    0.000001
 2853.646480    0.000001
 2854.304440    0.000001
 2854.960940    0.000002
 2855.617920    0.000002
 2856.276370    0.000003
 2856.933350    0.000005
 2857.592290    0.000007
 2858.249760    0.000010
 2858.908940    0.000012
 2859.566650    0.000018
 2860.224370    0.000025
 2860.883790    0.000033
 2861.541750    0.000047
 2862.201900    0.000063
 2862.860350    0.000085
 2863.520510    0.000114
 2864.179200    0.000152
 2864.839840    0.000201
 2865.498780    0.000266
 2866.157960    0.000348
 2866.818850    0.000453
 2867.478520    0.000586
 2868.139650    0.000753
 2868.799320    0.000963
 2869.460940    0.001225
 2870.121090    0.001547
 2870.781490    0.001943
 2871.443360    0.002428
 2872.103760    0.003016
 2872.766360    0.003728
 2873.427000    0.004581
 2874.089600    0.005606
 2874.750730    0.006822
 2875.412110    0.008265
 2876.075440    0.009974
 2876.736820    0.011983
 2877.400390    0.014350
 2878.062260    0.017121
 2878.725830    0.020377
 2879.388180    0.024184
 2880.050540    0.028646
 2880.714600    0.033892
 2881.377440    0.040046
 2882.041750    0.047306
 2882.704830    0.055858
 2883.369380    0.065997
 2884.032960    0.078002
 2884.696530    0.092266
 2885.361330    0.109278
 2886.025390    0.129532
 2886.690920    0.153742
 2887.354980    0.182549
 2888.020510    0.216945
 2888.685060    0.257799
 2889.349610    0.306274
 2890.015870    0.363774
 2890.680910    0.431429
 2891.347410    0.511013
 2892.012700    0.603799
 2892.679200    0.711797
 2893.344970    0.836414
 2894.010500    0.979414
 2894.677730    1.142941
 2895.343510    1.327786
 2896.011470    1.536390
 2896.677490    1.768616
 2897.345460    2.026652
 2898.011960    2.309639
 2898.678960    2.618312
 2899.347170    2.952531
 2900.014160    3.309896
 2900.682860    3.690167
 2901.350100    4.089044
 2902.019530    4.505523
 2902.687010    4.933138
 2903.354740    5.368709
 2904.024410    5.808237
 2904.692380    6.243680
 2905.361820    6.671068
 2906.030520    7.082695
 2906.700680    7.473484
 2907.369140    7.835289
 2908.038090    8.163324
 2908.708500    8.452284
 2909.377930    8.696055
 2910.048830    8.891232
 2910.718260    9.033653
 2911.389650    9.121723
 2912.059330    9.153819
 2912.729250    9.130307
 2913.400630    9.052246
 2914.070800    8.922445
 2914.742920    8.743902
 2915.413570    8.522226
 2916.085690    8.262177
 2916.756590    7.971287
 2917.429200    7.655423
 2918.100340    7.323668
 2918.771730    6.983086
 2919.444580    6.640972
 2920.116210    6.306501
 2920.789550    5.985750
 2921.461670    5.687164
 2922.135500    5.415892
 2922.807370    5.179026
 2923.479740    4.980362
 2924.154050    4.823498
 2924.826660    4.712101
 2925.500980    4.647339
 2926.174070    4.630191
 2926.848880    4.660208
 2927.522220    4.735800
 2928.195800    4.854561
 2928.870850    5.013455
 2929.544920    5.207695
 2930.220460    5.433006
 2930.894530    5.682794
 2931.570310    5.952124
 2932.244630    6.233300
 2932.919190    6.520391
 2933.595700    6.807500
 2934.270260    7.086488
 2934.947270    7.352978
 2935.622310    7.599535
 2936.299070    7.822425
 2936.974850    8.016407
 2937.650390    8.178309
 2938.327880    8.306005
 2939.003660    8.397241
 2939.681400    8.451951
 2940.357670    8.470264
 2941.035640    8.453629
 2941.712160    8.404338
 2942.389160    8.325293
 2943.067630    8.219845
 2943.744630    8.092494
 2944.423580    7.946926
 2945.100830    7.788378
 2945.780030    7.620425
 2946.457760    7.448130
 2947.135500    7.275018
 2947.815190    7.104024
 2948.493410    6.938887
 2949.173100    6.781148
 2949.851560    6.633021
 2950.531980    6.494750
 2951.210450    6.367389
 2951.889650    6.250057
 2952.570070    6.141820
 2953.249270    6.041713
 2953.930660    5.947519
 2954.610110    5.857829
 2955.291500    5.769974
 2955.971190    5.682226
 2956.651120    5.592175
 2957.333010    5.497546
 2958.013180    5.397014
 2958.695560    5.288419
 2959.376220    5.171115
 2960.058350    5.043637
 2960.739500    4.905863
 2961.420410    4.757461
 2962.103520    4.597984
 2962.784910    4.428786
 2963.468020    4.249767
 2964.149900    4.062683
 2964.833500    3.867938
 2965.515380    3.667885
 2966.197750    3.463395
 2966.881590    3.255740
 2967.564210    3.047348
 2968.248540    2.838934
 2968.931150    2.633101
 2969.615720    2.430236
 2970.299070    2.232667
 2970.984130    2.040810
 2971.667480    1.856730
 2972.351070    1.680825
 2973.036620    1.513478
 2973.720700    1.356143
 2974.406250    1.208588
 2975.090580    1.071671
 2975.776610    0.944933
 2976.461180    0.828939
 2977.146000    0.723208
 2977.832280    0.627312
 2978.517580    0.541222
 2979.204350    0.464174
 2979.889650    0.395972
 2980.576660    0.335722
 2981.262210    0.283097
 2981.948240    0.237304
 2982.635990    0.197659
 2983.322020    0.163738
 2984.010010    0.134755
 2984.696530    0.110281
 2985.384770    0.089661
 2986.071530    0.072483
 2986.758540    0.058234
 2987.447270    0.046472
 2988.134770    0.036870
 2988.823490    0.029058
 2989.510990    0.022767
 2990.200440    0.017714
 2990.888180    0.013703
 2991.576170    0.010533
 2992.266360    0.008038
 2992.954830    0.006099
 2993.644780    0.004595
 2994.333500    0.003441
 2995.023930    0.002559
 2995.713130    0.001891
 2996.402100    0.001390
 2997.093020    0.001013
 2997.782710    0.000734
 2998.473880    0.000528
 2999.163570    0.000378
 2999.855470    0.000268
 3000.545410    0.000189
 3001.235600    0.000133
 3001.927730    0.000093
 3002.618410    0.000064
 3003.310550    0.000044
 3004.001710    0.000030
 3004.694340    0.000020
 3005.385740    0.000013
 3006.076900    0.000010
 3006.770020    0.000006
 3007.461670    0.000004
 3008.155270    0.000003
 3008.847410    0.000002
 3009.541260    0.000001
 3010.233400    0.000001
 3010.926270    0.000000
 3011.620360    0.000000
 3012.313230    0.000000
 3013.007810    0.000000
 3013.700930    0.000000
 3014.395750    0.000000
 3015.089360    0.000000
 3015.783200    0.000000
 3016.478270    0.000000
 3017.172610    0.000000
 3017.868160    0.000000
 3018.562260    0.000000
 3019.258540    0.000000
 3019.952880    0.000000
 3020.647950    0.000000
 3021.344480    0.000000
 3022.039310    0.000000
 3022.736330    0.000000
 3023.431640    0.000000
 3024.128660    0.000000
 3024.824460    0.000000
 3025.522220    0.000000
 3026.218020    0.000000
 3026.914310    0.000000
 3027.612300    0.000000
 3028.308840    0.000000
 3029.007080    0.000000
 3029.703860    0.000000
 3030.402590    0.000000
 3031.099850    0.000000
 3031.797120    0.000000
 3032.496090    0.000000
 3033.193600    0.000000
 3033.893310    0.000000
 3034.591060    0.000000
 3035.290770    0.000000
 3035.989010    0.000000
 3036.687740    0.000000
 3037.387700    0.000000
 3038.086670    0.000000
 3038.787350    0.000000
 3039.486080    0.000000
 3040.187260    0.000000
 3040.886470    0.000000
 3041.586180    0.000000
 3042.287350    0.000000
 3042.987550    0.000000
 3043.689210    0.000000
 3044.389160    0.000000
 3045.091060    0.000000
 3045.791750    0.000000
 3046.492430    0.000000
 3047.194820    0.000000
 3047.896000    0.000000
 3048.598880    0.000000
 3049.300050    0.000000
