 2653.384280    0.008422
 2653.996340    0.009123
 2654.606690    0.009880
 2655.217290    0.010699
 2655.829830    0.011588
 2656.440670    0.012547
 2657.053220    0.013586
 2657.664550    0.014708
 2658.277340    0.015923
 2658.888920    0.017235
 2659.500730    0.018652
 2660.114010    0.020187
 2660.725830    0.021841
 2661.339360    0.023633
 2661.951660    0.025563
 2662.565430    0.027652
 2663.177980    0.029901
 2663.790530    0.032327
 2664.404790    0.034951
 2665.017820    0.037774
 2665.632320    0.040825
 2666.245610    0.044105
 2666.860350    0.047646
 2667.473880    0.051452
 2668.089110    0.055559
 2668.702880    0.059968
 2669.316890    0.064712
 2669.932370    0.069823
 2670.546630    0.075306
 2671.162350    0.081210
 2671.776860    0.087538
 2672.393070    0.094349
 2673.007810    0.101639
 2673.622560    0.109456
 2674.239260    0.117863
 2674.854490    0.126849
 2675.471190    0.136497
 2676.086670    0.146803
 2676.703860    0.157861
 2677.319580    0.169659
 2677.935550    0.182274
 2678.552980    0.195785
 2679.169190    0.210182
 2679.786870    0.225586
 2680.403560    0.241992
 2681.021480    0.259519
 2681.638430    0.278166
 2682.255370    0.298025
 2682.873780    0.319215
 2683.490970    0.341715
 2684.109860    0.365705
 2684.727290    0.391140
 2685.346440    0.418229
 2685.964110    0.446918
 2686.582030    0.477363
 2687.201660    0.509733
 2687.819820    0.543956
 2688.439450    0.580284
 2689.057860    0.618660
 2689.677980    0.659366
 2690.296880    0.702314
 2690.915770    0.747689
 2691.536380    0.795732
 2692.155270    0.846289
 2692.776370    0.899796
 2693.395750    0.956033
 2694.016850    1.015430
 2694.636720    1.077831
 2695.256590    1.143470
 2695.877930    1.212637
 2696.498050    1.285161
 2697.119870    1.361517
 2697.740480    1.441476
 2698.362550    1.525517
 2698.983400    1.613408
 2699.604250    1.705441
 2700.226810    1.802019
 2700.847900    1.902781
 2701.470700    2.008376
 2702.092040    2.118397
 2702.715330    2.233582
 2703.337160    2.353436
 2703.958980    2.478344
 2704.582520    2.608795
 2705.204830    2.744300
 2705.828370    2.885510
 2706.450930    3.032042
 2707.074950    3.184584
 2707.697750    3.342588
 2708.320800    3.506511
 2708.945310    3.676790
 2709.568360    3.852713
 2710.193360    4.035333
 2710.816650    4.223655
 2711.441890    4.418855
 2712.065670    4.619926
 2712.689450    4.827369
 2713.314940    5.041815
 2713.939210    5.262292
 2714.565190    5.489863
 2715.189450    5.723289
 2715.815670    5.963937
 2716.440430    6.210484
 2717.066890    6.464154
 2717.691890    6.723622
 2718.317140    6.989524
 2718.943850    7.262329
 2719.569340    7.540789
 2720.196530    7.826111
 2720.822270    8.116741
 2721.449710    8.414025
 2722.075680    8.716312
 2722.702150    9.024373
 2723.329830    9.338407
 2723.956300    9.656998
 2724.584470    9.981427
 2725.211430    10.309959
 2725.839600    10.643625
 2726.466800    10.981000
 2727.093990    11.322318
 2727.722900    11.668232
 2728.350340    12.016685
 2728.979490    12.369111
 2729.607420    12.723532
 2730.236820    13.081106
 2730.864750    13.439792
 2731.493160    13.800316
 2732.122800    14.162701
 2732.751460    14.525269
 2733.381590    14.888997
 2734.010500    15.251902
 2734.640870    15.615075
 2735.270020    15.976509
 2735.899410    16.336582
 2736.530270    16.695503
 2737.159670    17.051121
 2737.790770    17.404732
 2738.420650    17.754196
 2739.052250    18.100628
 2739.682370    18.441778
 2740.312500    18.777954
 2740.944340    19.109535
 2741.575200    19.434597
 2742.207280    19.753757
 2742.838130    20.065285
 2743.470460    20.370001
 2744.101560    20.666117
 2744.732910    20.953854
 2745.365970    21.233364
 2745.997310    21.502667
 2746.630860    21.762966
 2747.262700    22.012199
 2747.896000    22.251194
 2748.528080    22.478519
 2749.160640    22.694405
 2749.794430    22.898674
 2750.427000    23.090183
 2751.061280    23.269453
 2751.694090    23.435261
 2752.328610    23.588123
 2752.961910    23.727049
 2753.595210    23.852087
 2754.230220    23.963283
 2754.863770    24.059874
 2755.499020    24.142151
 2756.132810    24.209541
 2756.768550    24.262266
 2757.402590    24.299912
 2758.036870    24.322575
 2758.673100    24.330193
 2759.307620    24.322697
 2759.943850    24.300060
 2760.578860    24.262409
 2761.215330    24.209644
 2761.850590    24.142075
 2762.487550    24.059500
 2763.123050    23.962469
 2763.758790    23.850945
 2764.396000    23.724855
 2765.031980    23.584959
 2765.669430    23.430912
 2766.305910    23.263565
 2766.943600    23.082642
 2767.580320    22.889084
 2768.216800    22.683050
 2768.855220    22.464153
 2769.492190    22.233933
 2770.130860    21.991650
 2770.768070    21.738922
 2771.407230    21.474827
 2772.044680    21.201324
 2772.682130    20.918190
 2773.321780    20.624886
 2773.959720    20.323677
 2774.599370    20.013460
 2775.237550    19.696278
 2775.877690    19.370941
 2776.516360    19.039705
 2777.155030    18.702354
 2777.795170    18.358627
 2778.434330    18.010361
 2779.074950    17.656748
 2779.714360    17.299801
 2780.355470    16.938406
 2780.995120    16.574875
 2781.634770    16.208902
 2782.276120    15.840017
 2782.916260    15.470400
 2783.558110    15.098860
 2784.198490    14.727720
 2784.840330    14.355757
 2785.480960    13.984991
 2786.121830    13.615027
 2786.764400    13.245461
 2787.405270    12.878684
 2788.048100    12.513013
 2788.689450    12.150786
 2789.332520    11.790596
 2789.974370    11.434448
 2790.615970    11.082132
 2791.259770    10.732654
 2791.901610    10.388580
 2792.545410    10.048109
 2793.187990    9.713203
 2793.832030    9.382721
 2794.474850    9.058285
 2795.117680    8.739479
 2795.762210    8.425684
 2796.405520    8.118517
 2797.050290    7.816864
 2797.693600    7.522244
 2798.338870    7.233232
 2798.982420    6.951584
 2799.626460    6.676418
 2800.272220    6.407328
 2800.916260    6.145802
 2801.562260    5.890406
 2802.206790    5.642534
 2802.852780    5.401080
 2803.497560    5.167057
 2804.142580    4.939909
 2804.789310    4.719132
 2805.434330    4.505859
 2806.081300    4.298841
 2806.726810    4.099124
 2807.374020    3.905661
 2808.020020    3.719262
 2808.666020    3.539470
 2809.313480    3.365809
 2809.959960    3.198838
 2810.607910    3.037825
 2811.254390    2.883385
 2811.902830    2.734585
 2812.549560    2.592145
 2813.198240    2.455128
 2813.845210    2.324176
 2814.492680    2.198690
 2815.141600    2.078363
 2815.789310    1.963551
 2816.438720    1.853592
 2817.086430    1.748917
 2817.736080    1.648787
 2818.384520    1.553547
 2819.032710    1.462889
 2819.682620    1.376401
 2820.331300    1.294330
 2820.981930    1.216128
 2821.630620    1.142120
 2822.281490    1.071684
 2822.930660    1.005101
 2823.580080    0.942017
 2824.231200    0.882160
 2824.880860    0.825688
 2825.532230    0.772189
 2826.182370    0.721773
 2826.833980    0.674102
 2827.484380    0.629246
 2828.134770    0.586989
 2828.786870    0.547110
 2829.437740    0.509671
 2830.090090    0.474405
 2830.741210    0.441348
 2831.394040    0.410245
 2832.045410    0.381145
 2832.697020    0.353866
 2833.350100    0.328266
 2834.001950    0.304361
 2834.655520    0.281954
 2835.307620    0.261067
 2835.961180    0.241527
 2836.613770    0.223327
 2837.266360    0.206362
 2837.920410    0.190525
 2838.573490    0.175807
 2839.228030    0.162089
 2839.881100    0.149370
 2840.535890    0.137528
 2841.189450    0.126560
 2841.843020    0.116389
 2842.498540    0.106938
 2843.152340    0.098210
 2843.807860    0.090115
 2844.462160    0.082644
 2845.118160    0.075726
 2845.772710    0.069353
 2846.427250    0.063475
 2847.083740    0.058041
 2847.738770    0.053046
 2848.395260    0.048440
 2849.050540    0.044210
 2849.707760    0.040314
 2850.363280    0.036743
 2851.018800    0.033467
 2851.676270    0.030455
 2852.332280    0.027700
 2852.989990    0.025171
 2853.646480    0.022862
 2854.304440    0.020746
 2854.960940    0.018818
 2855.617920    0.017056
 2856.276370    0.015446
 2856.933350    0.013981
 2857.592290    0.012642
 2858.249760    0.011427
 2858.908940    0.010319
 2859.566650    0.009314
 2860.224370    0.008401
 2860.883790    0.007570
 2861.541750    0.006819
 2862.201900    0.006136
 2862.860350    0.005519
 2863.520510    0.004959
 2864.179200    0.004455
 2864.839840    0.003997
 2865.498780    0.003585
 2866.157960    0.003213
 2866.818850    0.002877
 2867.478520    0.002575
 2868.139650    0.002303
 2868.799320    0.002058
 2869.460940    0.001838
 2870.121090    0.001640
 2870.781490    0.001463
 2871.443360    0.001304
 2872.103760    0.001161
 2872.766360    0.001033
 2873.427000    0.000918
 2874.089600    0.000816
 2874.750730    0.000725
 2875.412110    0.000643
 2876.075440    0.000570
 2876.736820    0.000505
 2877.400390    0.000447
 2878.062260    0.000396
 2878.725830    0.000350
 2879.388180    0.000309
 2880.050540    0.000273
 2880.714600    0.000241
 2881.377440    0.000213
 2882.041750    0.000187
 2882.704830    0.000165
 2883.369380    0.000145
 2884.032960    0.000128
 2884.696530    0.000112
 2885.361330    0.000098
 2886.025390    0.000086
 2886.690920    0.000075
 2887.354980    0.000066
 2888.020510    0.000058
 2888.685060    0.000051
 2889.349610    0.000044
 2890.015870    0.000039
 2890.680910    0.000033
 2891.347410    0.000030
 2892.012700    0.000026
 2892.679200    0.000022
 2893.344970    0.000019
 2894.010500    0.000017
 2894.677730    0.000014
 2895.343510    0.000012
 2896.011470    0.000011
 2896.677490    0.000010
 2897.345460    0.000009
 2898.011960    0.000008
 2898.678960    0.000007
 2899.347170    0.000006
 2900.014160    0.000005
 2900.682860    0.000004
 2901.350100    0.000004
 2902.019530    0.000003
 2902.687010    0.000003
 2903.354740    0.000002
 2904.024410    0.000002
 2904.692380    0.000002
 2905.361820    0.000001
 2906.030520    0.000001
 2906.700680    0.000001
 2907.369140    0.000001
 2908.038090    0.000001
 2908.708500    0.000001
 2909.377930    0.000001
 2910.048830    0.000000
 2910.718260    0.000000
 2911.389650    0.000000
 2912.059330    0.000000
 2912.729250    0.000000
 2913.400630    0.000000
 2914.070800    0.000000
 2914.742920    0.000000
 2915.413570    0.000000
 2916.085690    0.000000
 2916.756590    0.000000
 2917.429200    0.000000
 2918.100340    0.000000
 2918.771730    0.000000
 2919.444580    0.000000
 2920.116210    0.000000
 2920.789550    0.000000
 2921.461670    0.000000
 2922.135500    0.000000
 2922.807370    0.000000
 2923.479740    0.000000
 2924.154050    0.000000
 2924.826660    0.000000
 2925.500980    0.000000
 2926.174070    0.000000
 2926.848880    0.000000
 2927.522220    0.000000
 2928.195800    0.000000
 2928.870850    0.000000
 2929.544920    0.000000
 2930.220460    0.000000
 2930.894530    0.000000
 2931.570310    0.000000
 2932.244630    0.000000
 2932.919190    0.000000
 2933.595700    0.000000
 2934.270260    0.000000
 2934.947270    0.000000
 2935.622310    0.000000
 2936.299070    0.000000
 2936.974850    0.000000
 2937.650390    0.000000
 2938.327880    0.000000
 2939.003660    0.000000
 2939.681400    0.000000
 2940.357670    0.000000
 2941.035640    0.000000
 2941.712160    0.000000
 2942.389160    0.000000
 2943.067630    0.000000
 2943.744630    0.000000
 2944.423580    0.000000
 2945.100830    0.000000
 2945.780030    0.000000
 2946.457760    0.000000
 2947.135500    0.000000
 2947.815190    0.000000
 2948.493410    0.000000
 2949.173100    0.000000
 2949.851560    0.000000
 2950.531980    0.000000
 2951.210450    0.000000
 2951.889650    0.000000
 2952.570070    0.000000
 2953.249270    0.000000
 2953.930660    0.000000
 2954.610110    0.000000
 2955.291500    0.000000
 2955.971190    0.000000
 2956.651120    0.000000
 2957.333010    0.000000
 2958.013180    0.000000
 2958.695560    0.000000
 2959.376220    0.000000
 2960.058350    0.000000
 2960.739500    0.000000
 2961.420410    0.000000
 2962.103520    0.000000
 2962.784910    0.000000
 2963.468020    0.000000
 2964.149900    0.000000
 2964.833500    0.000000
 2965.515380    0.000000
 2966.197750    0.000000
 2966.881590    0.000000
 2967.564210    0.000000
 2968.248540    0.000000
 2968.931150    0.000000
 2969.615720    0.000000
 2970.299070    0.000000
 2970.984130    0.000000
 2971.667480    0.000000
 2972.351070    0.000000
 2973.036620    0.000000
 2973.720700    0.000000
 2974.406250    0.000000
 2975.090580    0.000000
 2975.776610    0.000000
 2976.461180    0.000000
 2977.146000    0.000000
 2977.832280    0.000000
 2978.517580    0.000000
 2979.204350    0.000000
 2979.889650    0.000000
 2980.576660    0.000000
 2981.262210    0.000000
 2981.948240    0.000000
 2982.635990    0.000000
 2983.322020    0.000000
 2984.010010    0.000000
 2984.696530    0.000000
 2985.384770    0.000000
 2986.071530    0.000000
 2986.758540    0.000000
 2987.447270    0.000000
 2988.134770    0.000000
 2988.823490    0.000000
 2989.510990    0.000000
 2990.200440    0.000000
 2990.888180    0.000000
 2991.576170    0.000000
 2992.266360    0.000000
 2992.954830    0.000000
 2993.644780    0.000000
 2994.333500    0.000000
 2995.023930    0.000000
 2995.713130    0.000000
 2996.402100    0.000000
 2997.093020    0.000000
 2997.782710    0.000000
 2998.473880    0.000000
 2999.163570    0.000000
 2999.855470    0.000000
 3000.545410    0.000000
 3001.235600    0.000000
 3001.927730    0.000000
 3002.618410    0.000000
 3003.310550    0.000000
 3004.001710    0.000000
 3004.694340    0.000000
 3005.385740    0.000000
 3006.076900    0.000000
 3006.770020    0.000000
 3007.461670    0.000000
 3008.155270    0.000000
 3008.847410    0.000000
 3009.541260    0.000000
 3010.233400    0.000000
 3010.926270    0.000000
 3011.620360    0.000000
 3012.313230    0.000000
 3013.007810    0.000000
 3013.700930    0.000000
 3014.395750    0.000000
 3015.089360    0.000000
 3015.783200    0.000000
 3016.478270    0.000000
 3017.172610    0.000000
 3017.868160    0.000000
 3018.562260    0.000000
 3019.258540    0.000000
 3019.952880    0.000000
 3020.647950    0.000000
 3021.344480    0.000000
 3022.039310    0.000000
 3022.736330    0.000000
 3023.431640    0.000000
 3024.128660    0.000000
 3024.824460    0.000000
 3025.522220    0.000000
 3026.218020    0.000000
 3026.914310    0.000000
 3027.612300    0.000000
 3028.308840    0.000000
 3029.007080    0.000000
 3029.703860    0.000000
 3030.402590    0.000000
 3031.099850    0.000000
 3031.797120    0.000000
 3032.496090    0.000000
 3033.193600    0.000000
 3033.893310    0.000000
 3034.591060    0.000000
 3035.290770    0.000000
 3035.989010    0.000000
 3036.687740    0.000000
 3037.387700    0.000000
 3038.086670    0.000000
 3038.787350    0.000000
 3039.486080    0.000000
 3040.187260    0.000000
 3040.886470    0.000000
 3041.586180    0.000000
 3042.287350    0.000000
 3042.987550    0.000000
 3043.689210    0.000000
 3044.389160    0.000000
 3045.091060    0.000000
 3045.791750    0.000000
 3046.492430    0.000000
 3047.194820    0.000000
 3047.896000    0.000000
 3048.598880    0.000000
 3049.300050    0.000000
