 2653.384280    0.000000
 2653.996340    0.000000
 2654.606690    0.000000
 2655.217290    0.000000
 2655.829830    0.000000
 2656.440670    0.000000
 2657.053220    0.000000
 2657.664550    0.000000
 2658.277340    0.000000
 2658.888920    0.000000
 2659.500730    0.000000
 2660.114010    0.000000
 2660.725830    0.000000
 2661.339360    0.000000
 2661.951660    0.000000
 2662.565430    0.000000
 2663.177980    0.000000
 2663.790530    0.000000
 2664.404790    0.000000
 2665.017820    0.000000
 2665.632320    0.000000
 2666.245610    0.000000
 2666.860350    0.000000
 2667.473880    0.000000
 2668.089110    0.000000
 2668.702880    0.000000
 2669.316890    0.000000
 2669.932370    0.000000
 2670.546630    0.000000
 2671.162350    0.000000
 2671.776860    0.000000
 2672.393070    0.000000
 2673.007810    0.000000
 2673.622560    0.000000
 2674.239260    0.000000
 2674.854490    0.000000
 2675.471190    0.000000
 2676.086670    0.000000
 2676.703860    0.000000
 2677.319580    0.000000
 2677.935550    0.000000
 2678.552980    0.000000
 2679.169190    0.000000
 2679.786870    0.000000
 2680.403560    0.000000
 2681.021480    0.000000
 2681.638430    0.000000
 2682.255370    0.000000
 2682.873780    0.000000
 2683.490970    0.000000
 2684.109860    0.000000
 2684.727290    0.000000
 2685.346440    0.000000
 2685.964110    0.000000
 2686.582030    0.000000
 2687.201660    0.000000
 2687.819820    0.000000
 2688.439450    0.000000
 2689.057860    0.000000
 2689.677980    0.000000
 2690.296880    0.000000
 2690.915770    0.000000
 2691.536380    0.000000
 2692.155270    0.000000
 2692.776370    0.000000
 2693.395750    0.000000
 2694.016850    0.000000
 2694.636720    0.000000
 2695.256590    0.000000
 2695.877930    0.000000
 2696.498050    0.000000
 2697.119870    0.000000
 2697.740480    0.000000
 2698.362550    0.000000
 2698.983400    0.000000
 2699.604250    0.000000
 2700.226810    0.000000
 2700.847900    0.000000
 2701.470700    0.000000
 2702.092040    0.000000
 2702.715330    0.000000
 2703.337160    0.000000
 2703.958980    0.000000
 2704.582520    0.000000
 2705.204830    0.000000
 2705.828370    0.000000
 2706.450930    0.000000
 2707.074950    0.000000
 2707.697750    0.000000
 2708.320800    0.000000
 2708.945310    0.000000
 2709.568360    0.000000
 2710.193360    0.000000
 2710.816650    0.000000
 2711.441890    0.000000
 2712.065670    0.000000
 2712.689450    0.000000
 2713.314940    0.000001
 2713.939210    0.000001
 2714.565190    0.000001
 2715.189450    0.000001
 2715.815670    0.000001
 2716.440430    0.000001
 2717.066890    0.000001
 2717.691890    0.000001
 2718.317140    0.000001
 2718.943850    0.000002
 2719.569340    0.000002
 2720.196530    0.000002
 2720.822270    0.000002
 2721.449710    0.000003
 2722.075680    0.000003
 2722.702150    0.000003
 2723.329830    0.000004
 2723.956300    0.000004
 2724.584470    0.000005
 2725.211430    0.000005
 2725.839600    0.000006
 2726.466800    0.000007
 2727.093990    0.000007
 2727.722900    0.000008
 2728.350340    0.000009
 2728.979490    0.000010
 2729.607420    0.000010
 2730.236820    0.000012
 2730.864750    0.000013
 2731.493160    0.000015
 2732.122800    0.000016
 2732.751460    0.000018
 2733.381590    0.000021
 2734.010500    0.000023
 2734.640870    0.000026
 2735.270020    0.000029
 2735.899410    0.000031
 2736.530270    0.000035
 2737.159670    0.000039
 2737.790770    0.000043
 2738.420650    0.000048
 2739.052250    0.000052
 2739.682370    0.000058
 2740.312500    0.000065
 2740.944340    0.000072
 2741.575200    0.000079
 2742.207280    0.000088
 2742.838130    0.000096
 2743.470460    0.000107
 2744.101560    0.000117
 2744.732910    0.000130
 2745.365970    0.000143
 2745.997310    0.000157
 2746.630860    0.000173
 2747.262700    0.000191
 2747.896000    0.000210
 2748.528080    0.000230
 2749.160640    0.000253
 2749.794430    0.000278
 2750.427000    0.000305
 2751.061280    0.000335
 2751.694090    0.000367
 2752.328610    0.000402
 2752.961910    0.000441
 2753.595210    0.000484
 2754.230220    0.000529
 2754.863770    0.000579
 2755.499020    0.000633
 2756.132810    0.000692
 2756.768550    0.000757
 2757.402590    0.000827
 2758.036870    0.000902
 2758.673100    0.000985
 2759.307620    0.001075
 2759.943850    0.001173
 2760.578860    0.001278
 2761.215330    0.001393
 2761.850590    0.001517
 2762.487550    0.001653
 2763.123050    0.001799
 2763.758790    0.001956
 2764.396000    0.002128
 2765.031980    0.002314
 2765.669430    0.002514
 2766.305910    0.002731
 2766.943600    0.002966
 2767.580320    0.003220
 2768.216800    0.003493
 2768.855220    0.003790
 2769.492190    0.004109
 2770.130860    0.004455
 2770.768070    0.004827
 2771.407230    0.005229
 2772.044680    0.005662
 2772.682130    0.006128
 2773.321780    0.006633
 2773.959720    0.007174
 2774.599370    0.007760
 2775.237550    0.008389
 2775.877690    0.009068
 2776.516360    0.009796
 2777.155030    0.010580
 2777.795170    0.011425
 2778.434330    0.012332
 2779.074950    0.013309
 2779.714360    0.014357
 2780.355470    0.015486
 2780.995120    0.016696
 2781.634770    0.017995
 2782.276120    0.019393
 2782.916260    0.020890
 2783.558110    0.022501
 2784.198490    0.024224
 2784.840330    0.026077
 2785.480960    0.028060
 2786.121830    0.030186
 2786.764400    0.032469
 2787.405270    0.034909
 2788.048100    0.037530
 2788.689450    0.040329
 2789.332520    0.043334
 2789.974370    0.046543
 2790.615970    0.049974
 2791.259770    0.053657
 2791.901610    0.057582
 2792.545410    0.061790
 2793.187990    0.066279
 2793.832030    0.071086
 2794.474850    0.076209
 2795.117680    0.081678
 2795.762210    0.087532
 2796.405520    0.093766
 2797.050290    0.100431
 2797.693600    0.107523
 2798.338870    0.115106
 2798.982420    0.123165
 2799.626460    0.131756
 2800.272220    0.140930
 2800.916260    0.150672
 2801.562260    0.161070
 2802.206790    0.172108
 2802.852780    0.183873
 2803.497560    0.196357
 2804.142580    0.209628
 2804.789310    0.223764
 2805.434330    0.238735
 2806.081300    0.254675
 2806.726810    0.271551
 2807.374020    0.289497
 2808.020020    0.308489
 2808.666020    0.328615
 2809.313480    0.349984
 2809.959960    0.372578
 2810.607910    0.396545
 2811.254390    0.421846
 2811.902830    0.448682
 2812.549560    0.476974
 2813.198240    0.506955
 2813.845210    0.538534
 2814.492680    0.571890
 2815.141600    0.607162
 2815.789310    0.644286
 2816.438720    0.683521
 2817.086430    0.724746
 2817.736080    0.768284
 2818.384520    0.814019
 2819.032710    0.862106
 2819.682620    0.912796
 2820.331300    0.965959
 2820.981930    1.021959
 2821.630620    1.080565
 2822.281490    1.142256
 2822.930660    1.206768
 2823.580080    1.274393
 2824.231200    1.345404
 2824.880860    1.419566
 2825.532230    1.497353
 2826.182370    1.578527
 2826.833980    1.663538
 2827.484380    1.752147
 2828.134770    1.844618
 2828.786870    1.941319
 2829.437740    2.041932
 2830.090090    2.146978
 2830.741210    2.256137
 2831.394040    2.370008
 2832.045410    2.488141
 2832.697020    2.610936
 2833.350100    2.738735
 2834.001950    2.871112
 2834.655520    3.008756
 2835.307620    3.151088
 2835.961180    3.298829
 2836.613770    3.451510
 2837.266360    3.609419
 2837.920410    3.772994
 2838.573490    3.941687
 2839.228030    4.116191
 2839.881100    4.295769
 2840.535890    4.481332
 2841.189450    4.672089
 2841.843020    4.868398
 2842.498540    5.070886
 2843.152340    5.278425
 2843.807860    5.492094
 2844.462160    5.710924
 2845.118160    5.935875
 2845.772710    6.165822
 2846.427250    6.401206
 2847.083740    6.642694
 2847.738770    6.888959
 2848.395260    7.141015
 2849.050540    7.397729
 2849.707760    7.660243
 2850.363280    7.926968
 2851.018800    8.198437
 2851.676270    8.475328
 2852.332280    8.756039
 2852.989990    9.041746
 2853.646480    9.330985
 2854.304440    9.624729
 2854.960940    9.921449
 2855.617920    10.221779
 2856.276370    10.525926
 2856.933350    10.832277
 2857.592290    11.142144
 2858.249760    11.453630
 2858.908940    11.767936
 2859.566650    12.083230
 2860.224370    12.399880
 2860.883790    12.718376
 2861.541750    13.036828
 2862.201900    13.356647
 2862.860350    13.675568
 2863.520510    13.994864
 2864.179200    14.312607
 2864.839840    14.630047
 2865.498780    14.945017
 2866.157960    15.258045
 2866.818850    15.569401
 2867.478520    15.877276
 2868.139650    16.182497
 2868.799320    16.483288
 2869.460940    16.780767
 2870.121090    17.072964
 2870.781490    17.360226
 2871.443360    17.642626
 2872.103760    17.918495
 2872.766360    18.188929
 2873.427000    18.451815
 2874.089600    18.708294
 2874.750730    18.956635
 2875.412110    19.197105
 2876.075440    19.429897
 2876.736820    19.653269
 2877.400390    19.868252
 2878.062260    20.073214
 2878.725830    20.268881
 2879.388180    20.454050
 2880.050540    20.628786
 2880.714600    20.793203
 2881.377440    20.946297
 2882.041750    21.088417
 2882.704830    21.218748
 2883.369380    21.337595
 2884.032960    21.444304
 2884.696530    21.538887
 2885.361330    21.621328
 2886.025390    21.691235
 2886.690920    21.748709
 2887.354980    21.793405
 2888.020510    21.825458
 2888.685060    21.844692
 2889.349610    21.851141
 2890.015870    21.844778
 2890.680910    21.825647
 2891.347410    21.793707
 2892.012700    21.749159
 2892.679200    21.691931
 2893.344970    21.622303
 2894.010500    21.540386
 2894.677730    21.446064
 2895.343510    21.339964
 2896.011470    21.221685
 2896.677490    21.092186
 2897.345460    20.950947
 2898.011960    20.798946
 2898.678960    20.636040
 2899.347170    20.462311
 2900.014160    20.278702
 2900.682860    20.084734
 2901.350100    19.881660
 2902.019530    19.668711
 2902.687010    19.447577
 2903.354740    19.217932
 2904.024410    18.979549
 2904.692380    18.734125
 2905.361820    18.480906
 2906.030520    18.221127
 2906.700680    17.954342
 2907.369140    17.682249
 2908.038090    17.404392
 2908.708500    17.120775
 2909.377930    16.832859
 2910.048830    16.540020
 2910.718260    16.243969
 2911.389650    15.943622
 2912.059330    15.641038
 2912.729250    15.335773
 2913.400630    15.027671
 2914.070800    14.718378
 2914.742920    14.406834
 2915.413570    14.095018
 2916.085690    13.781957
 2916.756590    13.469282
 2917.429200    13.156000
 2918.100340    12.843946
 2918.771730    12.532675
 2919.444580    12.221961
 2920.116210    11.913371
 2920.789550    11.605872
 2921.461670    11.301105
 2922.135500    10.998030
 2922.807370    10.698568
 2923.479740    10.401879
 2924.154050    10.107580
 2924.826660    9.817502
 2925.500980    9.530388
 2926.174070    9.247692
 2926.848880    8.968378
 2927.522220    8.693937
 2928.195800    8.423820
 2928.870850    8.157701
 2929.544920    7.896685
 2930.220460    7.639947
 2930.894530    7.388708
 2931.570310    7.141882
 2932.244630    6.900712
 2932.919190    6.664639
 2933.595700    6.433150
 2934.270260    6.207624
 2934.947270    5.986633
 2935.622310    5.771637
 2936.299070    5.561484
 2936.974850    5.357015
 2937.650390    5.157989
 2938.327880    4.963761
 2939.003660    4.775362
 2939.681400    4.591740
 2940.357670    4.413787
 2941.035640    4.240623
 2941.712160    4.073007
 2942.389160    3.910385
 2943.067630    3.752478
 2943.744630    3.599896
 2944.423580    3.451800
 2945.100830    3.308910
 2945.780030    3.170371
 2946.457760    3.036798
 2947.135500    2.907797
 2947.815190    2.782920
 2948.493410    2.662706
 2949.173100    2.546536
 2949.851560    2.434773
 2950.531980    2.326798
 2951.210450    2.223130
 2951.889650    2.123245
 2952.570070    2.026983
 2953.249270    1.934587
 2953.930660    1.845495
 2954.610110    1.760151
 2955.291500    1.677958
 2955.971190    1.599258
 2956.651120    1.523716
 2957.333010    1.451054
 2958.013180    1.381567
 2958.695560    1.314759
 2959.376220    1.250921
 2960.058350    1.189659
 2960.739500    1.131103
 2961.420410    1.075088
 2962.103520    1.021339
 2962.784910    0.970076
 2963.468020    0.920956
 2964.149900    0.874109
 2964.833500    0.829255
 2965.515380    0.786538
 2966.197750    0.745737
 2966.881590    0.706728
 2967.564210    0.669591
 2968.248540    0.634096
 2968.931150    0.600354
 2969.615720    0.568115
 2970.299070    0.537469
 2970.984130    0.508220
 2971.667480    0.480454
 2972.351070    0.454030
 2973.036620    0.428829
 2973.720700    0.404923
 2974.406250    0.382159
 2975.090580    0.360573
 2975.776610    0.340024
 2976.461180    0.320560
 2977.146000    0.302085
 2977.832280    0.284524
 2978.517580    0.267899
 2979.204350    0.252108
 2979.889650    0.237180
 2980.576660    0.223009
 2981.262210    0.209623
 2981.948240    0.196947
 2982.635990    0.184929
 2983.322020    0.173595
 2984.010010    0.162854
 2984.696530    0.152730
 2985.384770    0.143147
 2986.071530    0.134123
 2986.758540    0.125607
 2987.447270    0.117557
 2988.134770    0.109983
 2988.823490    0.102837
 2989.510990    0.096120
 2990.200440    0.089780
 2990.888180    0.083832
 2991.576170    0.078237
 2992.266360    0.072963
 2992.954830    0.068021
 2993.644780    0.063373
 2994.333500    0.059018
 2995.023930    0.054925
 2995.713130    0.051096
 2996.402100    0.047509
 2997.093020    0.044142
 2997.782710    0.040997
 2998.473880    0.038049
 2999.163570    0.035299
 2999.855470    0.032722
 3000.545410    0.030324
 3001.235600    0.028085
 3001.927730    0.025990
 3002.618410    0.024042
 3003.310550    0.022224
 3004.001710    0.020535
 3004.694340    0.018959
 3005.385740    0.017496
 3006.076900    0.016138
 3006.770020    0.014873
 3007.461670    0.013700
 3008.155270    0.012611
 3008.847410    0.011603
 3009.541260    0.010667
 3010.233400    0.009803
 3010.926270    0.009002
 3011.620360    0.008261
 3012.313230    0.007577
 3013.007810    0.006944
 3013.700930    0.006361
 3014.395750    0.005822
 3015.089360    0.005326
 3015.783200    0.004870
 3016.478270    0.004449
 3017.172610    0.004063
 3017.868160    0.003706
 3018.562260    0.003380
 3019.258540    0.003079
 3019.952880    0.002805
 3020.647950    0.002553
 3021.344480    0.002321
 3022.039310    0.002110
 3022.736330    0.001916
 3023.431640    0.001739
 3024.128660    0.001577
 3024.824460    0.001430
 3025.522220    0.001295
 3026.218020    0.001172
 3026.914310    0.001060
 3027.612300    0.000958
 3028.308840    0.000866
 3029.007080    0.000782
 3029.703860    0.000705
 3030.402590    0.000635
 3031.099850    0.000572
 3031.797120    0.000516
 3032.496090    0.000463
 3033.193600    0.000417
 3033.893310    0.000375
 3034.591060    0.000337
 3035.290770    0.000301
 3035.989010    0.000271
 3036.687740    0.000242
 3037.387700    0.000216
 3038.086670    0.000194
 3038.787350    0.000174
 3039.486080    0.000155
 3040.187260    0.000138
 3040.886470    0.000123
 3041.586180    0.000110
 3042.287350    0.000098
 3042.987550    0.000088
 3043.689210    0.000077
 3044.389160    0.000069
 3045.091060    0.000061
 3045.791750    0.000054
 3046.492430    0.000049
 3047.194820    0.000043
 3047.896000    0.000038
 3048.598880    0.000033
 3049.300050    0.000030
