 2653.384280    0.156584
 2653.996340    0.168909
 2654.606690    0.182038
 2655.217290    0.196056
 2655.829830    0.211055
 2656.440670    0.226995
 2657.053220    0.244018
 2657.664550    0.262094
 2658.277340    0.281359
 2658.888920    0.301785
 2659.500730    0.323474
 2660.114010    0.346536
 2660.725830    0.370919
 2661.339360    0.396812
 2661.951660    0.424157
 2662.565430    0.453138
 2663.177980    0.483693
 2663.790530    0.515945
 2664.404790    0.550056
 2665.017820    0.585935
 2665.632320    0.623803
 2666.245610    0.663568
 2666.860350    0.705470
 2667.473880    0.749395
 2668.089110    0.795625
 2668.702880    0.843987
 2669.316890    0.894674
 2669.932370    0.947864
 2670.546630    1.003387
 2671.162350    1.061552
 2671.776860    1.122165
 2672.393070    1.185576
 2673.007810    1.251516
 2673.622560    1.320185
 2674.239260    1.391864
 2674.854490    1.466205
 2675.471190    1.543605
 2676.086670    1.623767
 2676.703860    1.707110
 2677.319580    1.793239
 2677.935550    1.882406
 2678.552980    1.974820
 2679.169190    2.070095
 2679.786870    2.168654
 2680.403560    2.270115
 2681.021480    2.374832
 2681.638430    2.482425
 2682.255370    2.593035
 2682.873780    2.706909
 2683.490970    2.823519
 2684.109860    2.943378
 2684.727290    3.065824
 2685.346440    3.191423
 2685.964110    3.319469
 2686.582030    3.450227
 2687.201660    3.583935
 2687.819820    3.719812
 2688.439450    3.858399
 2689.057860    3.998981
 2689.677980    4.142101
 2690.296880    4.286956
 2690.915770    4.433681
 2691.536380    4.582540
 2692.155270    4.732551
 2692.776370    4.884492
 2693.395750    5.037234
 2694.016850    5.191431
 2694.636720    5.346164
 2695.256590    5.501532
 2695.877930    5.657694
 2696.498050    5.813760
 2697.119870    5.970241
 2697.740480    6.126173
 2698.362550    6.281992
 2698.983400    6.436784
 2699.604250    6.590612
 2700.226810    6.743646
 2700.847900    6.894850
 2701.470700    7.044742
 2702.092040    7.192299
 2702.715330    7.338071
 2703.337160    7.480997
 2703.958980    7.621163
 2704.582520    7.758685
 2705.204830    7.892655
 2705.828370    8.023348
 2706.450930    8.150046
 2707.074950    8.272999
 2707.697750    8.391431
 2708.320800    8.505396
 2708.945310    8.614870
 2709.568360    8.719117
 2710.193360    8.818488
 2710.816650    8.912194
 2711.441890    9.000585
 2712.065670    9.082986
 2712.689450    9.159437
 2713.314940    9.229960
 2713.939210    9.294068
 2714.565190    9.351914
 2715.189450    9.403059
 2715.815670    9.447687
 2716.440430    9.485447
 2717.066890    9.516448
 2717.691890    9.540459
 2718.317140    9.557513
 2718.943850    9.567576
 2719.569340    9.570582
 2720.196530    9.566528
 2720.822270    9.555439
 2721.449710    9.537281
 2722.075680    9.512180
 2722.702150    9.480132
 2723.329830    9.441140
 2723.956300    9.395442
 2724.584470    9.342917
 2725.211430    9.283918
 2725.839600    9.218345
 2726.466800    9.146564
 2727.093990    9.068634
 2727.722900    8.984487
 2728.350340    8.894721
 2728.979490    8.799073
 2729.607420    8.698184
 2730.236820    8.591830
 2730.864750    8.480730
 2731.493160    8.364776
 2732.122800    8.244053
 2732.751460    8.119224
 2733.381590    7.990049
 2734.010500    7.857335
 2734.640870    7.720771
 2735.270020    7.581203
 2735.899410    7.438580
 2736.530270    7.292883
 2737.159670    7.145059
 2737.790770    6.994632
 2738.420650    6.842569
 2739.052250    6.688431
 2739.682370    6.533258
 2740.312500    6.376962
 2740.944340    6.219372
 2741.575200    6.061419
 2742.207280    5.902805
 2742.838130    5.744390
 2743.470460    5.585745
 2744.101560    5.427778
 2744.732910    5.270353
 2745.365970    5.113329
 2745.997310    4.957770
 2746.630860    4.802922
 2747.262700    4.649941
 2747.896000    4.498248
 2748.528080    4.348670
 2749.160640    4.200971
 2749.794430    4.055153
 2750.427000    3.911934
 2751.061280    3.770798
 2751.694090    3.632591
 2752.328610    3.496749
 2752.961910    3.364020
 2753.595210    3.234251
 2754.230220    3.107205
 2754.863770    2.983613
 2755.499020    2.862941
 2756.132810    2.745869
 2756.768550    2.631842
 2757.402590    2.521578
 2758.036870    2.414780
 2758.673100    2.311227
 2759.307620    2.211559
 2759.943850    2.115275
 2760.578860    2.022854
 2761.215330    1.933930
 2761.850590    1.848906
 2762.487550    1.767406
 2763.123050    1.689857
 2763.758790    1.616049
 2764.396000    1.545861
 2765.031980    1.479601
 2765.669430    1.416994
 2766.305910    1.358288
 2766.943600    1.303288
 2767.580320    1.252186
 2768.216800    1.204917
 2768.855220    1.161339
 2769.492190    1.121696
 2770.130860    1.085801
 2770.768070    1.053843
 2771.407230    1.025669
 2772.044680    1.001461
 2772.682130    0.981154
 2773.321780    0.964725
 2773.959720    0.952307
 2774.599370    0.943863
 2775.237550    0.939475
 2775.877690    0.939167
 2776.516360    0.942991
 2777.155030    0.950997
 2777.795170    0.963274
 2778.434330    0.979843
 2779.074950    1.000845
 2779.714360    1.026268
 2780.355470    1.056317
 2780.995120    1.090932
 2781.634770    1.130271
 2782.276120    1.174557
 2782.916260    1.223699
 2783.558110    1.278036
 2784.198490    1.337421
 2784.840330    1.402246
 2785.480960    1.472370
 2786.121830    1.548069
 2786.764400    1.629677
 2787.405270    1.716898
 2788.048100    1.810378
 2788.689450    1.909769
 2789.332520    2.015715
 2789.974370    2.127888
 2790.615970    2.246588
 2791.259770    2.372447
 2791.901610    2.504807
 2792.545410    2.644624
 2793.187990    2.791369
 2793.832030    2.945805
 2794.474850    3.107434
 2795.117680    3.276681
 2795.762210    3.454160
 2796.405520    3.639200
 2797.050290    3.832699
 2797.693600    4.033891
 2798.338870    4.243961
 2798.982420    4.461814
 2799.626460    4.688256
 2800.272220    4.923830
 2800.916260    5.167352
 2801.562260    5.420258
 2802.206790    5.681250
 2802.852780    5.951534
 2803.497560    6.229988
 2804.142580    6.517210
 2804.789310    6.813856
 2805.434330    7.118301
 2806.081300    7.432206
 2806.726810    7.753824
 2807.374020    8.084625
 2808.020020    8.422983
 2808.666020    8.769345
 2809.313480    9.124344
 2809.959960    9.486438
 2810.607910    9.856761
 2811.254390    10.233384
 2811.902830    10.618019
 2812.549560    11.008185
 2813.198240    11.405760
 2813.845210    11.808137
 2814.492680    12.216278
 2815.141600    12.630412
 2815.789310    13.048388
 2816.438720    13.471634
 2817.086430    13.897437
 2817.736080    14.327692
 2818.384520    14.759768
 2819.032710    15.193749
 2819.682620    15.630371
 2820.331300    16.067068
 2820.981930    16.505358
 2821.630620    16.941973
 2822.281490    17.379055
 2822.930660    17.813307
 2823.580080    18.245359
 2824.231200    18.675488
 2824.880860    19.100885
 2825.532230    19.522917
 2826.182370    19.938961
 2826.833980    20.350002
 2827.484380    20.753618
 2828.134770    21.149866
 2828.786870    21.539028
 2829.437740    21.918629
 2830.090090    22.289507
 2830.741210    22.649429
 2831.394040    22.999302
 2832.045410    23.336737
 2832.697020    23.661985
 2833.350100    23.974955
 2834.001950    24.273718
 2834.655520    24.558992
 2835.307620    24.828800
 2835.961180    25.083788
 2836.613770    25.322454
 2837.266360    25.544689
 2837.920410    25.750464
 2838.573490    25.938553
 2839.228030    26.109234
 2839.881100    26.261375
 2840.535890    26.395372
 2841.189450    26.510319
 2841.843020    26.606226
 2842.498540    26.683084
 2843.152340    26.740292
 2843.807860    26.778011
 2844.462160    26.795977
 2845.118160    26.794203
 2845.772710    26.772692
 2846.427250    26.731508
 2847.083740    26.670534
 2847.738770    26.590197
 2848.395260    26.490320
 2849.050540    26.371515
 2849.707760    26.233442
 2850.363280    26.077158
 2851.018800    25.902668
 2851.676270    25.709753
 2852.332280    25.499815
 2852.989990    25.272280
 2853.646480    25.028629
 2854.304440    24.768379
 2854.960940    24.493235
 2855.617920    24.202995
 2856.276370    23.897766
 2856.933350    23.579535
 2857.592290    23.247288
 2858.249760    22.903406
 2858.908940    22.546915
 2859.566650    22.180233
 2860.224370    21.803299
 2860.883790    21.415827
 2861.541750    21.020416
 2862.201900    20.615601
 2862.860350    20.204523
 2863.520510    19.785801
 2864.179200    19.362198
 2864.839840    18.932264
 2865.498780    18.499125
 2866.157960    18.062248
 2866.818850    17.621384
 2867.478520    17.179197
 2868.139650    16.734602
 2868.799320    16.290260
 2869.460940    15.844546
 2870.121090    15.400422
 2870.781490    14.957378
 2871.443360    14.515219
 2872.103760    14.076500
 2872.766360    13.639367
 2873.427000    13.207116
 2874.089600    12.777716
 2874.750730    12.353886
 2875.412110    11.934991
 2876.075440    11.520424
 2876.736820    11.113047
 2877.400390    10.710697
 2878.062260    10.316115
 2878.725830    9.927601
 2879.388180    9.547186
 2880.050540    9.174428
 2880.714600    8.808650
 2881.377440    8.451696
 2882.041750    8.102327
 2882.704830    7.762128
 2883.369380    7.429875
 2884.032960    7.106917
 2884.696530    6.792853
 2885.361330    6.487205
 2886.025390    6.190928
 2886.690920    5.903083
 2887.354980    5.624942
 2888.020510    5.355263
 2888.685060    5.095007
 2889.349610    4.843724
 2890.015870    4.600728
 2890.680910    4.367012
 2891.347410    4.141531
 2892.012700    3.925086
 2892.679200    3.716749
 2893.344970    3.517000
 2894.010500    3.325521
 2894.677730    3.141614
 2895.343510    2.965985
 2896.011470    2.797500
 2896.677490    2.637023
 2897.345460    2.483419
 2898.011960    2.337285
 2898.678960    2.197969
 2899.347170    2.065143
 2900.014160    1.939079
 2900.682860    1.819019
 2901.350100    1.705328
 2902.019530    1.597173
 2902.687010    1.495016
 2903.354740    1.398288
 2904.024410    1.306557
 2904.692380    1.220117
 2905.361820    1.138350
 2906.030520    1.061326
 2906.700680    0.988600
 2907.369140    0.920315
 2908.038090    0.856045
 2908.708500    0.795522
 2909.377930    0.738788
 2910.048830    0.685458
 2910.718260    0.635592
 2911.389650    0.588769
 2912.059330    0.545080
 2912.729250    0.504231
 2913.400630    0.466002
 2914.070800    0.430401
 2914.742920    0.397119
 2915.413570    0.366192
 2916.085690    0.337352
 2916.756590    0.310589
 2917.429200    0.285667
 2918.100340    0.262588
 2918.771730    0.241181
 2919.444580    0.221306
 2920.116210    0.202942
 2920.789550    0.185917
 2921.461670    0.170215
 2922.135500    0.155682
 2922.807370    0.142316
 2923.479740    0.129989
 2924.154050    0.118605
 2924.826660    0.108159
 2925.500980    0.098534
 2926.174070    0.089709
 2926.848880    0.081593
 2927.522220    0.074167
 2928.195800    0.067363
 2928.870850    0.061122
 2929.544920    0.055425
 2930.220460    0.050207
 2930.894530    0.045456
 2931.570310    0.041111
 2932.244630    0.037161
 2932.919190    0.033563
 2933.595700    0.030280
 2934.270260    0.027306
 2934.947270    0.024594
 2935.622310    0.022141
 2936.299070    0.019913
 2936.974850    0.017897
 2937.650390    0.016073
 2938.327880    0.014420
 2939.003660    0.012929
 2939.681400    0.011580
 2940.357670    0.010366
 2941.035640    0.009270
 2941.712160    0.008285
 2942.389160    0.007398
 2943.067630    0.006598
 2943.744630    0.005883
 2944.423580    0.005239
 2945.100830    0.004663
 2945.780030    0.004146
 2946.457760    0.003684
 2947.135500    0.003271
 2947.815190    0.002901
 2948.493410    0.002572
 2949.173100    0.002277
 2949.851560    0.002015
 2950.531980    0.001781
 2951.210450    0.001575
 2951.889650    0.001390
 2952.570070    0.001225
 2953.249270    0.001081
 2953.930660    0.000951
 2954.610110    0.000836
 2955.291500    0.000735
 2955.971190    0.000646
 2956.651120    0.000567
 2957.333010    0.000497
 2958.013180    0.000436
 2958.695560    0.000381
 2959.376220    0.000334
 2960.058350    0.000292
 2960.739500    0.000255
 2961.420410    0.000222
 2962.103520    0.000194
 2962.784910    0.000169
 2963.468020    0.000147
 2964.149900    0.000128
 2964.833500    0.000111
 2965.515380    0.000096
 2966.197750    0.000084
 2966.881590    0.000072
 2967.564210    0.000063
 2968.248540    0.000054
 2968.931150    0.000047
 2969.615720    0.000041
 2970.299070    0.000035
 2970.984130    0.000031
 2971.667480    0.000026
 2972.351070    0.000022
 2973.036620    0.000019
 2973.720700    0.000016
 2974.406250    0.000014
 2975.090580    0.000012
 2975.776610    0.000010
 2976.461180    0.000009
 2977.146000    0.000008
 2977.832280    0.000007
 2978.517580    0.000006
 2979.204350    0.000005
 2979.889650    0.000004
 2980.576660    0.000004
 2981.262210    0.000003
 2981.948240    0.000003
 2982.635990    0.000002
 2983.322020    0.000002
 2984.010010    0.000002
 2984.696530    0.000001
 2985.384770    0.000001
 2986.071530    0.000001
 2986.758540    0.000001
 2987.447270    0.000001
 2988.134770    0.000001
 2988.823490    0.000001
 2989.510990    0.000000
 2990.200440    0.000000
 2990.888180    0.000000
 2991.576170    0.000000
 2992.266360    0.000000
 2992.954830    0.000000
 2993.644780    0.000000
 2994.333500    0.000000
 2995.023930    0.000000
 2995.713130    0.000000
 2996.402100    0.000000
 2997.093020    0.000000
 2997.782710    0.000000
 2998.473880    0.000000
 2999.163570    0.000000
 2999.855470    0.000000
 3000.545410    0.000000
 3001.235600    0.000000
 3001.927730    0.000000
 3002.618410    0.000000
 3003.310550    0.000000
 3004.001710    0.000000
 3004.694340    0.000000
 3005.385740    0.000000
 3006.076900    0.000000
 3006.770020    0.000000
 3007.461670    0.000000
 3008.155270    0.000000
 3008.847410    0.000000
 3009.541260    0.000000
 3010.233400    0.000000
 3010.926270    0.000000
 3011.620360    0.000000
 3012.313230    0.000000
 3013.007810    0.000000
 3013.700930    0.000000
 3014.395750    0.000000
 3015.089360    0.000000
 3015.783200    0.000000
 3016.478270    0.000000
 3017.172610    0.000000
 3017.868160    0.000000
 3018.562260    0.000000
 3019.258540    0.000000
 3019.952880    0.000000
 3020.647950    0.000000
 3021.344480    0.000000
 3022.039310    0.000000
 3022.736330    0.000000
 3023.431640    0.000000
 3024.128660    0.000000
 3024.824460    0.000000
 3025.522220    0.000000
 3026.218020    0.000000
 3026.914310    0.000000
 3027.612300    0.000000
 3028.308840    0.000000
 3029.007080    0.000000
 3029.703860    0.000000
 3030.402590    0.000000
 3031.099850    0.000000
 3031.797120    0.000000
 3032.496090    0.000000
 3033.193600    0.000000
 3033.893310    0.000000
 3034.591060    0.000000
 3035.290770    0.000000
 3035.989010    0.000000
 3036.687740    0.000000
 3037.387700    0.000000
 3038.086670    0.000000
 3038.787350    0.000000
 3039.486080    0.000000
 3040.187260    0.000000
 3040.886470    0.000000
 3041.586180    0.000000
 3042.287350    0.000000
 3042.987550    0.000000
 3043.689210    0.000000
 3044.389160    0.000000
 3045.091060    0.000000
 3045.791750    0.000000
 3046.492430    0.000000
 3047.194820    0.000000
 3047.896000    0.000000
 3048.598880    0.000000
 3049.300050    0.000000
