 2653.384280    0.000000
 2653.996340    0.000000
 2654.606690    0.000000
 2655.217290    0.000000
 2655.829830    0.000000
 2656.440670    0.000000
 2657.053220    0.000000
 2657.664550    0.000000
 2658.277340    0.000000
 2658.888920    0.000000
 2659.500730    0.000000
 2660.114010    0.000000
 2660.725830    0.000000
 2661.339360    0.000000
 2661.951660    0.000000
 2662.565430    0.000000
 2663.177980    0.000000
 2663.790530    0.000000
 2664.404790    0.000000
 2665.017820    0.000000
 2665.632320    0.000000
 2666.245610    0.000000
 2666.860350    0.000000
 2667.473880    0.000000
 2668.089110    0.000000
 2668.702880    0.000000
 2669.316890    0.000000
 2669.932370    0.000000
 2670.546630    0.000000
 2671.162350    0.000000
 2671.776860    0.000000
 2672.393070    0.000000
 2673.007810    0.000000
 2673.622560    0.000000
 2674.239260    0.000000
 2674.854490    0.000000
 2675.471190    0.000000
 2676.086670    0.000000
 2676.703860    0.000000
 2677.319580    0.000000
 2677.935550    0.000000
 2678.552980    0.000000
 2679.169190    0.000000
 2679.786870    0.000000
 2680.403560    0.000000
 2681.021480    0.000000
 2681.638430    0.000000
 2682.255370    0.000000
 2682.873780    0.000000
 2683.490970    0.000000
 2684.109860    0.000000
 2684.727290    0.000000
 2685.346440    0.000000
 2685.964110    0.000000
 2686.582030    0.000000
 2687.201660    0.000000
 2687.819820    0.000000
 2688.439450    0.000000
 2689.057860    0.000000
 2689.677980    0.000000
 2690.296880    0.000000
 2690.915770    0.000000
 2691.536380    0.000000
 2692.155270    0.000000
 2692.776370    0.000000
 2693.395750    0.000000
 2694.016850    0.000000
 2694.636720    0.000000
 2695.256590    0.000000
 2695.877930    0.000000
 2696.498050    0.000000
 2697.119870    0.000000
 2697.740480    0.000000
 2698.362550    0.000000
 2698.983400    0.000000
 2699.604250    0.000000
 2700.226810    0.000000
 2700.847900    0.000000
 2701.470700    0.000000
 2702.092040    0.000000
 2702.715330    0.000000
 2703.337160    0.000000
 2703.958980    0.000000
 2704.582520    0.000000
 2705.204830    0.000000
 2705.828370    0.000000
 2706.450930    0.000000
 2707.074950    0.000000
 2707.697750    0.000000
 2708.320800    0.000000
 2708.945310    0.000000
 2709.568360    0.000000
 2710.193360    0.000000
 2710.816650    0.000000
 2711.441890    0.000000
 2712.065670    0.000000
 2712.689450    0.000000
 2713.314940    0.000000
 2713.939210    0.000000
 2714.565190    0.000000
 2715.189450    0.000000
 2715.815670    0.000000
 2716.440430    0.000001
 2717.066890    0.000001
 2717.691890    0.000001
 2718.317140    0.000001
 2718.943850    0.000001
 2719.569340    0.000001
 2720.196530    0.000001
 2720.822270    0.000001
 2721.449710    0.000001
 2722.075680    0.000002
 2722.702150    0.000002
 2723.329830    0.000002
 2723.956300    0.000002
 2724.584470    0.000003
 2725.211430    0.000003
 2725.839600    0.000003
 2726.466800    0.000004
 2727.093990    0.000004
 2727.722900    0.000005
 2728.350340    0.000006
 2728.979490    0.000006
 2729.607420    0.000007
 2730.236820    0.000008
 2730.864750    0.000009
 2731.493160    0.000010
 2732.122800    0.000010
 2732.751460    0.000012
 2733.381590    0.000013
 2734.010500    0.000015
 2734.640870    0.000017
 2735.270020    0.000019
 2735.899410    0.000022
 2736.530270    0.000024
 2737.159670    0.000027
 2737.790770    0.000031
 2738.420650    0.000033
 2739.052250    0.000037
 2739.682370    0.000042
 2740.312500    0.000047
 2740.944340    0.000052
 2741.575200    0.000058
 2742.207280    0.000065
 2742.838130    0.000072
 2743.470460    0.000080
 2744.101560    0.000089
 2744.732910    0.000098
 2745.365970    0.000110
 2745.997310    0.000121
 2746.630860    0.000134
 2747.262700    0.000149
 2747.896000    0.000165
 2748.528080    0.000182
 2749.160640    0.000201
 2749.794430    0.000222
 2750.427000    0.000246
 2751.061280    0.000271
 2751.694090    0.000299
 2752.328610    0.000330
 2752.961910    0.000363
 2753.595210    0.000401
 2754.230220    0.000441
 2754.863770    0.000484
 2755.499020    0.000533
 2756.132810    0.000586
 2756.768550    0.000644
 2757.402590    0.000706
 2758.036870    0.000774
 2758.673100    0.000850
 2759.307620    0.000931
 2759.943850    0.001019
 2760.578860    0.001117
 2761.215330    0.001222
 2761.850590    0.001336
 2762.487550    0.001461
 2763.123050    0.001596
 2763.758790    0.001743
 2764.396000    0.001903
 2765.031980    0.002076
 2765.669430    0.002264
 2766.305910    0.002468
 2766.943600    0.002689
 2767.580320    0.002929
 2768.216800    0.003188
 2768.855220    0.003469
 2769.492190    0.003773
 2770.130860    0.004102
 2770.768070    0.004457
 2771.407230    0.004842
 2772.044680    0.005257
 2772.682130    0.005705
 2773.321780    0.006190
 2773.959720    0.006713
 2774.599370    0.007278
 2775.237550    0.007886
 2775.877690    0.008544
 2776.516360    0.009252
 2777.155030    0.010014
 2777.795170    0.010837
 2778.434330    0.011721
 2779.074950    0.012675
 2779.714360    0.013701
 2780.355470    0.014808
 2780.995120    0.015995
 2781.634770    0.017272
 2782.276120    0.018648
 2782.916260    0.020124
 2783.558110    0.021715
 2784.198490    0.023421
 2784.840330    0.025257
 2785.480960    0.027225
 2786.121830    0.029337
 2786.764400    0.031610
 2787.405270    0.034044
 2788.048100    0.036662
 2788.689450    0.039464
 2789.332520    0.042477
 2789.974370    0.045699
 2790.615970    0.049152
 2791.259770    0.052865
 2791.901610    0.056829
 2792.545410    0.061089
 2793.187990    0.065640
 2793.832030    0.070524
 2794.474850    0.075742
 2795.117680    0.081323
 2795.762210    0.087309
 2796.405520    0.093698
 2797.050290    0.100544
 2797.693600    0.107844
 2798.338870    0.115667
 2798.982420    0.124002
 2799.626460    0.132910
 2800.272220    0.142443
 2800.916260    0.152591
 2801.562260    0.163449
 2802.206790    0.175004
 2802.852780    0.187351
 2803.497560    0.200486
 2804.142580    0.214484
 2804.789310    0.229433
 2805.434330    0.245306
 2806.081300    0.262250
 2806.726810    0.280234
 2807.374020    0.299411
 2808.020020    0.319757
 2808.666020    0.341372
 2809.313480    0.364385
 2809.959960    0.388777
 2810.607910    0.414721
 2811.254390    0.442177
 2811.902830    0.471375
 2812.549560    0.502234
 2813.198240    0.535019
 2813.845210    0.569635
 2814.492680    0.606291
 2815.141600    0.645146
 2815.789310    0.686142
 2816.438720    0.729568
 2817.086430    0.775305
 2817.736080    0.823719
 2818.384520    0.874690
 2819.032710    0.928401
 2819.682620    0.985140
 2820.331300    1.044772
 2820.981930    1.107718
 2821.630620    1.173722
 2822.281490    1.243335
 2822.930660    1.316269
 2823.580080    1.392861
 2824.231200    1.473429
 2824.880860    1.557714
 2825.532230    1.646260
 2826.182370    1.738807
 2826.833980    1.835869
 2827.484380    1.937180
 2828.134770    2.043046
 2828.786870    2.153895
 2829.437740    2.269360
 2830.090090    2.390043
 2830.741210    2.515575
 2831.394040    2.646645
 2832.045410    2.782732
 2832.697020    2.924291
 2833.350100    3.071715
 2834.001950    3.224501
 2834.655520    3.383437
 2835.307620    3.547845
 2835.961180    3.718543
 2836.613770    3.894974
 2837.266360    4.077454
 2837.920410    4.266471
 2838.573490    4.461371
 2839.228030    4.662928
 2839.881100    4.870263
 2840.535890    5.084404
 2841.189450    5.304400
 2841.843020    5.530638
 2842.498540    5.763793
 2843.152340    6.002533
 2843.807860    6.248052
 2844.462160    6.499194
 2845.118160    6.757009
 2845.772710    7.020153
 2846.427250    7.289085
 2847.083740    7.564501
 2847.738770    7.844826
 2848.395260    8.131150
 2849.050540    8.422127
 2849.707760    8.718966
 2850.363280    9.019810
 2851.018800    9.325184
 2851.676270    9.635765
 2852.332280    9.949677
 2852.989990    10.268151
 2853.646480    10.589466
 2854.304440    10.914618
 2854.960940    11.241817
 2855.617920    11.571677
 2856.276370    11.904325
 2856.933350    12.237896
 2857.592290    12.573721
 2858.249760    12.909645
 2858.908940    13.246858
 2859.566650    13.583293
 2860.224370    13.919244
 2860.883790    14.255120
 2861.541750    14.588826
 2862.201900    14.921729
 2862.860350    15.251370
 2863.520510    15.578953
 2864.179200    15.902401
 2864.839840    16.222881
 2865.498780    16.538101
 2866.157960    16.848495
 2866.818850    17.154226
 2867.478520    17.453417
 2868.139650    17.746773
 2868.799320    18.032494
 2869.460940    18.311550
 2870.121090    18.581997
 2870.781490    18.844090
 2871.443360    19.097795
 2872.103760    19.341537
 2872.766360    19.576204
 2873.427000    19.799887
 2874.089600    20.013498
 2874.750730    20.215521
 2875.412110    20.406130
 2876.075440    20.585403
 2876.736820    20.751945
 2877.400390    20.906483
 2878.062260    21.047794
 2878.725830    21.176346
 2879.388180    21.291313
 2880.050540    21.392729
 2880.714600    21.480616
 2881.377440    21.554405
 2882.041750    21.614260
 2882.704830    21.659824
 2883.369380    21.691200
 2884.032960    21.708214
 2884.696530    21.710903
 2885.361330    21.699245
 2886.025390    21.673305
 2886.690920    21.633049
 2887.354980    21.578749
 2888.020510    21.510303
 2888.685060    21.428104
 2889.349610    21.332249
 2890.015870    21.222651
 2890.680910    21.100017
 2891.347410    20.964121
 2892.012700    20.815782
 2892.679200    20.654779
 2893.344970    20.481907
 2894.010500    20.297424
 2894.677730    20.101128
 2895.343510    19.894348
 2896.011470    19.676342
 2896.677490    19.448895
 2897.345460    19.211119
 2898.011960    18.964684
 2898.678960    18.709352
 2899.347170    18.445307
 2900.014160    18.173994
 2900.682860    17.894722
 2901.350100    17.609314
 2902.019530    17.316704
 2902.687010    17.019220
 2903.354740    16.716415
 2904.024410    16.408005
 2904.692380    16.096184
 2905.361820    15.779989
 2906.030520    15.460954
 2906.700680    15.138529
 2907.369140    14.814733
 2908.038090    14.488996
 2908.708500    14.161308
 2909.377930    13.833331
 2910.048830    13.504321
 2910.718260    13.176159
 2911.389650    12.847600
 2912.059330    12.520847
 2912.729250    12.195351
 2913.400630    11.870905
 2914.070800    11.549177
 2914.742920    11.229000
 2915.413570    10.912344
 2916.085690    10.598140
 2916.756590    10.287951
 2917.429200    9.980705
 2918.100340    9.678123
 2918.771730    9.379669
 2919.444580    9.085047
 2920.116210    8.795644
 2920.789550    8.510398
 2921.461670    8.230730
 2922.135500    7.955585
 2922.807370    7.686602
 2923.479740    7.422902
 2924.154050    7.164055
 2924.826660    6.911557
 2925.500980    6.664206
 2926.174070    6.423140
 2926.848880    6.187366
 2927.522220    5.958029
 2928.195800    5.734550
 2928.870850    5.516552
 2929.544920    5.304827
 2930.220460    5.098598
 2930.894530    4.898729
 2931.570310    4.704247
 2932.244630    4.516021
 2932.919190    4.333500
 2933.595700    4.156188
 2934.270260    3.985034
 2934.947270    3.818851
 2935.622310    3.658637
 2936.299070    3.503430
 2936.974850    3.353757
 2937.650390    3.209340
 2938.327880    3.069623
 2939.003660    2.935256
 2939.681400    2.805400
 2940.357670    2.680602
 2941.035640    2.560162
 2941.712160    2.444527
 2942.389160    2.333234
 2943.067630    2.226022
 2943.744630    2.123232
 2944.423580    2.024228
 2945.100830    1.929428
 2945.780030    1.838198
 2946.457760    1.750884
 2947.135500    1.667166
 2947.815190    1.586700
 2948.493410    1.509782
 2949.173100    1.435963
 2949.851560    1.365423
 2950.531980    1.297730
 2951.210450    1.233164
 2951.889650    1.171354
 2952.570070    1.112165
 2953.249270    1.055710
 2953.930660    1.001609
 2954.610110    0.950099
 2955.291500    0.900788
 2955.971190    0.853853
 2956.651120    0.809064
 2957.333010    0.766231
 2958.013180    0.725503
 2958.695560    0.686567
 2959.376220    0.649570
 2960.058350    0.614264
 2960.739500    0.580702
 2961.420410    0.548775
 2962.103520    0.518304
 2962.784910    0.489402
 2963.468020    0.461859
 2964.149900    0.435733
 2964.833500    0.410854
 2965.515380    0.387290
 2966.197750    0.364906
 2966.881590    0.343622
 2967.564210    0.323473
 2968.248540    0.304322
 2968.931150    0.286220
 2969.615720    0.269022
 2970.299070    0.252768
 2970.984130    0.237346
 2971.667480    0.222793
 2972.351070    0.209025
 2973.036620    0.195975
 2973.720700    0.183674
 2974.406250    0.172032
 2975.090580    0.161065
 2975.776610    0.150694
 2976.461180    0.140935
 2977.146000    0.131736
 2977.832280    0.123052
 2978.517580    0.114888
 2979.204350    0.107191
 2979.889650    0.099969
 2980.576660    0.093163
 2981.262210    0.086785
 2981.948240    0.080792
 2982.635990    0.075156
 2983.322020    0.069884
 2984.010010    0.064930
 2984.696530    0.060300
 2985.384770    0.055956
 2986.071530    0.051902
 2986.758540    0.048109
 2987.447270    0.044559
 2988.134770    0.041249
 2988.823490    0.038157
 2989.510990    0.035277
 2990.200440    0.032588
 2990.888180    0.030089
 2991.576170    0.027764
 2992.266360    0.025595
 2992.954830    0.023584
 2993.644780    0.021713
 2994.333500    0.019980
 2995.023930    0.018370
 2995.713130    0.016880
 2996.402100    0.015501
 2997.093020    0.014221
 2997.782710    0.013041
 2998.473880    0.011947
 2999.163570    0.010940
 2999.855470    0.010008
 3000.545410    0.009151
 3001.235600    0.008361
 3001.927730    0.007632
 3002.618410    0.006964
 3003.310550    0.006348
 3004.001710    0.005782
 3004.694340    0.005263
 3005.385740    0.004787
 3006.076900    0.004353
 3006.770020    0.003952
 3007.461670    0.003588
 3008.155270    0.003253
 3008.847410    0.002948
 3009.541260    0.002669
 3010.233400    0.002416
 3010.926270    0.002184
 3011.620360    0.001973
 3012.313230    0.001781
 3013.007810    0.001607
 3013.700930    0.001449
 3014.395750    0.001305
 3015.089360    0.001174
 3015.783200    0.001056
 3016.478270    0.000949
 3017.172610    0.000852
 3017.868160    0.000764
 3018.562260    0.000685
 3019.258540    0.000613
 3019.952880    0.000549
 3020.647950    0.000491
 3021.344480    0.000439
 3022.039310    0.000392
 3022.736330    0.000350
 3023.431640    0.000312
 3024.128660    0.000278
 3024.824460    0.000247
 3025.522220    0.000220
 3026.218020    0.000196
 3026.914310    0.000174
 3027.612300    0.000154
 3028.308840    0.000136
 3029.007080    0.000121
 3029.703860    0.000107
 3030.402590    0.000094
 3031.099850    0.000084
 3031.797120    0.000073
 3032.496090    0.000065
 3033.193600    0.000057
 3033.893310    0.000051
 3034.591060    0.000045
 3035.290770    0.000039
 3035.989010    0.000034
 3036.687740    0.000031
 3037.387700    0.000027
 3038.086670    0.000023
 3038.787350    0.000020
 3039.486080    0.000018
 3040.187260    0.000015
 3040.886470    0.000013
 3041.586180    0.000011
 3042.287350    0.000010
 3042.987550    0.000009
 3043.689210    0.000008
 3044.389160    0.000007
 3045.091060    0.000006
 3045.791750    0.000005
 3046.492430    0.000005
 3047.194820    0.000004
 3047.896000    0.000004
 3048.598880    0.000003
 3049.300050    0.000003
