 2653.384280    0.000000
 2653.996340    0.000000
 2654.606690    0.000000
 2655.217290    0.000000
 2655.829830    0.000000
 2656.440670    0.000000
 2657.053220    0.000000
 2657.664550    0.000000
 2658.277340    0.000000
 2658.888920    0.000000
 2659.500730    0.000000
 2660.114010    0.000000
 2660.725830    0.000000
 2661.339360    0.000000
 2661.951660    0.000000
 2662.565430    0.000000
 2663.177980    0.000000
 2663.790530    0.000000
 2664.404790    0.000000
 2665.017820    0.000000
 2665.632320    0.000000
 2666.245610    0.000000
 2666.860350    0.000000
 2667.473880    0.000000
 2668.089110    0.000000
 2668.702880    0.000000
 2669.316890    0.000000
 2669.932370    0.000000
 2670.546630    0.000000
 2671.162350    0.000000
 2671.776860    0.000000
 2672.393070    0.000000
 2673.007810    0.000000
 2673.622560    0.000000
 2674.239260    0.000000
 2674.854490    0.000000
 2675.471190    0.000000
 2676.086670    0.000000
 2676.703860    0.000000
 2677.319580    0.000000
 2677.935550    0.000000
 2678.552980    0.000000
 2679.169190    0.000000
 2679.786870    0.000000
 2680.403560    0.000000
 2681.021480    0.000000
 2681.638430    0.000000
 2682.255370    0.000000
 2682.873780    0.000000
 2683.490970    0.000000
 2684.109860    0.000000
 2684.727290    0.000000
 2685.346440    0.000000
 2685.964110    0.000000
 2686.582030    0.000000
 2687.201660    0.000000
 2687.819820    0.000000
 2688.439450    0.000000
 2689.057860    0.000000
 2689.677980    0.000000
 2690.296880    0.000000
 2690.915770    0.000000
 2691.536380    0.000000
 2692.155270    0.000000
 2692.776370    0.000000
 2693.395750    0.000000
 2694.016850    0.000000
 2694.636720    0.000000
 2695.256590    0.000000
 2695.877930    0.000000
 2696.498050    0.000000
 2697.119870    0.000000
 2697.740480    0.000000
 2698.362550    0.000000
 2698.983400    0.000000
 2699.604250    0.000000
 2700.226810    0.000000
 2700.847900    0.000000
 2701.470700    0.000000
 2702.092040    0.000000
 2702.715330    0.000000
 2703.337160    0.000000
 2703.958980    0.000000
 2704.582520    0.000000
 2705.204830    0.000000
 2705.828370    0.000000
 2706.450930    0.000000
 2707.074950    0.000000
 2707.697750    0.000000
 2708.320800    0.000000
 2708.945310    0.000000
 2709.568360    0.000000
 2710.193360    0.000000
 2710.816650    0.000000
 2711.441890    0.000000
 2712.065670    0.000000
 2712.689450    0.000000
 2713.314940    0.000000
 2713.939210    0.000000
 2714.565190    0.000000
 2715.189450    0.000000
 2715.815670    0.000000
 2716.440430    0.000000
 2717.066890    0.000000
 2717.691890    0.000000
 2718.317140    0.000000
 2718.943850    0.000000
 2719.569340    0.000000
 2720.196530    0.000000
 2720.822270    0.000000
 2721.449710    0.000000
 2722.075680    0.000000
 2722.702150    0.000000
 2723.329830    0.000000
 2723.956300    0.000000
 2724.584470    0.000000
 2725.211430    0.000000
 2725.839600    0.000000
 2726.466800    0.000000
 2727.093990    0.000000
 2727.722900    0.000000
 2728.350340    0.000000
 2728.979490    0.000000
 2729.607420    0.000000
 2730.236820    0.000000
 2730.864750    0.000000
 2731.493160    0.000000
 2732.122800    0.000000
 2732.751460    0.000000
 2733.381590    0.000000
 2734.010500    0.000000
 2734.640870    0.000000
 2735.270020    0.000000
 2735.899410    0.000000
 2736.530270    0.000000
 2737.159670    0.000000
 2737.790770    0.000000
 2738.420650    0.000000
 2739.052250    0.000000
 2739.682370    0.000000
 2740.312500    0.000000
 2740.944340    0.000000
 2741.575200    0.000000
 2742.207280    0.000000
 2742.838130    0.000000
 2743.470460    0.000000
 2744.101560    0.000000
 2744.732910    0.000000
 2745.365970    0.000000
 2745.997310    0.000000
 2746.630860    0.000000
 2747.262700    0.000000
 2747.896000    0.000000
 2748.528080    0.000000
 2749.160640    0.000000
 2749.794430    0.000000
 2750.427000    0.000000
 2751.061280    0.000000
 2751.694090    0.000000
 2752.328610    0.000000
 2752.961910    0.000000
 2753.595210    0.000000
 2754.230220    0.000000
 2754.863770    0.000000
 2755.499020    0.000000
 2756.132810    0.000000
 2756.768550    0.000000
 2757.402590    0.000000
 2758.036870    0.000000
 2758.673100    0.000000
 2759.307620    0.000000
 2759.943850    0.000000
 2760.578860    0.000000
 2761.215330    0.000000
 2761.850590    0.000000
 2762.487550    0.000000
 2763.123050    0.000000
 2763.758790    0.000000
 2764.396000    0.000000
 2765.031980    0.000000
 2765.669430    0.000000
 2766.305910    0.000000
 2766.943600    0.000000
 2767.580320    0.000000
 2768.216800    0.000000
 2768.855220    0.000000
 2769.492190    0.000000
 2770.130860    0.000000
 2770.768070    0.000000
 2771.407230    0.000000
 2772.044680    0.000000
 2772.682130    0.000000
 2773.321780    0.000000
 2773.959720    0.000000
 2774.599370    0.000000
 2775.237550    0.000000
 2775.877690    0.000000
 2776.516360    0.000000
 2777.155030    0.000000
 2777.795170    0.000000
 2778.434330    0.000000
 2779.074950    0.000000
 2779.714360    0.000000
 2780.355470    0.000000
 2780.995120    0.000000
 2781.634770    0.000000
 2782.276120    0.000000
 2782.916260    0.000000
 2783.558110    0.000000
 2784.198490    0.000000
 2784.840330    0.000000
 2785.480960    0.000000
 2786.121830    0.000000
 2786.764400    0.000000
 2787.405270    0.000000
 2788.048100    0.000000
 2788.689450    0.000000
 2789.332520    0.000000
 2789.974370    0.000000
 2790.615970    0.000000
 2791.259770    0.000000
 2791.901610    0.000000
 2792.545410    0.000000
 2793.187990    0.000000
 2793.832030    0.000000
 2794.474850    0.000000
 2795.117680    0.000000
 2795.762210    0.000000
 2796.405520    0.000000
 2797.050290    0.000000
 2797.693600    0.000000
 2798.338870    0.000000
 2798.982420    0.000000
 2799.626460    0.000000
 2800.272220    0.000000
 2800.916260    0.000000
 2801.562260    0.000000
 2802.206790    0.000000
 2802.852780    0.000000
 2803.497560    0.000000
 2804.142580    0.000000
 2804.789310    0.000000
 2805.434330    0.000000
 2806.081300    0.000000
 2806.726810    0.000000
 2807.374020    0.000000
 2808.020020    0.000000
 2808.666020    0.000000
 2809.313480    0.000000
 2809.959960    0.000000
 2810.607910    0.000000
 2811.254390    0.000000
 2811.902830    0.000000
 2812.549560    0.000000
 2813.198240    0.000000
 2813.845210    0.000000
 2814.492680    0.000000
 2815.141600    0.000000
 2815.789310    0.000000
 2816.438720    0.000000
 2817.086430    0.000000
 2817.736080    0.000000
 2818.384520    0.000000
 2819.032710    0.000000
 2819.682620    0.000000
 2820.331300    0.000000
 2820.981930    0.000000
 2821.630620    0.000000
 2822.281490    0.000000
 2822.930660    0.000000
 2823.580080    0.000000
 2824.231200    0.000000
 2824.880860    0.000000
 2825.532230    0.000000
 2826.182370    0.000000
 2826.833980    0.000000
 2827.484380    0.000000
 2828.134770    0.000000
 2828.786870    0.000000
 2829.437740    0.000000
 2830.090090    0.000000
 2830.741210    0.000000
 2831.394040    0.000000
 2832.045410    0.000000
 2832.697020    0.000000
 2833.350100    0.000000
 2834.001950    0.000000
 2834.655520    0.000000
 2835.307620    0.000000
 2835.961180    0.000000
 2836.613770    0.000000
 2837.266360    0.000000
 2837.920410    0.000000
 2838.573490    0.000000
 2839.228030    0.000000
 2839.881100    0.000000
 2840.535890    0.000000
 2841.189450    0.000000
 2841.843020    0.000000
 2842.498540    0.000000
 2843.152340    0.000000
 2843.807860    0.000000
 2844.462160    0.000000
 2845.118160    0.000000
 2845.772710    0.000000
 2846.427250    0.000000
 2847.083740    0.000000
 2847.738770    0.000000
 2848.395260    0.000000
 2849.050540    0.000000
 2849.707760    0.000000
 2850.363280    0.000000
 2851.018800    0.000000
 2851.676270    0.000000
 2852.332280    0.000000
 2852.989990    0.000000
 2853.646480    0.000000
 2854.304440    0.000000
 2854.960940    0.000000
 2855.617920    0.000000
 2856.276370    0.000000
 2856.933350    0.000000
 2857.592290    0.000000
 2858.249760    0.000000
 2858.908940    0.000000
 2859.566650    0.000000
 2860.224370    0.000000
 2860.883790    0.000000
 2861.541750    0.000000
 2862.201900    0.000000
 2862.860350    0.000000
 2863.520510    0.000000
 2864.179200    0.000000
 2864.839840    0.000000
 2865.498780    0.000000
 2866.157960    0.000000
 2866.818850    0.000000
 2867.478520    0.000000
 2868.139650    0.000000
 2868.799320    0.000000
 2869.460940    0.000000
 2870.121090    0.000000
 2870.781490    0.000000
 2871.443360    0.000000
 2872.103760    0.000000
 2872.766360    0.000000
 2873.427000    0.000000
 2874.089600    0.000000
 2874.750730    0.000000
 2875.412110    0.000000
 2876.075440    0.000000
 2876.736820    0.000000
 2877.400390    0.000000
 2878.062260    0.000000
 2878.725830    0.000000
 2879.388180    0.000000
 2880.050540    0.000000
 2880.714600    0.000000
 2881.377440    0.000000
 2882.041750    0.000000
 2882.704830    0.000000
 2883.369380    0.000000
 2884.032960    0.000000
 2884.696530    0.000000
 2885.361330    0.000000
 2886.025390    0.000000
 2886.690920    0.000000
 2887.354980    0.000000
 2888.020510    0.000000
 2888.685060    0.000000
 2889.349610    0.000000
 2890.015870    0.000000
 2890.680910    0.000000
 2891.347410    0.000000
 2892.012700    0.000000
 2892.679200    0.000000
 2893.344970    0.000000
 2894.010500    0.000000
 2894.677730    0.000000
 2895.343510    0.000000
 2896.011470    0.000000
 2896.677490    0.000000
 2897.345460    0.000000
 2898.011960    0.000000
 2898.678960    0.000000
 2899.347170    0.000000
 2900.014160    0.000000
 2900.682860    0.000000
 2901.350100    0.000000
 2902.019530    0.000000
 2902.687010    0.000000
 2903.354740    0.000000
 2904.024410    0.000000
 2904.692380    0.000000
 2905.361820    0.000000
 2906.030520    0.000000
 2906.700680    0.000000
 2907.369140    0.000000
 2908.038090    0.000000
 2908.708500    0.000000
 2909.377930    0.000000
 2910.048830    0.000000
 2910.718260    0.000001
 2911.389650    0.000001
 2912.059330    0.000002
 2912.729250    0.000002
 2913.400630    0.000003
 2914.070800    0.000005
 2914.742920    0.000007
 2915.413570    0.000010
 2916.085690    0.000013
 2916.756590    0.000019
 2917.429200    0.000027
 2918.100340    0.000038
 2918.771730    0.000052
 2919.444580    0.000072
 2920.116210    0.000100
 2920.789550    0.000137
 2921.461670    0.000188
 2922.135500    0.000255
 2922.807370    0.000343
 2923.479740    0.000461
 2924.154050    0.000616
 2924.826660    0.000818
 2925.500980    0.001082
 2926.174070    0.001424
 2926.848880    0.001863
 2927.522220    0.002425
 2928.195800    0.003140
 2928.870850    0.004046
 2929.544920    0.005186
 2930.220460    0.006614
 2930.894530    0.008387
 2931.570310    0.010584
 2932.244630    0.013282
 2932.919190    0.016581
 2933.595700    0.020602
 2934.270260    0.025451
 2934.947270    0.031298
 2935.622310    0.038262
 2936.299070    0.046556
 2936.974850    0.056334
 2937.650390    0.067801
 2938.327880    0.081219
 2939.003660    0.096737
 2939.681400    0.114671
 2940.357670    0.135167
 2941.035640    0.158555
 2941.712160    0.184949
 2942.389160    0.214631
 2943.067630    0.247848
 2943.744630    0.284616
 2944.423580    0.325253
 2945.100830    0.369625
 2945.780030    0.418002
 2946.457760    0.470119
 2947.135500    0.525980
 2947.815190    0.585599
 2948.493410    0.648438
 2949.173100    0.714450
 2949.851560    0.782979
 2950.531980    0.853875
 2951.210450    0.926186
 2951.889650    0.999584
 2952.570070    1.073457
 2953.249270    1.146828
 2953.930660    1.219319
 2954.610110    1.289731
 2955.291500    1.357708
 2955.971190    1.422149
 2956.651120    1.482553
 2957.333010    1.538410
 2958.013180    1.588855
 2958.695560    1.633694
 2959.376220    1.672295
 2960.058350    1.704586
 2960.739500    1.730316
 2961.420410    1.749529
 2962.103520    1.762393
 2962.784910    1.769085
 2963.468020    1.770016
 2964.149900    1.765661
 2964.833500    1.756587
 2965.515380    1.743509
 2966.197750    1.727135
 2966.881590    1.708221
 2967.564210    1.687669
 2968.248540    1.666238
 2968.931150    1.644890
 2969.615720    1.624361
 2970.299070    1.605583
 2970.984130    1.589300
 2971.667480    1.576387
 2972.351070    1.567574
 2973.036620    1.563626
 2973.720700    1.565328
 2974.406250    1.573449
 2975.090580    1.588740
 2975.776610    1.612082
 2976.461180    1.644206
 2977.146000    1.686053
 2977.832280    1.738664
 2978.517580    1.802839
 2979.204350    1.879841
 2979.889650    1.970387
 2980.576660    2.075961
 2981.262210    2.197124
 2981.948240    2.335178
 2982.635990    2.491358
 2983.322020    2.665660
 2984.010010    2.859623
 2984.696530    3.072673
 2985.384770    3.305897
 2986.071530    3.557996
 2986.758540    3.828949
 2987.447270    4.118405
 2988.134770    4.423721
 2988.823490    4.744101
 2989.510990    5.076086
 2990.200440    5.418465
 2990.888180    5.766264
 2991.576170    6.116938
 2992.266360    6.467659
 2992.954830    6.812392
 2993.644780    7.148522
 2994.333500    7.470496
 2995.023930    7.775474
 2995.713130    8.058117
 2996.402100    8.315145
 2997.093020    8.543882
 2997.782710    8.740302
 2998.473880    8.902749
 2999.163570    9.028747
 2999.855470    9.117762
 3000.545410    9.168779
 3001.235600    9.182317
 3001.927730    9.159113
 3002.618410    9.100755
 3003.310550    9.009073
 3004.001710    8.886930
 3004.694340    8.736847
 3005.385740    8.562676
 3006.076900    8.367725
 3006.770020    8.154881
 3007.461670    7.928731
 3008.155270    7.691606
 3008.847410    7.447908
 3009.541260    7.199492
 3010.233400    6.950203
 3010.926270    6.701402
 3011.620360    6.454750
 3012.313230    6.212520
 3013.007810    5.974689
 3013.700930    5.742955
 3014.395750    5.516519
 3015.089360    5.296299
 3015.783200    5.081530
 3016.478270    4.871452
 3017.172610    4.666070
 3017.868160    4.464154
 3018.562260    4.265825
 3019.258540    4.069430
 3019.952880    3.875622
 3020.647950    3.683252
 3021.344480    3.491876
 3022.039310    3.302277
 3022.736330    3.113467
 3023.431640    2.926740
 3024.128660    2.741556
 3024.824460    2.559199
 3025.522220    2.379442
 3026.218020    2.203964
 3026.914310    2.032847
 3027.612300    1.866537
 3028.308840    1.706495
 3029.007080    1.552657
 3029.703860    1.406317
 3030.402590    1.267274
 3031.099850    1.136622
 3031.797120    1.014362
 3032.496090    0.900411
 3033.193600    0.795362
 3033.893310    0.698646
 3034.591060    0.610699
 3035.290770    0.530799
 3035.989010    0.459034
 3036.687740    0.394808
 3037.387700    0.337647
 3038.086670    0.287262
 3038.787350    0.242968
 3039.486080    0.204477
 3040.187260    0.171038
 3040.886470    0.142351
 3041.586180    0.117809
 3042.287350    0.096921
 3042.987550    0.079316
 3043.689210    0.064522
 3044.389160    0.052221
 3045.091060    0.042006
 3045.791750    0.033613
 3046.492430    0.026748
 3047.194820    0.021153
 3047.896000    0.016643
 3048.598880    0.013013
 3049.300050    0.010123
