 2653.384280    0.000000
 2653.996340    0.000000
 2654.606690    0.000000
 2655.217290    0.000000
 2655.829830    0.000000
 2656.440670    0.000000
 2657.053220    0.000000
 2657.664550    0.000000
 2658.277340    0.000000
 2658.888920    0.000000
 2659.500730    0.000000
 2660.114010    0.000000
 2660.725830    0.000000
 2661.339360    0.000000
 2661.951660    0.000000
 2662.565430    0.000000
 2663.177980    0.000000
 2663.790530    0.000000
 2664.404790    0.000000
 2665.017820    0.000000
 2665.632320    0.000000
 2666.245610    0.000000
 2666.860350    0.000000
 2667.473880    0.000000
 2668.089110    0.000000
 2668.702880    0.000000
 2669.316890    0.000000
 2669.932370    0.000000
 2670.546630    0.000000
 2671.162350    0.000000
 2671.776860    0.000000
 2672.393070    0.000000
 2673.007810    0.000000
 2673.622560    0.000000
 2674.239260    0.000000
 2674.854490    0.000000
 2675.471190    0.000000
 2676.086670    0.000000
 2676.703860    0.000000
 2677.319580    0.000000
 2677.935550    0.000000
 2678.552980    0.000000
 2679.169190    0.000000
 2679.786870    0.000000
 2680.403560    0.000000
 2681.021480    0.000000
 2681.638430    0.000000
 2682.255370    0.000000
 2682.873780    0.000000
 2683.490970    0.000000
 2684.109860    0.000000
 2684.727290    0.000000
 2685.346440    0.000000
 2685.964110    0.000000
 2686.582030    0.000000
 2687.201660    0.000000
 2687.819820    0.000000
 2688.439450    0.000000
 2689.057860    0.000000
 2689.677980    0.000000
 2690.296880    0.000000
 2690.915770    0.000000
 2691.536380    0.000000
 2692.155270    0.000000
 2692.776370    0.000000
 2693.395750    0.000000
 2694.016850    0.000000
 2694.636720    0.000000
 2695.256590    0.000000
 2695.877930    0.000000
 2696.498050    0.000000
 2697.119870    0.000000
 2697.740480    0.000000
 2698.362550    0.000000
 2698.983400    0.000000
 2699.604250    0.000000
 2700.226810    0.000000
 2700.847900    0.000000
 2701.470700    0.000000
 2702.092040    0.000000
 2702.715330    0.000000
 2703.337160    0.000000
 2703.958980    0.000000
 2704.582520    0.000000
 2705.204830    0.000000
 2705.828370    0.000000
 2706.450930    0.000000
 2707.074950    0.000000
 2707.697750    0.000000
 2708.320800    0.000000
 2708.945310    0.000000
 2709.568360    0.000000
 2710.193360    0.000000
 2710.816650    0.000000
 2711.441890    0.000000
 2712.065670    0.000000
 2712.689450    0.000000
 2713.314940    0.000000
 2713.939210    0.000000
 2714.565190    0.000000
 2715.189450    0.000000
 2715.815670    0.000000
 2716.440430    0.000000
 2717.066890    0.000000
 2717.691890    0.000000
 2718.317140    0.000000
 2718.943850    0.000000
 2719.569340    0.000000
 2720.196530    0.000000
 2720.822270    0.000000
 2721.449710    0.000000
 2722.075680    0.000000
 2722.702150    0.000000
 2723.329830    0.000000
 2723.956300    0.000000
 2724.584470    0.000000
 2725.211430    0.000000
 2725.839600    0.000000
 2726.466800    0.000000
 2727.093990    0.000000
 2727.722900    0.000000
 2728.350340    0.000000
 2728.979490    0.000000
 2729.607420    0.000000
 2730.236820    0.000000
 2730.864750    0.000000
 2731.493160    0.000000
 2732.122800    0.000000
 2732.751460    0.000000
 2733.381590    0.000000
 2734.010500    0.000000
 2734.640870    0.000000
 2735.270020    0.000000
 2735.899410    0.000000
 2736.530270    0.000000
 2737.159670    0.000000
 2737.790770    0.000000
 2738.420650    0.000000
 2739.052250    0.000000
 2739.682370    0.000000
 2740.312500    0.000000
 2740.944340    0.000000
 2741.575200    0.000000
 2742.207280    0.000000
 2742.838130    0.000000
 2743.470460    0.000000
 2744.101560    0.000000
 2744.732910    0.000000
 2745.365970    0.000000
 2745.997310    0.000000
 2746.630860    0.000000
 2747.262700    0.000000
 2747.896000    0.000000
 2748.528080    0.000000
 2749.160640    0.000000
 2749.794430    0.000000
 2750.427000    0.000000
 2751.061280    0.000000
 2751.694090    0.000000
 2752.328610    0.000000
 2752.961910    0.000000
 2753.595210    0.000000
 2754.230220    0.000000
 2754.863770    0.000000
 2755.499020    0.000000
 2756.132810    0.000000
 2756.768550    0.000000
 2757.402590    0.000000
 2758.036870    0.000000
 2758.673100    0.000000
 2759.307620    0.000000
 2759.943850    0.000000
 2760.578860    0.000000
 2761.215330    0.000000
 2761.850590    0.000000
 2762.487550    0.000000
 2763.123050    0.000000
 2763.758790    0.000000
 2764.396000    0.000000
 2765.031980    0.000000
 2765.669430    0.000000
 2766.305910    0.000000
 2766.943600    0.000000
 2767.580320    0.000000
 2768.216800    0.000000
 2768.855220    0.000000
 2769.492190    0.000000
 2770.130860    0.000000
 2770.768070    0.000000
 2771.407230    0.000000
 2772.044680    0.000000
 2772.682130    0.000000
 2773.321780    0.000000
 2773.959720    0.000000
 2774.599370    0.000000
 2775.237550    0.000000
 2775.877690    0.000000
 2776.516360    0.000000
 2777.155030    0.000000
 2777.795170    0.000000
 2778.434330    0.000000
 2779.074950    0.000000
 2779.714360    0.000000
 2780.355470    0.000000
 2780.995120    0.000000
 2781.634770    0.000000
 2782.276120    0.000000
 2782.916260    0.000000
 2783.558110    0.000000
 2784.198490    0.000000
 2784.840330    0.000000
 2785.480960    0.000000
 2786.121830    0.000000
 2786.764400    0.000000
 2787.405270    0.000000
 2788.048100    0.000000
 2788.689450    0.000000
 2789.332520    0.000000
 2789.974370    0.000000
 2790.615970    0.000000
 2791.259770    0.000000
 2791.901610    0.000000
 2792.545410    0.000000
 2793.187990    0.000000
 2793.832030    0.000000
 2794.474850    0.000000
 2795.117680    0.000000
 2795.762210    0.000000
 2796.405520    0.000000
 2797.050290    0.000000
 2797.693600    0.000000
 2798.338870    0.000000
 2798.982420    0.000000
 2799.626460    0.000000
 2800.272220    0.000000
 2800.916260    0.000000
 2801.562260    0.000000
 2802.206790    0.000000
 2802.852780    0.000000
 2803.497560    0.000000
 2804.142580    0.000000
 2804.789310    0.000000
 2805.434330    0.000000
 2806.081300    0.000000
 2806.726810    0.000000
 2807.374020    0.000000
 2808.020020    0.000000
 2808.666020    0.000000
 2809.313480    0.000000
 2809.959960    0.000000
 2810.607910    0.000000
 2811.254390    0.000000
 2811.902830    0.000000
 2812.549560    0.000000
 2813.198240    0.000000
 2813.845210    0.000000
 2814.492680    0.000000
 2815.141600    0.000000
 2815.789310    0.000000
 2816.438720    0.000000
 2817.086430    0.000000
 2817.736080    0.000000
 2818.384520    0.000000
 2819.032710    0.000000
 2819.682620    0.000000
 2820.331300    0.000000
 2820.981930    0.000000
 2821.630620    0.000000
 2822.281490    0.000000
 2822.930660    0.000000
 2823.580080    0.000000
 2824.231200    0.000000
 2824.880860    0.000000
 2825.532230    0.000000
 2826.182370    0.000000
 2826.833980    0.000000
 2827.484380    0.000000
 2828.134770    0.000000
 2828.786870    0.000000
 2829.437740    0.000000
 2830.090090    0.000000
 2830.741210    0.000000
 2831.394040    0.000000
 2832.045410    0.000001
 2832.697020    0.000001
 2833.350100    0.000001
 2834.001950    0.000001
 2834.655520    0.000001
 2835.307620    0.000002
 2835.961180    0.000002
 2836.613770    0.000002
 2837.266360    0.000003
 2837.920410    0.000003
 2838.573490    0.000004
 2839.228030    0.000005
 2839.881100    0.000006
 2840.535890    0.000007
 2841.189450    0.000008
 2841.843020    0.000010
 2842.498540    0.000011
 2843.152340    0.000013
 2843.807860    0.000016
 2844.462160    0.000019
 2845.118160    0.000023
 2845.772710    0.000028
 2846.427250    0.000032
 2847.083740    0.000039
 2847.738770    0.000046
 2848.395260    0.000054
 2849.050540    0.000065
 2849.707760    0.000076
 2850.363280    0.000091
 2851.018800    0.000107
 2851.676270    0.000127
 2852.332280    0.000149
 2852.989990    0.000175
 2853.646480    0.000207
 2854.304440    0.000243
 2854.960940    0.000285
 2855.617920    0.000335
 2856.276370    0.000393
 2856.933350    0.000460
 2857.592290    0.000538
 2858.249760    0.000628
 2858.908940    0.000734
 2859.566650    0.000855
 2860.224370    0.000997
 2860.883790    0.001160
 2861.541750    0.001348
 2862.201900    0.001565
 2862.860350    0.001815
 2863.520510    0.002103
 2864.179200    0.002433
 2864.839840    0.002813
 2865.498780    0.003247
 2866.157960    0.003745
 2866.818850    0.004316
 2867.478520    0.004967
 2868.139650    0.005711
 2868.799320    0.006557
 2869.460940    0.007522
 2870.121090    0.008615
 2870.781490    0.009858
 2871.443360    0.011271
 2872.103760    0.012865
 2872.766360    0.014675
 2873.427000    0.016712
 2874.089600    0.019017
 2874.750730    0.021607
 2875.412110    0.024522
 2876.075440    0.027806
 2876.736820    0.031480
 2877.400390    0.035609
 2878.062260    0.040218
 2878.725830    0.045382
 2879.388180    0.051132
 2880.050540    0.057539
 2880.714600    0.064688
 2881.377440    0.072617
 2882.041750    0.081434
 2882.704830    0.091187
 2883.369380    0.102004
 2884.032960    0.113938
 2884.696530    0.127106
 2885.361330    0.141639
 2886.025390    0.157611
 2886.690920    0.175197
 2887.354980    0.194447
 2888.020510    0.215577
 2888.685060    0.238654
 2889.349610    0.263854
 2890.015870    0.291406
 2890.680910    0.321348
 2891.347410    0.353973
 2892.012700    0.389323
 2892.679200    0.427707
 2893.344970    0.469197
 2894.010500    0.514008
 2894.677730    0.562472
 2895.343510    0.614559
 2896.011470    0.670757
 2896.677490    0.730922
 2897.345460    0.795605
 2898.011960    0.864679
 2898.678960    0.938538
 2899.347170    1.017473
 2900.014160    1.101389
 2900.682860    1.190845
 2901.350100    1.285598
 2902.019530    1.386346
 2902.687010    1.492628
 2903.354740    1.604918
 2904.024410    1.723667
 2904.692380    1.848350
 2905.361820    1.979654
 2906.030520    2.117244
 2906.700680    2.261647
 2907.369140    2.412215
 2908.038090    2.569445
 2908.708500    2.733588
 2909.377930    2.904023
 2910.048830    3.081318
 2910.718260    3.264612
 2911.389650    3.454732
 2912.059330    3.650497
 2912.729250    3.852285
 2913.400630    4.060280
 2914.070800    4.273417
 2914.742920    4.492445
 2915.413570    4.715961
 2916.085690    4.944616
 2916.756590    5.177145
 2917.429200    5.414189
 2918.100340    5.654225
 2918.771730    5.897426
 2919.444580    6.143795
 2920.116210    6.391878
 2920.789550    6.642276
 2921.461670    6.893399
 2922.135500    7.145826
 2922.807370    7.397670
 2923.479740    7.649314
 2924.154050    7.900780
 2924.826660    8.150173
 2925.500980    8.398237
 2926.174070    8.643380
 2926.848880    8.886161
 2927.522220    9.124949
 2928.195800    9.359893
 2928.870850    9.590946
 2929.544920    9.816854
 2930.220460    10.038020
 2930.894530    10.253120
 2931.570310    10.462829
 2932.244630    10.665844
 2932.919190    10.862433
 2933.595700    11.052824
 2934.270260    11.235722
 2934.947270    11.412145
 2935.622310    11.580818
 2936.299070    11.742575
 2936.974850    11.896711
 2937.650390    12.043397
 2938.327880    12.183099
 2939.003660    12.315116
 2939.681400    12.440239
 2940.357670    12.557936
 2941.035640    12.668894
 2941.712160    12.772745
 2942.389160    12.869989
 2943.067630    12.960929
 2943.744630    13.045381
 2944.423580    13.123981
 2945.100830    13.196530
 2945.780030    13.263646
 2946.457760    13.325216
 2947.135500    13.381612
 2947.815190    13.433197
 2948.493410    13.479915
 2949.173100    13.522165
 2949.851560    13.559965
 2950.531980    13.593648
 2951.210450    13.623174
 2951.889650    13.648794
 2952.570070    13.670621
 2953.249270    13.688659
 2953.930660    13.703051
 2954.610110    13.713746
 2955.291500    13.720819
 2955.971190    13.724221
 2956.651120    13.723943
 2957.333010    13.719910
 2958.013180    13.712071
 2958.695560    13.700284
 2959.376220    13.684500
 2960.058350    13.664526
 2960.739500    13.640289
 2961.420410    13.611626
 2962.103520    13.578258
 2962.784910    13.540207
 2963.468020    13.497115
 2964.149900    13.448992
 2964.833500    13.395463
 2965.515380    13.336630
 2966.197750    13.272161
 2966.881590    13.201790
 2967.564210    13.125656
 2968.248540    13.043302
 2968.931150    12.955026
 2969.615720    12.860261
 2970.299070    12.759357
 2970.984130    12.651821
 2971.667480    12.538153
 2972.351070    12.418030
 2973.036620    12.291134
 2973.720700    12.158113
 2974.406250    12.018457
 2975.090580    11.872782
 2975.776610    11.720555
 2976.461180    11.562600
 2977.146000    11.398681
 2977.832280    11.228649
 2978.517580    11.053288
 2979.204350    10.872175
 2979.889650    10.686308
 2980.576660    10.495070
 2981.262210    10.299600
 2981.948240    10.099626
 2982.635990    9.895065
 2983.322020    9.687240
 2984.010010    9.475351
 2984.696530    9.260778
 2985.384770    9.042863
 2986.071530    8.822949
 2986.758540    8.600849
 2987.447270    8.376430
 2988.134770    8.151001
 2988.823490    7.924121
 2989.510990    7.696954
 2990.200440    7.468805
 2990.888180    7.241240
 2991.576170    7.013964
 2992.266360    6.786678
 2992.954830    6.561009
 2993.644780    6.336247
 2994.333500    6.113591
 2995.023930    5.892410
 2995.713130    5.673945
 2996.402100    5.458170
 2997.093020    5.244685
 2997.782710    5.034741
 2998.473880    4.827772
 2999.163570    4.624893
 2999.855470    4.425252
 3000.545410    4.230257
 3001.235600    4.039457
 3001.927730    3.852577
 3002.618410    3.670697
 3003.310550    3.493187
 3004.001710    3.320801
 3004.694340    3.153039
 3005.385740    2.990644
 3006.076900    2.833441
 3006.770020    2.681006
 3007.461670    2.534134
 3008.155270    2.392129
 3008.847410    2.255704
 3009.541260    2.124228
 3010.233400    1.998329
 3010.926270    1.877516
 3011.620360    1.761676
 3012.313230    1.651157
 3013.007810    1.545425
 3013.700930    1.444882
 3014.395750    1.348978
 3015.089360    1.258018
 3015.783200    1.171691
 3016.478270    1.089770
 3017.172610    1.012366
 3017.868160    0.939135
 3018.562260    0.870219
 3019.258540    0.805122
 3019.952880    0.744091
 3020.647950    0.686732
 3021.344480    0.632855
 3022.039310    0.582554
 3022.736330    0.535399
 3023.431640    0.491509
 3024.128660    0.450520
 3024.824460    0.412457
 3025.522220    0.377007
 3026.218020    0.344225
 3026.914310    0.313847
 3027.612300    0.285695
 3028.308840    0.259764
 3029.007080    0.235806
 3029.703860    0.213807
 3030.402590    0.193539
 3031.099850    0.174985
 3031.797120    0.157990
 3032.496090    0.142411
 3033.193600    0.128218
 3033.893310    0.115237
 3034.591060    0.103457
 3035.290770    0.092720
 3035.989010    0.083000
 3036.687740    0.074187
 3037.387700    0.066203
 3038.086670    0.059004
 3038.787350    0.052497
 3039.486080    0.046656
 3040.187260    0.041388
 3040.886470    0.036675
 3041.586180    0.032448
 3042.287350    0.028660
 3042.987550    0.025281
 3043.689210    0.022263
 3044.389160    0.019583
 3045.091060    0.017193
 3045.791750    0.015077
 3046.492430    0.013202
 3047.194820    0.011539
 3047.896000    0.010074
 3048.598880    0.008779
 3049.300050    0.007641
