 2653.384280    0.000661
 2653.996340    0.000780
 2654.606690    0.000918
 2655.217290    0.001080
 2655.829830    0.001268
 2656.440670    0.001488
 2657.053220    0.001742
 2657.664550    0.002037
 2658.277340    0.002380
 2658.888920    0.002775
 2659.500730    0.003232
 2660.114010    0.003759
 2660.725830    0.004365
 2661.339360    0.005063
 2661.951660    0.005862
 2662.565430    0.006781
 2663.177980    0.007830
 2663.790530    0.009027
 2664.404790    0.010398
 2665.017820    0.011955
 2665.632320    0.013731
 2666.245610    0.015743
 2666.860350    0.018030
 2667.473880    0.020614
 2668.089110    0.023542
 2668.702880    0.026840
 2669.316890    0.030557
 2669.932370    0.034748
 2670.546630    0.039447
 2671.162350    0.044730
 2671.776860    0.050634
 2672.393070    0.057255
 2673.007810    0.064628
 2673.622560    0.072845
 2674.239260    0.082017
 2674.854490    0.092185
 2675.471190    0.103491
 2676.086670    0.115989
 2676.703860    0.129847
 2677.319580    0.145109
 2677.935550    0.161938
 2678.552980    0.180501
 2679.169190    0.200856
 2679.786870    0.223236
 2680.403560    0.247707
 2681.021480    0.274514
 2681.638430    0.303729
 2682.255370    0.335562
 2682.873780    0.370276
 2683.490970    0.407905
 2684.109860    0.448818
 2684.727290    0.493001
 2685.346440    0.540878
 2685.964110    0.592407
 2686.582030    0.647917
 2687.201660    0.707762
 2687.819820    0.771840
 2688.439450    0.840653
 2689.057860    0.914103
 2689.677980    0.992737
 2690.296880    1.076374
 2690.915770    1.165344
 2691.536380    1.260083
 2692.155270    1.360228
 2692.776370    1.466559
 2693.395750    1.578547
 2694.016850    1.696920
 2694.636720    1.821222
 2695.256590    1.951748
 2695.877930    2.088876
 2696.498050    2.232041
 2697.119870    2.381921
 2697.740480    2.537784
 2698.362550    2.700241
 2698.983400    2.868499
 2699.604250    3.042734
 2700.226810    3.223286
 2700.847900    3.409031
 2701.470700    3.600679
 2702.092040    3.796976
 2702.715330    3.998684
 2703.337160    4.204344
 2703.958980    4.414027
 2704.582520    4.627885
 2705.204830    4.844442
 2705.828370    5.064034
 2706.450930    5.285337
 2707.074950    5.508637
 2707.697750    5.732359
 2708.320800    5.956379
 2708.945310    6.180466
 2709.568360    6.402870
 2710.193360    6.624089
 2710.816650    6.842091
 2711.441890    7.057404
 2712.065670    7.268090
 2712.689450    7.473897
 2713.314940    7.674602
 2713.939210    7.868500
 2714.565190    8.055739
 2715.189450    8.234563
 2715.815670    8.405294
 2716.440430    8.566297
 2717.066890    8.717712
 2717.691890    8.858134
 2718.317140    8.987384
 2718.943850    9.105108
 2719.569340    9.210287
 2720.196530    9.302937
 2720.822270    9.382173
 2721.449710    9.448036
 2722.075680    9.499891
 2722.702150    9.537701
 2723.329830    9.561280
 2723.956300    9.570432
 2724.584470    9.565140
 2725.211430    9.545435
 2725.839600    9.511332
 2726.466800    9.463093
 2727.093990    9.400895
 2727.722900    9.324792
 2728.350340    9.235498
 2728.979490    9.132954
 2729.607420    9.018073
 2730.236820    8.890862
 2730.864750    8.752465
 2731.493160    8.603073
 2732.122800    8.443104
 2732.751460    8.273782
 2733.381590    8.095140
 2734.010500    7.908665
 2734.640870    7.714306
 2735.270020    7.513651
 2735.899410    7.307025
 2736.530270    7.094787
 2737.159670    6.878707
 2737.790770    6.658475
 2738.420650    6.435884
 2739.052250    6.210655
 2739.682370    5.984668
 2740.312500    5.758121
 2740.944340    5.531101
 2741.575200    5.305245
 2742.207280    5.080413
 2742.838130    4.858083
 2743.470460    4.637885
 2744.101560    4.421294
 2744.732910    4.208299
 2745.365970    3.998882
 2745.997310    3.794592
 2746.630860    3.594550
 2747.262700    3.400331
 2747.896000    3.211249
 2748.528080    3.028365
 2749.160640    2.851386
 2749.794430    2.680306
 2750.427000    2.515922
 2751.061280    2.357576
 2751.694090    2.206132
 2752.328610    2.060863
 2752.961910    1.922447
 2753.595210    1.790570
 2754.230220    1.664845
 2754.863770    1.545822
 2755.499020    1.432804
 2756.132810    1.326233
 2756.768550    1.225397
 2757.402590    1.130721
 2758.036870    1.041719
 2758.673100    0.957994
 2759.307620    0.879835
 2759.943850    0.806616
 2760.578860    0.738471
 2761.215330    0.674898
 2761.850590    0.615951
 2762.487550    0.561144
 2763.123050    0.510534
 2763.758790    0.463757
 2764.396000    0.420522
 2765.031980    0.380803
 2765.669430    0.344228
 2766.305910    0.310740
 2766.943600    0.280027
 2767.580320    0.252012
 2768.216800    0.226472
 2768.855220    0.203156
 2769.492190    0.182023
 2770.130860    0.162814
 2770.768070    0.145475
 2771.407230    0.129773
 2772.044680    0.115667
 2772.682130    0.102989
 2773.321780    0.091586
 2773.959720    0.081421
 2774.599370    0.072340
 2775.237550    0.064296
 2775.877690    0.057163
 2776.516360    0.050904
 2777.155030    0.045433
 2777.795170    0.040678
 2778.434330    0.036603
 2779.074950    0.033145
 2779.714360    0.030278
 2780.355470    0.027955
 2780.995120    0.026160
 2781.634770    0.024867
 2782.276120    0.024058
 2782.916260    0.023730
 2783.558110    0.023880
 2784.198490    0.024513
 2784.840330    0.025643
 2785.480960    0.027286
 2786.121830    0.029468
 2786.764400    0.032230
 2787.405270    0.035600
 2788.048100    0.039645
 2788.689450    0.044402
 2789.332520    0.049963
 2789.974370    0.056377
 2790.615970    0.063739
 2791.259770    0.072175
 2791.901610    0.081739
 2792.545410    0.092609
 2793.187990    0.104864
 2793.832030    0.118702
 2794.474850    0.134223
 2795.117680    0.151624
 2795.762210    0.171145
 2796.405520    0.192906
 2797.050290    0.217218
 2797.693600    0.244207
 2798.338870    0.274278
 2798.982420    0.307532
 2799.626460    0.344367
 2800.272220    0.385183
 2800.916260    0.430097
 2801.562260    0.479717
 2802.206790    0.534161
 2802.852780    0.594067
 2803.497560    0.659601
 2804.142580    0.731331
 2804.789310    0.809900
 2805.434330    0.895364
 2806.081300    0.988699
 2806.726810    1.089924
 2807.374020    1.200062
 2808.020020    1.319159
 2808.666020    1.447954
 2809.313480    1.587328
 2809.959960    1.737326
 2810.607910    1.899094
 2811.254390    2.072463
 2811.902830    2.258927
 2812.549560    2.457996
 2813.198240    2.671350
 2813.845210    2.898324
 2814.492680    3.140158
 2815.141600    3.397770
 2815.789310    3.670561
 2816.438720    3.960205
 2817.086430    4.265562
 2817.736080    4.588706
 2818.384520    4.928371
 2819.032710    5.285241
 2819.682620    5.660616
 2820.331300    6.052920
 2820.981930    6.464130
 2821.630620    6.891717
 2822.281490    7.338289
 2822.930660    7.800955
 2823.580080    8.280725
 2824.231200    8.778337
 2824.880860    9.290852
 2825.532230    9.820148
 2826.182370    10.363131
 2826.833980    10.921205
 2827.484380    11.491120
 2828.134770    12.072852
 2828.786870    12.666798
 2829.437740    13.269018
 2830.090090    13.880611
 2830.741210    14.497576
 2831.394040    15.121098
 2832.045410    15.746471
 2832.697020    16.373558
 2833.350100    17.001686
 2834.001950    17.626354
 2834.655520    18.248377
 2835.307620    18.862694
 2835.961180    19.469982
 2836.613770    20.065853
 2837.266360    20.649092
 2837.920410    21.218823
 2838.573490    21.770767
 2839.228030    22.304851
 2839.881100    22.816601
 2840.535890    23.306446
 2841.189450    23.770193
 2841.843020    24.206871
 2842.498540    24.615837
 2843.152340    24.993069
 2843.807860    25.338921
 2844.462160    25.650318
 2845.118160    25.927257
 2845.772710    26.167164
 2846.427250    26.369631
 2847.083740    26.534193
 2847.738770    26.659216
 2848.395260    26.744694
 2849.050540    26.789871
 2849.707760    26.794691
 2850.363280    26.759085
 2851.018800    26.683279
 2851.676270    26.567209
 2852.332280    26.411961
 2852.989990    26.217459
 2853.646480    25.985395
 2854.304440    25.715841
 2854.960940    25.411188
 2855.617920    25.071949
 2856.276370    24.698950
 2856.933350    24.295462
 2857.592290    23.861080
 2858.249760    23.399859
 2858.908940    22.911488
 2859.566650    22.400307
 2860.224370    21.867327
 2860.883790    21.313204
 2861.541750    20.742748
 2862.201900    20.154951
 2862.860350    19.555468
 2863.520510    18.943388
 2864.179200    18.323822
 2864.839840    17.695700
 2865.498780    17.064610
 2866.157960    16.430748
 2866.818850    15.794696
 2867.478520    15.161189
 2868.139650    14.529502
 2868.799320    13.904184
 2869.460940    13.283665
 2870.121090    12.672712
 2870.781490    12.071171
 2871.443360    11.479312
 2872.103760    10.900979
 2872.766360    10.334104
 2873.427000    9.783237
 2874.089600    9.246007
 2874.750730    8.725967
 2875.412110    8.222377
 2876.075440    7.734562
 2876.736820    7.265825
 2877.400390    6.813563
 2878.062260    6.380684
 2878.725830    5.965087
 2879.388180    5.568667
 2880.050540    5.190598
 2880.714600    4.829851
 2881.377440    4.487844
 2882.041750    4.162937
 2882.704830    3.856130
 2883.369380    3.565805
 2884.032960    3.292627
 2884.696530    3.035685
 2885.361330    2.794044
 2886.025390    2.567896
 2886.690920    2.355953
 2887.354980    2.158568
 2888.020510    1.974273
 2888.685060    1.803151
 2889.349610    1.644313
 2890.015870    1.496781
 2890.680910    1.360607
 2891.347410    1.234639
 2892.012700    1.118793
 2892.679200    1.012055
 2893.344970    0.914180
 2894.010500    0.824518
 2894.677730    0.742295
 2895.343510    0.667386
 2896.011470    0.598889
 2896.677490    0.536756
 2897.345460    0.480163
 2898.011960    0.428972
 2898.678960    0.382610
 2899.347170    0.340653
 2900.014160    0.302889
 2900.682860    0.268809
 2901.350100    0.238253
 2902.019530    0.210755
 2902.687010    0.186206
 2903.354740    0.164252
 2904.024410    0.144606
 2904.692380    0.127151
 2905.361820    0.111597
 2906.030520    0.097806
 2906.700680    0.085560
 2907.369140    0.074755
 2908.038090    0.065206
 2908.708500    0.056769
 2909.377930    0.049357
 2910.048830    0.042832
 2910.718260    0.037123
 2911.389650    0.032110
 2912.059330    0.027741
 2912.729250    0.023928
 2913.400630    0.020598
 2914.070800    0.017710
 2914.742920    0.015196
 2915.413570    0.013022
 2916.085690    0.011138
 2916.756590    0.009514
 2917.429200    0.008111
 2918.100340    0.006907
 2918.771730    0.005871
 2919.444580    0.004981
 2920.116210    0.004220
 2920.789550    0.003569
 2921.461670    0.003014
 2922.135500    0.002541
 2922.807370    0.002139
 2923.479740    0.001798
 2924.154050    0.001508
 2924.826660    0.001263
 2925.500980    0.001056
 2926.174070    0.000882
 2926.848880    0.000734
 2927.522220    0.000611
 2928.195800    0.000508
 2928.870850    0.000422
 2929.544920    0.000349
 2930.220460    0.000288
 2930.894530    0.000238
 2931.570310    0.000196
 2932.244630    0.000161
 2932.919190    0.000133
 2933.595700    0.000109
 2934.270260    0.000089
 2934.947270    0.000072
 2935.622310    0.000059
 2936.299070    0.000049
 2936.974850    0.000039
 2937.650390    0.000031
 2938.327880    0.000026
 2939.003660    0.000021
 2939.681400    0.000017
 2940.357670    0.000013
 2941.035640    0.000011
 2941.712160    0.000009
 2942.389160    0.000007
 2943.067630    0.000006
 2943.744630    0.000005
 2944.423580    0.000004
 2945.100830    0.000003
 2945.780030    0.000002
 2946.457760    0.000002
 2947.135500    0.000002
 2947.815190    0.000001
 2948.493410    0.000001
 2949.173100    0.000001
 2949.851560    0.000001
 2950.531980    0.000000
 2951.210450    0.000000
 2951.889650    0.000000
 2952.570070    0.000000
 2953.249270    0.000000
 2953.930660    0.000000
 2954.610110    0.000000
 2955.291500    0.000000
 2955.971190    0.000000
 2956.651120    0.000000
 2957.333010    0.000000
 2958.013180    0.000000
 2958.695560    0.000000
 2959.376220    0.000000
 2960.058350    0.000000
 2960.739500    0.000000
 2961.420410    0.000000
 2962.103520    0.000000
 2962.784910    0.000000
 2963.468020    0.000000
 2964.149900    0.000000
 2964.833500    0.000000
 2965.515380    0.000000
 2966.197750    0.000000
 2966.881590    0.000000
 2967.564210    0.000000
 2968.248540    0.000000
 2968.931150    0.000000
 2969.615720    0.000000
 2970.299070    0.000000
 2970.984130    0.000000
 2971.667480    0.000000
 2972.351070    0.000000
 2973.036620    0.000000
 2973.720700    0.000000
 2974.406250    0.000000
 2975.090580    0.000000
 2975.776610    0.000000
 2976.461180    0.000000
 2977.146000    0.000000
 2977.832280    0.000000
 2978.517580    0.000000
 2979.204350    0.000000
 2979.889650    0.000000
 2980.576660    0.000000
 2981.262210    0.000000
 2981.948240    0.000000
 2982.635990    0.000000
 2983.322020    0.000000
 2984.010010    0.000000
 2984.696530    0.000000
 2985.384770    0.000000
 2986.071530    0.000000
 2986.758540    0.000000
 2987.447270    0.000000
 2988.134770    0.000000
 2988.823490    0.000000
 2989.510990    0.000000
 2990.200440    0.000000
 2990.888180    0.000000
 2991.576170    0.000000
 2992.266360    0.000000
 2992.954830    0.000000
 2993.644780    0.000000
 2994.333500    0.000000
 2995.023930    0.000000
 2995.713130    0.000000
 2996.402100    0.000000
 2997.093020    0.000000
 2997.782710    0.000000
 2998.473880    0.000000
 2999.163570    0.000000
 2999.855470    0.000000
 3000.545410    0.000000
 3001.235600    0.000000
 3001.927730    0.000000
 3002.618410    0.000000
 3003.310550    0.000000
 3004.001710    0.000000
 3004.694340    0.000000
 3005.385740    0.000000
 3006.076900    0.000000
 3006.770020    0.000000
 3007.461670    0.000000
 3008.155270    0.000000
 3008.847410    0.000000
 3009.541260    0.000000
 3010.233400    0.000000
 3010.926270    0.000000
 3011.620360    0.000000
 3012.313230    0.000000
 3013.007810    0.000000
 3013.700930    0.000000
 3014.395750    0.000000
 3015.089360    0.000000
 3015.783200    0.000000
 3016.478270    0.000000
 3017.172610    0.000000
 3017.868160    0.000000
 3018.562260    0.000000
 3019.258540    0.000000
 3019.952880    0.000000
 3020.647950    0.000000
 3021.344480    0.000000
 3022.039310    0.000000
 3022.736330    0.000000
 3023.431640    0.000000
 3024.128660    0.000000
 3024.824460    0.000000
 3025.522220    0.000000
 3026.218020    0.000000
 3026.914310    0.000000
 3027.612300    0.000000
 3028.308840    0.000000
 3029.007080    0.000000
 3029.703860    0.000000
 3030.402590    0.000000
 3031.099850    0.000000
 3031.797120    0.000000
 3032.496090    0.000000
 3033.193600    0.000000
 3033.893310    0.000000
 3034.591060    0.000000
 3035.290770    0.000000
 3035.989010    0.000000
 3036.687740    0.000000
 3037.387700    0.000000
 3038.086670    0.000000
 3038.787350    0.000000
 3039.486080    0.000000
 3040.187260    0.000000
 3040.886470    0.000000
 3041.586180    0.000000
 3042.287350    0.000000
 3042.987550    0.000000
 3043.689210    0.000000
 3044.389160    0.000000
 3045.091060    0.000000
 3045.791750    0.000000
 3046.492430    0.000000
 3047.194820    0.000000
 3047.896000    0.000000
 3048.598880    0.000000
 3049.300050    0.000000
