 2653.384280    0.372209
 2653.996340    0.390615
 2654.606690    0.409763
 2655.217290    0.429745
 2655.829830    0.450645
 2656.440670    0.472373
 2657.053220    0.495079
 2657.664550    0.518686
 2658.277340    0.543331
 2658.888920    0.568940
 2659.500730    0.595605
 2660.114010    0.623417
 2660.725830    0.652277
 2661.339360    0.682373
 2661.951660    0.713597
 2662.565430    0.746125
 2663.177980    0.779852
 2663.790530    0.814879
 2664.404790    0.851348
 2665.017820    0.889127
 2665.632320    0.928421
 2666.245610    0.969100
 2666.860350    1.011384
 2667.473880    1.055130
 2668.089110    1.100592
 2668.702880    1.147578
 2669.316890    1.196258
 2669.932370    1.246777
 2670.546630    1.298961
 2671.162350    1.353082
 2671.776860    1.408950
 2672.393070    1.466878
 2673.007810    1.526613
 2673.622560    1.588336
 2674.239260    1.652297
 2674.854490    1.718190
 2675.471190    1.786372
 2676.086670    1.856594
 2676.703860    1.929237
 2677.319580    2.003974
 2677.935550    2.081051
 2678.552980    2.160673
 2679.169190    2.242540
 2679.786870    2.327054
 2680.403560    2.413926
 2681.021480    2.503510
 2681.638430    2.595531
 2682.255370    2.690171
 2682.873780    2.787703
 2683.490970    2.887744
 2684.109860    2.990812
 2684.727290    3.096418
 2685.346440    3.205143
 2685.964110    3.316465
 2686.582030    3.430720
 2687.201660    3.548224
 2687.819820    3.668409
 2688.439450    3.791874
 2689.057860    3.918113
 2689.677980    4.047755
 2690.296880    4.180215
 2690.915770    4.315770
 2691.536380    4.454825
 2692.155270    4.596635
 2692.776370    4.742114
 2693.395750    4.890366
 2694.016850    5.042220
 2694.636720    5.196972
 2695.256590    5.354927
 2695.877930    5.516471
 2696.498050    5.680911
 2697.119870    5.849024
 2697.740480    6.020020
 2698.362550    6.194632
 2698.983400    6.372097
 2699.604250    6.552743
 2700.226810    6.737061
 2700.847900    6.924096
 2701.470700    7.114780
 2702.092040    7.308116
 2702.715330    7.505142
 2703.337160    7.704744
 2703.958980    7.907347
 2704.582520    8.113477
 2705.204830    8.322123
 2705.828370    8.534056
 2706.450930    8.748476
 2707.074950    8.966170
 2707.697750    9.186145
 2708.320800    9.408843
 2708.945310    9.634645
 2709.568360    9.862416
 2710.193360    10.093333
 2710.816650    10.325963
 2711.441890    10.561590
 2712.065670    10.798837
 2712.689450    11.038160
 2713.314940    11.280128
 2713.939210    11.523509
 2714.565190    11.769339
 2715.189450    12.016169
 2715.815670    12.265333
 2716.440430    12.515356
 2717.066890    12.767387
 2717.691890    13.020026
 2718.317140    13.273834
 2718.943850    13.529177
 2719.569340    13.784825
 2720.196530    14.041840
 2720.822270    14.298776
 2721.449710    14.556793
 2722.075680    14.814438
 2722.702150    15.072363
 2723.329830    15.330713
 2723.956300    15.588331
 2724.584470    15.846257
 2725.211430    16.103127
 2725.839600    16.359776
 2726.466800    16.615141
 2727.093990    16.869452
 2727.722900    17.123226
 2728.350340    17.375013
 2728.979490    17.625912
 2729.607420    17.874575
 2730.236820    18.121891
 2730.864750    18.366533
 2731.493160    18.609089
 2732.122800    18.849655
 2732.751460    19.087212
 2733.381590    19.322502
 2734.010500    19.554344
 2734.640870    19.783550
 2735.270020    20.008961
 2735.899410    20.230936
 2736.530270    20.449718
 2737.159670    20.664118
 2737.790770    20.875042
 2738.420650    21.081339
 2739.052250    21.283791
 2739.682370    21.481216
 2740.312500    21.673925
 2740.944340    21.862263
 2741.575200    22.045261
 2742.207280    22.223402
 2742.838130    22.395845
 2743.470460    22.563173
 2744.101560    22.724529
 2744.732910    22.880165
 2745.365970    23.030277
 2745.997310    23.173924
 2746.630860    23.311859
 2747.262700    23.443109
 2747.896000    23.568218
 2748.528080    23.686535
 2749.160640    23.798296
 2749.794430    23.903496
 2750.427000    24.001638
 2751.061280    24.093079
 2751.694090    24.177273
 2752.328610    24.254566
 2752.961910    24.324516
 2753.595210    24.387224
 2754.230220    24.442764
 2754.863770    24.490807
 2755.499020    24.531544
 2756.132810    24.564726
 2756.768550    24.590500
 2757.402590    24.608686
 2758.036870    24.619349
 2758.673100    24.622467
 2759.307620    24.618013
 2759.943850    24.605974
 2760.578860    24.586399
 2761.215330    24.559225
 2761.850590    24.524584
 2762.487550    24.482342
 2763.123050    24.432739
 2763.758790    24.375711
 2764.396000    24.311172
 2765.031980    24.239451
 2765.669430    24.160301
 2766.305910    24.074093
 2766.943600    23.980604
 2767.580320    23.880234
 2768.216800    23.772980
 2768.855220    23.658543
 2769.492190    23.537632
 2770.130860    23.409744
 2770.768070    23.275635
 2771.407230    23.134687
 2772.044680    22.987839
 2772.682130    22.834846
 2773.321780    22.675293
 2773.959720    22.510281
 2774.599370    22.339075
 2775.237550    22.162670
 2775.877690    21.980265
 2776.516360    21.792988
 2777.155030    21.600594
 2777.795170    21.402777
 2778.434330    21.200464
 2779.074950    20.993044
 2779.714360    20.781557
 2780.355470    20.565207
 2780.995120    20.345242
 2781.634770    20.121351
 2782.276120    19.893105
 2782.916260    19.661724
 2783.558110    19.426334
 2784.198490    19.188278
 2784.840330    18.946663
 2785.480960    18.702681
 2786.121830    18.455971
 2786.764400    18.206141
 2787.405270    17.954716
 2788.048100    17.700439
 2788.689450    17.444855
 2789.332520    17.186878
 2789.974370    16.927874
 2790.615970    16.667633
 2791.259770    16.405344
 2791.901610    16.142881
 2792.545410    15.878826
 2793.187990    15.614653
 2793.832030    15.349440
 2794.474850    15.084459
 2795.117680    14.819384
 2795.762210    14.553673
 2796.405520    14.288702
 2797.050290    14.023525
 2797.693600    13.759506
 2798.338870    13.495400
 2798.982420    13.232857
 2799.626460    12.971125
 2800.272220    12.709856
 2800.916260    12.450577
 2801.562260    12.191948
 2802.206790    11.935473
 2802.852780    11.680115
 2803.497560    11.427059
 2804.142580    11.175847
 2804.789310    10.926031
 2805.434330    10.679044
 2806.081300    10.433590
 2806.726810    10.191071
 2807.374020    9.950393
 2808.020020    9.712742
 2808.666020    9.477748
 2809.313480    9.244974
 2809.959960    9.015377
 2810.607910    8.788170
 2811.254390    8.564448
 2811.902830    8.343100
 2812.549560    8.125437
 2813.198240    7.910283
 2813.845210    7.698910
 2814.492680    7.490636
 2815.141600    7.285206
 2815.789310    7.083511
 2816.438720    6.884677
 2817.086430    6.689781
 2817.736080    6.497750
 2818.384520    6.309551
 2819.032710    6.124906
 2819.682620    5.943286
 2820.331300    5.765525
 2820.981930    5.590765
 2821.630620    5.420061
 2822.281490    5.252321
 2822.930660    5.088555
 2823.580080    4.928250
 2824.231200    4.771051
 2824.880860    4.617716
 2825.532230    4.467478
 2826.182370    4.321002
 2826.833980    4.177662
 2827.484380    4.038028
 2828.134770    3.901801
 2828.786870    3.768608
 2829.437740    3.639021
 2830.090090    3.512475
 2830.741210    3.389456
 2831.394040    3.269376
 2832.045410    3.152784
 2832.697020    3.039324
 2833.350100    2.928753
 2834.001950    2.821485
 2834.655520    2.716994
 2835.307620    2.615746
 2835.961180    2.517235
 2836.613770    2.421785
 2837.266360    2.329198
 2837.920410    2.239224
 2838.573490    2.152151
 2839.228030    2.067605
 2839.881100    1.985910
 2840.535890    1.906620
 2841.189450    1.830037
 2841.843020    1.755958
 2842.498540    1.684117
 2843.152340    1.614864
 2843.807860    1.547783
 2844.462160    1.483119
 2845.118160    1.420533
 2845.772710    1.360273
 2846.427250    1.302144
 2847.083740    1.245928
 2847.738770    1.191864
 2848.395260    1.139660
 2849.050540    1.089475
 2849.707760    1.041018
 2850.363280    0.994506
 2851.018800    0.949760
 2851.676270    0.906607
 2852.332280    0.865217
 2852.989990    0.825346
 2853.646480    0.787121
 2854.304440    0.750340
 2854.960940    0.715117
 2855.617920    0.681299
 2856.276370    0.648796
 2856.933350    0.617707
 2857.592290    0.587828
 2858.249760    0.559270
 2858.908940    0.531855
 2859.566650    0.505672
 2860.224370    0.480621
 2860.883790    0.456598
 2861.541750    0.433682
 2862.201900    0.411710
 2862.860350    0.390773
 2863.520510    0.370727
 2864.179200    0.351634
 2864.839840    0.333362
 2865.498780    0.315977
 2866.157960    0.299394
 2866.818850    0.283546
 2867.478520    0.268476
 2868.139650    0.254091
 2868.799320    0.240426
 2869.460940    0.227384
 2870.121090    0.215003
 2870.781490    0.203224
 2871.443360    0.192003
 2872.103760    0.181364
 2872.766360    0.171224
 2873.427000    0.161625
 2874.089600    0.152487
 2874.750730    0.143835
 2875.412110    0.135627
 2876.075440    0.127822
 2876.736820    0.120447
 2877.400390    0.113437
 2878.062260    0.106815
 2878.725830    0.100531
 2879.388180    0.094595
 2880.050540    0.088980
 2880.714600    0.083657
 2881.377440    0.078634
 2882.041750    0.073879
 2882.704830    0.069396
 2883.369380    0.065153
 2884.032960    0.061155
 2884.696530    0.057384
 2885.361330    0.053820
 2886.025390    0.050464
 2886.690920    0.047295
 2887.354980    0.044316
 2888.020510    0.041505
 2888.685060    0.038862
 2889.349610    0.036376
 2890.015870    0.034032
 2890.680910    0.031831
 2891.347410    0.029758
 2892.012700    0.027815
 2892.679200    0.025987
 2893.344970    0.024272
 2894.010500    0.022663
 2894.677730    0.021150
 2895.343510    0.019734
 2896.011470    0.018402
 2896.677490    0.017159
 2897.345460    0.015990
 2898.011960    0.014898
 2898.678960    0.013876
 2899.347170    0.012918
 2900.014160    0.012022
 2900.682860    0.011184
 2901.350100    0.010402
 2902.019530    0.009668
 2902.687010    0.008986
 2903.354740    0.008348
 2904.024410    0.007752
 2904.692380    0.007197
 2905.361820    0.006679
 2906.030520    0.006196
 2906.700680    0.005745
 2907.369140    0.005326
 2908.038090    0.004935
 2908.708500    0.004572
 2909.377930    0.004233
 2910.048830    0.003919
 2910.718260    0.003626
 2911.389650    0.003354
 2912.059330    0.003101
 2912.729250    0.002867
 2913.400630    0.002648
 2914.070800    0.002447
 2914.742920    0.002258
 2915.413570    0.002085
 2916.085690    0.001924
 2916.756590    0.001774
 2917.429200    0.001636
 2918.100340    0.001508
 2918.771730    0.001390
 2919.444580    0.001279
 2920.116210    0.001178
 2920.789550    0.001083
 2921.461670    0.000998
 2922.135500    0.000916
 2922.807370    0.000843
 2923.479740    0.000774
 2924.154050    0.000711
 2924.826660    0.000653
 2925.500980    0.000600
 2926.174070    0.000550
 2926.848880    0.000504
 2927.522220    0.000463
 2928.195800    0.000424
 2928.870850    0.000389
 2929.544920    0.000356
 2930.220460    0.000326
 2930.894530    0.000298
 2931.570310    0.000273
 2932.244630    0.000250
 2932.919190    0.000228
 2933.595700    0.000209
 2934.270260    0.000191
 2934.947270    0.000175
 2935.622310    0.000159
 2936.299070    0.000145
 2936.974850    0.000133
 2937.650390    0.000120
 2938.327880    0.000110
 2939.003660    0.000100
 2939.681400    0.000092
 2940.357670    0.000083
 2941.035640    0.000075
 2941.712160    0.000069
 2942.389160    0.000063
 2943.067630    0.000057
 2943.744630    0.000051
 2944.423580    0.000047
 2945.100830    0.000043
 2945.780030    0.000039
 2946.457760    0.000035
 2947.135500    0.000031
 2947.815190    0.000029
 2948.493410    0.000026
 2949.173100    0.000024
 2949.851560    0.000022
 2950.531980    0.000019
 2951.210450    0.000017
 2951.889650    0.000016
 2952.570070    0.000014
 2953.249270    0.000013
 2953.930660    0.000011
 2954.610110    0.000010
 2955.291500    0.000010
 2955.971190    0.000009
 2956.651120    0.000008
 2957.333010    0.000007
 2958.013180    0.000007
 2958.695560    0.000006
 2959.376220    0.000005
 2960.058350    0.000005
 2960.739500    0.000004
 2961.420410    0.000004
 2962.103520    0.000004
 2962.784910    0.000003
 2963.468020    0.000003
 2964.149900    0.000003
 2964.833500    0.000002
 2965.515380    0.000002
 2966.197750    0.000002
 2966.881590    0.000002
 2967.564210    0.000002
 2968.248540    0.000001
 2968.931150    0.000001
 2969.615720    0.000001
 2970.299070    0.000001
 2970.984130    0.000001
 2971.667480    0.000001
 2972.351070    0.000001
 2973.036620    0.000001
 2973.720700    0.000001
 2974.406250    0.000000
 2975.090580    0.000000
 2975.776610    0.000000
 2976.461180    0.000000
 2977.146000    0.000000
 2977.832280    0.000000
 2978.517580    0.000000
 2979.204350    0.000000
 2979.889650    0.000000
 2980.576660    0.000000
 2981.262210    0.000000
 2981.948240    0.000000
 2982.635990    0.000000
 2983.322020    0.000000
 2984.010010    0.000000
 2984.696530    0.000000
 2985.384770    0.000000
 2986.071530    0.000000
 2986.758540    0.000000
 2987.447270    0.000000
 2988.134770    0.000000
 2988.823490    0.000000
 2989.510990    0.000000
 2990.200440    0.000000
 2990.888180    0.000000
 2991.576170    0.000000
 2992.266360    0.000000
 2992.954830    0.000000
 2993.644780    0.000000
 2994.333500    0.000000
 2995.023930    0.000000
 2995.713130    0.000000
 2996.402100    0.000000
 2997.093020    0.000000
 2997.782710    0.000000
 2998.473880    0.000000
 2999.163570    0.000000
 2999.855470    0.000000
 3000.545410    0.000000
 3001.235600    0.000000
 3001.927730    0.000000
 3002.618410    0.000000
 3003.310550    0.000000
 3004.001710    0.000000
 3004.694340    0.000000
 3005.385740    0.000000
 3006.076900    0.000000
 3006.770020    0.000000
 3007.461670    0.000000
 3008.155270    0.000000
 3008.847410    0.000000
 3009.541260    0.000000
 3010.233400    0.000000
 3010.926270    0.000000
 3011.620360    0.000000
 3012.313230    0.000000
 3013.007810    0.000000
 3013.700930    0.000000
 3014.395750    0.000000
 3015.089360    0.000000
 3015.783200    0.000000
 3016.478270    0.000000
 3017.172610    0.000000
 3017.868160    0.000000
 3018.562260    0.000000
 3019.258540    0.000000
 3019.952880    0.000000
 3020.647950    0.000000
 3021.344480    0.000000
 3022.039310    0.000000
 3022.736330    0.000000
 3023.431640    0.000000
 3024.128660    0.000000
 3024.824460    0.000000
 3025.522220    0.000000
 3026.218020    0.000000
 3026.914310    0.000000
 3027.612300    0.000000
 3028.308840    0.000000
 3029.007080    0.000000
 3029.703860    0.000000
 3030.402590    0.000000
 3031.099850    0.000000
 3031.797120    0.000000
 3032.496090    0.000000
 3033.193600    0.000000
 3033.893310    0.000000
 3034.591060    0.000000
 3035.290770    0.000000
 3035.989010    0.000000
 3036.687740    0.000000
 3037.387700    0.000000
 3038.086670    0.000000
 3038.787350    0.000000
 3039.486080    0.000000
 3040.187260    0.000000
 3040.886470    0.000000
 3041.586180    0.000000
 3042.287350    0.000000
 3042.987550    0.000000
 3043.689210    0.000000
 3044.389160    0.000000
 3045.091060    0.000000
 3045.791750    0.000000
 3046.492430    0.000000
 3047.194820    0.000000
 3047.896000    0.000000
 3048.598880    0.000000
 3049.300050    0.000000
