 2653.384280    0.000000
 2653.996340    0.000000
 2654.606690    0.000000
 2655.217290    0.000000
 2655.829830    0.000000
 2656.440670    0.000000
 2657.053220    0.000000
 2657.664550    0.000000
 2658.277340    0.000000
 2658.888920    0.000000
 2659.500730    0.000000
 2660.114010    0.000000
 2660.725830    0.000000
 2661.339360    0.000000
 2661.951660    0.000000
 2662.565430    0.000000
 2663.177980    0.000000
 2663.790530    0.000000
 2664.404790    0.000000
 2665.017820    0.000000
 2665.632320    0.000000
 2666.245610    0.000000
 2666.860350    0.000000
 2667.473880    0.000000
 2668.089110    0.000000
 2668.702880    0.000000
 2669.316890    0.000000
 2669.932370    0.000000
 2670.546630    0.000000
 2671.162350    0.000000
 2671.776860    0.000000
 2672.393070    0.000000
 2673.007810    0.000000
 2673.622560    0.000000
 2674.239260    0.000000
 2674.854490    0.000000
 2675.471190    0.000000
 2676.086670    0.000000
 2676.703860    0.000000
 2677.319580    0.000000
 2677.935550    0.000000
 2678.552980    0.000000
 2679.169190    0.000000
 2679.786870    0.000000
 2680.403560    0.000000
 2681.021480    0.000000
 2681.638430    0.000000
 2682.255370    0.000000
 2682.873780    0.000000
 2683.490970    0.000000
 2684.109860    0.000000
 2684.727290    0.000000
 2685.346440    0.000000
 2685.964110    0.000000
 2686.582030    0.000000
 2687.201660    0.000000
 2687.819820    0.000000
 2688.439450    0.000000
 2689.057860    0.000000
 2689.677980    0.000000
 2690.296880    0.000000
 2690.915770    0.000000
 2691.536380    0.000000
 2692.155270    0.000000
 2692.776370    0.000000
 2693.395750    0.000000
 2694.016850    0.000000
 2694.636720    0.000000
 2695.256590    0.000000
 2695.877930    0.000000
 2696.498050    0.000000
 2697.119870    0.000000
 2697.740480    0.000000
 2698.362550    0.000000
 2698.983400    0.000000
 2699.604250    0.000000
 2700.226810    0.000000
 2700.847900    0.000000
 2701.470700    0.000000
 2702.092040    0.000000
 2702.715330    0.000000
 2703.337160    0.000000
 2703.958980    0.000000
 2704.582520    0.000000
 2705.204830    0.000000
 2705.828370    0.000000
 2706.450930    0.000000
 2707.074950    0.000000
 2707.697750    0.000000
 2708.320800    0.000000
 2708.945310    0.000000
 2709.568360    0.000000
 2710.193360    0.000000
 2710.816650    0.000000
 2711.441890    0.000000
 2712.065670    0.000000
 2712.689450    0.000000
 2713.314940    0.000000
 2713.939210    0.000000
 2714.565190    0.000000
 2715.189450    0.000000
 2715.815670    0.000000
 2716.440430    0.000000
 2717.066890    0.000000
 2717.691890    0.000000
 2718.317140    0.000000
 2718.943850    0.000000
 2719.569340    0.000000
 2720.196530    0.000000
 2720.822270    0.000000
 2721.449710    0.000000
 2722.075680    0.000000
 2722.702150    0.000000
 2723.329830    0.000000
 2723.956300    0.000000
 2724.584470    0.000000
 2725.211430    0.000000
 2725.839600    0.000000
 2726.466800    0.000000
 2727.093990    0.000000
 2727.722900    0.000000
 2728.350340    0.000000
 2728.979490    0.000000
 2729.607420    0.000000
 2730.236820    0.000000
 2730.864750    0.000000
 2731.493160    0.000000
 2732.122800    0.000000
 2732.751460    0.000000
 2733.381590    0.000000
 2734.010500    0.000000
 2734.640870    0.000000
 2735.270020    0.000000
 2735.899410    0.000000
 2736.530270    0.000000
 2737.159670    0.000000
 2737.790770    0.000000
 2738.420650    0.000000
 2739.052250    0.000000
 2739.682370    0.000000
 2740.312500    0.000000
 2740.944340    0.000000
 2741.575200    0.000000
 2742.207280    0.000000
 2742.838130    0.000000
 2743.470460    0.000000
 2744.101560    0.000000
 2744.732910    0.000000
 2745.365970    0.000000
 2745.997310    0.000000
 2746.630860    0.000000
 2747.262700    0.000000
 2747.896000    0.000000
 2748.528080    0.000000
 2749.160640    0.000000
 2749.794430    0.000000
 2750.427000    0.000000
 2751.061280    0.000000
 2751.694090    0.000000
 2752.328610    0.000000
 2752.961910    0.000000
 2753.595210    0.000000
 2754.230220    0.000000
 2754.863770    0.000000
 2755.499020    0.000000
 2756.132810    0.000000
 2756.768550    0.000000
 2757.402590    0.000000
 2758.036870    0.000000
 2758.673100    0.000000
 2759.307620    0.000000
 2759.943850    0.000000
 2760.578860    0.000000
 2761.215330    0.000000
 2761.850590    0.000000
 2762.487550    0.000000
 2763.123050    0.000000
 2763.758790    0.000000
 2764.396000    0.000000
 2765.031980    0.000000
 2765.669430    0.000000
 2766.305910    0.000000
 2766.943600    0.000000
 2767.580320    0.000000
 2768.216800    0.000000
 2768.855220    0.000000
 2769.492190    0.000000
 2770.130860    0.000000
 2770.768070    0.000000
 2771.407230    0.000000
 2772.044680    0.000000
 2772.682130    0.000000
 2773.321780    0.000000
 2773.959720    0.000000
 2774.599370    0.000000
 2775.237550    0.000000
 2775.877690    0.000000
 2776.516360    0.000000
 2777.155030    0.000000
 2777.795170    0.000000
 2778.434330    0.000000
 2779.074950    0.000000
 2779.714360    0.000000
 2780.355470    0.000000
 2780.995120    0.000000
 2781.634770    0.000000
 2782.276120    0.000000
 2782.916260    0.000000
 2783.558110    0.000000
 2784.198490    0.000000
 2784.840330    0.000000
 2785.480960    0.000000
 2786.121830    0.000000
 2786.764400    0.000000
 2787.405270    0.000000
 2788.048100    0.000000
 2788.689450    0.000000
 2789.332520    0.000000
 2789.974370    0.000000
 2790.615970    0.000000
 2791.259770    0.000000
 2791.901610    0.000000
 2792.545410    0.000000
 2793.187990    0.000000
 2793.832030    0.000000
 2794.474850    0.000000
 2795.117680    0.000000
 2795.762210    0.000000
 2796.405520    0.000000
 2797.050290    0.000000
 2797.693600    0.000000
 2798.338870    0.000000
 2798.982420    0.000001
 2799.626460    0.000001
 2800.272220    0.000001
 2800.916260    0.000001
 2801.562260    0.000001
 2802.206790    0.000001
 2802.852780    0.000001
 2803.497560    0.000001
 2804.142580    0.000002
 2804.789310    0.000002
 2805.434330    0.000002
 2806.081300    0.000003
 2806.726810    0.000003
 2807.374020    0.000003
 2808.020020    0.000004
 2808.666020    0.000004
 2809.313480    0.000005
 2809.959960    0.000006
 2810.607910    0.000007
 2811.254390    0.000008
 2811.902830    0.000009
 2812.549560    0.000010
 2813.198240    0.000010
 2813.845210    0.000012
 2814.492680    0.000014
 2815.141600    0.000016
 2815.789310    0.000018
 2816.438720    0.000021
 2817.086430    0.000024
 2817.736080    0.000027
 2818.384520    0.000031
 2819.032710    0.000034
 2819.682620    0.000039
 2820.331300    0.000044
 2820.981930    0.000050
 2821.630620    0.000056
 2822.281490    0.000063
 2822.930660    0.000072
 2823.580080    0.000081
 2824.231200    0.000091
 2824.880860    0.000102
 2825.532230    0.000115
 2826.182370    0.000130
 2826.833980    0.000146
 2827.484380    0.000164
 2828.134770    0.000184
 2828.786870    0.000206
 2829.437740    0.000231
 2830.090090    0.000258
 2830.741210    0.000290
 2831.394040    0.000324
 2832.045410    0.000362
 2832.697020    0.000404
 2833.350100    0.000451
 2834.001950    0.000504
 2834.655520    0.000562
 2835.307620    0.000626
 2835.961180    0.000696
 2836.613770    0.000774
 2837.266360    0.000861
 2837.920410    0.000957
 2838.573490    0.001061
 2839.228030    0.001178
 2839.881100    0.001307
 2840.535890    0.001448
 2841.189450    0.001602
 2841.843020    0.001772
 2842.498540    0.001960
 2843.152340    0.002165
 2843.807860    0.002391
 2844.462160    0.002638
 2845.118160    0.002909
 2845.772710    0.003204
 2846.427250    0.003528
 2847.083740    0.003882
 2847.738770    0.004269
 2848.395260    0.004691
 2849.050540    0.005151
 2849.707760    0.005652
 2850.363280    0.006198
 2851.018800    0.006790
 2851.676270    0.007437
 2852.332280    0.008138
 2852.989990    0.008900
 2853.646480    0.009725
 2854.304440    0.010621
 2854.960940    0.011590
 2855.617920    0.012639
 2856.276370    0.013776
 2856.933350    0.015001
 2857.592290    0.016329
 2858.249760    0.017758
 2858.908940    0.019303
 2859.566650    0.020964
 2860.224370    0.022752
 2860.883790    0.024681
 2861.541750    0.026750
 2862.201900    0.028979
 2862.860350    0.031366
 2863.520510    0.033934
 2864.179200    0.036680
 2864.839840    0.039630
 2865.498780    0.042779
 2866.157960    0.046148
 2866.818850    0.049759
 2867.478520    0.053607
 2868.139650    0.057723
 2868.799320    0.062103
 2869.460940    0.066785
 2870.121090    0.071759
 2870.781490    0.077055
 2871.443360    0.082698
 2872.103760    0.088680
 2872.766360    0.095055
 2873.427000    0.101798
 2874.089600    0.108970
 2874.750730    0.116551
 2875.412110    0.124582
 2876.075440    0.133104
 2876.736820    0.142088
 2877.400390    0.151612
 2878.062260    0.161643
 2878.725830    0.172255
 2879.388180    0.183422
 2880.050540    0.195189
 2880.714600    0.207610
 2881.377440    0.220656
 2882.041750    0.234406
 2882.704830    0.248828
 2883.369380    0.264007
 2884.032960    0.279913
 2884.696530    0.296593
 2885.361330    0.314107
 2886.025390    0.332431
 2886.690920    0.351653
 2887.354980    0.371716
 2888.020510    0.392736
 2888.685060    0.414665
 2889.349610    0.437559
 2890.015870    0.461509
 2890.680910    0.486439
 2891.347410    0.512478
 2892.012700    0.539550
 2892.679200    0.567781
 2893.344970    0.597120
 2894.010500    0.627614
 2894.677730    0.659383
 2895.343510    0.692306
 2896.011470    0.726593
 2896.677490    0.762060
 2897.345460    0.798945
 2898.011960    0.837088
 2898.678960    0.876623
 2899.347170    0.917630
 2900.014160    0.959986
 2900.682860    1.003904
 2901.350100    1.049208
 2902.019530    1.096173
 2902.687010    1.144539
 2903.354740    1.194483
 2904.024410    1.246171
 2904.692380    1.299346
 2905.361820    1.354287
 2906.030520    1.410844
 2906.700680    1.469231
 2907.369140    1.529198
 2908.038090    1.590961
 2908.708500    1.654647
 2909.377930    1.720050
 2910.048830    1.787436
 2910.718260    1.856537
 2911.389650    1.927731
 2912.059330    2.000656
 2912.729250    2.075543
 2913.400630    2.152559
 2914.070800    2.231421
 2914.742920    2.312528
 2915.413570    2.395492
 2916.085690    2.480695
 2916.756590    2.567821
 2917.429200    2.657269
 2918.100340    2.748640
 2918.771730    2.842176
 2919.444580    2.938073
 2920.116210    3.035963
 2920.789550    3.136289
 2921.461670    3.238628
 2922.135500    3.343440
 2922.807370    3.450160
 2923.479740    3.559174
 2924.154050    3.670735
 2924.826660    3.784239
 2925.500980    3.900260
 2926.174070    4.018291
 2926.848880    4.138839
 2927.522220    4.261326
 2928.195800    4.386042
 2928.870850    4.513198
 2929.544920    4.642316
 2930.220460    4.773836
 2930.894530    4.907152
 2931.570310    5.042858
 2932.244630    5.180270
 2932.919190    5.319685
 2933.595700    5.461411
 2934.270260    5.604566
 2934.947270    5.750021
 2935.622310    5.896760
 2936.299070    6.045497
 2936.974850    6.195560
 2937.650390    6.347014
 2938.327880    6.500258
 2939.003660    6.654357
 2939.681400    6.810034
 2940.357670    6.966382
 2941.035640    7.124009
 2941.712160    7.282040
 2942.389160    7.440789
 2943.067630    7.600336
 2943.744630    7.759836
 2944.423580    7.919931
 2945.100830    8.079587
 2945.780030    8.239489
 2946.457760    8.398647
 2947.135500    8.557220
 2947.815190    8.715466
 2948.493410    8.872385
 2949.173100    9.028449
 2949.851560    9.182831
 2950.531980    9.336035
 2951.210450    9.486959
 2951.889650    9.635986
 2952.570070    9.782987
 2953.249270    9.927207
 2953.930660    10.069136
 2954.610110    10.207678
 2955.291500    10.343392
 2955.971190    10.475323
 2956.651120    10.603628
 2957.333010    10.728380
 2958.013180    10.848683
 2958.695560    10.964998
 2959.376220    11.076434
 2960.058350    11.183296
 2960.739500    11.284984
 2961.420410    11.381418
 2962.103520    11.472720
 2962.784910    11.558172
 2963.468020    11.638015
 2964.149900    11.711727
 2964.833500    11.779453
 2965.515380    11.840694
 2966.197750    11.895521
 2966.881590    11.943848
 2967.564210    11.985356
 2968.248540    12.020106
 2968.931150    12.047827
 2969.615720    12.068572
 2970.299070    12.082164
 2970.984130    12.088592
 2971.667480    12.087779
 2972.351070    12.079714
 2973.036620    12.064323
 2973.720700    12.041676
 2974.406250    12.011683
 2975.090580    11.974487
 2975.776610    11.929962
 2976.461180    11.878365
 2977.146000    11.819653
 2977.832280    11.753784
 2978.517580    11.681081
 2979.204350    11.601391
 2979.889650    11.515177
 2980.576660    11.422178
 2981.262210    11.322969
 2981.948240    11.217445
 2982.635990    11.105564
 2983.322020    10.988069
 2984.010010    10.864526
 2984.696530    10.735750
 2985.384770    10.601360
 2986.071530    10.462199
 2986.758540    10.318166
 2987.447270    10.169175
 2988.134770    10.016102
 2988.823490    9.858656
 2989.510990    9.697654
 2990.200440    9.532610
 2990.888180    9.364664
 2991.576170    9.193618
 2992.266360    9.019241
 2992.954830    8.842792
 2993.644780    8.663729
 2994.333500    8.483022
 2995.023930    8.300170
 2995.713130    8.116220
 2996.402100    7.931179
 2997.093020    7.744721
 2997.782710    7.557959
 2998.473880    7.370422
 2999.163570    7.183159
 2999.855470    6.995419
 3000.545410    6.808568
 3001.235600    6.622244
 3001.927730    6.436214
 3002.618410    6.251617
 3003.310550    6.067881
 3004.001710    5.885857
 3004.694340    5.705099
 3005.385740    5.526495
 3006.076900    5.349961
 3006.770020    5.175112
 3007.461670    5.002970
 3008.155270    4.832836
 3008.847410    4.665688
 3009.541260    4.500890
 3010.233400    4.339375
 3010.926270    4.180674
 3011.620360    4.024790
 3012.313230    3.872359
 3013.007810    3.722822
 3013.700930    3.576934
 3014.395750    3.434092
 3015.089360    3.294954
 3015.783200    3.159262
 3016.478270    3.026874
 3017.172610    2.898189
 3017.868160    2.772871
 3018.562260    2.651411
 3019.258540    2.533177
 3019.952880    2.418874
 3020.647950    2.308038
 3021.344480    2.200552
 3022.039310    2.096880
 3022.736330    1.996414
 3023.431640    1.899685
 3024.128660    1.806177
 3024.824460    1.716242
 3025.522220    1.629423
 3026.218020    1.546155
 3026.914310    1.466076
 3027.612300    1.388999
 3028.308840    1.315212
 3029.007080    1.244314
 3029.703860    1.176557
 3030.402590    1.111539
 3031.099850    1.049509
 3031.797120    0.990250
 3032.496090    0.933552
 3033.193600    0.879593
 3033.893310    0.828016
 3034.591060    0.779049
 3035.290770    0.732338
 3035.989010    0.688032
 3036.687740    0.645925
 3037.387700    0.605899
 3038.086670    0.568003
 3038.787350    0.532016
 3039.486080    0.498047
 3040.187260    0.465808
 3040.886470    0.435428
 3041.586180    0.406721
 3042.287350    0.379581
 3042.987550    0.354033
 3043.689210    0.329922
 3044.389160    0.307284
 3045.091060    0.285937
 3045.791750    0.265916
 3046.492430    0.247120
 3047.194820    0.229444
 3047.896000    0.212908
 3048.598880    0.197383
 3049.300050    0.182892
