 2653.384280    0.000000
 2653.996340    0.000000
 2654.606690    0.000000
 2655.217290    0.000000
 2655.829830    0.000000
 2656.440670    0.000000
 2657.053220    0.000000
 2657.664550    0.000000
 2658.277340    0.000000
 2658.888920    0.000000
 2659.500730    0.000000
 2660.114010    0.000000
 2660.725830    0.000000
 2661.339360    0.000000
 2661.951660    0.000000
 2662.565430    0.000000
 2663.177980    0.000000
 2663.790530    0.000000
 2664.404790    0.000000
 2665.017820    0.000000
 2665.632320    0.000000
 2666.245610    0.000000
 2666.860350    0.000000
 2667.473880    0.000000
 2668.089110    0.000000
 2668.702880    0.000000
 2669.316890    0.000000
 2669.932370    0.000000
 2670.546630    0.000000
 2671.162350    0.000000
 2671.776860    0.000000
 2672.393070    0.000000
 2673.007810    0.000000
 2673.622560    0.000000
 2674.239260    0.000000
 2674.854490    0.000000
 2675.471190    0.000000
 2676.086670    0.000000
 2676.703860    0.000000
 2677.319580    0.000000
 2677.935550    0.000000
 2678.552980    0.000000
 2679.169190    0.000000
 2679.786870    0.000000
 2680.403560    0.000000
 2681.021480    0.000000
 2681.638430    0.000000
 2682.255370    0.000000
 2682.873780    0.000000
 2683.490970    0.000000
 2684.109860    0.000000
 2684.727290    0.000000
 2685.346440    0.000000
 2685.964110    0.000000
 2686.582030    0.000000
 2687.201660    0.000000
 2687.819820    0.000000
 2688.439450    0.000000
 2689.057860    0.000000
 2689.677980    0.000000
 2690.296880    0.000000
 2690.915770    0.000000
 2691.536380    0.000000
 2692.155270    0.000000
 2692.776370    0.000000
 2693.395750    0.000000
 2694.016850    0.000000
 2694.636720    0.000000
 2695.256590    0.000000
 2695.877930    0.000000
 2696.498050    0.000000
 2697.119870    0.000000
 2697.740480    0.000000
 2698.362550    0.000000
 2698.983400    0.000000
 2699.604250    0.000000
 2700.226810    0.000000
 2700.847900    0.000000
 2701.470700    0.000000
 2702.092040    0.000001
 2702.715330    0.000001
 2703.337160    0.000001
 2703.958980    0.000001
 2704.582520    0.000001
 2705.204830    0.000001
 2705.828370    0.000001
 2706.450930    0.000001
 2707.074950    0.000002
 2707.697750    0.000002
 2708.320800    0.000002
 2708.945310    0.000002
 2709.568360    0.000003
 2710.193360    0.000003
 2710.816650    0.000004
 2711.441890    0.000004
 2712.065670    0.000005
 2712.689450    0.000005
 2713.314940    0.000006
 2713.939210    0.000007
 2714.565190    0.000007
 2715.189450    0.000008
 2715.815670    0.000009
 2716.440430    0.000010
 2717.066890    0.000011
 2717.691890    0.000012
 2718.317140    0.000014
 2718.943850    0.000016
 2719.569340    0.000018
 2720.196530    0.000021
 2720.822270    0.000023
 2721.449710    0.000026
 2722.075680    0.000029
 2722.702150    0.000032
 2723.329830    0.000036
 2723.956300    0.000041
 2724.584470    0.000046
 2725.211430    0.000051
 2725.839600    0.000057
 2726.466800    0.000063
 2727.093990    0.000071
 2727.722900    0.000079
 2728.350340    0.000088
 2728.979490    0.000097
 2729.607420    0.000109
 2730.236820    0.000121
 2730.864750    0.000134
 2731.493160    0.000149
 2732.122800    0.000165
 2732.751460    0.000183
 2733.381590    0.000203
 2734.010500    0.000225
 2734.640870    0.000249
 2735.270020    0.000276
 2735.899410    0.000304
 2736.530270    0.000337
 2737.159670    0.000371
 2737.790770    0.000410
 2738.420650    0.000452
 2739.052250    0.000498
 2739.682370    0.000548
 2740.312500    0.000604
 2740.944340    0.000665
 2741.575200    0.000731
 2742.207280    0.000803
 2742.838130    0.000881
 2743.470460    0.000968
 2744.101560    0.001061
 2744.732910    0.001163
 2745.365970    0.001275
 2745.997310    0.001397
 2746.630860    0.001529
 2747.262700    0.001673
 2747.896000    0.001829
 2748.528080    0.001999
 2749.160640    0.002184
 2749.794430    0.002384
 2750.427000    0.002602
 2751.061280    0.002838
 2751.694090    0.003094
 2752.328610    0.003371
 2752.961910    0.003671
 2753.595210    0.003996
 2754.230220    0.004348
 2754.863770    0.004728
 2755.499020    0.005141
 2756.132810    0.005586
 2756.768550    0.006067
 2757.402590    0.006586
 2758.036870    0.007147
 2758.673100    0.007753
 2759.307620    0.008407
 2759.943850    0.009112
 2760.578860    0.009872
 2761.215330    0.010693
 2761.850590    0.011575
 2762.487550    0.012528
 2763.123050    0.013553
 2763.758790    0.014655
 2764.396000    0.015844
 2765.031980    0.017121
 2765.669430    0.018498
 2766.305910    0.019977
 2766.943600    0.021569
 2767.580320    0.023278
 2768.216800    0.025114
 2768.855220    0.027092
 2769.492190    0.029212
 2770.130860    0.031494
 2770.768070    0.033938
 2771.407230    0.036571
 2772.044680    0.039387
 2772.682130    0.042409
 2773.321780    0.045661
 2773.959720    0.049139
 2774.599370    0.052878
 2775.237550    0.056878
 2775.877690    0.061177
 2776.516360    0.065773
 2777.155030    0.070696
 2777.795170    0.075980
 2778.434330    0.081630
 2779.074950    0.087690
 2779.714360    0.094166
 2780.355470    0.101111
 2780.995120    0.108524
 2781.634770    0.116452
 2782.276120    0.124949
 2782.916260    0.134015
 2783.558110    0.143727
 2784.198490    0.154079
 2784.840330    0.165158
 2785.480960    0.176965
 2786.121830    0.189569
 2786.764400    0.203051
 2787.405270    0.217392
 2788.048100    0.232729
 2788.689450    0.249038
 2789.332520    0.266459
 2789.974370    0.284978
 2790.615970    0.304684
 2791.259770    0.325726
 2791.901610    0.348042
 2792.545410    0.371840
 2793.187990    0.397087
 2793.832030    0.423969
 2794.474850    0.452460
 2795.117680    0.482698
 2795.762210    0.514862
 2796.405520    0.548903
 2797.050290    0.585063
 2797.693600    0.623280
 2798.338870    0.663863
 2798.982420    0.706695
 2799.626460    0.752025
 2800.272220    0.800068
 2800.916260    0.850688
 2801.562260    0.904296
 2802.206790    0.960736
 2802.852780    1.020393
 2803.497560    1.083148
 2804.142580    1.149271
 2804.789310    1.219060
 2805.434330    1.292283
 2806.081300    1.369496
 2806.726810    1.450436
 2807.374020    1.535642
 2808.020020    1.624876
 2808.666020    1.718435
 2809.313480    1.816689
 2809.959960    1.919412
 2810.607910    2.027140
 2811.254390    2.139524
 2811.902830    2.257303
 2812.549560    2.379947
 2813.198240    2.508288
 2813.845210    2.641733
 2814.492680    2.780843
 2815.141600    2.925976
 2815.789310    3.076646
 2816.438720    3.233653
 2817.086430    3.396273
 2817.736080    3.565523
 2818.384520    3.740674
 2819.032710    3.922047
 2819.682620    4.110282
 2820.331300    4.304593
 2820.981930    4.505993
 2821.630620    4.713308
 2822.281490    4.927895
 2822.930660    5.148486
 2823.580080    5.375719
 2824.231200    5.610121
 2824.880860    5.850523
 2825.532230    6.098056
 2826.182370    6.351555
 2826.833980    6.611989
 2827.484380    6.878194
 2828.134770    7.150539
 2828.786870    7.429630
 2829.437740    7.714071
 2830.090090    8.004871
 2830.741210    8.300646
 2831.394040    8.602525
 2832.045410    8.908819
 2832.697020    9.220067
 2833.350100    9.536610
 2834.001950    9.856855
 2834.655520    10.181948
 2835.307620    10.509983
 2835.961180    10.842089
 2836.613770    11.176666
 2837.266360    11.513830
 2837.920410    11.853944
 2838.573490    12.195327
 2839.228030    12.538820
 2839.881100    12.882439
 2840.535890    13.227386
 2841.189450    13.571647
 2841.843020    13.915367
 2842.498540    14.259070
 2843.152340    14.600321
 2843.807860    14.940379
 2844.462160    15.277190
 2845.118160    15.611717
 2845.772710    15.941796
 2846.427250    16.267630
 2847.083740    16.589619
 2847.738770    16.905529
 2848.395260    17.216215
 2849.050540    17.519861
 2849.707760    17.817373
 2850.363280    18.106552
 2851.018800    18.387646
 2851.676270    18.660931
 2852.332280    18.924465
 2852.989990    19.179010
 2853.646480    19.422939
 2854.304440    19.656769
 2854.960940    19.879002
 2855.617920    20.089888
 2856.276370    20.289274
 2856.933350    20.475880
 2857.592290    20.650289
 2858.249760    20.811234
 2858.908940    20.959162
 2859.566650    21.093063
 2860.224370    21.213013
 2860.883790    21.319029
 2861.541750    21.410391
 2862.201900    21.487398
 2862.860350    21.549442
 2863.520510    21.596724
 2864.179200    21.628931
 2864.839840    21.646160
 2865.498780    21.648294
 2866.157960    21.635407
 2866.818850    21.607447
 2867.478520    21.564609
 2868.139650    21.506823
 2868.799320    21.434488
 2869.460940    21.347397
 2870.121090    21.246191
 2870.781490    21.130878
 2871.443360    21.001469
 2872.103760    20.858824
 2872.766360    20.702457
 2873.427000    20.533686
 2874.089600    20.351891
 2874.750730    20.158390
 2875.412110    19.953133
 2876.075440    19.735973
 2876.736820    19.508646
 2877.400390    19.270197
 2878.062260    19.022511
 2878.725830    18.764809
 2879.388180    18.498737
 2880.050540    18.224360
 2880.714600    17.941477
 2881.377440    17.651861
 2882.041750    17.354898
 2882.704830    17.052328
 2883.369380    16.743485
 2884.032960    16.430046
 2884.696530    16.112122
 2885.361330    15.789661
 2886.025390    15.464152
 2886.690920    15.135059
 2887.354980    14.804362
 2888.020510    14.471122
 2888.685060    14.137079
 2889.349610    13.802243
 2890.015870    13.466242
 2890.680910    13.131027
 2891.347410    12.795710
 2892.012700    12.462086
 2892.679200    12.129358
 2893.344970    11.798921
 2894.010500    11.470915
 2894.677730    11.144765
 2895.343510    10.822378
 2896.011470    10.502328
 2896.677490    10.186919
 2897.345460    9.874600
 2898.011960    9.567254
 2898.678960    9.264228
 2899.347170    8.965443
 2900.014160    8.672210
 2900.682860    8.383446
 2901.350100    8.100701
 2902.019530    7.822595
 2902.687010    7.550993
 2903.354740    7.285107
 2904.024410    7.024383
 2904.692380    6.770341
 2905.361820    6.521842
 2906.030520    6.279764
 2906.700680    6.043361
 2907.369140    5.813774
 2908.038090    5.590238
 2908.708500    5.372452
 2909.377930    5.161198
 2910.048830    4.955684
 2910.718260    4.756765
 2911.389650    4.563384
 2912.059330    4.376537
 2912.729250    4.195588
 2913.400630    4.020153
 2914.070800    3.850850
 2914.742920    3.686795
 2915.413570    3.528728
 2916.085690    3.375851
 2916.756590    3.228671
 2917.429200    3.086435
 2918.100340    2.949700
 2918.771730    2.817982
 2919.444580    2.690936
 2920.116210    2.568947
 2920.789550    2.451360
 2921.461670    2.338563
 2922.135500    2.229939
 2922.807370    2.125947
 2923.479740    2.026066
 2924.154050    1.929972
 2924.826660    1.838058
 2925.500980    1.749735
 2926.174070    1.665261
 2926.848880    1.584149
 2927.522220    1.506661
 2928.195800    1.432470
 2928.870850    1.361336
 2929.544920    1.293404
 2930.220460    1.228317
 2930.894530    1.166249
 2931.570310    1.106798
 2932.244630    1.050142
 2932.919190    0.996026
 2933.595700    0.944227
 2934.270260    0.894946
 2934.947270    0.847772
 2935.622310    0.802920
 2936.299070    0.760059
 2936.974850    0.719277
 2937.650390    0.680442
 2938.327880    0.643353
 2939.003660    0.608136
 2939.681400    0.574526
 2940.357670    0.542623
 2941.035640    0.512207
 2941.712160    0.483356
 2942.389160    0.455918
 2943.067630    0.429799
 2943.744630    0.405050
 2944.423580    0.381491
 2945.100830    0.359193
 2945.780030    0.337984
 2946.457760    0.317921
 2947.135500    0.298905
 2947.815190    0.280841
 2948.493410    0.263775
 2949.173100    0.247587
 2949.851560    0.232302
 2950.531980    0.217807
 2951.210450    0.204148
 2951.889650    0.191231
 2952.570070    0.179012
 2953.249270    0.167503
 2953.930660    0.156613
 2954.610110    0.146378
 2955.291500    0.136705
 2955.971190    0.127621
 2956.651120    0.119068
 2957.333010    0.111000
 2958.013180    0.103436
 2958.695560    0.096306
 2959.376220    0.089628
 2960.058350    0.083350
 2960.739500    0.077471
 2961.420410    0.071962
 2962.103520    0.066788
 2962.784910    0.061956
 2963.468020    0.057426
 2964.149900    0.053201
 2964.833500    0.049243
 2965.515380    0.045558
 2966.197750    0.042119
 2966.881590    0.038906
 2967.564210    0.035919
 2968.248540    0.033132
 2968.931150    0.030546
 2969.615720    0.028135
 2970.299070    0.025901
 2970.984130    0.023823
 2971.667480    0.021899
 2972.351070    0.020117
 2973.036620    0.018461
 2973.720700    0.016933
 2974.406250    0.015517
 2975.090580    0.014212
 2975.776610    0.013003
 2976.461180    0.011891
 2977.146000    0.010866
 2977.832280    0.009920
 2978.517580    0.009050
 2979.204350    0.008249
 2979.889650    0.007515
 2980.576660    0.006840
 2981.262210    0.006221
 2981.948240    0.005654
 2982.635990    0.005134
 2983.322020    0.004659
 2984.010010    0.004223
 2984.696530    0.003825
 2985.384770    0.003463
 2986.071530    0.003132
 2986.758540    0.002831
 2987.447270    0.002556
 2988.134770    0.002306
 2988.823490    0.002079
 2989.510990    0.001873
 2990.200440    0.001685
 2990.888180    0.001516
 2991.576170    0.001363
 2992.266360    0.001224
 2992.954830    0.001098
 2993.644780    0.000983
 2994.333500    0.000881
 2995.023930    0.000789
 2995.713130    0.000705
 2996.402100    0.000630
 2997.093020    0.000563
 2997.782710    0.000502
 2998.473880    0.000447
 2999.163570    0.000398
 2999.855470    0.000354
 3000.545410    0.000315
 3001.235600    0.000279
 3001.927730    0.000248
 3002.618410    0.000220
 3003.310550    0.000195
 3004.001710    0.000173
 3004.694340    0.000153
 3005.385740    0.000134
 3006.076900    0.000119
 3006.770020    0.000105
 3007.461670    0.000093
 3008.155270    0.000082
 3008.847410    0.000072
 3009.541260    0.000063
 3010.233400    0.000055
 3010.926270    0.000049
 3011.620360    0.000043
 3012.313230    0.000037
 3013.007810    0.000032
 3013.700930    0.000029
 3014.395750    0.000025
 3015.089360    0.000022
 3015.783200    0.000019
 3016.478270    0.000016
 3017.172610    0.000014
 3017.868160    0.000012
 3018.562260    0.000010
 3019.258540    0.000010
 3019.952880    0.000009
 3020.647950    0.000008
 3021.344480    0.000007
 3022.039310    0.000006
 3022.736330    0.000005
 3023.431640    0.000004
 3024.128660    0.000004
 3024.824460    0.000003
 3025.522220    0.000003
 3026.218020    0.000002
 3026.914310    0.000002
 3027.612300    0.000002
 3028.308840    0.000001
 3029.007080    0.000001
 3029.703860    0.000001
 3030.402590    0.000001
 3031.099850    0.000001
 3031.797120    0.000001
 3032.496090    0.000001
 3033.193600    0.000000
 3033.893310    0.000000
 3034.591060    0.000000
 3035.290770    0.000000
 3035.989010    0.000000
 3036.687740    0.000000
 3037.387700    0.000000
 3038.086670    0.000000
 3038.787350    0.000000
 3039.486080    0.000000
 3040.187260    0.000000
 3040.886470    0.000000
 3041.586180    0.000000
 3042.287350    0.000000
 3042.987550    0.000000
 3043.689210    0.000000
 3044.389160    0.000000
 3045.091060    0.000000
 3045.791750    0.000000
 3046.492430    0.000000
 3047.194820    0.000000
 3047.896000    0.000000
 3048.598880    0.000000
 3049.300050    0.000000
