 2653.384280    0.000006
 2653.996340    0.000008
 2654.606690    0.000010
 2655.217290    0.000014
 2655.829830    0.000018
 2656.440670    0.000024
 2657.053220    0.000031
 2657.664550    0.000041
 2658.277340    0.000053
 2658.888920    0.000069
 2659.500730    0.000089
 2660.114010    0.000115
 2660.725830    0.000148
 2661.339360    0.000190
 2661.951660    0.000242
 2662.565430    0.000309
 2663.177980    0.000393
 2663.790530    0.000499
 2664.404790    0.000630
 2665.017820    0.000795
 2665.632320    0.001000
 2666.245610    0.001255
 2666.860350    0.001570
 2667.473880    0.001957
 2668.089110    0.002436
 2668.702880    0.003020
 2669.316890    0.003735
 2669.932370    0.004608
 2670.546630    0.005667
 2671.162350    0.006952
 2671.776860    0.008501
 2672.393070    0.010372
 2673.007810    0.012613
 2673.622560    0.015294
 2674.239260    0.018504
 2674.854490    0.022313
 2675.471190    0.026842
 2676.086670    0.032187
 2676.703860    0.038504
 2677.319580    0.045911
 2677.935550    0.054590
 2678.552980    0.064751
 2679.169190    0.076558
 2679.786870    0.090296
 2680.403560    0.106165
 2681.021480    0.124507
 2681.638430    0.145562
 2682.255370    0.169693
 2682.873780    0.197328
 2683.490970    0.228737
 2684.109860    0.264492
 2684.727290    0.304855
 2685.346440    0.350506
 2685.964110    0.401703
 2686.582030    0.459083
 2687.201660    0.523341
 2687.819820    0.594696
 2688.439450    0.674038
 2689.057860    0.761580
 2689.677980    0.858298
 2690.296880    0.964289
 2690.915770    1.080250
 2691.536380    1.207039
 2692.155270    1.344413
 2692.776370    1.493662
 2693.395750    1.654212
 2694.016850    1.827233
 2694.636720    2.012127
 2695.256590    2.209336
 2695.877930    2.419382
 2696.498050    2.641266
 2697.119870    2.875832
 2697.740480    3.121641
 2698.362550    3.379277
 2698.983400    3.647008
 2699.604250    3.924557
 2700.226810    4.211800
 2700.847900    4.506205
 2701.470700    4.808057
 2702.092040    5.114457
 2702.715330    5.425586
 2703.337160    5.738110
 2703.958980    6.051011
 2704.582520    6.363296
 2705.204830    6.671557
 2705.828370    6.974992
 2706.450930    7.270477
 2707.074950    7.557078
 2707.697750    7.831479
 2708.320800    8.092298
 2708.945310    8.337980
 2709.568360    8.565443
 2710.193360    8.774076
 2710.816650    8.960939
 2711.441890    9.125556
 2712.065670    9.265612
 2712.689450    9.380322
 2713.314940    9.468905
 2713.939210    9.530146
 2714.565190    9.563761
 2715.189450    9.569271
 2715.815670    9.546645
 2716.440430    9.496173
 2717.066890    9.418025
 2717.691890    9.313264
 2718.317140    9.182592
 2718.943850    9.026778
 2719.569340    8.847804
 2720.196530    8.646317
 2720.822270    8.424994
 2721.449710    8.184517
 2722.075680    7.928013
 2722.702150    7.656729
 2723.329830    7.372368
 2723.956300    7.078145
 2724.584470    6.774797
 2725.211430    6.465839
 2725.839600    6.152141
 2726.466800    5.836804
 2727.093990    5.521269
 2727.722900    5.206511
 2728.350340    4.895831
 2728.979490    4.589252
 2729.607420    4.289659
 2730.236820    3.997078
 2730.864750    3.714021
 2731.493160    3.440580
 2732.122800    3.177319
 2732.751460    2.925846
 2733.381590    2.685735
 2734.010500    2.458405
 2734.640870    2.243148
 2735.270020    2.041010
 2735.899410    1.851495
 2736.530270    1.674183
 2737.159670    1.509695
 2737.790770    1.356920
 2738.420650    1.216219
 2739.052250    1.086523
 2739.682370    0.968012
 2740.312500    0.859856
 2740.944340    0.761252
 2741.575200    0.672068
 2742.207280    0.591409
 2742.838130    0.519002
 2743.470460    0.453956
 2744.101560    0.395976
 2744.732910    0.344349
 2745.365970    0.298440
 2745.997310    0.257976
 2746.630860    0.222215
 2747.262700    0.190912
 2747.896000    0.163468
 2748.528080    0.139591
 2749.160640    0.118830
 2749.794430    0.100819
 2750.427000    0.085308
 2751.061280    0.071933
 2751.694090    0.060496
 2752.328610    0.050701
 2752.961910    0.042377
 2753.595210    0.035314
 2754.230220    0.029325
 2754.863770    0.024287
 2755.499020    0.020044
 2756.132810    0.016500
 2756.768550    0.013534
 2757.402590    0.011072
 2758.036870    0.009031
 2758.673100    0.007339
 2759.307620    0.005949
 2759.943850    0.004805
 2760.578860    0.003871
 2761.215330    0.003107
 2761.850590    0.002488
 2762.487550    0.001985
 2763.123050    0.001579
 2763.758790    0.001253
 2764.396000    0.000990
 2765.031980    0.000781
 2765.669430    0.000613
 2766.305910    0.000481
 2766.943600    0.000375
 2767.580320    0.000293
 2768.216800    0.000227
 2768.855220    0.000176
 2769.492190    0.000136
 2770.130860    0.000105
 2770.768070    0.000081
 2771.407230    0.000063
 2772.044680    0.000050
 2772.682130    0.000040
 2773.321780    0.000032
 2773.959720    0.000029
 2774.599370    0.000026
 2775.237550    0.000026
 2775.877690    0.000028
 2776.516360    0.000032
 2777.155030    0.000039
 2777.795170    0.000049
 2778.434330    0.000061
 2779.074950    0.000079
 2779.714360    0.000102
 2780.355470    0.000133
 2780.995120    0.000171
 2781.634770    0.000221
 2782.276120    0.000285
 2782.916260    0.000367
 2783.558110    0.000471
 2784.198490    0.000603
 2784.840330    0.000770
 2785.480960    0.000980
 2786.121830    0.001245
 2786.764400    0.001576
 2787.405270    0.001990
 2788.048100    0.002507
 2788.689450    0.003149
 2789.332520    0.003944
 2789.974370    0.004926
 2790.615970    0.006133
 2791.259770    0.007621
 2791.901610    0.009436
 2792.545410    0.011657
 2793.187990    0.014356
 2793.832030    0.017636
 2794.474850    0.021597
 2795.117680    0.026372
 2795.762210    0.032127
 2796.405520    0.039014
 2797.050290    0.047263
 2797.693600    0.057068
 2798.338870    0.068748
 2798.982420    0.082545
 2799.626460    0.098841
 2800.272220    0.118073
 2800.916260    0.140577
 2801.562260    0.166982
 2802.206790    0.197702
 2802.852780    0.233494
 2803.497560    0.274891
 2804.142580    0.322724
 2804.789310    0.377954
 2805.434330    0.441186
 2806.081300    0.513760
 2806.726810    0.596354
 2807.374020    0.690510
 2808.020020    0.797018
 2808.666020    0.917321
 2809.313480    1.053082
 2809.959960    1.205215
 2810.607910    1.375775
 2811.254390    1.565495
 2811.902830    1.776935
 2812.549560    2.010463
 2813.198240    2.268968
 2813.845210    2.552529
 2814.492680    2.863524
 2815.141600    3.203969
 2815.789310    3.573800
 2816.438720    3.975941
 2817.086430    4.409339
 2817.736080    4.877359
 2818.384520    5.378447
 2819.032710    5.913691
 2819.682620    6.484997
 2820.331300    7.089703
 2820.981930    7.730386
 2821.630620    8.402400
 2822.281490    9.108890
 2822.930660    9.844094
 2823.580080    10.608157
 2824.231200    11.400541
 2824.880860    12.214599
 2825.532230    13.051088
 2826.182370    13.902639
 2826.833980    14.768738
 2827.484380    15.641427
 2828.134770    16.517584
 2828.786870    17.394461
 2829.437740    18.262802
 2830.090090    19.120642
 2830.741210    19.958748
 2831.394040    20.775064
 2832.045410    21.559778
 2832.697020    22.309244
 2833.350100    23.019026
 2834.001950    23.680660
 2834.655520    24.291784
 2835.307620    24.844444
 2835.961180    25.336542
 2836.613770    25.762041
 2837.266360    26.118115
 2837.920410    26.402256
 2838.573490    26.610865
 2839.228030    26.742807
 2839.881100    26.796339
 2840.535890    26.771204
 2841.189450    26.667646
 2841.843020    26.486601
 2842.498540    26.228777
 2843.152340    25.897812
 2843.807860    25.494852
 2844.462160    25.025072
 2845.118160    24.490293
 2845.772710    23.897537
 2846.427250    23.250553
 2847.083740    22.552416
 2847.738770    21.812227
 2848.395260    21.032425
 2849.050540    20.222040
 2849.707760    19.383051
 2850.363280    18.526037
 2851.018800    17.654692
 2851.676270    16.772078
 2852.332280    15.888285
 2852.989990    15.004311
 2853.646480    14.129065
 2854.304440    13.263604
 2854.960940    12.416028
 2855.617920    11.587624
 2856.276370    10.780684
 2856.933350    10.001795
 2857.592290    9.249503
 2858.249760    8.529871
 2858.908940    7.841145
 2859.566650    7.187949
 2860.224370    6.569599
 2860.883790    5.985146
 2861.541750    5.437594
 2862.201900    4.923804
 2862.860350    4.446416
 2863.520510    4.002259
 2864.179200    3.592568
 2864.839840    3.214139
 2865.498780    2.867817
 2866.157960    2.551074
 2866.818850    2.261832
 2867.478520    1.999834
 2868.139650    1.762403
 2868.799320    1.548951
 2869.460940    1.356748
 2870.121090    1.185184
 2870.781490    1.032164
 2871.443360    0.895926
 2872.103760    0.775581
 2872.766360    0.669063
 2873.427000    0.575691
 2874.089600    0.493641
 2874.750730    0.422157
 2875.412110    0.359920
 2876.075440    0.305789
 2876.736820    0.259142
 2877.400390    0.218828
 2878.062260    0.184309
 2878.725830    0.154698
 2879.388180    0.129496
 2880.050540    0.108072
 2880.714600    0.089878
 2881.377440    0.074547
 2882.041750    0.061618
 2882.704830    0.050796
 2883.369380    0.041730
 2884.032960    0.034187
 2884.696530    0.027925
 2885.361330    0.022731
 2886.025390    0.018451
 2886.690920    0.014925
 2887.354980    0.012042
 2888.020510    0.009682
 2888.685060    0.007763
 2889.349610    0.006206
 2890.015870    0.004943
 2890.680910    0.003926
 2891.347410    0.003108
 2892.012700    0.002454
 2892.679200    0.001930
 2893.344970    0.001514
 2894.010500    0.001184
 2894.677730    0.000923
 2895.343510    0.000718
 2896.011470    0.000556
 2896.677490    0.000429
 2897.345460    0.000331
 2898.011960    0.000254
 2898.678960    0.000195
 2899.347170    0.000148
 2900.014160    0.000113
 2900.682860    0.000086
 2901.350100    0.000065
 2902.019530    0.000049
 2902.687010    0.000036
 2903.354740    0.000028
 2904.024410    0.000020
 2904.692380    0.000015
 2905.361820    0.000011
 2906.030520    0.000009
 2906.700680    0.000006
 2907.369140    0.000005
 2908.038090    0.000003
 2908.708500    0.000003
 2909.377930    0.000002
 2910.048830    0.000001
 2910.718260    0.000001
 2911.389650    0.000001
 2912.059330    0.000000
 2912.729250    0.000000
 2913.400630    0.000000
 2914.070800    0.000000
 2914.742920    0.000000
 2915.413570    0.000000
 2916.085690    0.000000
 2916.756590    0.000000
 2917.429200    0.000000
 2918.100340    0.000000
 2918.771730    0.000000
 2919.444580    0.000000
 2920.116210    0.000000
 2920.789550    0.000000
 2921.461670    0.000000
 2922.135500    0.000000
 2922.807370    0.000000
 2923.479740    0.000000
 2924.154050    0.000000
 2924.826660    0.000000
 2925.500980    0.000000
 2926.174070    0.000000
 2926.848880    0.000000
 2927.522220    0.000000
 2928.195800    0.000000
 2928.870850    0.000000
 2929.544920    0.000000
 2930.220460    0.000000
 2930.894530    0.000000
 2931.570310    0.000000
 2932.244630    0.000000
 2932.919190    0.000000
 2933.595700    0.000000
 2934.270260    0.000000
 2934.947270    0.000000
 2935.622310    0.000000
 2936.299070    0.000000
 2936.974850    0.000000
 2937.650390    0.000000
 2938.327880    0.000000
 2939.003660    0.000000
 2939.681400    0.000000
 2940.357670    0.000000
 2941.035640    0.000000
 2941.712160    0.000000
 2942.389160    0.000000
 2943.067630    0.000000
 2943.744630    0.000000
 2944.423580    0.000000
 2945.100830    0.000000
 2945.780030    0.000000
 2946.457760    0.000000
 2947.135500    0.000000
 2947.815190    0.000000
 2948.493410    0.000000
 2949.173100    0.000000
 2949.851560    0.000000
 2950.531980    0.000000
 2951.210450    0.000000
 2951.889650    0.000000
 2952.570070    0.000000
 2953.249270    0.000000
 2953.930660    0.000000
 2954.610110    0.000000
 2955.291500    0.000000
 2955.971190    0.000000
 2956.651120    0.000000
 2957.333010    0.000000
 2958.013180    0.000000
 2958.695560    0.000000
 2959.376220    0.000000
 2960.058350    0.000000
 2960.739500    0.000000
 2961.420410    0.000000
 2962.103520    0.000000
 2962.784910    0.000000
 2963.468020    0.000000
 2964.149900    0.000000
 2964.833500    0.000000
 2965.515380    0.000000
 2966.197750    0.000000
 2966.881590    0.000000
 2967.564210    0.000000
 2968.248540    0.000000
 2968.931150    0.000000
 2969.615720    0.000000
 2970.299070    0.000000
 2970.984130    0.000000
 2971.667480    0.000000
 2972.351070    0.000000
 2973.036620    0.000000
 2973.720700    0.000000
 2974.406250    0.000000
 2975.090580    0.000000
 2975.776610    0.000000
 2976.461180    0.000000
 2977.146000    0.000000
 2977.832280    0.000000
 2978.517580    0.000000
 2979.204350    0.000000
 2979.889650    0.000000
 2980.576660    0.000000
 2981.262210    0.000000
 2981.948240    0.000000
 2982.635990    0.000000
 2983.322020    0.000000
 2984.010010    0.000000
 2984.696530    0.000000
 2985.384770    0.000000
 2986.071530    0.000000
 2986.758540    0.000000
 2987.447270    0.000000
 2988.134770    0.000000
 2988.823490    0.000000
 2989.510990    0.000000
 2990.200440    0.000000
 2990.888180    0.000000
 2991.576170    0.000000
 2992.266360    0.000000
 2992.954830    0.000000
 2993.644780    0.000000
 2994.333500    0.000000
 2995.023930    0.000000
 2995.713130    0.000000
 2996.402100    0.000000
 2997.093020    0.000000
 2997.782710    0.000000
 2998.473880    0.000000
 2999.163570    0.000000
 2999.855470    0.000000
 3000.545410    0.000000
 3001.235600    0.000000
 3001.927730    0.000000
 3002.618410    0.000000
 3003.310550    0.000000
 3004.001710    0.000000
 3004.694340    0.000000
 3005.385740    0.000000
 3006.076900    0.000000
 3006.770020    0.000000
 3007.461670    0.000000
 3008.155270    0.000000
 3008.847410    0.000000
 3009.541260    0.000000
 3010.233400    0.000000
 3010.926270    0.000000
 3011.620360    0.000000
 3012.313230    0.000000
 3013.007810    0.000000
 3013.700930    0.000000
 3014.395750    0.000000
 3015.089360    0.000000
 3015.783200    0.000000
 3016.478270    0.000000
 3017.172610    0.000000
 3017.868160    0.000000
 3018.562260    0.000000
 3019.258540    0.000000
 3019.952880    0.000000
 3020.647950    0.000000
 3021.344480    0.000000
 3022.039310    0.000000
 3022.736330    0.000000
 3023.431640    0.000000
 3024.128660    0.000000
 3024.824460    0.000000
 3025.522220    0.000000
 3026.218020    0.000000
 3026.914310    0.000000
 3027.612300    0.000000
 3028.308840    0.000000
 3029.007080    0.000000
 3029.703860    0.000000
 3030.402590    0.000000
 3031.099850    0.000000
 3031.797120    0.000000
 3032.496090    0.000000
 3033.193600    0.000000
 3033.893310    0.000000
 3034.591060    0.000000
 3035.290770    0.000000
 3035.989010    0.000000
 3036.687740    0.000000
 3037.387700    0.000000
 3038.086670    0.000000
 3038.787350    0.000000
 3039.486080    0.000000
 3040.187260    0.000000
 3040.886470    0.000000
 3041.586180    0.000000
 3042.287350    0.000000
 3042.987550    0.000000
 3043.689210    0.000000
 3044.389160    0.000000
 3045.091060    0.000000
 3045.791750    0.000000
 3046.492430    0.000000
 3047.194820    0.000000
 3047.896000    0.000000
 3048.598880    0.000000
 3049.300050    0.000000
