 2653.384280    0.000000
 2653.996340    0.000000
 2654.606690    0.000000
 2655.217290    0.000000
 2655.829830    0.000000
 2656.440670    0.000000
 2657.053220    0.000000
 2657.664550    0.000000
 2658.277340    0.000000
 2658.888920    0.000000
 2659.500730    0.000000
 2660.114010    0.000000
 2660.725830    0.000000
 2661.339360    0.000000
 2661.951660    0.000000
 2662.565430    0.000000
 2663.177980    0.000000
 2663.790530    0.000000
 2664.404790    0.000000
 2665.017820    0.000000
 2665.632320    0.000000
 2666.245610    0.000000
 2666.860350    0.000000
 2667.473880    0.000000
 2668.089110    0.000000
 2668.702880    0.000000
 2669.316890    0.000000
 2669.932370    0.000000
 2670.546630    0.000000
 2671.162350    0.000000
 2671.776860    0.000000
 2672.393070    0.000000
 2673.007810    0.000000
 2673.622560    0.000000
 2674.239260    0.000000
 2674.854490    0.000000
 2675.471190    0.000000
 2676.086670    0.000000
 2676.703860    0.000000
 2677.319580    0.000000
 2677.935550    0.000000
 2678.552980    0.000000
 2679.169190    0.000000
 2679.786870    0.000000
 2680.403560    0.000000
 2681.021480    0.000000
 2681.638430    0.000000
 2682.255370    0.000000
 2682.873780    0.000000
 2683.490970    0.000000
 2684.109860    0.000000
 2684.727290    0.000000
 2685.346440    0.000000
 2685.964110    0.000000
 2686.582030    0.000000
 2687.201660    0.000000
 2687.819820    0.000000
 2688.439450    0.000000
 2689.057860    0.000000
 2689.677980    0.000000
 2690.296880    0.000000
 2690.915770    0.000000
 2691.536380    0.000000
 2692.155270    0.000000
 2692.776370    0.000000
 2693.395750    0.000000
 2694.016850    0.000000
 2694.636720    0.000000
 2695.256590    0.000000
 2695.877930    0.000000
 2696.498050    0.000000
 2697.119870    0.000000
 2697.740480    0.000000
 2698.362550    0.000000
 2698.983400    0.000000
 2699.604250    0.000000
 2700.226810    0.000000
 2700.847900    0.000000
 2701.470700    0.000000
 2702.092040    0.000000
 2702.715330    0.000000
 2703.337160    0.000000
 2703.958980    0.000000
 2704.582520    0.000000
 2705.204830    0.000001
 2705.828370    0.000001
 2706.450930    0.000001
 2707.074950    0.000001
 2707.697750    0.000001
 2708.320800    0.000001
 2708.945310    0.000001
 2709.568360    0.000001
 2710.193360    0.000001
 2710.816650    0.000001
 2711.441890    0.000001
 2712.065670    0.000002
 2712.689450    0.000002
 2713.314940    0.000002
 2713.939210    0.000002
 2714.565190    0.000002
 2715.189450    0.000002
 2715.815670    0.000003
 2716.440430    0.000003
 2717.066890    0.000003
 2717.691890    0.000004
 2718.317140    0.000004
 2718.943850    0.000004
 2719.569340    0.000005
 2720.196530    0.000005
 2720.822270    0.000006
 2721.449710    0.000006
 2722.075680    0.000007
 2722.702150    0.000008
 2723.329830    0.000008
 2723.956300    0.000009
 2724.584470    0.000010
 2725.211430    0.000010
 2725.839600    0.000011
 2726.466800    0.000012
 2727.093990    0.000013
 2727.722900    0.000015
 2728.350340    0.000016
 2728.979490    0.000018
 2729.607420    0.000019
 2730.236820    0.000021
 2730.864750    0.000023
 2731.493160    0.000025
 2732.122800    0.000028
 2732.751460    0.000030
 2733.381590    0.000032
 2734.010500    0.000035
 2734.640870    0.000039
 2735.270020    0.000042
 2735.899410    0.000046
 2736.530270    0.000050
 2737.159670    0.000054
 2737.790770    0.000059
 2738.420650    0.000065
 2739.052250    0.000070
 2739.682370    0.000076
 2740.312500    0.000083
 2740.944340    0.000090
 2741.575200    0.000098
 2742.207280    0.000106
 2742.838130    0.000115
 2743.470460    0.000125
 2744.101560    0.000136
 2744.732910    0.000148
 2745.365970    0.000160
 2745.997310    0.000174
 2746.630860    0.000188
 2747.262700    0.000204
 2747.896000    0.000221
 2748.528080    0.000239
 2749.160640    0.000259
 2749.794430    0.000280
 2750.427000    0.000304
 2751.061280    0.000329
 2751.694090    0.000356
 2752.328610    0.000384
 2752.961910    0.000416
 2753.595210    0.000449
 2754.230220    0.000485
 2754.863770    0.000525
 2755.499020    0.000566
 2756.132810    0.000612
 2756.768550    0.000661
 2757.402590    0.000712
 2758.036870    0.000769
 2758.673100    0.000829
 2759.307620    0.000894
 2759.943850    0.000963
 2760.578860    0.001039
 2761.215330    0.001119
 2761.850590    0.001204
 2762.487550    0.001297
 2763.123050    0.001396
 2763.758790    0.001503
 2764.396000    0.001616
 2765.031980    0.001739
 2765.669430    0.001869
 2766.305910    0.002009
 2766.943600    0.002159
 2767.580320    0.002319
 2768.216800    0.002491
 2768.855220    0.002675
 2769.492190    0.002872
 2770.130860    0.003081
 2770.768070    0.003305
 2771.407230    0.003546
 2772.044680    0.003801
 2772.682130    0.004074
 2773.321780    0.004366
 2773.959720    0.004677
 2774.599370    0.005010
 2775.237550    0.005363
 2775.877690    0.005741
 2776.516360    0.006144
 2777.155030    0.006572
 2777.795170    0.007029
 2778.434330    0.007515
 2779.074950    0.008033
 2779.714360    0.008583
 2780.355470    0.009171
 2780.995120    0.009792
 2781.634770    0.010454
 2782.276120    0.011160
 2782.916260    0.011908
 2783.558110    0.012704
 2784.198490    0.013547
 2784.840330    0.014444
 2785.480960    0.015395
 2786.121830    0.016403
 2786.764400    0.017475
 2787.405270    0.018608
 2788.048100    0.019814
 2788.689450    0.021087
 2789.332520    0.022439
 2789.974370    0.023868
 2790.615970    0.025380
 2791.259770    0.026985
 2791.901610    0.028678
 2792.545410    0.030474
 2793.187990    0.032369
 2793.832030    0.034376
 2794.474850    0.036492
 2795.117680    0.038728
 2795.762210    0.041094
 2796.405520    0.043587
 2797.050290    0.046223
 2797.693600    0.048998
 2798.338870    0.051933
 2798.982420    0.055018
 2799.626460    0.058273
 2800.272220    0.061711
 2800.916260    0.065322
 2801.562260    0.069136
 2802.206790    0.073141
 2802.852780    0.077365
 2803.497560    0.081800
 2804.142580    0.086464
 2804.789310    0.091381
 2805.434330    0.096535
 2806.081300    0.101965
 2806.726810    0.107656
 2807.374020    0.113647
 2808.020020    0.119922
 2808.666020    0.126506
 2809.313480    0.133429
 2809.959960    0.140676
 2810.607910    0.148290
 2811.254390    0.156252
 2811.902830    0.164617
 2812.549560    0.173355
 2813.198240    0.182529
 2813.845210    0.192107
 2814.492680    0.202135
 2815.141600    0.212646
 2815.789310    0.223617
 2816.438720    0.235114
 2817.086430    0.247095
 2817.736080    0.259649
 2818.384520    0.272734
 2819.032710    0.286386
 2819.682620    0.300673
 2820.331300    0.315547
 2820.981930    0.331107
 2821.630620    0.347281
 2822.281490    0.364195
 2822.930660    0.381770
 2823.580080    0.400083
 2824.231200    0.419199
 2824.880860    0.439053
 2825.532230    0.459765
 2826.182370    0.481270
 2826.833980    0.503682
 2827.484380    0.526936
 2828.134770    0.551100
 2828.786870    0.576268
 2829.437740    0.602356
 2830.090090    0.629499
 2830.741210    0.657618
 2831.394040    0.686865
 2832.045410    0.717131
 2832.697020    0.748520
 2833.350100    0.781126
 2834.001950    0.814846
 2834.655520    0.849863
 2835.307620    0.886038
 2835.961180    0.923566
 2836.613770    0.962339
 2837.266360    1.002443
 2837.920410    1.044004
 2838.573490    1.086901
 2839.228030    1.131328
 2839.881100    1.177116
 2840.535890    1.224524
 2841.189450    1.273371
 2841.843020    1.323776
 2842.498540    1.375930
 2843.152340    1.429572
 2843.807860    1.485016
 2844.462160    1.542048
 2845.118160    1.600953
 2845.772710    1.661483
 2846.427250    1.723795
 2847.083740    1.788113
 2847.738770    1.854136
 2848.395260    1.922187
 2849.050540    1.992019
 2849.707760    2.064000
 2850.363280    2.137759
 2851.018800    2.213507
 2851.676270    2.291506
 2852.332280    2.371377
 2852.989990    2.453534
 2853.646480    2.537636
 2854.304440    2.624051
 2854.960940    2.712416
 2855.617920    2.803011
 2856.276370    2.896000
 2856.933350    2.990988
 2857.592290    3.088488
 2858.249760    3.188013
 2858.908940    3.290061
 2859.566650    3.394154
 2860.224370    3.500529
 2860.883790    3.609482
 2861.541750    3.720497
 2862.201900    3.834205
 2862.860350    3.949941
 2863.520510    4.068308
 2864.179200    4.188743
 2864.839840    4.311872
 2865.498780    4.437015
 2866.157960    4.564528
 2866.818850    4.694703
 2867.478520    4.826954
 2868.139650    4.961813
 2868.799320    5.098672
 2869.460940    5.238228
 2870.121090    5.379748
 2870.781490    5.523571
 2871.443360    5.669954
 2872.103760    5.818224
 2872.766360    5.969185
 2873.427000    6.121861
 2874.089600    6.277129
 2874.750730    6.434155
 2875.412110    6.593308
 2876.075440    6.754971
 2876.736820    6.918150
 2877.400390    7.083833
 2878.062260    7.250999
 2878.725830    7.420466
 2879.388180    7.591437
 2880.050540    7.764172
 2880.714600    7.939069
 2881.377440    8.115300
 2882.041750    8.293524
 2882.704830    8.472957
 2883.369380    8.654263
 2884.032960    8.836707
 2884.696530    9.020496
 2885.361330    9.205893
 2886.025390    9.392282
 2886.690920    9.580206
 2887.354980    9.768761
 2888.020510    9.958696
 2888.685060    10.149239
 2889.349610    10.340576
 2890.015870    10.533121
 2890.680910    10.725936
 2891.347410    10.919715
 2892.012700    11.113580
 2892.679200    11.308149
 2893.344970    11.502758
 2894.010500    11.697451
 2894.677730    11.892699
 2895.343510    12.087477
 2896.011470    12.282753
 2896.677490    12.477209
 2897.345460    12.671878
 2898.011960    12.865663
 2898.678960    13.059027
 2899.347170    13.252066
 2900.014160    13.443971
 2900.682860    13.635474
 2901.350100    13.825556
 2902.019530    14.015143
 2902.687010    14.202956
 2903.354740    14.389502
 2904.024410    14.575141
 2904.692380    14.758743
 2905.361820    14.941074
 2906.030520    15.121418
 2906.700680    15.300256
 2907.369140    15.476627
 2908.038090    15.651009
 2908.708500    15.823535
 2909.377930    15.993464
 2910.048830    16.161310
 2910.718260    16.326225
 2911.389650    16.488947
 2912.059330    16.648479
 2912.729250    16.805191
 2913.400630    16.959255
 2914.070800    17.109953
 2914.742920    17.257893
 2915.413570    17.402216
 2916.085690    17.543465
 2916.756590    17.680969
 2917.429200    17.815239
 2918.100340    17.945549
 2918.771730    18.072147
 2919.444580    18.195169
 2920.116210    18.314037
 2920.789550    18.429184
 2921.461670    18.540024
 2922.135500    18.646961
 2922.807370    18.749342
 2923.479740    18.847487
 2924.154050    18.941515
 2924.826660    19.030851
 2925.500980    19.115885
 2926.174070    19.196184
 2926.848880    19.272043
 2927.522220    19.343050
 2928.195800    19.409346
 2928.870850    19.470989
 2929.544920    19.527708
 2930.220460    19.579674
 2930.894530    19.626617
 2931.570310    19.668730
 2932.244630    19.705786
 2932.919190    19.737862
 2933.595700    19.765007
 2934.270260    19.787033
 2934.947270    19.804077
 2935.622310    19.816010
 2936.299070    19.822895
 2936.974850    19.824696
 2937.650390    19.821424
 2938.327880    19.813068
 2939.003660    19.799667
 2939.681400    19.781168
 2940.357670    19.757673
 2941.035640    19.729092
 2941.712160    19.695578
 2942.389160    19.657072
 2943.067630    19.613529
 2943.744630    19.565180
 2944.423580    19.511803
 2945.100830    19.453730
 2945.780030    19.390696
 2946.457760    19.323053
 2947.135500    19.250727
 2947.815190    19.173542
 2948.493410    19.091946
 2949.173100    19.005642
 2949.851560    18.915039
 2950.531980    18.819769
 2951.210450    18.720453
 2951.889650    18.616779
 2952.570070    18.508738
 2953.249270    18.396788
 2953.930660    18.280447
 2954.610110    18.160501
 2955.291500    18.036346
 2955.971190    17.908741
 2956.651120    17.777416
 2957.333010    17.642122
 2958.013180    17.503677
 2958.695560    17.361378
 2959.376220    17.216137
 2960.058350    17.067379
 2960.739500    16.915731
 2961.420410    16.761150
 2962.103520    16.603168
 2962.784910    16.442791
 2963.468020    16.279327
 2964.149900    16.113579
 2964.833500    15.944944
 2965.515380    15.774374
 2966.197750    15.601439
 2966.881590    15.425989
 2967.564210    15.248829
 2968.248540    15.069307
 2968.931150    14.888433
 2969.615720    14.705349
 2970.299070    14.521014
 2970.984130    14.334747
 2971.667480    14.147594
 2972.351070    13.959134
 2973.036620    13.769002
 2973.720700    13.578259
 2974.406250    13.386200
 2975.090580    13.193684
 2975.776610    12.999996
 2976.461180    12.806143
 2977.146000    12.611748
 2977.832280    12.416569
 2978.517580    12.221410
 2979.204350    12.025674
 2979.889650    11.830305
 2980.576660    11.634493
 2981.262210    11.439248
 2981.948240    11.244109
 2982.635990    11.048829
 2983.322020    10.854472
 2984.010010    10.660095
 2984.696530    10.466755
 2985.384770    10.273649
 2986.071530    10.081754
 2986.758540    9.890676
 2987.447270    9.700097
 2988.134770    9.510906
 2988.823490    9.322515
 2989.510990    9.135665
 2990.200440    8.949571
 2990.888180    8.765293
 2991.576170    8.582375
 2992.266360    8.400373
 2992.954830    8.220381
 2993.644780    8.041633
 2994.333500    7.864885
 2995.023930    7.689446
 2995.713130    7.516116
 2996.402100    7.344697
 2997.093020    7.174698
 2997.782710    7.006952
 2998.473880    6.840851
 2999.163570    6.677142
 2999.855470    6.514999
 3000.545410    6.355434
 3001.235600    6.197965
 3001.927730    6.042245
 3002.618410    5.889075
 3003.310550    5.737835
 3004.001710    5.589085
 3004.694340    5.442322
 3005.385740    5.298141
 3006.076900    5.156348
 3006.770020    5.016516
 3007.461670    4.879352
 3008.155270    4.744189
 3008.847410    4.611709
 3009.541260    4.481309
 3010.233400    4.353639
 3010.926270    4.228245
 3011.620360    4.105051
 3012.313230    3.984488
 3013.007810    3.866046
 3013.700930    3.750263
 3014.395750    3.636603
 3015.089360    3.525540
 3015.783200    3.416824
 3016.478270    3.310298
 3017.172610    3.206250
 3017.868160    3.104375
 3018.562260    3.005048
 3019.258540    2.907733
 3019.952880    2.812990
 3020.647950    2.720427
 3021.344480    2.629935
 3022.039310    2.541903
 3022.736330    2.455813
 3023.431640    2.372126
 3024.128660    2.290404
 3024.824460    2.210966
 3025.522220    2.133425
 3026.218020    2.058187
 3026.914310    1.984949
 3027.612300    1.913565
 3028.308840    1.844329
 3029.007080    1.776894
 3029.703860    1.711535
 3030.402590    1.647902
 3031.099850    1.586276
 3031.797120    1.526486
 3032.496090    1.468359
 3033.193600    1.412127
 3033.893310    1.357460
 3034.591060    1.304650
 3035.290770    1.253368
 3035.989010    1.203830
 3036.687740    1.155859
 3037.387700    1.109375
 3038.086670    1.064489
 3038.787350    1.020999
 3039.486080    0.979093
 3040.187260    0.938476
 3040.886470    0.899368
 3041.586180    0.861594
 3042.287350    0.825073
 3042.987550    0.789900
 3043.689210    0.755918
 3044.389160    0.723248
 3045.091060    0.691685
 3045.791750    0.661342
 3046.492430    0.632130
 3047.194820    0.603950
 3047.896000    0.576888
 3048.598880    0.550801
 3049.300050    0.525786
