 2653.384280    0.088637
 2653.996340    0.094528
 2654.606690    0.100749
 2655.217290    0.107336
 2655.829830    0.114327
 2656.440670    0.121701
 2657.053220    0.129517
 2657.664550    0.137759
 2658.277340    0.146484
 2658.888920    0.155676
 2659.500730    0.165379
 2660.114010    0.175635
 2660.725830    0.186423
 2661.339360    0.197821
 2661.951660    0.209802
 2662.565430    0.222444
 2663.177980    0.235721
 2663.790530    0.249682
 2664.404790    0.264401
 2665.017820    0.279838
 2665.632320    0.296087
 2666.245610    0.313113
 2666.860350    0.331020
 2667.473880    0.349765
 2668.089110    0.369469
 2668.702880    0.390065
 2669.316890    0.411644
 2669.932370    0.434287
 2670.546630    0.457932
 2671.162350    0.482717
 2671.776860    0.508574
 2672.393070    0.535665
 2673.007810    0.563888
 2673.622560    0.593345
 2674.239260    0.624173
 2674.854490    0.656243
 2675.471190    0.689747
 2676.086670    0.724580
 2676.703860    0.760947
 2677.319580    0.798704
 2677.935550    0.837991
 2678.552980    0.878931
 2679.169190    0.921387
 2679.786870    0.965584
 2680.403560    1.011390
 2681.021480    1.059006
 2681.638430    1.108303
 2682.255370    1.159393
 2682.873780    1.212440
 2683.490970    1.267251
 2684.109860    1.324124
 2684.727290    1.382803
 2685.346440    1.443623
 2685.964110    1.506305
 2686.582030    1.571048
 2687.201660    1.638044
 2687.819820    1.706977
 2688.439450    1.778201
 2689.057860    1.851431
 2689.677980    1.927038
 2690.296880    2.004687
 2690.915770    2.084541
 2691.536380    2.166845
 2692.155270    2.251158
 2692.776370    2.338022
 2693.395750    2.426901
 2694.016850    2.518288
 2694.636720    2.611755
 2695.256590    2.707476
 2695.877930    2.805677
 2696.498050    2.905928
 2697.119870    3.008687
 2697.740480    3.113458
 2698.362550    3.220671
 2698.983400    3.329841
 2699.604250    3.441145
 2700.226810    3.554864
 2700.847900    3.670381
 2701.470700    3.788244
 2702.092040    3.907806
 2702.715330    4.029675
 2703.337160    4.153127
 2703.958980    4.278386
 2704.582520    4.405736
 2705.204830    4.534510
 2705.828370    4.665138
 2706.450930    4.797080
 2707.074950    4.930766
 2707.697750    5.065534
 2708.320800    5.201601
 2708.945310    5.339140
 2709.568360    5.477400
 2710.193360    5.617033
 2710.816650    5.757104
 2711.441890    5.898322
 2712.065670    6.039791
 2712.689450    6.181714
 2713.314940    6.324352
 2713.939210    6.466902
 2714.565190    6.609894
 2715.189450    6.752406
 2715.815670    6.895128
 2716.440430    7.037131
 2717.066890    7.178985
 2717.691890    7.319818
 2718.317140    7.459858
 2718.943850    7.599219
 2719.569340    7.737142
 2720.196530    7.874107
 2720.822270    8.009260
 2721.449710    8.143118
 2722.075680    8.274837
 2722.702150    8.404671
 2723.329830    8.532595
 2723.956300    8.657946
 2724.584470    8.781145
 2725.211430    8.901449
 2725.839600    9.019165
 2726.466800    9.133721
 2727.093990    9.245142
 2727.722900    9.353563
 2728.350340    9.458284
 2728.979490    9.559683
 2729.607420    9.657137
 2730.236820    9.750919
 2730.864750    9.840455
 2731.493160    9.925900
 2732.122800    10.007206
 2732.751460    10.083968
 2733.381590    10.156363
 2734.010500    10.223963
 2734.640870    10.286950
 2735.270020    10.344960
 2735.899410    10.398046
 2736.530270    10.446202
 2737.159670    10.489131
 2737.790770    10.526974
 2738.420650    10.559491
 2739.052250    10.586770
 2739.682370    10.608626
 2740.312500    10.625091
 2740.944340    10.636157
 2741.575200    10.641746
 2742.207280    10.641863
 2742.838130    10.636502
 2743.470460    10.625644
 2744.101560    10.609343
 2744.732910    10.587594
 2745.365970    10.560354
 2745.997310    10.527810
 2746.630860    10.489799
 2747.262700    10.446603
 2747.896000    10.398075
 2748.528080    10.344488
 2749.160640    10.285788
 2749.794430    10.221968
 2750.427000    10.153375
 2751.061280    10.079783
 2751.694090    10.001668
 2752.328610    9.918753
 2752.961910    9.831533
 2753.595210    9.739986
 2754.230220    9.643980
 2754.863770    9.544132
 2755.499020    9.440084
 2756.132810    9.332506
 2756.768550    9.220964
 2757.402590    9.106260
 2758.036870    8.988212
 2758.673100    8.866652
 2759.307620    8.742446
 2759.943850    8.615098
 2760.578860    8.485362
 2761.215330    8.352863
 2761.850590    8.218338
 2762.487550    8.081341
 2763.123050    7.942729
 2763.758790    7.802316
 2764.396000    7.660003
 2765.031980    7.516565
 2765.669430    7.371575
 2766.305910    7.225761
 2766.943600    7.078795
 2767.580320    6.931355
 2768.216800    6.783439
 2768.855220    6.634707
 2769.492190    6.486117
 2770.130860    6.337089
 2770.768070    6.188524
 2771.407230    6.039776
 2772.044680    5.891851
 2772.682130    5.744494
 2773.321780    5.597343
 2773.959720    5.451435
 2774.599370    5.306118
 2775.237550    5.162243
 2775.877690    5.019162
 2776.516360    4.877758
 2777.155030    4.737813
 2777.795170    4.599117
 2778.434330    4.462303
 2779.074950    4.326943
 2779.714360    4.193696
 2780.355470    4.062037
 2780.995120    3.932700
 2781.634770    3.805450
 2782.276120    3.680024
 2782.916260    3.557060
 2783.558110    3.436053
 2784.198490    3.317652
 2784.840330    3.201360
 2785.480960    3.087706
 2786.121830    2.976458
 2786.764400    2.867401
 2787.405270    2.761141
 2788.048100    2.657090
 2788.689450    2.555820
 2789.332520    2.456841
 2789.974370    2.360610
 2790.615970    2.266976
 2791.259770    2.175590
 2791.901610    2.087035
 2792.545410    2.000762
 2793.187990    1.917187
 2793.832030    1.835941
 2794.474850    1.757347
 2795.117680    1.681222
 2795.762210    1.607347
 2796.405520    1.536030
 2797.050290    1.466943
 2797.693600    1.400365
 2798.338870    1.335906
 2798.982420    1.273897
 2799.626460    1.214077
 2800.272220    1.156302
 2800.916260    1.100834
 2801.562260    1.047312
 2802.206790    0.995976
 2802.852780    0.946546
 2803.497560    0.899178
 2804.142580    0.853711
 2804.789310    0.810001
 2805.434330    0.768229
 2806.081300    0.728108
 2806.726810    0.689802
 2807.374020    0.653070
 2808.020020    0.618032
 2808.666020    0.584564
 2809.313480    0.552547
 2809.959960    0.522053
 2810.607910    0.492916
 2811.254390    0.465221
 2811.902830    0.438774
 2812.549560    0.413676
 2813.198240    0.389739
 2813.845210    0.367052
 2814.492680    0.345488
 2815.141600    0.324975
 2815.789310    0.305554
 2816.438720    0.287098
 2817.086430    0.269658
 2817.736080    0.253097
 2818.384520    0.237457
 2819.032710    0.222672
 2819.682620    0.208663
 2820.331300    0.195457
 2820.981930    0.182956
 2821.630620    0.171198
 2822.281490    0.160076
 2822.930660    0.149626
 2823.580080    0.139781
 2824.231200    0.130492
 2824.880860    0.121777
 2825.532230    0.113564
 2826.182370    0.105863
 2826.833980    0.098618
 2827.484380    0.091832
 2828.134770    0.085470
 2828.786870    0.079493
 2829.437740    0.073904
 2830.090090    0.068663
 2830.741210    0.063768
 2831.394040    0.059180
 2832.045410    0.054904
 2832.697020    0.050908
 2833.350100    0.047172
 2834.001950    0.043693
 2834.655520    0.040442
 2835.307620    0.037419
 2835.961180    0.034599
 2836.613770    0.031979
 2837.266360    0.029542
 2837.920410    0.027271
 2838.573490    0.025167
 2839.228030    0.023207
 2839.881100    0.021394
 2840.535890    0.019707
 2841.189450    0.018147
 2841.843020    0.016703
 2842.498540    0.015361
 2843.152340    0.014123
 2843.807860    0.012976
 2844.462160    0.011917
 2845.118160    0.010937
 2845.772710    0.010034
 2846.427250    0.009201
 2847.083740    0.008430
 2847.738770    0.007722
 2848.395260    0.007069
 2849.050540    0.006468
 2849.707760    0.005914
 2850.363280    0.005405
 2851.018800    0.004939
 2851.676270    0.004509
 2852.332280    0.004114
 2852.989990    0.003752
 2853.646480    0.003421
 2854.304440    0.003117
 2854.960940    0.002838
 2855.617920    0.002583
 2856.276370    0.002349
 2856.933350    0.002136
 2857.592290    0.001941
 2858.249760    0.001762
 2858.908940    0.001600
 2859.566650    0.001451
 2860.224370    0.001316
 2860.883790    0.001193
 2861.541750    0.001081
 2862.201900    0.000978
 2862.860350    0.000885
 2863.520510    0.000800
 2864.179200    0.000724
 2864.839840    0.000653
 2865.498780    0.000590
 2866.157960    0.000533
 2866.818850    0.000481
 2867.478520    0.000433
 2868.139650    0.000390
 2868.799320    0.000351
 2869.460940    0.000317
 2870.121090    0.000284
 2870.781490    0.000256
 2871.443360    0.000230
 2872.103760    0.000206
 2872.766360    0.000185
 2873.427000    0.000166
 2874.089600    0.000149
 2874.750730    0.000134
 2875.412110    0.000119
 2876.075440    0.000107
 2876.736820    0.000095
 2877.400390    0.000086
 2878.062260    0.000076
 2878.725830    0.000069
 2879.388180    0.000061
 2880.050540    0.000054
 2880.714600    0.000049
 2881.377440    0.000043
 2882.041750    0.000038
 2882.704830    0.000034
 2883.369380    0.000031
 2884.032960    0.000028
 2884.696530    0.000024
 2885.361330    0.000022
 2886.025390    0.000019
 2886.690920    0.000017
 2887.354980    0.000015
 2888.020510    0.000013
 2888.685060    0.000011
 2889.349610    0.000010
 2890.015870    0.000010
 2890.680910    0.000009
 2891.347410    0.000008
 2892.012700    0.000007
 2892.679200    0.000006
 2893.344970    0.000005
 2894.010500    0.000005
 2894.677730    0.000004
 2895.343510    0.000004
 2896.011470    0.000003
 2896.677490    0.000003
 2897.345460    0.000002
 2898.011960    0.000002
 2898.678960    0.000002
 2899.347170    0.000002
 2900.014160    0.000001
 2900.682860    0.000001
 2901.350100    0.000001
 2902.019530    0.000001
 2902.687010    0.000001
 2903.354740    0.000001
 2904.024410    0.000001
 2904.692380    0.000001
 2905.361820    0.000000
 2906.030520    0.000000
 2906.700680    0.000000
 2907.369140    0.000000
 2908.038090    0.000000
 2908.708500    0.000000
 2909.377930    0.000000
 2910.048830    0.000000
 2910.718260    0.000000
 2911.389650    0.000000
 2912.059330    0.000000
 2912.729250    0.000000
 2913.400630    0.000000
 2914.070800    0.000000
 2914.742920    0.000000
 2915.413570    0.000000
 2916.085690    0.000000
 2916.756590    0.000000
 2917.429200    0.000000
 2918.100340    0.000000
 2918.771730    0.000000
 2919.444580    0.000000
 2920.116210    0.000000
 2920.789550    0.000000
 2921.461670    0.000000
 2922.135500    0.000000
 2922.807370    0.000000
 2923.479740    0.000000
 2924.154050    0.000000
 2924.826660    0.000000
 2925.500980    0.000000
 2926.174070    0.000000
 2926.848880    0.000000
 2927.522220    0.000000
 2928.195800    0.000000
 2928.870850    0.000000
 2929.544920    0.000000
 2930.220460    0.000000
 2930.894530    0.000000
 2931.570310    0.000000
 2932.244630    0.000000
 2932.919190    0.000000
 2933.595700    0.000000
 2934.270260    0.000000
 2934.947270    0.000000
 2935.622310    0.000000
 2936.299070    0.000000
 2936.974850    0.000000
 2937.650390    0.000000
 2938.327880    0.000000
 2939.003660    0.000000
 2939.681400    0.000000
 2940.357670    0.000000
 2941.035640    0.000000
 2941.712160    0.000000
 2942.389160    0.000000
 2943.067630    0.000000
 2943.744630    0.000000
 2944.423580    0.000000
 2945.100830    0.000000
 2945.780030    0.000000
 2946.457760    0.000000
 2947.135500    0.000000
 2947.815190    0.000000
 2948.493410    0.000000
 2949.173100    0.000000
 2949.851560    0.000000
 2950.531980    0.000000
 2951.210450    0.000000
 2951.889650    0.000000
 2952.570070    0.000000
 2953.249270    0.000000
 2953.930660    0.000000
 2954.610110    0.000000
 2955.291500    0.000000
 2955.971190    0.000000
 2956.651120    0.000000
 2957.333010    0.000000
 2958.013180    0.000000
 2958.695560    0.000000
 2959.376220    0.000000
 2960.058350    0.000000
 2960.739500    0.000000
 2961.420410    0.000000
 2962.103520    0.000000
 2962.784910    0.000000
 2963.468020    0.000000
 2964.149900    0.000000
 2964.833500    0.000000
 2965.515380    0.000000
 2966.197750    0.000000
 2966.881590    0.000000
 2967.564210    0.000000
 2968.248540    0.000000
 2968.931150    0.000000
 2969.615720    0.000000
 2970.299070    0.000000
 2970.984130    0.000000
 2971.667480    0.000000
 2972.351070    0.000000
 2973.036620    0.000000
 2973.720700    0.000000
 2974.406250    0.000000
 2975.090580    0.000000
 2975.776610    0.000000
 2976.461180    0.000000
 2977.146000    0.000000
 2977.832280    0.000000
 2978.517580    0.000000
 2979.204350    0.000000
 2979.889650    0.000000
 2980.576660    0.000000
 2981.262210    0.000000
 2981.948240    0.000000
 2982.635990    0.000000
 2983.322020    0.000000
 2984.010010    0.000000
 2984.696530    0.000000
 2985.384770    0.000000
 2986.071530    0.000000
 2986.758540    0.000000
 2987.447270    0.000000
 2988.134770    0.000000
 2988.823490    0.000000
 2989.510990    0.000000
 2990.200440    0.000000
 2990.888180    0.000000
 2991.576170    0.000000
 2992.266360    0.000000
 2992.954830    0.000000
 2993.644780    0.000000
 2994.333500    0.000000
 2995.023930    0.000000
 2995.713130    0.000000
 2996.402100    0.000000
 2997.093020    0.000000
 2997.782710    0.000000
 2998.473880    0.000000
 2999.163570    0.000000
 2999.855470    0.000000
 3000.545410    0.000000
 3001.235600    0.000000
 3001.927730    0.000000
 3002.618410    0.000000
 3003.310550    0.000000
 3004.001710    0.000000
 3004.694340    0.000000
 3005.385740    0.000000
 3006.076900    0.000000
 3006.770020    0.000000
 3007.461670    0.000000
 3008.155270    0.000000
 3008.847410    0.000000
 3009.541260    0.000000
 3010.233400    0.000000
 3010.926270    0.000000
 3011.620360    0.000000
 3012.313230    0.000000
 3013.007810    0.000000
 3013.700930    0.000000
 3014.395750    0.000000
 3015.089360    0.000000
 3015.783200    0.000000
 3016.478270    0.000000
 3017.172610    0.000000
 3017.868160    0.000000
 3018.562260    0.000000
 3019.258540    0.000000
 3019.952880    0.000000
 3020.647950    0.000000
 3021.344480    0.000000
 3022.039310    0.000000
 3022.736330    0.000000
 3023.431640    0.000000
 3024.128660    0.000000
 3024.824460    0.000000
 3025.522220    0.000000
 3026.218020    0.000000
 3026.914310    0.000000
 3027.612300    0.000000
 3028.308840    0.000000
 3029.007080    0.000000
 3029.703860    0.000000
 3030.402590    0.000000
 3031.099850    0.000000
 3031.797120    0.000000
 3032.496090    0.000000
 3033.193600    0.000000
 3033.893310    0.000000
 3034.591060    0.000000
 3035.290770    0.000000
 3035.989010    0.000000
 3036.687740    0.000000
 3037.387700    0.000000
 3038.086670    0.000000
 3038.787350    0.000000
 3039.486080    0.000000
 3040.187260    0.000000
 3040.886470    0.000000
 3041.586180    0.000000
 3042.287350    0.000000
 3042.987550    0.000000
 3043.689210    0.000000
 3044.389160    0.000000
 3045.091060    0.000000
 3045.791750    0.000000
 3046.492430    0.000000
 3047.194820    0.000000
 3047.896000    0.000000
 3048.598880    0.000000
 3049.300050    0.000000
