 2653.384280    0.594400
 2653.996340    0.627967
 2654.606690    0.662966
 2655.217290    0.699547
 2655.829830    0.737869
 2656.440670    0.777750
 2657.053220    0.819457
 2657.664550    0.862839
 2658.277340    0.908130
 2658.888920    0.955177
 2659.500730    1.004132
 2660.114010    1.055142
 2660.725830    1.108005
 2661.339360    1.163033
 2661.951660    1.220008
 2662.565430    1.279214
 2663.177980    1.340430
 2663.790530    1.403805
 2664.404790    1.469554
 2665.017820    1.537396
 2665.632320    1.607656
 2666.245610    1.680050
 2666.860350    1.754920
 2667.473880    1.831957
 2668.089110    1.911546
 2668.702880    1.993290
 2669.316890    2.077417
 2669.932370    2.164111
 2670.546630    2.252993
 2671.162350    2.344450
 2671.776860    2.438079
 2672.393070    2.534315
 2673.007810    2.632648
 2673.622560    2.733286
 2674.239260    2.836530
 2674.854490    2.941784
 2675.471190    3.049510
 2676.086670    3.159204
 2676.703860    3.271341
 2677.319580    3.385297
 2677.935550    3.501325
 2678.552980    3.619601
 2679.169190    3.739547
 2679.786870    3.861611
 2680.403560    3.985236
 2681.021480    4.110780
 2681.638430    4.237706
 2682.255370    4.366118
 2682.873780    4.496225
 2683.490970    4.627358
 2684.109860    4.760028
 2684.727290    4.893439
 2685.346440    5.028155
 2685.964110    5.163361
 2686.582030    5.299295
 2687.201660    5.436147
 2687.819820    5.573075
 2688.439450    5.710581
 2689.057860    5.847922
 2689.677980    5.985593
 2690.296880    6.122787
 2690.915770    6.259615
 2691.536380    6.396288
 2692.155270    6.531889
 2692.776370    6.667101
 2693.395750    6.800904
 2694.016850    6.933860
 2694.636720    7.065169
 2695.256590    7.194915
 2695.877930    7.323225
 2696.498050    7.449364
 2697.119870    7.573752
 2697.740480    7.695622
 2698.362550    7.815324
 2698.983400    7.932167
 2699.604250    8.046216
 2700.226810    8.157601
 2700.847900    8.265589
 2701.470700    8.370561
 2702.092040    8.471819
 2702.715330    8.569760
 2703.337160    8.663690
 2703.958980    8.753694
 2704.582520    8.839858
 2705.204830    8.921638
 2705.828370    8.999218
 2706.450930    9.072201
 2707.074950    9.140743
 2707.697750    9.204438
 2708.320800    9.263338
 2708.945310    9.317444
 2709.568360    9.366410
 2710.193360    9.410417
 2710.816650    9.449129
 2711.441890    9.482709
 2712.065670    9.510907
 2712.689450    9.533761
 2713.314940    9.551275
 2713.939210    9.563332
 2714.565190    9.569959
 2715.189450    9.571111
 2715.815670    9.566791
 2716.440430    9.557023
 2717.066890    9.541773
 2717.691890    9.521144
 2718.317140    9.495129
 2718.943850    9.463702
 2719.569340    9.427052
 2720.196530    9.385063
 2720.822270    9.338017
 2721.449710    9.285757
 2722.075680    9.228634
 2722.702150    9.166578
 2723.329830    9.099606
 2723.956300    9.028091
 2724.584470    8.951816
 2725.211430    8.871261
 2725.839600    8.786248
 2726.466800    8.697216
 2727.093990    8.604183
 2727.722900    8.507033
 2728.350340    8.406418
 2728.979490    8.301990
 2729.607420    8.194399
 2730.236820    8.083360
 2730.864750    7.969567
 2731.493160    7.852854
 2732.122800    7.733258
 2732.751460    7.611380
 2733.381590    7.486937
 2734.010500    7.360644
 2734.640870    7.232158
 2735.270020    7.102214
 2735.899410    6.970711
 2736.530270    6.837579
 2737.159670    6.703630
 2737.790770    6.568383
 2738.420650    6.432657
 2739.052250    6.296010
 2739.682370    6.159319
 2740.312500    6.022454
 2740.944340    5.885229
 2741.575200    5.748410
 2742.207280    5.611701
 2742.838130    5.475809
 2743.470460    5.340328
 2744.101560    5.206007
 2744.732910    5.072697
 2745.365970    4.940259
 2745.997310    4.809568
 2746.630860    4.679972
 2747.262700    4.552424
 2747.896000    4.426433
 2748.528080    4.302675
 2749.160640    4.180953
 2749.794430    4.061268
 2750.427000    3.944216
 2751.061280    3.829381
 2751.694090    3.717464
 2752.328610    3.608025
 2752.961910    3.501685
 2753.595210    3.398345
 2754.230220    3.297844
 2754.863770    3.200790
 2755.499020    3.106800
 2756.132810    3.016440
 2756.768550    2.929324
 2757.402590    2.846045
 2758.036870    2.766423
 2758.673100    2.690346
 2759.307620    2.618339
 2759.943850    2.550095
 2760.578860    2.486010
 2761.215330    2.425893
 2761.850590    2.370077
 2762.487550    2.318382
 2763.123050    2.271140
 2763.758790    2.228285
 2764.396000    2.189823
 2765.031980    2.155988
 2765.669430    2.126709
 2766.305910    2.102174
 2766.943600    2.082371
 2767.580320    2.067439
 2768.216800    2.057416
 2768.855220    2.052358
 2769.492190    2.052366
 2770.130860    2.057516
 2770.768070    2.067855
 2771.407230    2.083517
 2772.044680    2.104486
 2772.682130    2.130869
 2773.321780    2.162861
 2773.959720    2.200345
 2774.599370    2.243597
 2775.237550    2.292480
 2775.877690    2.347340
 2776.516360    2.407965
 2777.155030    2.474550
 2777.795170    2.547343
 2778.434330    2.626151
 2779.074950    2.711356
 2779.714360    2.802680
 2780.355470    2.900622
 2780.995120    3.004774
 2781.634770    3.115423
 2782.276120    3.232961
 2782.916260    3.356925
 2783.558110    3.487957
 2784.198490    3.625474
 2784.840330    3.770164
 2785.480960    3.921480
 2786.121830    4.079805
 2786.764400    4.245581
 2787.405270    4.417966
 2788.048100    4.597988
 2788.689450    4.784726
 2789.332520    4.979133
 2789.974370    5.180353
 2790.615970    5.388674
 2791.259770    5.604927
 2791.901610    5.827713
 2792.545410    6.058377
 2793.187990    6.295770
 2793.832030    6.540853
 2794.474850    6.792566
 2795.117680    7.051312
 2795.762210    7.317742
 2796.405520    7.590575
 2797.050290    7.870866
 2797.693600    8.157241
 2798.338870    8.451112
 2798.982420    8.750691
 2799.626460    9.056839
 2800.272220    9.370018
 2800.916260    9.688398
 2801.562260    10.013615
 2802.206790    10.343752
 2802.852780    10.680100
 2803.497560    11.021040
 2804.142580    11.367092
 2804.789310    11.718807
 2805.434330    12.074059
 2806.081300    12.434578
 2806.726810    12.798166
 2807.374020    13.166297
 2808.020020    13.536980
 2808.666020    13.910562
 2809.313480    14.287543
 2809.959960    14.666135
 2810.607910    15.047385
 2811.254390    15.429176
 2811.902830    15.813116
 2812.549560    16.196617
 2813.198240    16.581423
 2813.845210    16.964916
 2814.492680    17.347956
 2815.141600    17.730656
 2815.789310    18.110958
 2816.438720    18.490108
 2817.086430    18.865637
 2817.736080    19.239174
 2818.384520    19.608395
 2819.032710    19.973381
 2819.682620    20.334721
 2820.331300    20.690281
 2820.981930    21.041292
 2821.630620    21.385153
 2822.281490    21.723566
 2822.930660    22.053997
 2823.580080    22.376984
 2824.231200    22.692732
 2824.880860    22.999229
 2825.532230    23.297497
 2826.182370    23.585726
 2826.833980    23.864651
 2827.484380    24.132685
 2828.134770    24.389933
 2828.786870    24.636620
 2829.437740    24.871231
 2830.090090    25.094345
 2830.741210    25.304676
 2831.394040    25.502808
 2832.045410    25.687447
 2832.697020    25.858807
 2833.350100    26.016870
 2834.001950    26.160717
 2834.655520    26.290737
 2835.307620    26.406067
 2835.961180    26.507032
 2836.613770    26.593067
 2837.266360    26.664188
 2837.920410    26.720379
 2838.573490    26.761320
 2839.228030    26.787079
 2839.881100    26.797493
 2840.535890    26.792587
 2841.189450    26.772375
 2841.843020    26.736895
 2842.498540    26.686033
 2843.152340    26.620151
 2843.807860    26.539022
 2844.462160    26.443129
 2845.118160    26.332186
 2845.772710    26.206911
 2846.427250    26.067287
 2847.083740    25.913073
 2847.738770    25.745312
 2848.395260    25.563538
 2849.050540    25.368790
 2849.707760    25.160429
 2850.363280    24.939957
 2851.018800    24.707205
 2851.676270    24.461813
 2852.332280    24.205441
 2852.989990    23.937258
 2853.646480    23.658880
 2854.304440    23.369602
 2854.960940    23.071173
 2855.617920    22.763193
 2856.276370    22.445642
 2856.933350    22.120422
 2857.592290    21.786327
 2858.249760    21.445585
 2858.908940    21.097054
 2859.566650    20.742922
 2860.224370    20.382933
 2860.883790    20.016647
 2861.541750    19.646341
 2862.201900    19.270464
 2862.860350    18.891747
 2863.520510    18.508736
 2864.179200    18.123779
 2864.839840    17.735382
 2865.498780    17.346188
 2866.157960    16.955534
 2866.818850    16.563032
 2867.478520    16.170891
 2868.139650    15.777972
 2868.799320    15.386472
 2869.460940    14.994799
 2870.121090    14.605400
 2870.781490    14.217681
 2871.443360    13.831325
 2872.103760    13.448434
 2872.766360    13.067254
 2873.427000    12.690531
 2874.089600    12.316377
 2874.750730    11.947049
 2875.412110    11.581888
 2876.075440    11.220260
 2876.736820    10.864570
 2877.400390    10.512844
 2878.062260    10.167400
 2878.725830    9.826674
 2879.388180    9.492385
 2880.050540    9.164087
 2880.714600    8.841129
 2881.377440    8.525098
 2882.041750    8.214855
 2882.704830    7.911782
 2883.369380    7.614762
 2884.032960    7.324985
 2884.696530    7.042087
 2885.361330    6.765625
 2886.025390    6.496468
 2886.690920    6.233768
 2887.354980    5.978703
 2888.020510    5.730155
 2888.685060    5.489033
 2889.349610    5.254952
 2890.015870    5.027307
 2890.680910    4.807065
 2891.347410    4.593291
 2892.012700    4.386789
 2892.679200    4.186730
 2893.344970    3.993629
 2894.010500    3.807244
 2894.677730    3.626953
 2895.343510    3.453518
 2896.011470    3.285884
 2896.677490    3.124986
 2897.345460    2.969758
 2898.011960    2.820876
 2898.678960    2.677763
 2899.347170    2.540153
 2900.014160    2.408411
 2900.682860    2.281828
 2901.350100    2.160863
 2902.019530    2.044720
 2902.687010    1.933976
 2903.354740    1.828103
 2904.024410    1.726706
 2904.692380    1.630197
 2905.361820    1.537965
 2906.030520    1.450176
 2906.700680    1.366402
 2907.369140    1.286892
 2908.038090    1.211230
 2908.708500    1.139181
 2909.377930    1.070871
 2910.048830    1.005916
 2910.718260    0.944463
 2911.389650    0.886066
 2912.059330    0.830917
 2912.729250    0.778714
 2913.400630    0.729248
 2914.070800    0.682595
 2914.742920    0.638418
 2915.413570    0.596828
 2916.085690    0.557528
 2916.756590    0.520566
 2917.429200    0.485677
 2918.100340    0.452920
 2918.771730    0.422109
 2919.444580    0.393094
 2920.116210    0.365900
 2920.789550    0.340320
 2921.461670    0.316377
 2922.135500    0.293885
 2922.807370    0.272887
 2923.479740    0.253222
 2924.154050    0.234780
 2924.826660    0.217591
 2925.500980    0.201499
 2926.174070    0.186510
 2926.848880    0.172498
 2927.522220    0.159468
 2928.195800    0.147328
 2928.870850    0.136007
 2929.544920    0.125494
 2930.220460    0.115702
 2930.894530    0.106628
 2931.570310    0.098186
 2932.244630    0.090373
 2932.919190    0.083129
 2933.595700    0.076401
 2934.270260    0.070190
 2934.947270    0.064426
 2935.622310    0.059114
 2936.299070    0.054194
 2936.974850    0.049661
 2937.650390    0.045480
 2938.327880    0.041615
 2939.003660    0.038063
 2939.681400    0.034784
 2940.357670    0.031775
 2941.035640    0.029001
 2941.712160    0.026458
 2942.389160    0.024122
 2943.067630    0.021975
 2943.744630    0.020010
 2944.423580    0.018205
 2945.100830    0.016556
 2945.780030    0.015043
 2946.457760    0.013663
 2947.135500    0.012403
 2947.815190    0.011248
 2948.493410    0.010196
 2949.173100    0.009235
 2949.851560    0.008362
 2950.531980    0.007564
 2951.210450    0.006840
 2951.889650    0.006180
 2952.570070    0.005580
 2953.249270    0.005035
 2953.930660    0.004540
 2954.610110    0.004092
 2955.291500    0.003685
 2955.971190    0.003318
 2956.651120    0.002984
 2957.333010    0.002683
 2958.013180    0.002410
 2958.695560    0.002163
 2959.376220    0.001941
 2960.058350    0.001739
 2960.739500    0.001559
 2961.420410    0.001396
 2962.103520    0.001249
 2962.784910    0.001118
 2963.468020    0.000998
 2964.149900    0.000892
 2964.833500    0.000795
 2965.515380    0.000710
 2966.197750    0.000633
 2966.881590    0.000564
 2967.564210    0.000502
 2968.248540    0.000446
 2968.931150    0.000397
 2969.615720    0.000353
 2970.299070    0.000313
 2970.984130    0.000278
 2971.667480    0.000246
 2972.351070    0.000218
 2973.036620    0.000194
 2973.720700    0.000171
 2974.406250    0.000152
 2975.090580    0.000134
 2975.776610    0.000118
 2976.461180    0.000104
 2977.146000    0.000092
 2977.832280    0.000081
 2978.517580    0.000072
 2979.204350    0.000063
 2979.889650    0.000055
 2980.576660    0.000049
 2981.262210    0.000043
 2981.948240    0.000037
 2982.635990    0.000033
 2983.322020    0.000029
 2984.010010    0.000026
 2984.696530    0.000022
 2985.384770    0.000019
 2986.071530    0.000017
 2986.758540    0.000015
 2987.447270    0.000013
 2988.134770    0.000011
 2988.823490    0.000010
 2989.510990    0.000009
 2990.200440    0.000008
 2990.888180    0.000007
 2991.576170    0.000006
 2992.266360    0.000005
 2992.954830    0.000004
 2993.644780    0.000004
 2994.333500    0.000003
 2995.023930    0.000003
 2995.713130    0.000003
 2996.402100    0.000002
 2997.093020    0.000002
 2997.782710    0.000002
 2998.473880    0.000001
 2999.163570    0.000001
 2999.855470    0.000001
 3000.545410    0.000001
 3001.235600    0.000001
 3001.927730    0.000001
 3002.618410    0.000001
 3003.310550    0.000001
 3004.001710    0.000000
 3004.694340    0.000000
 3005.385740    0.000000
 3006.076900    0.000000
 3006.770020    0.000000
 3007.461670    0.000000
 3008.155270    0.000000
 3008.847410    0.000000
 3009.541260    0.000000
 3010.233400    0.000000
 3010.926270    0.000000
 3011.620360    0.000000
 3012.313230    0.000000
 3013.007810    0.000000
 3013.700930    0.000000
 3014.395750    0.000000
 3015.089360    0.000000
 3015.783200    0.000000
 3016.478270    0.000000
 3017.172610    0.000000
 3017.868160    0.000000
 3018.562260    0.000000
 3019.258540    0.000000
 3019.952880    0.000000
 3020.647950    0.000000
 3021.344480    0.000000
 3022.039310    0.000000
 3022.736330    0.000000
 3023.431640    0.000000
 3024.128660    0.000000
 3024.824460    0.000000
 3025.522220    0.000000
 3026.218020    0.000000
 3026.914310    0.000000
 3027.612300    0.000000
 3028.308840    0.000000
 3029.007080    0.000000
 3029.703860    0.000000
 3030.402590    0.000000
 3031.099850    0.000000
 3031.797120    0.000000
 3032.496090    0.000000
 3033.193600    0.000000
 3033.893310    0.000000
 3034.591060    0.000000
 3035.290770    0.000000
 3035.989010    0.000000
 3036.687740    0.000000
 3037.387700    0.000000
 3038.086670    0.000000
 3038.787350    0.000000
 3039.486080    0.000000
 3040.187260    0.000000
 3040.886470    0.000000
 3041.586180    0.000000
 3042.287350    0.000000
 3042.987550    0.000000
 3043.689210    0.000000
 3044.389160    0.000000
 3045.091060    0.000000
 3045.791750    0.000000
 3046.492430    0.000000
 3047.194820    0.000000
 3047.896000    0.000000
 3048.598880    0.000000
 3049.300050    0.000000
