 2653.384280    0.000000
 2653.996340    0.000000
 2654.606690    0.000000
 2655.217290    0.000000
 2655.829830    0.000000
 2656.440670    0.000000
 2657.053220    0.000000
 2657.664550    0.000000
 2658.277340    0.000000
 2658.888920    0.000000
 2659.500730    0.000000
 2660.114010    0.000000
 2660.725830    0.000000
 2661.339360    0.000000
 2661.951660    0.000000
 2662.565430    0.000000
 2663.177980    0.000000
 2663.790530    0.000000
 2664.404790    0.000000
 2665.017820    0.000000
 2665.632320    0.000000
 2666.245610    0.000000
 2666.860350    0.000000
 2667.473880    0.000000
 2668.089110    0.000000
 2668.702880    0.000000
 2669.316890    0.000000
 2669.932370    0.000000
 2670.546630    0.000000
 2671.162350    0.000000
 2671.776860    0.000000
 2672.393070    0.000000
 2673.007810    0.000000
 2673.622560    0.000000
 2674.239260    0.000000
 2674.854490    0.000000
 2675.471190    0.000000
 2676.086670    0.000000
 2676.703860    0.000000
 2677.319580    0.000000
 2677.935550    0.000000
 2678.552980    0.000000
 2679.169190    0.000000
 2679.786870    0.000000
 2680.403560    0.000000
 2681.021480    0.000000
 2681.638430    0.000000
 2682.255370    0.000000
 2682.873780    0.000000
 2683.490970    0.000000
 2684.109860    0.000000
 2684.727290    0.000000
 2685.346440    0.000000
 2685.964110    0.000000
 2686.582030    0.000000
 2687.201660    0.000000
 2687.819820    0.000000
 2688.439450    0.000000
 2689.057860    0.000000
 2689.677980    0.000000
 2690.296880    0.000000
 2690.915770    0.000000
 2691.536380    0.000000
 2692.155270    0.000000
 2692.776370    0.000000
 2693.395750    0.000000
 2694.016850    0.000000
 2694.636720    0.000000
 2695.256590    0.000000
 2695.877930    0.000000
 2696.498050    0.000000
 2697.119870    0.000000
 2697.740480    0.000000
 2698.362550    0.000000
 2698.983400    0.000000
 2699.604250    0.000000
 2700.226810    0.000000
 2700.847900    0.000000
 2701.470700    0.000000
 2702.092040    0.000000
 2702.715330    0.000000
 2703.337160    0.000000
 2703.958980    0.000000
 2704.582520    0.000000
 2705.204830    0.000000
 2705.828370    0.000000
 2706.450930    0.000000
 2707.074950    0.000000
 2707.697750    0.000000
 2708.320800    0.000000
 2708.945310    0.000000
 2709.568360    0.000000
 2710.193360    0.000000
 2710.816650    0.000000
 2711.441890    0.000000
 2712.065670    0.000000
 2712.689450    0.000000
 2713.314940    0.000000
 2713.939210    0.000000
 2714.565190    0.000000
 2715.189450    0.000000
 2715.815670    0.000000
 2716.440430    0.000000
 2717.066890    0.000000
 2717.691890    0.000000
 2718.317140    0.000000
 2718.943850    0.000000
 2719.569340    0.000000
 2720.196530    0.000000
 2720.822270    0.000000
 2721.449710    0.000000
 2722.075680    0.000000
 2722.702150    0.000000
 2723.329830    0.000000
 2723.956300    0.000000
 2724.584470    0.000000
 2725.211430    0.000000
 2725.839600    0.000000
 2726.466800    0.000000
 2727.093990    0.000000
 2727.722900    0.000000
 2728.350340    0.000000
 2728.979490    0.000000
 2729.607420    0.000000
 2730.236820    0.000000
 2730.864750    0.000000
 2731.493160    0.000000
 2732.122800    0.000000
 2732.751460    0.000000
 2733.381590    0.000000
 2734.010500    0.000000
 2734.640870    0.000000
 2735.270020    0.000000
 2735.899410    0.000000
 2736.530270    0.000001
 2737.159670    0.000001
 2737.790770    0.000001
 2738.420650    0.000001
 2739.052250    0.000001
 2739.682370    0.000001
 2740.312500    0.000001
 2740.944340    0.000001
 2741.575200    0.000001
 2742.207280    0.000001
 2742.838130    0.000001
 2743.470460    0.000001
 2744.101560    0.000001
 2744.732910    0.000001
 2745.365970    0.000002
 2745.997310    0.000002
 2746.630860    0.000002
 2747.262700    0.000002
 2747.896000    0.000002
 2748.528080    0.000002
 2749.160640    0.000003
 2749.794430    0.000003
 2750.427000    0.000003
 2751.061280    0.000003
 2751.694090    0.000004
 2752.328610    0.000004
 2752.961910    0.000004
 2753.595210    0.000005
 2754.230220    0.000005
 2754.863770    0.000005
 2755.499020    0.000006
 2756.132810    0.000006
 2756.768550    0.000007
 2757.402590    0.000007
 2758.036870    0.000008
 2758.673100    0.000008
 2759.307620    0.000009
 2759.943850    0.000010
 2760.578860    0.000010
 2761.215330    0.000010
 2761.850590    0.000011
 2762.487550    0.000012
 2763.123050    0.000013
 2763.758790    0.000014
 2764.396000    0.000016
 2765.031980    0.000017
 2765.669430    0.000018
 2766.305910    0.000020
 2766.943600    0.000021
 2767.580320    0.000023
 2768.216800    0.000025
 2768.855220    0.000027
 2769.492190    0.000029
 2770.130860    0.000031
 2770.768070    0.000033
 2771.407230    0.000035
 2772.044680    0.000038
 2772.682130    0.000041
 2773.321780    0.000044
 2773.959720    0.000048
 2774.599370    0.000051
 2775.237550    0.000054
 2775.877690    0.000059
 2776.516360    0.000063
 2777.155030    0.000068
 2777.795170    0.000072
 2778.434330    0.000078
 2779.074950    0.000084
 2779.714360    0.000090
 2780.355470    0.000096
 2780.995120    0.000103
 2781.634770    0.000111
 2782.276120    0.000118
 2782.916260    0.000127
 2783.558110    0.000135
 2784.198490    0.000145
 2784.840330    0.000155
 2785.480960    0.000167
 2786.121830    0.000178
 2786.764400    0.000191
 2787.405270    0.000204
 2788.048100    0.000218
 2788.689450    0.000234
 2789.332520    0.000249
 2789.974370    0.000266
 2790.615970    0.000285
 2791.259770    0.000304
 2791.901610    0.000325
 2792.545410    0.000347
 2793.187990    0.000370
 2793.832030    0.000396
 2794.474850    0.000422
 2795.117680    0.000450
 2795.762210    0.000481
 2796.405520    0.000512
 2797.050290    0.000546
 2797.693600    0.000583
 2798.338870    0.000621
 2798.982420    0.000662
 2799.626460    0.000705
 2800.272220    0.000751
 2800.916260    0.000799
 2801.562260    0.000852
 2802.206790    0.000906
 2802.852780    0.000964
 2803.497560    0.001026
 2804.142580    0.001092
 2804.789310    0.001162
 2805.434330    0.001235
 2806.081300    0.001313
 2806.726810    0.001396
 2807.374020    0.001484
 2808.020020    0.001576
 2808.666020    0.001675
 2809.313480    0.001779
 2809.959960    0.001889
 2810.607910    0.002006
 2811.254390    0.002129
 2811.902830    0.002259
 2812.549560    0.002398
 2813.198240    0.002543
 2813.845210    0.002697
 2814.492680    0.002860
 2815.141600    0.003032
 2815.789310    0.003213
 2816.438720    0.003406
 2817.086430    0.003608
 2817.736080    0.003822
 2818.384520    0.004047
 2819.032710    0.004286
 2819.682620    0.004537
 2820.331300    0.004802
 2820.981930    0.005081
 2821.630620    0.005376
 2822.281490    0.005687
 2822.930660    0.006013
 2823.580080    0.006357
 2824.231200    0.006721
 2824.880860    0.007103
 2825.532230    0.007506
 2826.182370    0.007929
 2826.833980    0.008375
 2827.484380    0.008844
 2828.134770    0.009337
 2828.786870    0.009856
 2829.437740    0.010402
 2830.090090    0.010976
 2830.741210    0.011579
 2831.394040    0.012213
 2832.045410    0.012877
 2832.697020    0.013576
 2833.350100    0.014310
 2834.001950    0.015080
 2834.655520    0.015889
 2835.307620    0.016737
 2835.961180    0.017629
 2836.613770    0.018561
 2837.266360    0.019540
 2837.920410    0.020568
 2838.573490    0.021644
 2839.228030    0.022773
 2839.881100    0.023953
 2840.535890    0.025193
 2841.189450    0.026488
 2841.843020    0.027844
 2842.498540    0.029268
 2843.152340    0.030754
 2843.807860    0.032313
 2844.462160    0.033940
 2845.118160    0.035646
 2845.772710    0.037426
 2846.427250    0.039286
 2847.083740    0.041235
 2847.738770    0.043267
 2848.395260    0.045395
 2849.050540    0.047613
 2849.707760    0.049936
 2850.363280    0.052354
 2851.018800    0.054878
 2851.676270    0.057519
 2852.332280    0.060268
 2852.989990    0.063143
 2853.646480    0.066135
 2854.304440    0.069262
 2854.960940    0.072513
 2855.617920    0.075903
 2856.276370    0.079443
 2856.933350    0.083122
 2857.592290    0.086966
 2858.249760    0.090958
 2858.908940    0.095123
 2859.566650    0.099449
 2860.224370    0.103950
 2860.883790    0.108644
 2861.541750    0.113516
 2862.201900    0.118598
 2862.860350    0.123867
 2863.520510    0.129358
 2864.179200    0.135051
 2864.839840    0.140983
 2865.498780    0.147127
 2866.157960    0.153510
 2866.818850    0.160153
 2867.478520    0.167037
 2868.139650    0.174196
 2868.799320    0.181607
 2869.460940    0.189317
 2870.121090    0.197294
 2870.781490    0.205568
 2871.443360    0.214165
 2872.103760    0.223053
 2872.766360    0.232294
 2873.427000    0.241838
 2874.089600    0.251752
 2874.750730    0.261993
 2875.412110    0.272600
 2876.075440    0.283610
 2876.736820    0.294970
 2877.400390    0.306760
 2878.062260    0.318923
 2878.725830    0.331533
 2879.388180    0.344546
 2880.050540    0.357996
 2880.714600    0.371931
 2881.377440    0.386300
 2882.041750    0.401176
 2882.704830    0.416510
 2883.369380    0.432376
 2884.032960    0.448730
 2884.696530    0.465606
 2885.361330    0.483049
 2886.025390    0.501023
 2886.690920    0.519601
 2887.354980    0.538713
 2888.020510    0.558459
 2888.685060    0.578778
 2889.349610    0.599714
 2890.015870    0.621336
 2890.680910    0.643564
 2891.347410    0.666501
 2892.012700    0.690071
 2892.679200    0.714373
 2893.344970    0.739351
 2894.010500    0.765037
 2894.677730    0.791521
 2895.343510    0.818694
 2896.011470    0.846721
 2896.677490    0.875443
 2897.345460    0.905041
 2898.011960    0.935381
 2898.678960    0.966564
 2899.347170    0.998642
 2900.014160    1.031513
 2900.682860    1.065336
 2901.350100    1.099967
 2902.019530    1.135610
 2902.687010    1.172060
 2903.354740    1.209448
 2904.024410    1.247887
 2904.692380    1.287184
 2905.361820    1.327536
 2906.030520    1.368829
 2906.700680    1.411212
 2907.369140    1.454498
 2908.038090    1.498840
 2908.708500    1.544319
 2909.377930    1.590785
 2910.048830    1.638421
 2910.718260    1.687031
 2911.389650    1.736875
 2912.059330    1.787695
 2912.729250    1.839647
 2913.400630    1.892840
 2914.070800    1.947075
 2914.742920    2.002617
 2915.413570    2.059198
 2916.085690    2.117074
 2916.756590    2.176023
 2917.429200    2.236311
 2918.100340    2.297664
 2918.771730    2.360241
 2919.444580    2.424170
 2920.116210    2.489199
 2920.789550    2.555622
 2921.461670    2.623155
 2922.135500    2.692099
 2922.807370    2.762081
 2923.479740    2.833357
 2924.154050    2.906090
 2924.826660    2.979887
 2925.500980    3.055126
 2926.174070    3.131480
 2926.848880    3.209283
 2927.522220    3.288169
 2928.195800    3.368331
 2928.870850    3.449918
 2929.544920    3.532630
 2930.220460    3.616766
 2930.894530    3.701954
 2931.570310    3.788589
 2932.244630    3.876258
 2932.919190    3.965170
 2933.595700    4.055548
 2934.270260    4.146859
 2934.947270    4.239688
 2935.622310    4.333420
 2936.299070    4.428551
 2936.974850    4.524689
 2937.650390    4.621921
 2938.327880    4.720549
 2939.003660    4.820022
 2939.681400    4.920861
 2940.357670    5.022539
 2941.035640    5.125513
 2941.712160    5.229277
 2942.389160    5.334105
 2943.067630    5.440128
 2943.744630    5.546862
 2944.423580    5.654820
 2945.100830    5.763390
 2945.780030    5.873131
 2946.457760    5.983460
 2947.135500    6.094583
 2947.815190    6.206787
 2948.493410    6.319477
 2949.173100    6.433101
 2949.851560    6.547176
 2950.531980    6.662199
 2951.210450    6.777469
 2951.889650    6.893400
 2952.570070    7.010039
 2953.249270    7.126922
 2953.930660    7.244595
 2954.610110    7.362298
 2955.291500    7.480660
 2955.971190    7.599000
 2956.651120    7.717608
 2957.333010    7.836735
 2958.013180    7.955690
 2958.695560    8.075109
 2959.376220    8.194252
 2960.058350    8.313624
 2960.739500    8.432744
 2961.420410    8.551686
 2962.103520    8.670821
 2962.784910    8.789412
 2963.468020    8.907994
 2964.149900    9.026004
 2964.833500    9.143888
 2965.515380    9.261002
 2966.197750    9.377661
 2966.881590    9.493972
 2967.564210    9.609416
 2968.248540    9.724430
 2968.931150    9.838378
 2969.615720    9.951805
 2970.299070    10.064129
 2970.984130    10.175762
 2971.667480    10.286089
 2972.351070    10.395367
 2973.036620    10.503798
 2973.720700    10.610783
 2974.406250    10.716713
 2975.090580    10.821114
 2975.776610    10.924368
 2976.461180    11.025933
 2977.146000    11.126009
 2977.832280    11.224707
 2978.517580    11.321610
 2979.204350    11.417006
 2979.889650    11.510425
 2980.576660    11.602242
 2981.262210    11.691971
 2981.948240    11.779816
 2982.635990    11.865868
 2983.322020    11.949641
 2984.010010    12.031527
 2984.696530    12.111065
 2985.384770    12.188566
 2986.071530    12.263618
 2986.758540    12.336366
 2987.447270    12.406905
 2988.134770    12.474884
 2988.823490    12.540496
 2989.510990    12.603463
 2990.200440    12.664030
 2990.888180    12.721830
 2991.576170    12.776992
 2992.266360    12.829622
 2992.954830    12.879379
 2993.644780    12.926460
 2994.333500    12.970645
 2995.023930    13.012085
 2995.713130    13.050570
 2996.402100    13.086136
 2997.093020    13.118858
 2997.782710    13.148558
 2998.473880    13.175323
 2999.163570    13.199021
 2999.855470    13.219754
 3000.545410    13.237377
 3001.235600    13.251945
 3001.927730    13.263465
 3002.618410    13.271866
 3003.310550    13.277177
 3004.001710    13.279367
 3004.694340    13.278440
 3005.385740    13.274393
 3006.076900    13.267231
 3006.770020    13.256925
 3007.461670    13.243523
 3008.155270    13.226963
 3008.847410    13.207336
 3009.541260    13.184562
 3010.233400    13.158762
 3010.926270    13.129870
 3011.620360    13.097872
 3012.313230    13.062900
 3013.007810    13.024824
 3013.700930    12.983843
 3014.395750    12.939794
 3015.089360    12.892887
 3015.783200    12.843061
 3016.478270    12.790271
 3017.172610    12.734694
 3017.868160    12.676211
 3018.562260    12.615087
 3019.258540    12.551033
 3019.952880    12.484474
 3020.647950    12.415206
 3021.344480    12.343187
 3022.039310    12.268795
 3022.736330    12.191657
 3023.431640    12.112256
 3024.128660    12.030254
 3024.824460    11.946047
 3025.522220    11.859302
 3026.218020    11.770561
 3026.914310    11.679580
 3027.612300    11.586246
 3028.308840    11.491045
 3029.007080    11.393602
 3029.703860    11.294424
 3030.402590    11.193086
 3031.099850    11.090143
 3031.797120    10.985454
 3032.496090    10.878819
 3033.193600    10.770792
 3033.893310    10.660868
 3034.591060    10.549767
 3035.290770    10.436936
 3035.989010    10.322994
 3036.687740    10.207695
 3037.387700    10.090983
 3038.086670    9.973293
 3038.787350    9.854243
 3039.486080    9.734524
 3040.187260    9.613453
 3040.886470    9.491858
 3041.586180    9.369387
 3042.287350    9.245935
 3042.987550    9.122004
 3043.689210    8.997226
 3044.389160    8.872236
 3045.091060    8.746449
 3045.791750    8.620502
 3046.492430    8.494241
 3047.194820    8.367424
 3047.896000    8.240648
 3048.598880    8.113445
 3049.300050    7.986501
