 2653.384280    0.365592
 2653.996340    0.382311
 2654.606690    0.399652
 2655.217290    0.417690
 2655.829830    0.436502
 2656.440670    0.455999
 2657.053220    0.476313
 2657.664550    0.497373
 2658.277340    0.519295
 2658.888920    0.542010
 2659.500730    0.565596
 2660.114010    0.590129
 2660.725830    0.615520
 2661.339360    0.641926
 2661.951660    0.669252
 2662.565430    0.697646
 2663.177980    0.727013
 2663.790530    0.757437
 2664.404790    0.789038
 2665.017820    0.821695
 2665.632320    0.855584
 2666.245610    0.890588
 2666.860350    0.926892
 2667.473880    0.964371
 2668.089110    1.003235
 2668.702880    1.043320
 2669.316890    1.084764
 2669.932370    1.127691
 2670.546630    1.171946
 2671.162350    1.217758
 2671.776860    1.264962
 2672.393070    1.313819
 2673.007810    1.364113
 2673.622560    1.415995
 2674.239260    1.469668
 2674.854490    1.524877
 2675.471190    1.581917
 2676.086670    1.640575
 2676.703860    1.701171
 2677.319580    1.763428
 2677.935550    1.827549
 2678.552980    1.893703
 2679.169190    1.961641
 2679.786870    2.031695
 2680.403560    2.103624
 2681.021480    2.177721
 2681.638430    2.253758
 2682.255370    2.331884
 2682.873780    2.412329
 2683.490970    2.494774
 2684.109860    2.579648
 2684.727290    2.666551
 2685.346440    2.755960
 2685.964110    2.847452
 2686.582030    2.941302
 2687.201660    3.037776
 2687.819820    3.136408
 2688.439450    3.237695
 2689.057860    3.341226
 2689.677980    3.447523
 2690.296880    3.556110
 2690.915770    3.667221
 2691.536380    3.781194
 2692.155270    3.897425
 2692.776370    4.016671
 2693.395750    4.138206
 2694.016850    4.262718
 2694.636720    4.389639
 2695.256590    4.519229
 2695.877930    4.651814
 2696.498050    4.786839
 2697.119870    4.924952
 2697.740480    5.065516
 2698.362550    5.209148
 2698.983400    5.355234
 2699.604250    5.504058
 2700.226810    5.656040
 2700.847900    5.810408
 2701.470700    5.967947
 2702.092040    6.127853
 2702.715330    6.291001
 2703.337160    6.456490
 2703.958980    6.624687
 2704.582520    6.796053
 2705.204830    6.969769
 2705.828370    7.146496
 2706.450930    7.325591
 2707.074950    7.507737
 2707.697750    7.692122
 2708.320800    7.879147
 2708.945310    8.069154
 2709.568360    8.261217
 2710.193360    8.456356
 2710.816650    8.653387
 2711.441890    8.853426
 2712.065670    9.055335
 2712.689450    9.259532
 2713.314940    9.466532
 2713.939210    9.675314
 2714.565190    9.886803
 2715.189450    10.099781
 2715.815670    10.315435
 2716.440430    10.532524
 2717.066890    10.752082
 2717.691890    10.972925
 2718.317140    11.195574
 2718.943850    11.420395
 2719.569340    11.646339
 2720.196530    11.874386
 2720.822270    12.103294
 2721.449710    12.334134
 2722.075680    12.565645
 2722.702150    12.798454
 2723.329830    13.032736
 2723.956300    13.267479
 2724.584470    13.503677
 2725.211430    13.740126
 2725.839600    13.977633
 2726.466800    14.215260
 2727.093990    14.453260
 2727.722900    14.692169
 2728.350340    14.930659
 2728.979490    15.169821
 2729.607420    15.408415
 2730.236820    15.647337
 2730.864750    15.885351
 2731.493160    16.123066
 2732.122800    16.360632
 2732.751460    16.597086
 2733.381590    16.833210
 2734.010500    17.067867
 2734.640870    17.301922
 2735.270020    17.534239
 2735.899410    17.765224
 2736.530270    17.995184
 2737.159670    18.222912
 2737.790770    18.449413
 2738.420650    18.673496
 2739.052250    18.896057
 2739.682370    19.115841
 2740.312500    19.333221
 2740.944340    19.548641
 2741.575200    19.761040
 2742.207280    19.971018
 2742.838130    20.177620
 2743.470460    20.381592
 2744.101560    20.581922
 2744.732910    20.778954
 2745.365970    20.972984
 2745.997310    21.162844
 2746.630860    21.349562
 2747.262700    21.531856
 2747.896000    21.710516
 2748.528080    21.884653
 2749.160640    22.054623
 2749.794430    22.220482
 2750.427000    22.381468
 2751.061280    22.538212
 2751.694090    22.689806
 2752.328610    22.836899
 2752.961910    22.978699
 2753.595210    23.115383
 2754.230220    23.247202
 2754.863770    23.373392
 2755.499020    23.494494
 2756.132810    23.609798
 2756.768550    23.719841
 2757.402590    23.823895
 2758.036870    23.922226
 2758.673100    24.014988
 2759.307620    24.101582
 2759.943850    24.182398
 2760.578860    24.256996
 2761.215330    24.325636
 2761.850590    24.387962
 2762.487550    24.444214
 2763.123050    24.494060
 2763.758790    24.537613
 2764.396000    24.574898
 2765.031980    24.605722
 2765.669430    24.630196
 2766.305910    24.648188
 2766.943600    24.659746
 2767.580320    24.664820
 2768.216800    24.663431
 2768.855220    24.655544
 2769.492190    24.641203
 2770.130860    24.620342
 2770.768070    24.593082
 2771.407230    24.559282
 2772.044680    24.519169
 2772.682130    24.472687
 2773.321780    24.419676
 2773.959720    24.360500
 2774.599370    24.294888
 2775.237550    24.223208
 2775.877690    24.145130
 2776.516360    24.061123
 2777.155030    23.971081
 2777.795170    23.874847
 2778.434330    23.772854
 2779.074950    23.664791
 2779.714360    23.551182
 2780.355470    23.431593
 2780.995120    23.306705
 2781.634770    23.176344
 2782.276120    23.040245
 2782.916260    22.899118
 2783.558110    22.752426
 2784.198490    22.601002
 2784.840330    22.444260
 2785.480960    22.282978
 2786.121830    22.116917
 2786.764400    21.945797
 2787.405270    21.770657
 2788.048100    21.590618
 2788.689450    21.406769
 2789.332520    21.218327
 2789.974370    21.026285
 2790.615970    20.830503
 2791.259770    20.630356
 2791.901610    20.427275
 2792.545410    20.220167
 2793.187990    20.010191
 2793.832030    19.796616
 2794.474850    19.580475
 2795.117680    19.361515
 2795.762210    19.139290
 2796.405520    18.914957
 2797.050290    18.687727
 2797.693600    18.458782
 2798.338870    18.227055
 2798.982420    17.994007
 2799.626460    17.758999
 2800.272220    17.521725
 2800.916260    17.283586
 2801.562260    17.043381
 2802.206790    16.802521
 2802.852780    16.560060
 2803.497560    16.317152
 2804.142580    16.073385
 2804.789310    15.828348
 2805.434330    15.583478
 2806.081300    15.337519
 2806.726810    15.091911
 2807.374020    14.845580
 2808.020020    14.599773
 2808.666020    14.354157
 2809.313480    14.108307
 2809.959960    13.863274
 2810.607910    13.618257
 2811.254390    13.374486
 2811.902830    13.130793
 2812.549560    12.888668
 2813.198240    12.646856
 2813.845210    12.406836
 2814.492680    12.167890
 2815.141600    11.929772
 2815.789310    11.693569
 2816.438720    11.458314
 2817.086430    11.225338
 2817.736080    10.993418
 2818.384520    10.763777
 2819.032710    10.536150
 2819.682620    10.309941
 2820.331300    10.086247
 2820.981930    9.864056
 2821.630620    9.644772
 2822.281490    9.427062
 2822.930660    9.212302
 2823.580080    8.999899
 2824.231200    8.789443
 2824.880860    8.582019
 2825.532230    8.376662
 2826.182370    8.174352
 2826.833980    7.974298
 2827.484380    7.777369
 2828.134770    7.583225
 2828.786870    7.391404
 2829.437740    7.202803
 2830.090090    7.016675
 2830.741210    6.833812
 2831.394040    6.653419
 2832.045410    6.476397
 2832.697020    6.302287
 2833.350100    6.130791
 2834.001950    5.962626
 2834.655520    5.797050
 2835.307620    5.634874
 2835.961180    5.475372
 2836.613770    5.319146
 2837.266360    5.165953
 2837.920410    5.015454
 2838.573490    4.868209
 2839.228030    4.723661
 2839.881100    4.582449
 2840.535890    4.443872
 2841.189450    4.308538
 2841.843020    4.176171
 2842.498540    4.046370
 2843.152340    3.919837
 2843.807860    3.795893
 2844.462160    3.675066
 2845.118160    3.556795
 2845.772710    3.441626
 2846.427250    3.329262
 2847.083740    3.219350
 2847.738770    3.112435
 2848.395260    3.008003
 2849.050540    2.906452
 2849.707760    2.807257
 2850.363280    2.710937
 2851.018800    2.617193
 2851.676270    2.525720
 2852.332280    2.436956
 2852.989990    2.350437
 2853.646480    2.266507
 2854.304440    2.184785
 2854.960940    2.105593
 2855.617920    2.028649
 2856.276370    1.953807
 2856.933350    1.881356
 2857.592290    1.810881
 2858.249760    1.742704
 2858.908940    1.676456
 2859.566650    1.612412
 2860.224370    1.550382
 2860.883790    1.490166
 2861.541750    1.432014
 2862.201900    1.375559
 2862.860350    1.321096
 2863.520510    1.268299
 2864.179200    1.217381
 2864.839840    1.168034
 2865.498780    1.120492
 2866.157960    1.074566
 2866.818850    1.030121
 2867.478520    0.987311
 2868.139650    0.945924
 2868.799320    0.906102
 2869.460940    0.867600
 2870.121090    0.830580
 2870.781490    0.794902
 2871.443360    0.760468
 2872.103760    0.727389
 2872.766360    0.695450
 2873.427000    0.664812
 2874.089600    0.635260
 2874.750730    0.606910
 2875.412110    0.579651
 2876.075440    0.553385
 2876.736820    0.528230
 2877.400390    0.503997
 2878.062260    0.480798
 2878.725830    0.458480
 2879.388180    0.437112
 2880.050540    0.416621
 2880.714600    0.396929
 2881.377440    0.378094
 2882.041750    0.360010
 2882.704830    0.342725
 2883.369380    0.326140
 2884.032960    0.310293
 2884.696530    0.295132
 2885.361330    0.280604
 2886.025390    0.266731
 2886.690920    0.253443
 2887.354980    0.240775
 2888.020510    0.228648
 2888.685060    0.217087
 2889.349610    0.206052
 2890.015870    0.195495
 2890.680910    0.185443
 2891.347410    0.175838
 2892.012700    0.166697
 2892.679200    0.157972
 2893.344970    0.149669
 2894.010500    0.141765
 2894.677730    0.134220
 2895.343510    0.127056
 2896.011470    0.120217
 2896.677490    0.113733
 2897.345460    0.107550
 2898.011960    0.101686
 2898.678960    0.096110
 2899.347170    0.090804
 2900.014160    0.085775
 2900.682860    0.080990
 2901.350100    0.076459
 2902.019530    0.072147
 2902.687010    0.068070
 2903.354740    0.064204
 2904.024410    0.060529
 2904.692380    0.057056
 2905.361820    0.053761
 2906.030520    0.050644
 2906.700680    0.047688
 2907.369140    0.044898
 2908.038090    0.042257
 2908.708500    0.039755
 2909.377930    0.037394
 2910.048830    0.035157
 2910.718260    0.033050
 2911.389650    0.031054
 2912.059330    0.029175
 2912.729250    0.027400
 2913.400630    0.025723
 2914.070800    0.024144
 2914.742920    0.022652
 2915.413570    0.021248
 2916.085690    0.019922
 2916.756590    0.018676
 2917.429200    0.017500
 2918.100340    0.016396
 2918.771730    0.015356
 2919.444580    0.014377
 2920.116210    0.013456
 2920.789550    0.012589
 2921.461670    0.011777
 2922.135500    0.011011
 2922.807370    0.010295
 2923.479740    0.009622
 2924.154050    0.008987
 2924.826660    0.008394
 2925.500980    0.007837
 2926.174070    0.007315
 2926.848880    0.006824
 2927.522220    0.006367
 2928.195800    0.005938
 2928.870850    0.005534
 2929.544920    0.005157
 2930.220460    0.004805
 2930.894530    0.004475
 2931.570310    0.004166
 2932.244630    0.003878
 2932.919190    0.003609
 2933.595700    0.003356
 2934.270260    0.003121
 2934.947270    0.002901
 2935.622310    0.002696
 2936.299070    0.002504
 2936.974850    0.002326
 2937.650390    0.002160
 2938.327880    0.002005
 2939.003660    0.001860
 2939.681400    0.001725
 2940.357670    0.001599
 2941.035640    0.001483
 2941.712160    0.001374
 2942.389160    0.001273
 2943.067630    0.001179
 2943.744630    0.001091
 2944.423580    0.001010
 2945.100830    0.000935
 2945.780030    0.000864
 2946.457760    0.000799
 2947.135500    0.000739
 2947.815190    0.000683
 2948.493410    0.000630
 2949.173100    0.000583
 2949.851560    0.000538
 2950.531980    0.000496
 2951.210450    0.000458
 2951.889650    0.000422
 2952.570070    0.000389
 2953.249270    0.000359
 2953.930660    0.000331
 2954.610110    0.000304
 2955.291500    0.000280
 2955.971190    0.000258
 2956.651120    0.000237
 2957.333010    0.000218
 2958.013180    0.000201
 2958.695560    0.000185
 2959.376220    0.000170
 2960.058350    0.000156
 2960.739500    0.000143
 2961.420410    0.000132
 2962.103520    0.000121
 2962.784910    0.000111
 2963.468020    0.000102
 2964.149900    0.000093
 2964.833500    0.000086
 2965.515380    0.000078
 2966.197750    0.000072
 2966.881590    0.000066
 2967.564210    0.000060
 2968.248540    0.000055
 2968.931150    0.000051
 2969.615720    0.000046
 2970.299070    0.000042
 2970.984130    0.000038
 2971.667480    0.000035
 2972.351070    0.000032
 2973.036620    0.000030
 2973.720700    0.000027
 2974.406250    0.000025
 2975.090580    0.000022
 2975.776610    0.000020
 2976.461180    0.000018
 2977.146000    0.000017
 2977.832280    0.000015
 2978.517580    0.000014
 2979.204350    0.000012
 2979.889650    0.000011
 2980.576660    0.000010
 2981.262210    0.000010
 2981.948240    0.000009
 2982.635990    0.000008
 2983.322020    0.000008
 2984.010010    0.000007
 2984.696530    0.000006
 2985.384770    0.000006
 2986.071530    0.000005
 2986.758540    0.000005
 2987.447270    0.000004
 2988.134770    0.000004
 2988.823490    0.000003
 2989.510990    0.000003
 2990.200440    0.000003
 2990.888180    0.000003
 2991.576170    0.000002
 2992.266360    0.000002
 2992.954830    0.000002
 2993.644780    0.000002
 2994.333500    0.000002
 2995.023930    0.000001
 2995.713130    0.000001
 2996.402100    0.000001
 2997.093020    0.000001
 2997.782710    0.000001
 2998.473880    0.000001
 2999.163570    0.000001
 2999.855470    0.000001
 3000.545410    0.000001
 3001.235600    0.000001
 3001.927730    0.000001
 3002.618410    0.000000
 3003.310550    0.000000
 3004.001710    0.000000
 3004.694340    0.000000
 3005.385740    0.000000
 3006.076900    0.000000
 3006.770020    0.000000
 3007.461670    0.000000
 3008.155270    0.000000
 3008.847410    0.000000
 3009.541260    0.000000
 3010.233400    0.000000
 3010.926270    0.000000
 3011.620360    0.000000
 3012.313230    0.000000
 3013.007810    0.000000
 3013.700930    0.000000
 3014.395750    0.000000
 3015.089360    0.000000
 3015.783200    0.000000
 3016.478270    0.000000
 3017.172610    0.000000
 3017.868160    0.000000
 3018.562260    0.000000
 3019.258540    0.000000
 3019.952880    0.000000
 3020.647950    0.000000
 3021.344480    0.000000
 3022.039310    0.000000
 3022.736330    0.000000
 3023.431640    0.000000
 3024.128660    0.000000
 3024.824460    0.000000
 3025.522220    0.000000
 3026.218020    0.000000
 3026.914310    0.000000
 3027.612300    0.000000
 3028.308840    0.000000
 3029.007080    0.000000
 3029.703860    0.000000
 3030.402590    0.000000
 3031.099850    0.000000
 3031.797120    0.000000
 3032.496090    0.000000
 3033.193600    0.000000
 3033.893310    0.000000
 3034.591060    0.000000
 3035.290770    0.000000
 3035.989010    0.000000
 3036.687740    0.000000
 3037.387700    0.000000
 3038.086670    0.000000
 3038.787350    0.000000
 3039.486080    0.000000
 3040.187260    0.000000
 3040.886470    0.000000
 3041.586180    0.000000
 3042.287350    0.000000
 3042.987550    0.000000
 3043.689210    0.000000
 3044.389160    0.000000
 3045.091060    0.000000
 3045.791750    0.000000
 3046.492430    0.000000
 3047.194820    0.000000
 3047.896000    0.000000
 3048.598880    0.000000
 3049.300050    0.000000
