 2653.384280    0.208801
 2653.996340    0.220526
 2654.606690    0.232803
 2655.217290    0.245697
 2655.829830    0.259273
 2656.440670    0.273476
 2657.053220    0.288413
 2657.664550    0.304044
 2658.277340    0.320465
 2658.888920    0.337637
 2659.500730    0.355629
 2660.114010    0.374512
 2660.725830    0.394230
 2661.339360    0.414920
 2661.951660    0.436518
 2662.565430    0.459156
 2663.177980    0.482771
 2663.790530    0.507446
 2664.404790    0.533294
 2665.017820    0.560229
 2665.632320    0.588412
 2666.245610    0.617764
 2666.860350    0.648453
 2667.473880    0.680390
 2668.089110    0.713774
 2668.702880    0.748478
 2669.316890    0.784641
 2669.932370    0.822386
 2670.546630    0.861597
 2671.162350    0.902495
 2671.776860    0.944952
 2672.393070    0.989222
 2673.007810    1.035126
 2673.622560    1.082821
 2674.239260    1.132517
 2674.854490    1.183994
 2675.471190    1.237550
 2676.086670    1.293005
 2676.703860    1.350679
 2677.319580    1.410334
 2677.935550    1.472179
 2678.552980    1.536404
 2679.169190    1.602783
 2679.786870    1.671664
 2680.403560    1.742832
 2681.021480    1.816596
 2681.638430    1.892752
 2682.255370    1.971467
 2682.873780    2.052994
 2683.490970    2.137034
 2684.109860    2.224043
 2684.727290    2.313630
 2685.346440    2.406309
 2685.964110    2.501660
 2686.582030    2.599989
 2687.201660    2.701592
 2687.819820    2.806003
 2688.439450    2.913763
 2689.057860    3.024452
 2689.677980    3.138648
 2690.296880    3.255857
 2690.915770    3.376342
 2691.536380    3.500493
 2692.155270    3.627664
 2692.776370    3.758698
 2693.395750    3.892810
 2694.016850    4.030775
 2694.636720    4.171974
 2695.256590    4.316705
 2695.877930    4.465345
 2696.498050    4.617280
 2697.119870    4.773250
 2697.740480    4.932539
 2698.362550    5.095856
 2698.983400    5.262506
 2699.604250    5.432815
 2700.226810    5.607267
 2700.847900    5.784978
 2701.470700    5.966853
 2702.092040    6.151959
 2702.715330    6.341308
 2703.337160    6.533849
 2703.958980    6.730004
 2704.582520    6.930300
 2705.204830    7.133774
 2705.828370    7.341189
 2706.450930    7.551779
 2707.074950    7.766330
 2707.697750    7.983875
 2708.320800    8.204864
 2708.945310    8.429686
 2709.568360    8.657223
 2710.193360    8.888660
 2710.816650    9.122572
 2711.441890    9.360255
 2712.065670    9.600330
 2712.689450    9.843265
 2713.314940    10.089638
 2713.939210    10.338203
 2714.565190    10.590026
 2715.189450    10.843619
 2715.815670    11.100361
 2716.440430    11.358727
 2717.066890    11.619910
 2717.691890    11.882456
 2718.317140    12.146939
 2718.943850    12.413747
 2719.569340    12.681589
 2720.196530    12.951570
 2720.822270    13.222170
 2721.449710    13.494603
 2722.075680    13.767324
 2722.702150    14.041017
 2723.329830    14.315826
 2723.956300    14.590509
 2724.584470    14.866167
 2725.211430    15.141329
 2725.839600    15.416876
 2726.466800    15.691653
 2727.093990    15.965895
 2727.722900    16.240143
 2728.350340    16.512814
 2728.979490    16.785080
 2729.607420    17.055464
 2730.236820    17.324915
 2730.864750    17.591967
 2731.493160    17.857243
 2732.122800    18.120827
 2732.751460    18.381588
 2733.381590    18.640316
 2734.010500    18.895691
 2734.640870    19.148586
 2735.270020    19.397701
 2735.899410    19.643415
 2736.530270    19.885971
 2737.159670    20.124027
 2737.790770    20.358572
 2738.420650    20.588297
 2739.052250    20.814056
 2739.682370    21.034508
 2740.312500    21.249977
 2740.944340    21.460823
 2741.575200    21.665943
 2742.207280    21.865854
 2742.838130    22.059593
 2743.470460    22.247795
 2744.101560    22.429474
 2744.732910    22.604887
 2745.365970    22.774242
 2745.997310    22.936459
 2746.630860    23.092367
 2747.262700    23.240845
 2747.896000    23.382492
 2748.528080    23.516562
 2749.160640    23.643292
 2749.794430    23.762669
 2750.427000    23.874115
 2751.061280    23.978018
 2751.694090    24.073749
 2752.328610    24.161686
 2752.961910    24.241316
 2753.595210    24.312742
 2754.230220    24.376043
 2754.863770    24.430830
 2755.499020    24.477322
 2756.132810    24.515225
 2756.768550    24.544697
 2757.402590    24.565533
 2758.036870    24.577801
 2758.673100    24.581478
 2759.307620    24.576538
 2759.943850    24.562954
 2760.578860    24.540793
 2761.215330    24.509979
 2761.850590    24.470673
 2762.487550    24.422718
 2763.123050    24.366407
 2763.758790    24.301662
 2764.396000    24.228401
 2765.031980    24.146999
 2765.669430    24.057192
 2766.305910    23.959412
 2766.943600    23.853414
 2767.580320    23.739674
 2768.216800    23.618193
 2768.855220    23.488655
 2769.492190    23.351872
 2770.130860    23.207296
 2770.768070    23.055798
 2771.407230    22.896700
 2772.044680    22.731079
 2772.682130    22.558681
 2773.321780    22.379055
 2773.959720    22.193462
 2774.599370    22.001099
 2775.237550    21.803104
 2775.877690    21.598606
 2776.516360    21.388887
 2777.155030    21.173691
 2777.795170    20.952713
 2778.434330    20.726997
 2779.074950    20.495899
 2779.714360    20.260593
 2780.355470    20.020218
 2780.995120    19.776188
 2781.634770    19.528179
 2782.276120    19.275742
 2782.916260    19.020247
 2783.558110    18.760754
 2784.198490    18.498772
 2784.840330    18.233334
 2785.480960    17.965773
 2786.121830    17.695715
 2786.764400    17.422760
 2787.405270    17.148586
 2788.048100    16.871855
 2788.689450    16.594254
 2789.332520    16.314634
 2789.974370    16.034491
 2790.615970    15.753613
 2791.259770    15.471148
 2791.901610    15.189127
 2792.545410    14.906040
 2793.187990    14.623491
 2793.832030    14.340501
 2794.474850    14.058445
 2795.117680    13.776981
 2795.762210    13.495552
 2796.405520    13.215622
 2797.050290    12.936204
 2797.693600    12.658743
 2798.338870    12.381936
 2798.982420    12.107519
 2799.626460    11.834711
 2800.272220    11.563158
 2800.916260    11.294444
 2801.562260    11.027188
 2802.206790    10.762943
 2802.852780    10.500641
 2803.497560    10.241498
 2804.142580    9.985039
 2804.789310    9.730808
 2805.434330    9.480257
 2806.081300    9.232068
 2806.726810    8.987652
 2807.374020    8.745900
 2808.020020    8.507993
 2808.666020    8.273550
 2809.313480    8.042126
 2809.959960    7.814662
 2810.607910    7.590367
 2811.254390    7.370309
 2811.902830    7.153380
 2812.549560    6.940850
 2813.198240    6.731558
 2813.845210    6.526721
 2814.492680    6.325661
 2815.141600    6.128116
 2815.789310    5.934923
 2816.438720    5.745228
 2817.086430    5.560037
 2817.736080    5.378309
 2818.384520    5.200939
 2819.032710    5.027643
 2819.682620    4.857901
 2820.331300    4.692471
 2820.981930    4.530535
 2821.630620    4.373042
 2822.281490    4.218964
 2822.930660    4.069202
 2823.580080    3.923263
 2824.231200    3.780798
 2824.880860    3.642470
 2825.532230    3.507564
 2826.182370    3.376648
 2826.833980    3.249141
 2827.484380    3.125520
 2828.134770    3.005496
 2828.786870    2.888714
 2829.437740    2.775651
 2830.090090    2.665786
 2830.741210    2.559516
 2831.394040    2.456310
 2832.045410    2.356611
 2832.697020    2.260088
 2833.350100    2.166510
 2834.001950    2.076201
 2834.655520    1.988696
 2835.307620    1.904356
 2835.961180    1.822738
 2836.613770    1.744084
 2837.266360    1.668205
 2837.920410    1.594875
 2838.573490    1.524303
 2839.228030    1.456163
 2839.881100    1.390694
 2840.535890    1.327513
 2841.189450    1.266841
 2841.843020    1.208491
 2842.498540    1.152236
 2843.152340    1.098327
 2843.807860    1.046417
 2844.462160    0.996678
 2845.118160    0.948828
 2845.772710    0.903036
 2846.427250    0.859134
 2847.083740    0.816937
 2847.738770    0.776610
 2848.395260    0.737913
 2849.050540    0.700949
 2849.707760    0.665483
 2850.363280    0.631661
 2851.018800    0.599334
 2851.676270    0.568357
 2852.332280    0.538844
 2852.989990    0.510599
 2853.646480    0.483702
 2854.304440    0.457994
 2854.960940    0.433541
 2855.617920    0.410223
 2856.276370    0.387965
 2856.933350    0.366822
 2857.592290    0.346642
 2858.249760    0.327491
 2858.908940    0.309235
 2859.566650    0.291923
 2860.224370    0.275476
 2860.883790    0.259819
 2861.541750    0.244990
 2862.201900    0.230876
 2862.860350    0.217525
 2863.520510    0.204837
 2864.179200    0.192842
 2864.839840    0.181448
 2865.498780    0.170690
 2866.157960    0.160503
 2866.818850    0.150845
 2867.478520    0.141729
 2868.139650    0.133096
 2868.799320    0.124958
 2869.460940    0.117251
 2870.121090    0.109994
 2870.781490    0.103144
 2871.443360    0.096669
 2872.103760    0.090580
 2872.766360    0.084824
 2873.427000    0.079418
 2874.089600    0.074314
 2874.750730    0.069522
 2875.412110    0.065012
 2876.075440    0.060760
 2876.736820    0.056774
 2877.400390    0.053019
 2878.062260    0.049501
 2878.725830    0.046191
 2879.388180    0.043092
 2880.050540    0.040185
 2880.714600    0.037453
 2881.377440    0.034898
 2882.041750    0.032499
 2882.704830    0.030258
 2883.369380    0.028156
 2884.032960    0.026193
 2884.696530    0.024357
 2885.361330    0.022638
 2886.025390    0.021034
 2886.690920    0.019533
 2887.354980    0.018135
 2888.020510    0.016829
 2888.685060    0.015611
 2889.349610    0.014476
 2890.015870    0.013416
 2890.680910    0.012430
 2891.347410    0.011511
 2892.012700    0.010657
 2892.679200    0.009861
 2893.344970    0.009122
 2894.010500    0.008435
 2894.677730    0.007795
 2895.343510    0.007202
 2896.011470    0.006650
 2896.677490    0.006140
 2897.345460    0.005665
 2898.011960    0.005225
 2898.678960    0.004818
 2899.347170    0.004440
 2900.014160    0.004090
 2900.682860    0.003767
 2901.350100    0.003468
 2902.019530    0.003190
 2902.687010    0.002934
 2903.354740    0.002698
 2904.024410    0.002479
 2904.692380    0.002277
 2905.361820    0.002091
 2906.030520    0.001920
 2906.700680    0.001760
 2907.369140    0.001615
 2908.038090    0.001480
 2908.708500    0.001356
 2909.377930    0.001243
 2910.048830    0.001138
 2910.718260    0.001041
 2911.389650    0.000953
 2912.059330    0.000871
 2912.729250    0.000796
 2913.400630    0.000728
 2914.070800    0.000665
 2914.742920    0.000607
 2915.413570    0.000553
 2916.085690    0.000504
 2916.756590    0.000461
 2917.429200    0.000420
 2918.100340    0.000382
 2918.771730    0.000348
 2919.444580    0.000317
 2920.116210    0.000288
 2920.789550    0.000262
 2921.461670    0.000238
 2922.135500    0.000216
 2922.807370    0.000196
 2923.479740    0.000178
 2924.154050    0.000162
 2924.826660    0.000147
 2925.500980    0.000134
 2926.174070    0.000121
 2926.848880    0.000110
 2927.522220    0.000099
 2928.195800    0.000090
 2928.870850    0.000081
 2929.544920    0.000073
 2930.220460    0.000067
 2930.894530    0.000060
 2931.570310    0.000054
 2932.244630    0.000049
 2932.919190    0.000044
 2933.595700    0.000040
 2934.270260    0.000036
 2934.947270    0.000032
 2935.622310    0.000030
 2936.299070    0.000027
 2936.974850    0.000024
 2937.650390    0.000021
 2938.327880    0.000019
 2939.003660    0.000017
 2939.681400    0.000015
 2940.357670    0.000014
 2941.035640    0.000012
 2941.712160    0.000011
 2942.389160    0.000010
 2943.067630    0.000010
 2943.744630    0.000009
 2944.423580    0.000008
 2945.100830    0.000007
 2945.780030    0.000006
 2946.457760    0.000005
 2947.135500    0.000005
 2947.815190    0.000004
 2948.493410    0.000004
 2949.173100    0.000004
 2949.851560    0.000003
 2950.531980    0.000003
 2951.210450    0.000002
 2951.889650    0.000002
 2952.570070    0.000002
 2953.249270    0.000002
 2953.930660    0.000002
 2954.610110    0.000001
 2955.291500    0.000001
 2955.971190    0.000001
 2956.651120    0.000001
 2957.333010    0.000001
 2958.013180    0.000001
 2958.695560    0.000001
 2959.376220    0.000001
 2960.058350    0.000001
 2960.739500    0.000000
 2961.420410    0.000000
 2962.103520    0.000000
 2962.784910    0.000000
 2963.468020    0.000000
 2964.149900    0.000000
 2964.833500    0.000000
 2965.515380    0.000000
 2966.197750    0.000000
 2966.881590    0.000000
 2967.564210    0.000000
 2968.248540    0.000000
 2968.931150    0.000000
 2969.615720    0.000000
 2970.299070    0.000000
 2970.984130    0.000000
 2971.667480    0.000000
 2972.351070    0.000000
 2973.036620    0.000000
 2973.720700    0.000000
 2974.406250    0.000000
 2975.090580    0.000000
 2975.776610    0.000000
 2976.461180    0.000000
 2977.146000    0.000000
 2977.832280    0.000000
 2978.517580    0.000000
 2979.204350    0.000000
 2979.889650    0.000000
 2980.576660    0.000000
 2981.262210    0.000000
 2981.948240    0.000000
 2982.635990    0.000000
 2983.322020    0.000000
 2984.010010    0.000000
 2984.696530    0.000000
 2985.384770    0.000000
 2986.071530    0.000000
 2986.758540    0.000000
 2987.447270    0.000000
 2988.134770    0.000000
 2988.823490    0.000000
 2989.510990    0.000000
 2990.200440    0.000000
 2990.888180    0.000000
 2991.576170    0.000000
 2992.266360    0.000000
 2992.954830    0.000000
 2993.644780    0.000000
 2994.333500    0.000000
 2995.023930    0.000000
 2995.713130    0.000000
 2996.402100    0.000000
 2997.093020    0.000000
 2997.782710    0.000000
 2998.473880    0.000000
 2999.163570    0.000000
 2999.855470    0.000000
 3000.545410    0.000000
 3001.235600    0.000000
 3001.927730    0.000000
 3002.618410    0.000000
 3003.310550    0.000000
 3004.001710    0.000000
 3004.694340    0.000000
 3005.385740    0.000000
 3006.076900    0.000000
 3006.770020    0.000000
 3007.461670    0.000000
 3008.155270    0.000000
 3008.847410    0.000000
 3009.541260    0.000000
 3010.233400    0.000000
 3010.926270    0.000000
 3011.620360    0.000000
 3012.313230    0.000000
 3013.007810    0.000000
 3013.700930    0.000000
 3014.395750    0.000000
 3015.089360    0.000000
 3015.783200    0.000000
 3016.478270    0.000000
 3017.172610    0.000000
 3017.868160    0.000000
 3018.562260    0.000000
 3019.258540    0.000000
 3019.952880    0.000000
 3020.647950    0.000000
 3021.344480    0.000000
 3022.039310    0.000000
 3022.736330    0.000000
 3023.431640    0.000000
 3024.128660    0.000000
 3024.824460    0.000000
 3025.522220    0.000000
 3026.218020    0.000000
 3026.914310    0.000000
 3027.612300    0.000000
 3028.308840    0.000000
 3029.007080    0.000000
 3029.703860    0.000000
 3030.402590    0.000000
 3031.099850    0.000000
 3031.797120    0.000000
 3032.496090    0.000000
 3033.193600    0.000000
 3033.893310    0.000000
 3034.591060    0.000000
 3035.290770    0.000000
 3035.989010    0.000000
 3036.687740    0.000000
 3037.387700    0.000000
 3038.086670    0.000000
 3038.787350    0.000000
 3039.486080    0.000000
 3040.187260    0.000000
 3040.886470    0.000000
 3041.586180    0.000000
 3042.287350    0.000000
 3042.987550    0.000000
 3043.689210    0.000000
 3044.389160    0.000000
 3045.091060    0.000000
 3045.791750    0.000000
 3046.492430    0.000000
 3047.194820    0.000000
 3047.896000    0.000000
 3048.598880    0.000000
 3049.300050    0.000000
