 2653.384280    0.000005
 2653.996340    0.000006
 2654.606690    0.000007
 2655.217290    0.000009
 2655.829830    0.000010
 2656.440670    0.000013
 2657.053220    0.000017
 2657.664550    0.000021
 2658.277340    0.000026
 2658.888920    0.000032
 2659.500730    0.000039
 2660.114010    0.000048
 2660.725830    0.000058
 2661.339360    0.000072
 2661.951660    0.000086
 2662.565430    0.000104
 2663.177980    0.000126
 2663.790530    0.000151
 2664.404790    0.000180
 2665.017820    0.000215
 2665.632320    0.000255
 2666.245610    0.000302
 2666.860350    0.000357
 2667.473880    0.000420
 2668.089110    0.000492
 2668.702880    0.000575
 2669.316890    0.000669
 2669.932370    0.000777
 2670.546630    0.000899
 2671.162350    0.001039
 2671.776860    0.001194
 2672.393070    0.001369
 2673.007810    0.001563
 2673.622560    0.001780
 2674.239260    0.002020
 2674.854490    0.002284
 2675.471190    0.002576
 2676.086670    0.002893
 2676.703860    0.003242
 2677.319580    0.003618
 2677.935550    0.004026
 2678.552980    0.004466
 2679.169190    0.004936
 2679.786870    0.005440
 2680.403560    0.005974
 2681.021480    0.006539
 2681.638430    0.007134
 2682.255370    0.007759
 2682.873780    0.008411
 2683.490970    0.009089
 2684.109860    0.009789
 2684.727290    0.010509
 2685.346440    0.011249
 2685.964110    0.011999
 2686.582030    0.012760
 2687.201660    0.013530
 2687.819820    0.014299
 2688.439450    0.015069
 2689.057860    0.015831
 2689.677980    0.016586
 2690.296880    0.017326
 2690.915770    0.018050
 2691.536380    0.018756
 2692.155270    0.019440
 2692.776370    0.020103
 2693.395750    0.020741
 2694.016850    0.021358
 2694.636720    0.021954
 2695.256590    0.022532
 2695.877930    0.023101
 2696.498050    0.023664
 2697.119870    0.024231
 2697.740480    0.024811
 2698.362550    0.025420
 2698.983400    0.026071
 2699.604250    0.026783
 2700.226810    0.027579
 2700.847900    0.028481
 2701.470700    0.029519
 2702.092040    0.030720
 2702.715330    0.032126
 2703.337160    0.033770
 2703.958980    0.035697
 2704.582520    0.037965
 2705.204830    0.040616
 2705.828370    0.043722
 2706.450930    0.047340
 2707.074950    0.051561
 2707.697750    0.056449
 2708.320800    0.062105
 2708.945310    0.068650
 2709.568360    0.076165
 2710.193360    0.084821
 2710.816650    0.094710
 2711.441890    0.106051
 2712.065670    0.118961
 2712.689450    0.133661
 2713.314940    0.150420
 2713.939210    0.169409
 2714.565190    0.190993
 2715.189450    0.215362
 2715.815670    0.242998
 2716.440430    0.274133
 2717.066890    0.309345
 2717.691890    0.348918
 2718.317140    0.393454
 2718.943850    0.443617
 2719.569340    0.499804
 2720.196530    0.562950
 2720.822270    0.633459
 2721.449710    0.712470
 2722.075680    0.800422
 2722.702150    0.898458
 2723.329830    1.007680
 2723.956300    1.128662
 2724.584470    1.263035
 2725.211430    1.411274
 2725.839600    1.575088
 2726.466800    1.755062
 2727.093990    1.952606
 2727.722900    2.169503
 2728.350340    2.405832
 2728.979490    2.663937
 2729.607420    2.943731
 2730.236820    3.247454
 2730.864750    3.574634
 2731.493160    3.927065
 2732.122800    4.305971
 2732.751460    4.710598
 2733.381590    5.142930
 2734.010500    5.601318
 2734.640870    6.087693
 2735.270020    6.599715
 2735.899410    7.137969
 2736.530270    7.702771
 2737.159670    8.290380
 2737.790770    8.902339
 2738.420650    9.534090
 2739.052250    10.186528
 2739.682370    10.854006
 2740.312500    11.535331
 2740.944340    12.229404
 2741.575200    12.930017
 2742.207280    13.636053
 2742.838130    14.341003
 2743.470460    15.043859
 2744.101560    15.737465
 2744.732910    16.419147
 2745.365970    17.086021
 2745.997310    17.730045
 2746.630860    18.350718
 2747.262700    18.939795
 2747.896000    19.495953
 2748.528080    20.012688
 2749.160640    20.487545
 2749.794430    20.917227
 2750.427000    21.296715
 2751.061280    21.624680
 2751.694090    21.896814
 2752.328610    22.112236
 2752.961910    22.268120
 2753.595210    22.363644
 2754.230220    22.398022
 2754.863770    22.370747
 2755.499020    22.281856
 2756.132810    22.132465
 2756.768550    21.922909
 2757.402590    21.656035
 2758.036870    21.333359
 2758.673100    20.956287
 2759.307620    20.529922
 2759.943850    20.055286
 2760.578860    19.538136
 2761.215330    18.980167
 2761.850590    18.387829
 2762.487550    17.762650
 2763.123050    17.112133
 2763.758790    16.439083
 2764.396000    15.746622
 2765.031980    15.042131
 2765.669430    14.327032
 2766.305910    13.608335
 2766.943600    12.887684
 2767.580320    12.171484
 2768.216800    11.462595
 2768.855220    10.762045
 2769.492190    10.076761
 2770.130860    9.406213
 2770.768070    8.756298
 2771.407230    8.125801
 2772.044680    7.520267
 2772.682130    6.939573
 2773.321780    6.383131
 2773.959720    5.855343
 2774.599370    5.354066
 2775.237550    4.882203
 2775.877690    4.437398
 2776.516360    4.021953
 2777.155030    3.634497
 2777.795170    3.273711
 2778.434330    2.940307
 2779.074950    2.632190
 2779.714360    2.349689
 2780.355470    2.090455
 2780.995120    1.854618
 2781.634770    1.640337
 2782.276120    1.445853
 2782.916260    1.270786
 2783.558110    1.113054
 2784.198490    0.972154
 2784.840330    0.846167
 2785.480960    0.734389
 2786.121830    0.635338
 2786.764400    0.547693
 2787.405270    0.470829
 2788.048100    0.403276
 2788.689450    0.344437
 2789.332520    0.293115
 2789.974370    0.248715
 2790.615970    0.210378
 2791.259770    0.177271
 2791.901610    0.148969
 2792.545410    0.124712
 2793.187990    0.104101
 2793.832030    0.086576
 2794.474850    0.071792
 2795.117680    0.059337
 2795.762210    0.048856
 2796.405520    0.040109
 2797.050290    0.032804
 2797.693600    0.026753
 2798.338870    0.021733
 2798.982420    0.017606
 2799.626460    0.014213
 2800.272220    0.011428
 2800.916260    0.009164
 2801.562260    0.007319
 2802.206790    0.005829
 2802.852780    0.004623
 2803.497560    0.003657
 2804.142580    0.002883
 2804.789310    0.002263
 2805.434330    0.001772
 2806.081300    0.001382
 2806.726810    0.001074
 2807.374020    0.000832
 2808.020020    0.000642
 2808.666020    0.000494
 2809.313480    0.000379
 2809.959960    0.000289
 2810.607910    0.000220
 2811.254390    0.000167
 2811.902830    0.000126
 2812.549560    0.000095
 2813.198240    0.000072
 2813.845210    0.000053
 2814.492680    0.000040
 2815.141600    0.000030
 2815.789310    0.000022
 2816.438720    0.000016
 2817.086430    0.000011
 2817.736080    0.000009
 2818.384520    0.000007
 2819.032710    0.000005
 2819.682620    0.000003
 2820.331300    0.000003
 2820.981930    0.000002
 2821.630620    0.000001
 2822.281490    0.000001
 2822.930660    0.000001
 2823.580080    0.000000
 2824.231200    0.000000
 2824.880860    0.000000
 2825.532230    0.000000
 2826.182370    0.000000
 2826.833980    0.000000
 2827.484380    0.000000
 2828.134770    0.000000
 2828.786870    0.000000
 2829.437740    0.000000
 2830.090090    0.000000
 2830.741210    0.000000
 2831.394040    0.000000
 2832.045410    0.000000
 2832.697020    0.000000
 2833.350100    0.000000
 2834.001950    0.000000
 2834.655520    0.000000
 2835.307620    0.000000
 2835.961180    0.000000
 2836.613770    0.000000
 2837.266360    0.000000
 2837.920410    0.000000
 2838.573490    0.000000
 2839.228030    0.000000
 2839.881100    0.000000
 2840.535890    0.000000
 2841.189450    0.000000
 2841.843020    0.000000
 2842.498540    0.000000
 2843.152340    0.000000
 2843.807860    0.000000
 2844.462160    0.000000
 2845.118160    0.000000
 2845.772710    0.000000
 2846.427250    0.000000
 2847.083740    0.000000
 2847.738770    0.000000
 2848.395260    0.000000
 2849.050540    0.000000
 2849.707760    0.000000
 2850.363280    0.000000
 2851.018800    0.000000
 2851.676270    0.000000
 2852.332280    0.000000
 2852.989990    0.000000
 2853.646480    0.000000
 2854.304440    0.000000
 2854.960940    0.000000
 2855.617920    0.000000
 2856.276370    0.000000
 2856.933350    0.000000
 2857.592290    0.000000
 2858.249760    0.000000
 2858.908940    0.000000
 2859.566650    0.000000
 2860.224370    0.000000
 2860.883790    0.000000
 2861.541750    0.000000
 2862.201900    0.000000
 2862.860350    0.000000
 2863.520510    0.000000
 2864.179200    0.000000
 2864.839840    0.000000
 2865.498780    0.000000
 2866.157960    0.000000
 2866.818850    0.000000
 2867.478520    0.000000
 2868.139650    0.000000
 2868.799320    0.000000
 2869.460940    0.000000
 2870.121090    0.000000
 2870.781490    0.000000
 2871.443360    0.000000
 2872.103760    0.000000
 2872.766360    0.000000
 2873.427000    0.000000
 2874.089600    0.000000
 2874.750730    0.000000
 2875.412110    0.000000
 2876.075440    0.000000
 2876.736820    0.000000
 2877.400390    0.000000
 2878.062260    0.000000
 2878.725830    0.000000
 2879.388180    0.000000
 2880.050540    0.000000
 2880.714600    0.000000
 2881.377440    0.000000
 2882.041750    0.000000
 2882.704830    0.000000
 2883.369380    0.000000
 2884.032960    0.000000
 2884.696530    0.000000
 2885.361330    0.000000
 2886.025390    0.000000
 2886.690920    0.000000
 2887.354980    0.000000
 2888.020510    0.000000
 2888.685060    0.000000
 2889.349610    0.000000
 2890.015870    0.000000
 2890.680910    0.000000
 2891.347410    0.000000
 2892.012700    0.000000
 2892.679200    0.000000
 2893.344970    0.000000
 2894.010500    0.000000
 2894.677730    0.000000
 2895.343510    0.000000
 2896.011470    0.000000
 2896.677490    0.000000
 2897.345460    0.000000
 2898.011960    0.000000
 2898.678960    0.000000
 2899.347170    0.000000
 2900.014160    0.000000
 2900.682860    0.000000
 2901.350100    0.000000
 2902.019530    0.000000
 2902.687010    0.000000
 2903.354740    0.000000
 2904.024410    0.000000
 2904.692380    0.000000
 2905.361820    0.000000
 2906.030520    0.000000
 2906.700680    0.000000
 2907.369140    0.000000
 2908.038090    0.000000
 2908.708500    0.000000
 2909.377930    0.000000
 2910.048830    0.000000
 2910.718260    0.000000
 2911.389650    0.000000
 2912.059330    0.000000
 2912.729250    0.000000
 2913.400630    0.000000
 2914.070800    0.000000
 2914.742920    0.000000
 2915.413570    0.000000
 2916.085690    0.000000
 2916.756590    0.000000
 2917.429200    0.000000
 2918.100340    0.000000
 2918.771730    0.000000
 2919.444580    0.000000
 2920.116210    0.000000
 2920.789550    0.000000
 2921.461670    0.000000
 2922.135500    0.000000
 2922.807370    0.000000
 2923.479740    0.000000
 2924.154050    0.000000
 2924.826660    0.000000
 2925.500980    0.000000
 2926.174070    0.000000
 2926.848880    0.000000
 2927.522220    0.000000
 2928.195800    0.000000
 2928.870850    0.000000
 2929.544920    0.000000
 2930.220460    0.000000
 2930.894530    0.000000
 2931.570310    0.000000
 2932.244630    0.000000
 2932.919190    0.000000
 2933.595700    0.000000
 2934.270260    0.000000
 2934.947270    0.000000
 2935.622310    0.000000
 2936.299070    0.000000
 2936.974850    0.000000
 2937.650390    0.000000
 2938.327880    0.000000
 2939.003660    0.000000
 2939.681400    0.000000
 2940.357670    0.000000
 2941.035640    0.000000
 2941.712160    0.000000
 2942.389160    0.000000
 2943.067630    0.000000
 2943.744630    0.000000
 2944.423580    0.000000
 2945.100830    0.000000
 2945.780030    0.000000
 2946.457760    0.000000
 2947.135500    0.000000
 2947.815190    0.000000
 2948.493410    0.000000
 2949.173100    0.000000
 2949.851560    0.000000
 2950.531980    0.000000
 2951.210450    0.000000
 2951.889650    0.000000
 2952.570070    0.000000
 2953.249270    0.000000
 2953.930660    0.000000
 2954.610110    0.000000
 2955.291500    0.000000
 2955.971190    0.000000
 2956.651120    0.000000
 2957.333010    0.000000
 2958.013180    0.000000
 2958.695560    0.000000
 2959.376220    0.000000
 2960.058350    0.000000
 2960.739500    0.000000
 2961.420410    0.000000
 2962.103520    0.000000
 2962.784910    0.000000
 2963.468020    0.000000
 2964.149900    0.000000
 2964.833500    0.000000
 2965.515380    0.000000
 2966.197750    0.000000
 2966.881590    0.000000
 2967.564210    0.000000
 2968.248540    0.000000
 2968.931150    0.000000
 2969.615720    0.000000
 2970.299070    0.000000
 2970.984130    0.000000
 2971.667480    0.000000
 2972.351070    0.000000
 2973.036620    0.000000
 2973.720700    0.000000
 2974.406250    0.000000
 2975.090580    0.000000
 2975.776610    0.000000
 2976.461180    0.000000
 2977.146000    0.000000
 2977.832280    0.000000
 2978.517580    0.000000
 2979.204350    0.000000
 2979.889650    0.000000
 2980.576660    0.000000
 2981.262210    0.000000
 2981.948240    0.000000
 2982.635990    0.000000
 2983.322020    0.000000
 2984.010010    0.000000
 2984.696530    0.000000
 2985.384770    0.000000
 2986.071530    0.000000
 2986.758540    0.000000
 2987.447270    0.000000
 2988.134770    0.000000
 2988.823490    0.000000
 2989.510990    0.000000
 2990.200440    0.000000
 2990.888180    0.000000
 2991.576170    0.000000
 2992.266360    0.000000
 2992.954830    0.000000
 2993.644780    0.000000
 2994.333500    0.000000
 2995.023930    0.000000
 2995.713130    0.000000
 2996.402100    0.000000
 2997.093020    0.000000
 2997.782710    0.000000
 2998.473880    0.000000
 2999.163570    0.000000
 2999.855470    0.000000
 3000.545410    0.000000
 3001.235600    0.000000
 3001.927730    0.000000
 3002.618410    0.000000
 3003.310550    0.000000
 3004.001710    0.000000
 3004.694340    0.000000
 3005.385740    0.000000
 3006.076900    0.000000
 3006.770020    0.000000
 3007.461670    0.000000
 3008.155270    0.000000
 3008.847410    0.000000
 3009.541260    0.000000
 3010.233400    0.000000
 3010.926270    0.000000
 3011.620360    0.000000
 3012.313230    0.000000
 3013.007810    0.000000
 3013.700930    0.000000
 3014.395750    0.000000
 3015.089360    0.000000
 3015.783200    0.000000
 3016.478270    0.000000
 3017.172610    0.000000
 3017.868160    0.000000
 3018.562260    0.000000
 3019.258540    0.000000
 3019.952880    0.000000
 3020.647950    0.000000
 3021.344480    0.000000
 3022.039310    0.000000
 3022.736330    0.000000
 3023.431640    0.000000
 3024.128660    0.000000
 3024.824460    0.000000
 3025.522220    0.000000
 3026.218020    0.000000
 3026.914310    0.000000
 3027.612300    0.000000
 3028.308840    0.000000
 3029.007080    0.000000
 3029.703860    0.000000
 3030.402590    0.000000
 3031.099850    0.000000
 3031.797120    0.000000
 3032.496090    0.000000
 3033.193600    0.000000
 3033.893310    0.000000
 3034.591060    0.000000
 3035.290770    0.000000
 3035.989010    0.000000
 3036.687740    0.000000
 3037.387700    0.000000
 3038.086670    0.000000
 3038.787350    0.000000
 3039.486080    0.000000
 3040.187260    0.000000
 3040.886470    0.000000
 3041.586180    0.000000
 3042.287350    0.000000
 3042.987550    0.000000
 3043.689210    0.000000
 3044.389160    0.000000
 3045.091060    0.000000
 3045.791750    0.000000
 3046.492430    0.000000
 3047.194820    0.000000
 3047.896000    0.000000
 3048.598880    0.000000
 3049.300050    0.000000
