 2653.384280    1.292680
 2653.996340    1.341247
 2654.606690    1.391020
 2655.217290    1.442169
 2655.829830    1.494860
 2656.440670    1.548790
 2657.053220    1.604275
 2657.664550    1.661062
 2658.277340    1.719412
 2658.888920    1.779080
 2659.500730    1.840214
 2660.114010    1.902947
 2660.725830    1.966988
 2661.339360    2.032670
 2661.951660    2.099688
 2662.565430    2.168338
 2663.177980    2.238319
 2663.790530    2.309765
 2664.404790    2.382878
 2665.017820    2.457309
 2665.632320    2.533375
 2666.245610    2.610739
 2666.860350    2.689728
 2667.473880    2.769988
 2668.089110    2.851891
 2668.702880    2.934997
 2669.316890    3.019519
 2669.932370    3.105610
 2670.546630    3.192873
 2671.162350    3.281668
 2671.776860    3.371583
 2672.393070    3.463019
 2673.007810    3.555478
 2673.622560    3.649144
 2674.239260    3.744286
 2674.854490    3.840342
 2675.471190    3.937730
 2676.086670    4.035988
 2676.703860    4.135541
 2677.319580    4.235834
 2677.935550    4.337094
 2678.552980    4.439478
 2679.169190    4.542491
 2679.786870    4.646526
 2680.403560    4.751121
 2681.021480    4.856589
 2681.638430    4.962497
 2682.255370    5.068950
 2682.873780    5.176139
 2683.490970    5.283534
 2684.109860    5.391578
 2684.727290    5.499648
 2685.346440    5.608230
 2685.964110    5.716694
 2686.582030    5.825268
 2687.201660    5.934133
 2687.819820    6.042654
 2688.439450    6.151268
 2689.057860    6.259426
 2689.677980    6.367557
 2690.296880    6.475071
 2690.915770    6.582097
 2691.536380    6.688845
 2692.155270    6.794642
 2692.776370    6.900073
 2693.395750    7.004385
 2694.016850    7.108071
 2694.636720    7.210552
 2695.256590    7.311947
 2695.877930    7.412406
 2696.498050    7.511408
 2697.119870    7.609332
 2697.740480    7.705628
 2698.362550    7.800628
 2698.983400    7.893835
 2699.604250    7.985354
 2700.226810    8.075346
 2700.847900    8.163268
 2701.470700    8.249487
 2702.092040    8.333485
 2702.715330    8.415638
 2703.337160    8.495420
 2703.958980    8.572949
 2704.582520    8.648357
 2705.204830    8.721214
 2705.828370    8.791736
 2706.450930    8.859606
 2707.074950    8.925022
 2707.697750    8.987638
 2708.320800    9.047545
 2708.945310    9.104797
 2709.568360    9.159067
 2710.193360    9.210599
 2710.816650    9.259039
 2711.441890    9.304626
 2712.065670    9.347064
 2712.689450    9.386424
 2713.314940    9.422767
 2713.939210    9.455885
 2714.565190    9.485903
 2715.189450    9.512630
 2715.815670    9.536202
 2716.440430    9.556470
 2717.066890    9.573519
 2717.691890    9.587251
 2718.317140    9.597710
 2718.943850    9.604899
 2719.569340    9.608789
 2720.196530    9.609402
 2720.822270    9.606741
 2721.449710    9.600807
 2722.075680    9.591647
 2722.702150    9.579263
 2723.329830    9.563653
 2723.956300    9.544911
 2724.584470    9.522981
 2725.211430    9.497999
 2725.839600    9.469913
 2726.466800    9.438869
 2727.093990    9.404873
 2727.722900    9.367878
 2728.350340    9.328128
 2728.979490    9.285485
 2729.607420    9.240210
 2730.236820    9.192179
 2730.864750    9.141690
 2731.493160    9.088671
 2732.122800    9.033130
 2732.751460    8.975345
 2733.381590    8.915178
 2734.010500    8.852975
 2734.640870    8.788564
 2735.270020    8.722316
 2735.899410    8.654182
 2736.530270    8.584125
 2737.159670    8.512578
 2737.790770    8.439286
 2738.420650    8.364701
 2739.052250    8.288588
 2739.682370    8.211443
 2740.312500    8.133209
 2740.944340    8.053791
 2741.575200    7.973645
 2742.207280    7.892617
 2742.838130    7.811143
 2743.470460    7.729004
 2744.101560    7.646678
 2744.732910    7.564102
 2745.365970    7.481214
 2745.997310    7.398593
 2746.630860    7.315863
 2747.262700    7.233664
 2747.896000    7.151719
 2748.528080    7.070508
 2749.160640    6.989946
 2749.794430    6.910077
 2750.427000    6.831344
 2751.061280    6.753518
 2751.694090    6.677124
 2752.328610    6.601914
 2752.961910    6.528372
 2753.595210    6.456482
 2754.230220    6.386193
 2754.863770    6.317989
 2755.499020    6.251660
 2756.132810    6.187669
 2756.768550    6.125805
 2757.402590    6.066551
 2758.036870    6.009845
 2758.673100    5.955673
 2759.307620    5.904471
 2759.943850    5.856087
 2760.578860    5.810869
 2761.215330    5.768746
 2761.850590    5.730015
 2762.487550    5.694616
 2763.123050    5.662841
 2763.758790    5.634707
 2764.396000    5.610281
 2765.031980    5.589778
 2765.669430    5.573214
 2766.305910    5.560761
 2766.943600    5.552477
 2767.580320    5.548491
 2768.216800    5.548877
 2768.855220    5.553746
 2769.492190    5.563164
 2770.130860    5.577267
 2770.768070    5.596067
 2771.407230    5.619752
 2772.044680    5.648260
 2772.682130    5.681723
 2773.321780    5.720347
 2773.959720    5.763970
 2774.599370    5.812882
 2775.237550    5.866906
 2775.877690    5.926388
 2776.516360    5.991065
 2777.155030    6.061113
 2777.795170    6.136754
 2778.434330    6.217738
 2779.074950    6.304421
 2779.714360    6.396464
 2780.355470    6.494323
 2780.995120    6.597534
 2781.634770    6.706331
 2782.276120    6.821035
 2782.916260    6.941136
 2783.558110    7.067186
 2784.198490    7.198566
 2784.840330    7.335862
 2785.480960    7.478489
 2786.121830    7.626741
 2786.764400    7.780959
 2787.405270    7.940286
 2788.048100    8.105601
 2788.689450    8.275990
 2789.332520    8.452251
 2789.974370    8.633538
 2790.615970    8.820045
 2791.259770    9.012437
 2791.901610    9.209414
 2792.545410    9.412095
 2793.187990    9.619405
 2793.832030    9.832123
 2794.474850    10.049275
 2795.117680    10.271158
 2795.762210    10.498275
 2796.405520    10.729481
 2797.050290    10.965628
 2797.693600    11.205519
 2798.338870    11.450300
 2798.982420    11.698452
 2799.626460    11.950663
 2800.272220    12.207282
 2800.916260    12.466798
 2801.562260    12.730528
 2802.206790    12.996915
 2802.852780    13.266994
 2803.497560    13.539468
 2804.142580    13.814769
 2804.789310    14.093342
 2805.434330    14.373523
 2806.081300    14.656703
 2806.726810    14.941186
 2807.374020    15.228161
 2808.020020    15.516119
 2808.666020    15.805380
 2809.313480    16.096382
 2809.959960    16.387804
 2810.607910    16.680515
 2811.254390    16.972956
 2811.902830    17.266434
 2812.549560    17.559055
 2813.198240    17.852230
 2813.845210    18.144054
 2814.492680    18.435270
 2815.141600    18.726063
 2815.789310    19.014976
 2816.438720    19.303059
 2817.086430    19.588537
 2817.736080    19.872768
 2818.384520    20.154097
 2819.032710    20.432699
 2819.682620    20.709146
 2820.331300    20.981930
 2820.981930    21.252121
 2821.630620    21.517837
 2822.281490    21.780525
 2822.930660    22.038349
 2823.580080    22.291843
 2824.231200    22.541313
 2824.880860    22.785292
 2825.532230    23.024723
 2826.182370    23.258284
 2826.833980    23.486700
 2827.484380    23.708792
 2828.134770    23.924770
 2828.786870    24.134953
 2829.437740    24.338167
 2830.090090    24.535038
 2830.741210    24.724545
 2831.394040    24.907333
 2832.045410    25.082313
 2832.697020    25.249781
 2833.350100    25.409838
 2834.001950    25.561653
 2834.655520    25.705732
 2835.307620    25.841215
 2835.961180    25.968565
 2836.613770    26.087156
 2837.266360    26.197054
 2837.920410    26.298351
 2838.573490    26.390551
 2839.228030    26.473886
 2839.881100    26.547886
 2840.535890    26.612825
 2841.189450    26.668325
 2841.843020    26.714457
 2842.498540    26.751259
 2843.152340    26.778479
 2843.807860    26.796225
 2844.462160    26.804386
 2845.118160    26.802977
 2845.772710    26.791992
 2846.427250    26.771454
 2847.083740    26.741274
 2847.738770    26.701632
 2848.395260    26.652391
 2849.050540    26.593796
 2849.707760    26.525606
 2850.363280    26.448273
 2851.018800    26.361706
 2851.676270    26.265699
 2852.332280    26.160849
 2852.989990    26.046743
 2853.646480    25.924005
 2854.304440    25.792257
 2854.960940    25.652222
 2855.617920    25.503649
 2856.276370    25.346435
 2856.933350    25.181444
 2857.592290    25.007982
 2858.249760    24.827112
 2858.908940    24.638151
 2859.566650    24.442192
 2860.224370    24.239027
 2860.883790    24.028303
 2861.541750    23.811249
 2862.201900    23.586857
 2862.860350    23.356674
 2863.520510    23.119734
 2864.179200    22.877405
 2864.839840    22.628662
 2865.498780    22.375122
 2866.157960    22.116295
 2866.818850    21.851828
 2867.478520    21.583143
 2868.139650    21.309393
 2868.799320    21.032047
 2869.460940    20.749918
 2870.121090    20.464718
 2870.781490    20.175974
 2871.443360    19.883402
 2872.103760    19.588549
 2872.766360    19.290037
 2873.427000    18.989990
 2874.089600    18.686895
 2874.750730    18.382557
 2875.412110    18.076456
 2876.075440    17.768038
 2876.736820    17.459370
 2877.400390    17.148758
 2878.062260    16.838272
 2878.725830    16.526546
 2879.388180    16.215193
 2880.050540    15.903868
 2880.714600    15.591995
 2881.377440    15.281173
 2882.041750    14.970358
 2882.704830    14.661023
 2883.369380    14.352118
 2884.032960    14.044986
 2884.696530    13.739364
 2885.361330    13.434884
 2886.025390    13.132629
 2886.690920    12.831779
 2887.354980    12.533834
 2888.020510    12.237640
 2888.685060    11.944449
 2889.349610    11.653976
 2890.015870    11.365633
 2890.680910    11.080826
 2891.347410    10.798546
 2892.012700    10.520053
 2892.679200    10.244448
 2893.344970    9.972653
 2894.010500    9.704569
 2894.677730    9.439518
 2895.343510    9.178856
 2896.011470    8.921244
 2896.677490    8.668362
 2897.345460    8.418798
 2898.011960    8.173904
 2898.678960    7.933008
 2899.347170    7.695919
 2900.014160    7.463548
 2900.682860    7.234920
 2901.350100    7.011162
 2902.019530    6.791078
 2902.687010    6.576060
 2903.354740    6.365401
 2904.024410    6.158594
 2904.692380    5.956784
 2905.361820    5.759008
 2906.030520    5.565922
 2906.700680    5.376888
 2907.369140    5.192789
 2908.038090    5.012990
 2908.708500    4.837226
 2909.377930    4.666113
 2910.048830    4.499009
 2910.718260    4.336607
 2911.389650    4.178046
 2912.059330    4.024150
 2912.729250    3.874417
 2913.400630    3.728540
 2914.070800    3.587058
 2914.742920    3.449254
 2915.413570    3.315777
 2916.085690    3.185988
 2916.756590    3.060348
 2917.429200    2.938250
 2918.100340    2.820209
 2918.771730    2.705852
 2919.444580    2.594913
 2920.116210    2.487773
 2920.789550    2.383897
 2921.461670    2.283671
 2922.135500    2.186591
 2922.807370    2.093110
 2923.479740    2.002803
 2924.154050    1.915421
 2924.826660    1.831364
 2925.500980    1.750131
 2926.174070    1.672004
 2926.848880    1.596572
 2927.522220    1.524117
 2928.195800    1.454374
 2928.870850    1.387152
 2929.544920    1.322625
 2930.220460    1.260489
 2930.894530    1.200939
 2931.570310    1.143626
 2932.244630    1.088750
 2932.919190    1.036093
 2933.595700    0.985465
 2934.270260    0.937090
 2934.947270    0.890585
 2935.622310    0.846189
 2936.299070    0.803596
 2936.974850    0.762911
 2937.650390    0.724024
 2938.327880    0.686750
 2939.003660    0.651235
 2939.681400    0.617223
 2940.357670    0.584832
 2941.035640    0.553852
 2941.712160    0.524375
 2942.389160    0.496256
 2943.067630    0.469408
 2943.744630    0.443896
 2944.423580    0.419541
 2945.100830    0.396427
 2945.780030    0.374380
 2946.457760    0.353468
 2947.135500    0.333594
 2947.815190    0.314665
 2948.493410    0.296733
 2949.173100    0.279679
 2949.851560    0.263532
 2950.531980    0.248178
 2951.210450    0.233669
 2951.889650    0.219910
 2952.570070    0.206858
 2953.249270    0.194526
 2953.930660    0.182822
 2954.610110    0.171787
 2955.291500    0.161326
 2955.971190    0.151468
 2956.651120    0.142154
 2957.333010    0.133337
 2958.013180    0.125038
 2958.695560    0.117186
 2959.376220    0.109801
 2960.058350    0.102828
 2960.739500    0.096270
 2961.420410    0.090096
 2962.103520    0.084269
 2962.784910    0.078799
 2963.468020    0.073645
 2964.149900    0.068809
 2964.833500    0.064254
 2965.515380    0.059988
 2966.197750    0.055981
 2966.881590    0.052213
 2967.564210    0.048685
 2968.248540    0.045371
 2968.931150    0.042273
 2969.615720    0.039363
 2970.299070    0.036643
 2970.984130    0.034093
 2971.667480    0.031713
 2972.351070    0.029487
 2973.036620    0.027400
 2973.720700    0.025455
 2974.406250    0.023636
 2975.090580    0.021940
 2975.776610    0.020355
 2976.461180    0.018880
 2977.146000    0.017504
 2977.832280    0.016219
 2978.517580    0.015025
 2979.204350    0.013910
 2979.889650    0.012877
 2980.576660    0.011911
 2981.262210    0.011017
 2981.948240    0.010184
 2982.635990    0.009409
 2983.322020    0.008692
 2984.010010    0.008024
 2984.696530    0.007405
 2985.384770    0.006831
 2986.071530    0.006299
 2986.758540    0.005807
 2987.447270    0.005349
 2988.134770    0.004927
 2988.823490    0.004536
 2989.510990    0.004174
 2990.200440    0.003839
 2990.888180    0.003530
 2991.576170    0.003244
 2992.266360    0.002980
 2992.954830    0.002737
 2993.644780    0.002512
 2994.333500    0.002305
 2995.023930    0.002113
 2995.713130    0.001938
 2996.402100    0.001776
 2997.093020    0.001627
 2997.782710    0.001490
 2998.473880    0.001363
 2999.163570    0.001247
 2999.855470    0.001141
 3000.545410    0.001042
 3001.235600    0.000953
 3001.927730    0.000870
 3002.618410    0.000794
 3003.310550    0.000725
 3004.001710    0.000661
 3004.694340    0.000603
 3005.385740    0.000549
 3006.076900    0.000501
 3006.770020    0.000456
 3007.461670    0.000415
 3008.155270    0.000378
 3008.847410    0.000343
 3009.541260    0.000312
 3010.233400    0.000283
 3010.926270    0.000257
 3011.620360    0.000234
 3012.313230    0.000213
 3013.007810    0.000193
 3013.700930    0.000175
 3014.395750    0.000158
 3015.089360    0.000143
 3015.783200    0.000130
 3016.478270    0.000117
 3017.172610    0.000106
 3017.868160    0.000096
 3018.562260    0.000087
 3019.258540    0.000078
 3019.952880    0.000071
 3020.647950    0.000064
 3021.344480    0.000058
 3022.039310    0.000052
 3022.736330    0.000047
 3023.431640    0.000042
 3024.128660    0.000038
 3024.824460    0.000034
 3025.522220    0.000031
 3026.218020    0.000028
 3026.914310    0.000025
 3027.612300    0.000023
 3028.308840    0.000020
 3029.007080    0.000018
 3029.703860    0.000016
 3030.402590    0.000014
 3031.099850    0.000013
 3031.797120    0.000011
 3032.496090    0.000010
 3033.193600    0.000010
 3033.893310    0.000009
 3034.591060    0.000008
 3035.290770    0.000007
 3035.989010    0.000006
 3036.687740    0.000006
 3037.387700    0.000005
 3038.086670    0.000005
 3038.787350    0.000004
 3039.486080    0.000004
 3040.187260    0.000003
 3040.886470    0.000003
 3041.586180    0.000003
 3042.287350    0.000002
 3042.987550    0.000002
 3043.689210    0.000002
 3044.389160    0.000002
 3045.091060    0.000001
 3045.791750    0.000001
 3046.492430    0.000001
 3047.194820    0.000001
 3047.896000    0.000001
 3048.598880    0.000001
 3049.300050    0.000001
