 2653.384280    0.009042
 2653.996340    0.009755
 2654.606690    0.010524
 2655.217290    0.011357
 2655.829830    0.012262
 2656.440670    0.013240
 2657.053220    0.014304
 2657.664550    0.015457
 2658.277340    0.016711
 2658.888920    0.018072
 2659.500730    0.019551
 2660.114010    0.021165
 2660.725830    0.022917
 2661.339360    0.024830
 2661.951660    0.026910
 2662.565430    0.029182
 2663.177980    0.031655
 2663.790530    0.034351
 2664.404790    0.037300
 2665.017820    0.040512
 2665.632320    0.044024
 2666.245610    0.047850
 2666.860350    0.052034
 2667.473880    0.056592
 2668.089110    0.061580
 2668.702880    0.067009
 2669.316890    0.072933
 2669.932370    0.079412
 2670.546630    0.086460
 2671.162350    0.094164
 2671.776860    0.102541
 2672.393070    0.111692
 2673.007810    0.121634
 2673.622560    0.132453
 2674.239260    0.144260
 2674.854490    0.157067
 2675.471190    0.171018
 2676.086670    0.186138
 2676.703860    0.202595
 2677.319580    0.220404
 2677.935550    0.239713
 2678.552980    0.260679
 2679.169190    0.283328
 2679.786870    0.307884
 2680.403560    0.334383
 2681.021480    0.363058
 2681.638430    0.393953
 2682.255370    0.427262
 2682.873780    0.463234
 2683.490970    0.501878
 2684.109860    0.543555
 2684.727290    0.588235
 2685.346440    0.636336
 2685.964110    0.687810
 2686.582030    0.742990
 2687.201660    0.802235
 2687.819820    0.865458
 2688.439450    0.933182
 2689.057860    1.005343
 2689.677980    1.082523
 2690.296880    1.164603
 2690.915770    1.251972
 2691.536380    1.345142
 2692.155270    1.443851
 2692.776370    1.548982
 2693.395750    1.660137
 2694.016850    1.778189
 2694.636720    1.902843
 2695.256590    2.034581
 2695.877930    2.173995
 2696.498050    2.320738
 2697.119870    2.475758
 2697.740480    2.638576
 2698.362550    2.810137
 2698.983400    2.989929
 2699.604250    3.178498
 2700.226810    3.376604
 2700.847900    3.583434
 2701.470700    3.800228
 2702.092040    4.026048
 2702.715330    4.262291
 2703.337160    4.507796
 2703.958980    4.763209
 2704.582520    5.029353
 2705.204830    5.305044
 2705.828370    5.591393
 2706.450930    5.887394
 2707.074950    6.194193
 2707.697750    6.510415
 2708.320800    6.836688
 2708.945310    7.173561
 2709.568360    7.519296
 2710.193360    7.875598
 2710.816650    8.240150
 2711.441890    8.614823
 2712.065670    8.997265
 2712.689450    9.387989
 2713.314940    9.787703
 2713.939210    10.194109
 2714.565190    10.608643
 2715.189450    11.028522
 2715.815670    11.455657
 2716.440430    11.887120
 2717.066890    12.324469
 2717.691890    12.764811
 2718.317140    13.208625
 2718.943850    13.656042
 2719.569340    14.104358
 2720.196530    14.554855
 2720.822270    15.004409
 2721.449710    15.454418
 2722.075680    15.901707
 2722.702150    16.346746
 2723.329830    16.789106
 2723.956300    17.226099
 2724.584470    17.658789
 2725.211430    18.084160
 2725.839600    18.502882
 2726.466800    18.912489
 2727.093990    19.312643
 2727.722900    19.703407
 2728.350340    20.081829
 2728.979490    20.448839
 2729.607420    20.801771
 2730.236820    21.141193
 2730.864750    21.464626
 2731.493160    21.772238
 2732.122800    22.063480
 2732.751460    22.336529
 2733.381590    22.591656
 2734.010500    22.827047
 2734.640870    23.043030
 2735.270020    23.238049
 2735.899410    23.412052
 2736.530270    23.564775
 2737.159670    23.695068
 2737.790770    23.803188
 2738.420650    23.888287
 2739.052250    23.950478
 2739.682370    23.989248
 2740.312500    24.004646
 2740.944340    23.996567
 2741.575200    23.965023
 2742.207280    23.909977
 2742.838130    23.831797
 2743.470460    23.730362
 2744.101560    23.606377
 2744.732910    23.459965
 2745.365970    23.291103
 2745.997310    23.101187
 2746.630860    22.889563
 2747.262700    22.658112
 2747.896000    22.406334
 2748.528080    22.136005
 2749.160640    21.847174
 2749.794430    21.540237
 2750.427000    21.217220
 2751.061280    20.877491
 2751.694090    20.523655
 2752.328610    20.154875
 2752.961910    19.773806
 2753.595210    19.380741
 2754.230220    18.975582
 2754.863770    18.561365
 2755.499020    18.137045
 2756.132810    17.705769
 2756.768550    17.266239
 2757.402590    16.822016
 2758.036870    16.372765
 2758.673100    15.918267
 2759.307620    15.462134
 2759.943850    15.002886
 2760.578860    14.543591
 2761.215330    14.083239
 2761.850590    13.624672
 2762.487550    13.166651
 2763.123050    12.712296
 2763.758790    12.261179
 2764.396000    11.813214
 2765.031980    11.371018
 2765.669430    10.933413
 2766.305910    10.502722
 2766.943600    10.078066
 2767.580320    9.661469
 2768.216800    9.252943
 2768.855220    8.851576
 2769.492190    8.459953
 2770.130860    8.076509
 2770.768070    7.703488
 2771.407230    7.339197
 2772.044680    6.985978
 2772.682130    6.643052
 2773.321780    6.309460
 2773.959720    5.987380
 2774.599370    5.675178
 2775.237550    5.374467
 2775.877690    5.083667
 2776.516360    4.804335
 2777.155030    4.535746
 2777.795170    4.277251
 2778.434330    4.029747
 2779.074950    3.792176
 2779.714360    3.565390
 2780.355470    3.348189
 2780.995120    3.141466
 2781.634770    2.944503
 2782.276120    2.756589
 2782.916260    2.578354
 2783.558110    2.408741
 2784.198490    2.248332
 2784.840330    2.096122
 2785.480960    1.952475
 2786.121830    1.816760
 2786.764400    1.688416
 2787.405270    1.567831
 2788.048100    1.454032
 2788.689450    1.347338
 2789.332520    1.246931
 2789.974370    1.152987
 2790.615970    1.065056
 2791.259770    0.982546
 2791.901610    0.905715
 2792.545410    0.833820
 2793.187990    0.766959
 2793.832030    0.704594
 2794.474850    0.646733
 2795.117680    0.593010
 2795.762210    0.543059
 2796.405520    0.496882
 2797.050290    0.454067
 2797.693600    0.414596
 2798.338870    0.378056
 2798.982420    0.344461
 2799.626460    0.313504
 2800.272220    0.284959
 2800.916260    0.258809
 2801.562260    0.234743
 2802.206790    0.212741
 2802.852780    0.192555
 2803.497560    0.174135
 2804.142580    0.157307
 2804.789310    0.141917
 2805.434330    0.127933
 2806.081300    0.115170
 2806.726810    0.103597
 2807.374020    0.093061
 2808.020020    0.083526
 2808.666020    0.074889
 2809.313480    0.067058
 2809.959960    0.059993
 2810.607910    0.053601
 2811.254390    0.047852
 2811.902830    0.042660
 2812.549560    0.038002
 2813.198240    0.033806
 2813.845210    0.030049
 2814.492680    0.026680
 2815.141600    0.023657
 2815.789310    0.020959
 2816.438720    0.018543
 2817.086430    0.016394
 2817.736080    0.014472
 2818.384520    0.012765
 2819.032710    0.011249
 2819.682620    0.009898
 2820.331300    0.008702
 2820.981930    0.007640
 2821.630620    0.006702
 2822.281490    0.005872
 2822.930660    0.005139
 2823.580080    0.004494
 2824.231200    0.003924
 2824.880860    0.003424
 2825.532230    0.002982
 2826.182370    0.002596
 2826.833980    0.002257
 2827.484380    0.001961
 2828.134770    0.001701
 2828.786870    0.001473
 2829.437740    0.001276
 2830.090090    0.001102
 2830.741210    0.000953
 2831.394040    0.000822
 2832.045410    0.000708
 2832.697020    0.000609
 2833.350100    0.000524
 2834.001950    0.000450
 2834.655520    0.000386
 2835.307620    0.000331
 2835.961180    0.000283
 2836.613770    0.000242
 2837.266360    0.000207
 2837.920410    0.000176
 2838.573490    0.000151
 2839.228030    0.000128
 2839.881100    0.000109
 2840.535890    0.000093
 2841.189450    0.000078
 2841.843020    0.000067
 2842.498540    0.000056
 2843.152340    0.000048
 2843.807860    0.000040
 2844.462160    0.000033
 2845.118160    0.000029
 2845.772710    0.000024
 2846.427250    0.000020
 2847.083740    0.000017
 2847.738770    0.000014
 2848.395260    0.000011
 2849.050540    0.000010
 2849.707760    0.000009
 2850.363280    0.000007
 2851.018800    0.000006
 2851.676270    0.000005
 2852.332280    0.000004
 2852.989990    0.000003
 2853.646480    0.000003
 2854.304440    0.000002
 2854.960940    0.000002
 2855.617920    0.000002
 2856.276370    0.000001
 2856.933350    0.000001
 2857.592290    0.000001
 2858.249760    0.000001
 2858.908940    0.000001
 2859.566650    0.000001
 2860.224370    0.000000
 2860.883790    0.000000
 2861.541750    0.000000
 2862.201900    0.000000
 2862.860350    0.000000
 2863.520510    0.000000
 2864.179200    0.000000
 2864.839840    0.000000
 2865.498780    0.000000
 2866.157960    0.000000
 2866.818850    0.000000
 2867.478520    0.000000
 2868.139650    0.000000
 2868.799320    0.000000
 2869.460940    0.000000
 2870.121090    0.000000
 2870.781490    0.000000
 2871.443360    0.000000
 2872.103760    0.000000
 2872.766360    0.000000
 2873.427000    0.000000
 2874.089600    0.000000
 2874.750730    0.000000
 2875.412110    0.000000
 2876.075440    0.000000
 2876.736820    0.000000
 2877.400390    0.000000
 2878.062260    0.000000
 2878.725830    0.000000
 2879.388180    0.000000
 2880.050540    0.000000
 2880.714600    0.000000
 2881.377440    0.000000
 2882.041750    0.000000
 2882.704830    0.000000
 2883.369380    0.000000
 2884.032960    0.000000
 2884.696530    0.000000
 2885.361330    0.000000
 2886.025390    0.000000
 2886.690920    0.000000
 2887.354980    0.000000
 2888.020510    0.000000
 2888.685060    0.000000
 2889.349610    0.000000
 2890.015870    0.000000
 2890.680910    0.000000
 2891.347410    0.000000
 2892.012700    0.000000
 2892.679200    0.000000
 2893.344970    0.000000
 2894.010500    0.000000
 2894.677730    0.000000
 2895.343510    0.000000
 2896.011470    0.000000
 2896.677490    0.000000
 2897.345460    0.000000
 2898.011960    0.000000
 2898.678960    0.000000
 2899.347170    0.000000
 2900.014160    0.000000
 2900.682860    0.000000
 2901.350100    0.000000
 2902.019530    0.000000
 2902.687010    0.000000
 2903.354740    0.000000
 2904.024410    0.000000
 2904.692380    0.000000
 2905.361820    0.000000
 2906.030520    0.000000
 2906.700680    0.000000
 2907.369140    0.000000
 2908.038090    0.000000
 2908.708500    0.000000
 2909.377930    0.000000
 2910.048830    0.000000
 2910.718260    0.000000
 2911.389650    0.000000
 2912.059330    0.000000
 2912.729250    0.000000
 2913.400630    0.000000
 2914.070800    0.000000
 2914.742920    0.000000
 2915.413570    0.000000
 2916.085690    0.000000
 2916.756590    0.000000
 2917.429200    0.000000
 2918.100340    0.000000
 2918.771730    0.000000
 2919.444580    0.000000
 2920.116210    0.000000
 2920.789550    0.000000
 2921.461670    0.000000
 2922.135500    0.000000
 2922.807370    0.000000
 2923.479740    0.000000
 2924.154050    0.000000
 2924.826660    0.000000
 2925.500980    0.000000
 2926.174070    0.000000
 2926.848880    0.000000
 2927.522220    0.000000
 2928.195800    0.000000
 2928.870850    0.000000
 2929.544920    0.000000
 2930.220460    0.000000
 2930.894530    0.000000
 2931.570310    0.000000
 2932.244630    0.000000
 2932.919190    0.000000
 2933.595700    0.000000
 2934.270260    0.000000
 2934.947270    0.000000
 2935.622310    0.000000
 2936.299070    0.000000
 2936.974850    0.000000
 2937.650390    0.000000
 2938.327880    0.000000
 2939.003660    0.000000
 2939.681400    0.000000
 2940.357670    0.000000
 2941.035640    0.000000
 2941.712160    0.000000
 2942.389160    0.000000
 2943.067630    0.000000
 2943.744630    0.000000
 2944.423580    0.000000
 2945.100830    0.000000
 2945.780030    0.000000
 2946.457760    0.000000
 2947.135500    0.000000
 2947.815190    0.000000
 2948.493410    0.000000
 2949.173100    0.000000
 2949.851560    0.000000
 2950.531980    0.000000
 2951.210450    0.000000
 2951.889650    0.000000
 2952.570070    0.000000
 2953.249270    0.000000
 2953.930660    0.000000
 2954.610110    0.000000
 2955.291500    0.000000
 2955.971190    0.000000
 2956.651120    0.000000
 2957.333010    0.000000
 2958.013180    0.000000
 2958.695560    0.000000
 2959.376220    0.000000
 2960.058350    0.000000
 2960.739500    0.000000
 2961.420410    0.000000
 2962.103520    0.000000
 2962.784910    0.000000
 2963.468020    0.000000
 2964.149900    0.000000
 2964.833500    0.000000
 2965.515380    0.000000
 2966.197750    0.000000
 2966.881590    0.000000
 2967.564210    0.000000
 2968.248540    0.000000
 2968.931150    0.000000
 2969.615720    0.000000
 2970.299070    0.000000
 2970.984130    0.000000
 2971.667480    0.000000
 2972.351070    0.000000
 2973.036620    0.000000
 2973.720700    0.000000
 2974.406250    0.000000
 2975.090580    0.000000
 2975.776610    0.000000
 2976.461180    0.000000
 2977.146000    0.000000
 2977.832280    0.000000
 2978.517580    0.000000
 2979.204350    0.000000
 2979.889650    0.000000
 2980.576660    0.000000
 2981.262210    0.000000
 2981.948240    0.000000
 2982.635990    0.000000
 2983.322020    0.000000
 2984.010010    0.000000
 2984.696530    0.000000
 2985.384770    0.000000
 2986.071530    0.000000
 2986.758540    0.000000
 2987.447270    0.000000
 2988.134770    0.000000
 2988.823490    0.000000
 2989.510990    0.000000
 2990.200440    0.000000
 2990.888180    0.000000
 2991.576170    0.000000
 2992.266360    0.000000
 2992.954830    0.000000
 2993.644780    0.000000
 2994.333500    0.000000
 2995.023930    0.000000
 2995.713130    0.000000
 2996.402100    0.000000
 2997.093020    0.000000
 2997.782710    0.000000
 2998.473880    0.000000
 2999.163570    0.000000
 2999.855470    0.000000
 3000.545410    0.000000
 3001.235600    0.000000
 3001.927730    0.000000
 3002.618410    0.000000
 3003.310550    0.000000
 3004.001710    0.000000
 3004.694340    0.000000
 3005.385740    0.000000
 3006.076900    0.000000
 3006.770020    0.000000
 3007.461670    0.000000
 3008.155270    0.000000
 3008.847410    0.000000
 3009.541260    0.000000
 3010.233400    0.000000
 3010.926270    0.000000
 3011.620360    0.000000
 3012.313230    0.000000
 3013.007810    0.000000
 3013.700930    0.000000
 3014.395750    0.000000
 3015.089360    0.000000
 3015.783200    0.000000
 3016.478270    0.000000
 3017.172610    0.000000
 3017.868160    0.000000
 3018.562260    0.000000
 3019.258540    0.000000
 3019.952880    0.000000
 3020.647950    0.000000
 3021.344480    0.000000
 3022.039310    0.000000
 3022.736330    0.000000
 3023.431640    0.000000
 3024.128660    0.000000
 3024.824460    0.000000
 3025.522220    0.000000
 3026.218020    0.000000
 3026.914310    0.000000
 3027.612300    0.000000
 3028.308840    0.000000
 3029.007080    0.000000
 3029.703860    0.000000
 3030.402590    0.000000
 3031.099850    0.000000
 3031.797120    0.000000
 3032.496090    0.000000
 3033.193600    0.000000
 3033.893310    0.000000
 3034.591060    0.000000
 3035.290770    0.000000
 3035.989010    0.000000
 3036.687740    0.000000
 3037.387700    0.000000
 3038.086670    0.000000
 3038.787350    0.000000
 3039.486080    0.000000
 3040.187260    0.000000
 3040.886470    0.000000
 3041.586180    0.000000
 3042.287350    0.000000
 3042.987550    0.000000
 3043.689210    0.000000
 3044.389160    0.000000
 3045.091060    0.000000
 3045.791750    0.000000
 3046.492430    0.000000
 3047.194820    0.000000
 3047.896000    0.000000
 3048.598880    0.000000
 3049.300050    0.000000
