 2653.384280    0.226802
 2653.996340    0.247325
 2654.606690    0.269368
 2655.217290    0.293090
 2655.829830    0.318664
 2656.440670    0.346038
 2657.053220    0.375468
 2657.664550    0.406924
 2658.277340    0.440652
 2658.888920    0.476616
 2659.500730    0.515010
 2660.114010    0.556033
 2660.725830    0.599606
 2661.339360    0.646071
 2661.951660    0.695328
 2662.565430    0.747708
 2663.177980    0.803102
 2663.790530    0.861722
 2664.404790    0.923861
 2665.017820    0.989335
 2665.632320    1.058540
 2666.245610    1.131282
 2666.860350    1.207978
 2667.473880    1.288390
 2668.089110    1.372997
 2668.702880    1.461444
 2669.316890    1.554041
 2669.932370    1.651053
 2670.546630    1.752120
 2671.162350    1.857730
 2671.776860    1.967463
 2672.393070    2.081871
 2673.007810    2.200381
 2673.622560    2.323257
 2674.239260    2.450898
 2674.854490    2.582572
 2675.471190    2.718861
 2676.086670    2.859114
 2676.703860    3.003926
 2677.319580    3.152460
 2677.935550    3.305006
 2678.552980    3.461752
 2679.169190    3.621869
 2679.786870    3.785892
 2680.403560    3.952989
 2681.021480    4.123552
 2681.638430    4.296754
 2682.255370    4.472619
 2682.873780    4.651312
 2683.490970    4.831779
 2684.109860    5.014580
 2684.727290    5.198464
 2685.346440    5.384045
 2685.964110    5.570023
 2686.582030    5.756550
 2687.201660    5.943691
 2687.819820    6.130098
 2688.439450    6.316250
 2689.057860    6.500931
 2689.677980    6.684589
 2690.296880    6.865927
 2690.915770    7.044874
 2691.536380    7.221474
 2692.155270    7.394311
 2692.776370    7.564029
 2693.395750    7.729116
 2694.016850    7.890042
 2694.636720    8.045609
 2695.256590    8.195710
 2695.877930    8.340263
 2696.498050    8.478233
 2697.119870    8.609869
 2697.740480    8.734160
 2698.362550    8.851277
 2698.983400    8.960363
 2699.604250    9.061333
 2700.226810    9.154121
 2700.847900    9.237973
 2701.470700    9.313054
 2702.092040    9.378744
 2702.715330    9.435192
 2703.337160    9.481901
 2703.958980    9.518869
 2704.582520    9.546041
 2705.204830    9.563195
 2705.828370    9.570342
 2706.450930    9.567429
 2707.074950    9.554441
 2707.697750    9.531471
 2708.320800    9.498559
 2708.945310    9.455704
 2709.568360    9.403241
 2710.193360    9.341036
 2710.816650    9.269642
 2711.441890    9.188854
 2712.065670    9.099355
 2712.689450    9.001237
 2713.314940    8.894498
 2713.939210    8.779950
 2714.565190    8.657393
 2715.189450    8.527857
 2715.815670    8.390962
 2716.440430    8.247845
 2717.066890    8.098188
 2717.691890    7.943172
 2718.317140    7.782824
 2718.943850    7.617251
 2719.569340    7.447612
 2720.196530    7.273561
 2720.822270    7.096434
 2721.449710    6.915789
 2722.075680    6.732991
 2722.702150    6.547929
 2723.329830    6.360826
 2723.956300    6.172848
 2724.584470    5.983548
 2725.211430    5.794228
 2725.839600    5.604563
 2726.466800    5.415610
 2727.093990    5.227459
 2727.722900    5.039967
 2728.350340    4.854431
 2728.979490    4.670249
 2729.607420    4.488595
 2730.236820    4.308992
 2730.864750    4.132553
 2731.493160    3.958980
 2732.122800    3.788321
 2732.751460    3.621392
 2733.381590    3.457747
 2734.010500    3.298265
 2734.640870    3.142422
 2735.270020    2.991024
 2735.899410    2.843828
 2736.530270    2.700665
 2737.159670    2.562281
 2737.790770    2.428046
 2738.420650    2.298633
 2739.052250    2.173477
 2739.682370    2.053223
 2740.312500    1.937574
 2740.944340    1.826223
 2741.575200    1.719622
 2742.207280    1.617362
 2742.838130    1.519789
 2743.470460    1.426426
 2744.101560    1.337603
 2744.732910    1.253025
 2745.365970    1.172428
 2745.997310    1.096154
 2746.630860    1.023639
 2747.262700    0.955228
 2747.896000    0.890470
 2748.528080    0.829531
 2749.160640    0.772129
 2749.794430    0.718098
 2750.427000    0.667531
 2751.061280    0.620087
 2751.694090    0.575891
 2752.328610    0.534613
 2752.961910    0.496339
 2753.595210    0.460882
 2754.230220    0.428056
 2754.863770    0.397930
 2755.499020    0.370261
 2756.132810    0.345102
 2756.768550    0.322240
 2757.402590    0.301732
 2758.036870    0.283438
 2758.673100    0.267260
 2759.307620    0.253237
 2759.943850    0.241248
 2760.578860    0.231314
 2761.215330    0.223362
 2761.850590    0.217408
 2762.487550    0.213415
 2763.123050    0.211403
 2763.758790    0.211366
 2764.396000    0.213330
 2765.031980    0.217317
 2765.669430    0.223381
 2766.305910    0.231552
 2766.943600    0.241917
 2767.580320    0.254513
 2768.216800    0.269428
 2768.855220    0.286819
 2769.492190    0.306697
 2770.130860    0.329280
 2770.768070    0.354585
 2771.407230    0.382890
 2772.044680    0.414186
 2772.682130    0.448709
 2773.321780    0.486767
 2773.959720    0.528320
 2774.599370    0.573790
 2775.237550    0.623160
 2775.877690    0.676926
 2776.516360    0.735033
 2777.155030    0.797843
 2777.795170    0.865771
 2778.434330    0.938826
 2779.074950    1.017565
 2779.714360    1.101943
 2780.355470    1.192645
 2780.995120    1.289521
 2781.634770    1.393074
 2782.276120    1.503918
 2782.916260    1.621865
 2783.558110    1.747785
 2784.198490    1.881376
 2784.840330    2.023573
 2785.480960    2.174102
 2786.121830    2.333607
 2786.764400    2.502807
 2787.405270    2.681110
 2788.048100    2.869844
 2788.689450    3.068308
 2789.332520    3.277773
 2789.974370    3.497565
 2790.615970    3.728235
 2791.259770    3.970945
 2791.901610    4.224357
 2792.545410    4.490205
 2793.187990    4.767371
 2793.832030    5.057163
 2794.474850    5.358497
 2795.117680    5.671995
 2795.762210    5.998590
 2796.405520    6.336825
 2797.050290    6.688097
 2797.693600    7.050752
 2798.338870    7.426622
 2798.982420    7.813437
 2799.626460    8.212286
 2800.272220    8.623746
 2800.916260    9.045351
 2801.562260    9.479166
 2802.206790    9.922514
 2802.852780    10.376968
 2803.497560    10.840154
 2804.142580    11.312549
 2804.789310    11.794666
 2805.434330    12.283305
 2806.081300    12.780536
 2806.726810    13.282981
 2807.374020    13.792301
 2808.020020    14.305345
 2808.666020    14.822152
 2809.313480    15.342959
 2809.959960    15.864812
 2810.607910    16.388641
 2811.254390    16.911001
 2811.902830    17.433544
 2812.549560    17.952173
 2813.198240    18.468658
 2813.845210    18.978888
 2814.492680    19.483397
 2815.141600    19.981693
 2815.789310    20.470478
 2816.438720    20.950708
 2817.086430    21.418619
 2817.736080    21.875612
 2818.384520    22.318214
 2819.032710    22.745930
 2819.682620    23.158815
 2820.331300    23.553837
 2820.981930    23.931770
 2821.630620    24.289261
 2822.281490    24.627539
 2822.930660    24.943560
 2823.580080    25.237410
 2824.231200    25.508766
 2824.880860    25.755474
 2825.532230    25.977972
 2826.182370    26.174551
 2826.833980    26.345398
 2827.484380    26.489269
 2828.134770    26.606058
 2828.786870    26.695599
 2829.437740    26.757181
 2830.090090    26.790848
 2830.741210    26.796337
 2831.394040    26.773624
 2832.045410    26.722879
 2832.697020    26.644205
 2833.350100    26.537594
 2834.001950    26.403801
 2834.655520    26.242617
 2835.307620    26.055309
 2835.961180    25.841623
 2836.613770    25.602987
 2837.266360    25.339834
 2837.920410    25.052300
 2838.573490    24.742300
 2839.228030    24.409590
 2839.881100    24.056650
 2840.535890    23.682802
 2841.189450    23.290789
 2841.843020    22.881063
 2842.498540    22.453501
 2843.152340    22.011682
 2843.807860    21.554533
 2844.462160    21.085335
 2845.118160    20.603237
 2845.772710    20.111843
 2846.427250    19.611366
 2847.083740    19.101553
 2847.738770    18.586317
 2848.395260    18.064617
 2849.050540    17.539825
 2849.707760    17.010616
 2850.363280    16.481133
 2851.018800    15.951158
 2851.676270    15.420241
 2852.332280    14.892234
 2852.989990    14.365634
 2853.646480    13.843793
 2854.304440    13.325541
 2854.960940    12.814090
 2855.617920    12.308759
 2856.276370    11.809632
 2856.933350    11.319678
 2857.592290    10.837051
 2858.249760    10.364901
 2858.908940    9.901533
 2859.566650    9.449711
 2860.224370    9.008853
 2860.883790    8.578275
 2861.541750    8.160409
 2862.201900    7.753248
 2862.860350    7.359470
 2863.520510    6.977228
 2864.179200    6.608513
 2864.839840    6.251531
 2865.498780    5.908320
 2866.157960    5.577837
 2866.818850    5.259372
 2867.478520    4.954285
 2868.139650    4.661237
 2868.799320    4.381389
 2869.460940    4.113137
 2870.121090    3.857681
 2870.781490    3.614103
 2871.443360    3.381751
 2872.103760    3.161385
 2872.766360    2.951512
 2873.427000    2.753151
 2874.089600    2.564808
 2874.750730    2.387137
 2875.412110    2.219314
 2876.075440    2.060602
 2876.736820    1.911586
 2877.400390    1.770975
 2878.062260    1.639250
 2878.725830    1.515370
 2879.388180    1.399532
 2880.050540    1.291147
 2880.714600    1.189610
 2881.377440    1.095032
 2882.041750    1.006689
 2882.704830    0.924609
 2883.369380    0.848135
 2884.032960    0.777237
 2884.696530    0.711491
 2885.361330    0.650488
 2886.025390    0.594125
 2886.690920    0.541944
 2887.354980    0.493906
 2888.020510    0.449541
 2888.685060    0.408772
 2889.349610    0.371292
 2890.015870    0.336797
 2890.680910    0.305225
 2891.347410    0.276251
 2892.012700    0.249799
 2892.679200    0.225590
 2893.344970    0.203526
 2894.010500    0.183426
 2894.677730    0.165085
 2895.343510    0.148449
 2896.011470    0.133296
 2896.677490    0.119596
 2897.345460    0.107152
 2898.011960    0.095920
 2898.678960    0.085764
 2899.347170    0.076583
 2900.014160    0.068323
 2900.682860    0.060869
 2901.350100    0.054183
 2902.019530    0.048159
 2902.687010    0.042772
 2903.354740    0.037945
 2904.024410    0.033612
 2904.692380    0.029752
 2905.361820    0.026298
 2906.030520    0.023222
 2906.700680    0.020478
 2907.369140    0.018044
 2908.038090    0.015881
 2908.708500    0.013957
 2909.377930    0.012255
 2910.048830    0.010745
 2910.718260    0.009414
 2911.389650    0.008235
 2912.059330    0.007198
 2912.729250    0.006286
 2913.400630    0.005480
 2914.070800    0.004774
 2914.742920    0.004152
 2915.413570    0.003609
 2916.085690    0.003132
 2916.756590    0.002716
 2917.429200    0.002351
 2918.100340    0.002034
 2918.771730    0.001758
 2919.444580    0.001516
 2920.116210    0.001307
 2920.789550    0.001125
 2921.461670    0.000968
 2922.135500    0.000832
 2922.807370    0.000713
 2923.479740    0.000612
 2924.154050    0.000524
 2924.826660    0.000448
 2925.500980    0.000382
 2926.174070    0.000326
 2926.848880    0.000278
 2927.522220    0.000237
 2928.195800    0.000201
 2928.870850    0.000171
 2929.544920    0.000145
 2930.220460    0.000123
 2930.894530    0.000104
 2931.570310    0.000088
 2932.244630    0.000074
 2932.919190    0.000063
 2933.595700    0.000052
 2934.270260    0.000044
 2934.947270    0.000037
 2935.622310    0.000031
 2936.299070    0.000026
 2936.974850    0.000022
 2937.650390    0.000018
 2938.327880    0.000015
 2939.003660    0.000012
 2939.681400    0.000010
 2940.357670    0.000009
 2941.035640    0.000008
 2941.712160    0.000006
 2942.389160    0.000005
 2943.067630    0.000004
 2943.744630    0.000004
 2944.423580    0.000003
 2945.100830    0.000002
 2945.780030    0.000002
 2946.457760    0.000002
 2947.135500    0.000001
 2947.815190    0.000001
 2948.493410    0.000001
 2949.173100    0.000001
 2949.851560    0.000001
 2950.531980    0.000001
 2951.210450    0.000000
 2951.889650    0.000000
 2952.570070    0.000000
 2953.249270    0.000000
 2953.930660    0.000000
 2954.610110    0.000000
 2955.291500    0.000000
 2955.971190    0.000000
 2956.651120    0.000000
 2957.333010    0.000000
 2958.013180    0.000000
 2958.695560    0.000000
 2959.376220    0.000000
 2960.058350    0.000000
 2960.739500    0.000000
 2961.420410    0.000000
 2962.103520    0.000000
 2962.784910    0.000000
 2963.468020    0.000000
 2964.149900    0.000000
 2964.833500    0.000000
 2965.515380    0.000000
 2966.197750    0.000000
 2966.881590    0.000000
 2967.564210    0.000000
 2968.248540    0.000000
 2968.931150    0.000000
 2969.615720    0.000000
 2970.299070    0.000000
 2970.984130    0.000000
 2971.667480    0.000000
 2972.351070    0.000000
 2973.036620    0.000000
 2973.720700    0.000000
 2974.406250    0.000000
 2975.090580    0.000000
 2975.776610    0.000000
 2976.461180    0.000000
 2977.146000    0.000000
 2977.832280    0.000000
 2978.517580    0.000000
 2979.204350    0.000000
 2979.889650    0.000000
 2980.576660    0.000000
 2981.262210    0.000000
 2981.948240    0.000000
 2982.635990    0.000000
 2983.322020    0.000000
 2984.010010    0.000000
 2984.696530    0.000000
 2985.384770    0.000000
 2986.071530    0.000000
 2986.758540    0.000000
 2987.447270    0.000000
 2988.134770    0.000000
 2988.823490    0.000000
 2989.510990    0.000000
 2990.200440    0.000000
 2990.888180    0.000000
 2991.576170    0.000000
 2992.266360    0.000000
 2992.954830    0.000000
 2993.644780    0.000000
 2994.333500    0.000000
 2995.023930    0.000000
 2995.713130    0.000000
 2996.402100    0.000000
 2997.093020    0.000000
 2997.782710    0.000000
 2998.473880    0.000000
 2999.163570    0.000000
 2999.855470    0.000000
 3000.545410    0.000000
 3001.235600    0.000000
 3001.927730    0.000000
 3002.618410    0.000000
 3003.310550    0.000000
 3004.001710    0.000000
 3004.694340    0.000000
 3005.385740    0.000000
 3006.076900    0.000000
 3006.770020    0.000000
 3007.461670    0.000000
 3008.155270    0.000000
 3008.847410    0.000000
 3009.541260    0.000000
 3010.233400    0.000000
 3010.926270    0.000000
 3011.620360    0.000000
 3012.313230    0.000000
 3013.007810    0.000000
 3013.700930    0.000000
 3014.395750    0.000000
 3015.089360    0.000000
 3015.783200    0.000000
 3016.478270    0.000000
 3017.172610    0.000000
 3017.868160    0.000000
 3018.562260    0.000000
 3019.258540    0.000000
 3019.952880    0.000000
 3020.647950    0.000000
 3021.344480    0.000000
 3022.039310    0.000000
 3022.736330    0.000000
 3023.431640    0.000000
 3024.128660    0.000000
 3024.824460    0.000000
 3025.522220    0.000000
 3026.218020    0.000000
 3026.914310    0.000000
 3027.612300    0.000000
 3028.308840    0.000000
 3029.007080    0.000000
 3029.703860    0.000000
 3030.402590    0.000000
 3031.099850    0.000000
 3031.797120    0.000000
 3032.496090    0.000000
 3033.193600    0.000000
 3033.893310    0.000000
 3034.591060    0.000000
 3035.290770    0.000000
 3035.989010    0.000000
 3036.687740    0.000000
 3037.387700    0.000000
 3038.086670    0.000000
 3038.787350    0.000000
 3039.486080    0.000000
 3040.187260    0.000000
 3040.886470    0.000000
 3041.586180    0.000000
 3042.287350    0.000000
 3042.987550    0.000000
 3043.689210    0.000000
 3044.389160    0.000000
 3045.091060    0.000000
 3045.791750    0.000000
 3046.492430    0.000000
 3047.194820    0.000000
 3047.896000    0.000000
 3048.598880    0.000000
 3049.300050    0.000000
