 2653.384280    0.000000
 2653.996340    0.000000
 2654.606690    0.000000
 2655.217290    0.000000
 2655.829830    0.000000
 2656.440670    0.000000
 2657.053220    0.000000
 2657.664550    0.000000
 2658.277340    0.000000
 2658.888920    0.000000
 2659.500730    0.000000
 2660.114010    0.000000
 2660.725830    0.000000
 2661.339360    0.000000
 2661.951660    0.000000
 2662.565430    0.000000
 2663.177980    0.000000
 2663.790530    0.000000
 2664.404790    0.000000
 2665.017820    0.000000
 2665.632320    0.000000
 2666.245610    0.000000
 2666.860350    0.000000
 2667.473880    0.000000
 2668.089110    0.000000
 2668.702880    0.000000
 2669.316890    0.000000
 2669.932370    0.000000
 2670.546630    0.000000
 2671.162350    0.000000
 2671.776860    0.000000
 2672.393070    0.000000
 2673.007810    0.000000
 2673.622560    0.000000
 2674.239260    0.000000
 2674.854490    0.000000
 2675.471190    0.000000
 2676.086670    0.000000
 2676.703860    0.000000
 2677.319580    0.000000
 2677.935550    0.000000
 2678.552980    0.000000
 2679.169190    0.000000
 2679.786870    0.000000
 2680.403560    0.000000
 2681.021480    0.000000
 2681.638430    0.000000
 2682.255370    0.000000
 2682.873780    0.000000
 2683.490970    0.000000
 2684.109860    0.000000
 2684.727290    0.000000
 2685.346440    0.000000
 2685.964110    0.000000
 2686.582030    0.000000
 2687.201660    0.000000
 2687.819820    0.000000
 2688.439450    0.000000
 2689.057860    0.000000
 2689.677980    0.000000
 2690.296880    0.000000
 2690.915770    0.000000
 2691.536380    0.000000
 2692.155270    0.000000
 2692.776370    0.000000
 2693.395750    0.000000
 2694.016850    0.000000
 2694.636720    0.000000
 2695.256590    0.000000
 2695.877930    0.000000
 2696.498050    0.000000
 2697.119870    0.000000
 2697.740480    0.000000
 2698.362550    0.000000
 2698.983400    0.000000
 2699.604250    0.000000
 2700.226810    0.000000
 2700.847900    0.000000
 2701.470700    0.000000
 2702.092040    0.000000
 2702.715330    0.000000
 2703.337160    0.000000
 2703.958980    0.000000
 2704.582520    0.000000
 2705.204830    0.000000
 2705.828370    0.000000
 2706.450930    0.000000
 2707.074950    0.000000
 2707.697750    0.000000
 2708.320800    0.000000
 2708.945310    0.000000
 2709.568360    0.000000
 2710.193360    0.000000
 2710.816650    0.000000
 2711.441890    0.000000
 2712.065670    0.000000
 2712.689450    0.000000
 2713.314940    0.000000
 2713.939210    0.000000
 2714.565190    0.000000
 2715.189450    0.000000
 2715.815670    0.000000
 2716.440430    0.000000
 2717.066890    0.000000
 2717.691890    0.000000
 2718.317140    0.000000
 2718.943850    0.000000
 2719.569340    0.000000
 2720.196530    0.000000
 2720.822270    0.000000
 2721.449710    0.000000
 2722.075680    0.000000
 2722.702150    0.000000
 2723.329830    0.000000
 2723.956300    0.000000
 2724.584470    0.000000
 2725.211430    0.000000
 2725.839600    0.000000
 2726.466800    0.000000
 2727.093990    0.000000
 2727.722900    0.000000
 2728.350340    0.000000
 2728.979490    0.000000
 2729.607420    0.000000
 2730.236820    0.000000
 2730.864750    0.000000
 2731.493160    0.000000
 2732.122800    0.000000
 2732.751460    0.000000
 2733.381590    0.000000
 2734.010500    0.000000
 2734.640870    0.000000
 2735.270020    0.000000
 2735.899410    0.000000
 2736.530270    0.000000
 2737.159670    0.000000
 2737.790770    0.000000
 2738.420650    0.000000
 2739.052250    0.000000
 2739.682370    0.000000
 2740.312500    0.000000
 2740.944340    0.000000
 2741.575200    0.000000
 2742.207280    0.000000
 2742.838130    0.000000
 2743.470460    0.000000
 2744.101560    0.000000
 2744.732910    0.000000
 2745.365970    0.000000
 2745.997310    0.000000
 2746.630860    0.000000
 2747.262700    0.000000
 2747.896000    0.000000
 2748.528080    0.000000
 2749.160640    0.000000
 2749.794430    0.000000
 2750.427000    0.000000
 2751.061280    0.000000
 2751.694090    0.000000
 2752.328610    0.000000
 2752.961910    0.000000
 2753.595210    0.000000
 2754.230220    0.000000
 2754.863770    0.000000
 2755.499020    0.000000
 2756.132810    0.000000
 2756.768550    0.000000
 2757.402590    0.000000
 2758.036870    0.000000
 2758.673100    0.000000
 2759.307620    0.000000
 2759.943850    0.000000
 2760.578860    0.000000
 2761.215330    0.000000
 2761.850590    0.000000
 2762.487550    0.000000
 2763.123050    0.000000
 2763.758790    0.000000
 2764.396000    0.000000
 2765.031980    0.000000
 2765.669430    0.000000
 2766.305910    0.000000
 2766.943600    0.000000
 2767.580320    0.000000
 2768.216800    0.000000
 2768.855220    0.000000
 2769.492190    0.000000
 2770.130860    0.000000
 2770.768070    0.000000
 2771.407230    0.000000
 2772.044680    0.000000
 2772.682130    0.000000
 2773.321780    0.000000
 2773.959720    0.000000
 2774.599370    0.000000
 2775.237550    0.000000
 2775.877690    0.000000
 2776.516360    0.000000
 2777.155030    0.000000
 2777.795170    0.000000
 2778.434330    0.000000
 2779.074950    0.000000
 2779.714360    0.000000
 2780.355470    0.000000
 2780.995120    0.000000
 2781.634770    0.000000
 2782.276120    0.000000
 2782.916260    0.000000
 2783.558110    0.000000
 2784.198490    0.000000
 2784.840330    0.000000
 2785.480960    0.000000
 2786.121830    0.000000
 2786.764400    0.000000
 2787.405270    0.000000
 2788.048100    0.000000
 2788.689450    0.000000
 2789.332520    0.000000
 2789.974370    0.000000
 2790.615970    0.000000
 2791.259770    0.000000
 2791.901610    0.000000
 2792.545410    0.000000
 2793.187990    0.000000
 2793.832030    0.000000
 2794.474850    0.000000
 2795.117680    0.000000
 2795.762210    0.000000
 2796.405520    0.000000
 2797.050290    0.000000
 2797.693600    0.000000
 2798.338870    0.000000
 2798.982420    0.000000
 2799.626460    0.000000
 2800.272220    0.000000
 2800.916260    0.000000
 2801.562260    0.000000
 2802.206790    0.000000
 2802.852780    0.000000
 2803.497560    0.000000
 2804.142580    0.000000
 2804.789310    0.000000
 2805.434330    0.000000
 2806.081300    0.000000
 2806.726810    0.000000
 2807.374020    0.000000
 2808.020020    0.000000
 2808.666020    0.000000
 2809.313480    0.000000
 2809.959960    0.000000
 2810.607910    0.000000
 2811.254390    0.000000
 2811.902830    0.000000
 2812.549560    0.000000
 2813.198240    0.000000
 2813.845210    0.000000
 2814.492680    0.000000
 2815.141600    0.000000
 2815.789310    0.000000
 2816.438720    0.000000
 2817.086430    0.000000
 2817.736080    0.000000
 2818.384520    0.000000
 2819.032710    0.000000
 2819.682620    0.000000
 2820.331300    0.000000
 2820.981930    0.000000
 2821.630620    0.000000
 2822.281490    0.000001
 2822.930660    0.000001
 2823.580080    0.000001
 2824.231200    0.000001
 2824.880860    0.000001
 2825.532230    0.000001
 2826.182370    0.000002
 2826.833980    0.000002
 2827.484380    0.000002
 2828.134770    0.000003
 2828.786870    0.000003
 2829.437740    0.000003
 2830.090090    0.000004
 2830.741210    0.000005
 2831.394040    0.000006
 2832.045410    0.000006
 2832.697020    0.000008
 2833.350100    0.000009
 2834.001950    0.000010
 2834.655520    0.000011
 2835.307620    0.000013
 2835.961180    0.000015
 2836.613770    0.000018
 2837.266360    0.000021
 2837.920410    0.000024
 2838.573490    0.000028
 2839.228030    0.000032
 2839.881100    0.000037
 2840.535890    0.000044
 2841.189450    0.000051
 2841.843020    0.000058
 2842.498540    0.000067
 2843.152340    0.000076
 2843.807860    0.000088
 2844.462160    0.000101
 2845.118160    0.000116
 2845.772710    0.000134
 2846.427250    0.000153
 2847.083740    0.000175
 2847.738770    0.000200
 2848.395260    0.000228
 2849.050540    0.000260
 2849.707760    0.000297
 2850.363280    0.000339
 2851.018800    0.000385
 2851.676270    0.000438
 2852.332280    0.000497
 2852.989990    0.000564
 2853.646480    0.000639
 2854.304440    0.000724
 2854.960940    0.000819
 2855.617920    0.000926
 2856.276370    0.001046
 2856.933350    0.001181
 2857.592290    0.001330
 2858.249760    0.001498
 2858.908940    0.001686
 2859.566650    0.001895
 2860.224370    0.002128
 2860.883790    0.002387
 2861.541750    0.002676
 2862.201900    0.002996
 2862.860350    0.003352
 2863.520510    0.003747
 2864.179200    0.004183
 2864.839840    0.004667
 2865.498780    0.005200
 2866.157960    0.005790
 2866.818850    0.006441
 2867.478520    0.007157
 2868.139650    0.007947
 2868.799320    0.008814
 2869.460940    0.009768
 2870.121090    0.010814
 2870.781490    0.011959
 2871.443360    0.013216
 2872.103760    0.014588
 2872.766360    0.016092
 2873.427000    0.017729
 2874.089600    0.019518
 2874.750730    0.021463
 2875.412110    0.023581
 2876.075440    0.025888
 2876.736820    0.028387
 2877.400390    0.031107
 2878.062260    0.034045
 2878.725830    0.037235
 2879.388180    0.040678
 2880.050540    0.044396
 2880.714600    0.048420
 2881.377440    0.052749
 2882.041750    0.057421
 2882.704830    0.062437
 2883.369380    0.067840
 2884.032960    0.073631
 2884.696530    0.079841
 2885.361330    0.086506
 2886.025390    0.093632
 2886.690920    0.101266
 2887.354980    0.109401
 2888.020510    0.118099
 2888.685060    0.127357
 2889.349610    0.137212
 2890.015870    0.147721
 2890.680910    0.158867
 2891.347410    0.170724
 2892.012700    0.183273
 2892.679200    0.196592
 2893.344970    0.210670
 2894.010500    0.225547
 2894.677730    0.241300
 2895.343510    0.257882
 2896.011470    0.275419
 2896.677490    0.293832
 2897.345460    0.313258
 2898.011960    0.333629
 2898.678960    0.355032
 2899.347170    0.377524
 2900.014160    0.401052
 2900.682860    0.425747
 2901.350100    0.451522
 2902.019530    0.478547
 2902.687010    0.506681
 2903.354740    0.536039
 2904.024410    0.566728
 2904.692380    0.598602
 2905.361820    0.631840
 2906.030520    0.666354
 2906.700680    0.702284
 2907.369140    0.739479
 2908.038090    0.778079
 2908.708500    0.818166
 2909.377930    0.859614
 2910.048830    0.902596
 2910.718260    0.946939
 2911.389650    0.992892
 2912.059330    1.040220
 2912.729250    1.089073
 2913.400630    1.139563
 2914.070800    1.191503
 2914.742920    1.245158
 2915.413570    1.300274
 2916.085690    1.357107
 2916.756590    1.415449
 2917.429200    1.475573
 2918.100340    1.537211
 2918.771730    1.600538
 2919.444580    1.665693
 2920.116210    1.732438
 2920.789550    1.801085
 2921.461670    1.871362
 2922.135500    1.943600
 2922.807370    2.017429
 2923.479740    2.093142
 2924.154050    2.170938
 2924.826660    2.250427
 2925.500980    2.332045
 2926.174070    2.415469
 2926.848880    2.501101
 2927.522220    2.588574
 2928.195800    2.678141
 2928.870850    2.770010
 2929.544920    2.863889
 2930.220460    2.960160
 2930.894530    3.058447
 2931.570310    3.159251
 2932.244630    3.262142
 2932.919190    3.367414
 2933.595700    3.475380
 2934.270260    3.585457
 2934.947270    3.698398
 2935.622310    3.813507
 2936.299070    3.931435
 2936.974850    4.051746
 2937.650390    4.174585
 2938.327880    4.300379
 2939.003660    4.428462
 2939.681400    4.559535
 2940.357670    4.692940
 2941.035640    4.829298
 2941.712160    4.967954
 2942.389160    5.109280
 2943.067630    5.253458
 2943.744630    5.399820
 2944.423580    5.549055
 2945.100830    5.700294
 2945.780030    5.854279
 2946.457760    6.010148
 2947.135500    6.168128
 2947.815190    6.328571
 2948.493410    6.490542
 2949.173100    6.654600
 2949.851560    6.819939
 2950.531980    6.987166
 2951.210450    7.155138
 2951.889650    7.324315
 2952.570070    7.494612
 2953.249270    7.665191
 2953.930660    7.836669
 2954.610110    8.007751
 2955.291500    8.179151
 2955.971190    8.349668
 2956.651120    8.519506
 2957.333010    8.688785
 2958.013180    8.856283
 2958.695560    9.022641
 2959.376220    9.186573
 2960.058350    9.348510
 2960.739500    9.507526
 2961.420410    9.663453
 2962.103520    9.816489
 2962.784910    9.965399
 2963.468020    10.110579
 2964.149900    10.251046
 2964.833500    10.387052
 2965.515380    10.517568
 2966.197750    10.642687
 2966.881590    10.762231
 2967.564210    10.875401
 2968.248540    10.982358
 2968.931150    11.082262
 2969.615720    11.175354
 2970.299070    11.260911
 2970.984130    11.339027
 2971.667480    11.409070
 2972.351070    11.471033
 2973.036620    11.524825
 2973.720700    11.569977
 2974.406250    11.606517
 2975.090580    11.634150
 2975.776610    11.652861
 2976.461180    11.662460
 2977.146000    11.662921
 2977.832280    11.654158
 2978.517580    11.636168
 2979.204350    11.608873
 2979.889650    11.572417
 2980.576660    11.526674
 2981.262210    11.471926
 2981.948240    11.408134
 2982.635990    11.335265
 2983.322020    11.253828
 2984.010010    11.163554
 2984.696530    11.065077
 2985.384770    10.958149
 2986.071530    10.843496
 2986.758540    10.721107
 2987.447270    10.590960
 2988.134770    10.453895
 2988.823490    10.309730
 2989.510990    10.159296
 2990.200440    10.002227
 2990.888180    9.839699
 2991.576170    9.671628
 2992.266360    9.497874
 2992.954830    9.319792
 2993.644780    9.136944
 2994.333500    8.950426
 2995.023930    8.759830
 2995.713130    8.566355
 2996.402100    8.370126
 2997.093020    8.170899
 2997.782710    7.969975
 2998.473880    7.766956
 2999.163570    7.563085
 2999.855470    7.357651
 3000.545410    7.152253
 3001.235600    6.946599
 3001.927730    6.740528
 3002.618410    6.535398
 3003.310550    6.330668
 3004.001710    6.127378
 3004.694340    5.925116
 3005.385740    5.724957
 3006.076900    5.526889
 3006.770020    5.330553
 3007.461670    5.137168
 3008.155270    4.946013
 3008.847410    4.758252
 3009.541260    4.573227
 3010.233400    4.392035
 3010.926270    4.214201
 3011.620360    4.039770
 3012.313230    3.869494
 3013.007810    3.702783
 3013.700930    3.540508
 3014.395750    3.382024
 3015.089360    3.228083
 3015.783200    3.078414
 3016.478270    2.932874
 3017.172610    2.791913
 3017.868160    2.655166
 3018.562260    2.523170
 3019.258540    2.395238
 3019.952880    2.272125
 3020.647950    2.153321
 3021.344480    2.038692
 3022.039310    1.928717
 3022.736330    1.822733
 3023.431640    1.721282
 3024.128660    1.623799
 3024.824460    1.530628
 3025.522220    1.441270
 3026.218020    1.356142
 3026.914310    1.274843
 3027.612300    1.197156
 3028.308840    1.123338
 3029.007080    1.052951
 3029.703860    0.986215
 3030.402590    0.922698
 3031.099850    0.862606
 3031.797120    0.805693
 3032.496090    0.751719
 3033.193600    0.700819
 3033.893310    0.652620
 3034.591060    0.607296
 3035.290770    0.564483
 3035.989010    0.524282
 3036.687740    0.486465
 3037.387700    0.450898
 3038.086670    0.417584
 3038.787350    0.386296
 3039.486080    0.357095
 3040.187260    0.329699
 3040.886470    0.304184
 3041.586180    0.280363
 3042.287350    0.258119
 3042.987550    0.237439
 3043.689210    0.218170
 3044.389160    0.200314
 3045.091060    0.183699
 3045.791750    0.168325
 3046.492430    0.154090
 3047.194820    0.140891
 3047.896000    0.128718
 3048.598880    0.117456
 3049.300050    0.107100
