 2653.384280    0.000000
 2653.996340    0.000000
 2654.606690    0.000000
 2655.217290    0.000000
 2655.829830    0.000000
 2656.440670    0.000000
 2657.053220    0.000000
 2657.664550    0.000000
 2658.277340    0.000000
 2658.888920    0.000000
 2659.500730    0.000000
 2660.114010    0.000000
 2660.725830    0.000000
 2661.339360    0.000000
 2661.951660    0.000000
 2662.565430    0.000000
 2663.177980    0.000000
 2663.790530    0.000000
 2664.404790    0.000000
 2665.017820    0.000000
 2665.632320    0.000000
 2666.245610    0.000000
 2666.860350    0.000000
 2667.473880    0.000000
 2668.089110    0.000000
 2668.702880    0.000000
 2669.316890    0.000000
 2669.932370    0.000000
 2670.546630    0.000000
 2671.162350    0.000000
 2671.776860    0.000000
 2672.393070    0.000000
 2673.007810    0.000000
 2673.622560    0.000000
 2674.239260    0.000000
 2674.854490    0.000000
 2675.471190    0.000000
 2676.086670    0.000000
 2676.703860    0.000000
 2677.319580    0.000000
 2677.935550    0.000000
 2678.552980    0.000000
 2679.169190    0.000000
 2679.786870    0.000000
 2680.403560    0.000000
 2681.021480    0.000000
 2681.638430    0.000000
 2682.255370    0.000000
 2682.873780    0.000000
 2683.490970    0.000000
 2684.109860    0.000000
 2684.727290    0.000000
 2685.346440    0.000000
 2685.964110    0.000000
 2686.582030    0.000000
 2687.201660    0.000000
 2687.819820    0.000000
 2688.439450    0.000000
 2689.057860    0.000000
 2689.677980    0.000000
 2690.296880    0.000000
 2690.915770    0.000000
 2691.536380    0.000000
 2692.155270    0.000000
 2692.776370    0.000000
 2693.395750    0.000000
 2694.016850    0.000000
 2694.636720    0.000000
 2695.256590    0.000000
 2695.877930    0.000000
 2696.498050    0.000000
 2697.119870    0.000000
 2697.740480    0.000000
 2698.362550    0.000000
 2698.983400    0.000000
 2699.604250    0.000000
 2700.226810    0.000000
 2700.847900    0.000000
 2701.470700    0.000000
 2702.092040    0.000000
 2702.715330    0.000000
 2703.337160    0.000000
 2703.958980    0.000000
 2704.582520    0.000000
 2705.204830    0.000000
 2705.828370    0.000000
 2706.450930    0.000000
 2707.074950    0.000000
 2707.697750    0.000000
 2708.320800    0.000000
 2708.945310    0.000000
 2709.568360    0.000000
 2710.193360    0.000000
 2710.816650    0.000000
 2711.441890    0.000000
 2712.065670    0.000000
 2712.689450    0.000000
 2713.314940    0.000000
 2713.939210    0.000000
 2714.565190    0.000000
 2715.189450    0.000000
 2715.815670    0.000000
 2716.440430    0.000000
 2717.066890    0.000000
 2717.691890    0.000000
 2718.317140    0.000000
 2718.943850    0.000000
 2719.569340    0.000000
 2720.196530    0.000000
 2720.822270    0.000000
 2721.449710    0.000000
 2722.075680    0.000000
 2722.702150    0.000000
 2723.329830    0.000000
 2723.956300    0.000000
 2724.584470    0.000000
 2725.211430    0.000000
 2725.839600    0.000000
 2726.466800    0.000000
 2727.093990    0.000000
 2727.722900    0.000000
 2728.350340    0.000000
 2728.979490    0.000000
 2729.607420    0.000000
 2730.236820    0.000000
 2730.864750    0.000000
 2731.493160    0.000000
 2732.122800    0.000000
 2732.751460    0.000000
 2733.381590    0.000000
 2734.010500    0.000000
 2734.640870    0.000000
 2735.270020    0.000000
 2735.899410    0.000000
 2736.530270    0.000000
 2737.159670    0.000000
 2737.790770    0.000000
 2738.420650    0.000000
 2739.052250    0.000000
 2739.682370    0.000000
 2740.312500    0.000000
 2740.944340    0.000000
 2741.575200    0.000000
 2742.207280    0.000000
 2742.838130    0.000000
 2743.470460    0.000000
 2744.101560    0.000000
 2744.732910    0.000000
 2745.365970    0.000000
 2745.997310    0.000000
 2746.630860    0.000000
 2747.262700    0.000000
 2747.896000    0.000000
 2748.528080    0.000000
 2749.160640    0.000000
 2749.794430    0.000000
 2750.427000    0.000000
 2751.061280    0.000000
 2751.694090    0.000000
 2752.328610    0.000000
 2752.961910    0.000000
 2753.595210    0.000000
 2754.230220    0.000000
 2754.863770    0.000000
 2755.499020    0.000000
 2756.132810    0.000000
 2756.768550    0.000000
 2757.402590    0.000000
 2758.036870    0.000000
 2758.673100    0.000000
 2759.307620    0.000000
 2759.943850    0.000000
 2760.578860    0.000000
 2761.215330    0.000000
 2761.850590    0.000000
 2762.487550    0.000000
 2763.123050    0.000000
 2763.758790    0.000000
 2764.396000    0.000000
 2765.031980    0.000000
 2765.669430    0.000000
 2766.305910    0.000000
 2766.943600    0.000000
 2767.580320    0.000000
 2768.216800    0.000000
 2768.855220    0.000000
 2769.492190    0.000000
 2770.130860    0.000000
 2770.768070    0.000000
 2771.407230    0.000000
 2772.044680    0.000000
 2772.682130    0.000000
 2773.321780    0.000000
 2773.959720    0.000000
 2774.599370    0.000000
 2775.237550    0.000000
 2775.877690    0.000000
 2776.516360    0.000000
 2777.155030    0.000000
 2777.795170    0.000000
 2778.434330    0.000000
 2779.074950    0.000000
 2779.714360    0.000000
 2780.355470    0.000000
 2780.995120    0.000000
 2781.634770    0.000000
 2782.276120    0.000000
 2782.916260    0.000000
 2783.558110    0.000000
 2784.198490    0.000000
 2784.840330    0.000000
 2785.480960    0.000000
 2786.121830    0.000000
 2786.764400    0.000000
 2787.405270    0.000000
 2788.048100    0.000000
 2788.689450    0.000000
 2789.332520    0.000000
 2789.974370    0.000000
 2790.615970    0.000000
 2791.259770    0.000000
 2791.901610    0.000000
 2792.545410    0.000000
 2793.187990    0.000000
 2793.832030    0.000000
 2794.474850    0.000000
 2795.117680    0.000000
 2795.762210    0.000000
 2796.405520    0.000000
 2797.050290    0.000000
 2797.693600    0.000000
 2798.338870    0.000000
 2798.982420    0.000000
 2799.626460    0.000000
 2800.272220    0.000000
 2800.916260    0.000000
 2801.562260    0.000000
 2802.206790    0.000000
 2802.852780    0.000000
 2803.497560    0.000000
 2804.142580    0.000000
 2804.789310    0.000000
 2805.434330    0.000000
 2806.081300    0.000000
 2806.726810    0.000000
 2807.374020    0.000000
 2808.020020    0.000000
 2808.666020    0.000000
 2809.313480    0.000000
 2809.959960    0.000000
 2810.607910    0.000000
 2811.254390    0.000000
 2811.902830    0.000000
 2812.549560    0.000000
 2813.198240    0.000000
 2813.845210    0.000000
 2814.492680    0.000001
 2815.141600    0.000001
 2815.789310    0.000001
 2816.438720    0.000001
 2817.086430    0.000001
 2817.736080    0.000001
 2818.384520    0.000001
 2819.032710    0.000001
 2819.682620    0.000002
 2820.331300    0.000002
 2820.981930    0.000002
 2821.630620    0.000002
 2822.281490    0.000003
 2822.930660    0.000003
 2823.580080    0.000004
 2824.231200    0.000004
 2824.880860    0.000005
 2825.532230    0.000005
 2826.182370    0.000006
 2826.833980    0.000007
 2827.484380    0.000008
 2828.134770    0.000009
 2828.786870    0.000010
 2829.437740    0.000010
 2830.090090    0.000012
 2830.741210    0.000013
 2831.394040    0.000015
 2832.045410    0.000017
 2832.697020    0.000019
 2833.350100    0.000022
 2834.001950    0.000025
 2834.655520    0.000028
 2835.307620    0.000031
 2835.961180    0.000035
 2836.613770    0.000039
 2837.266360    0.000045
 2837.920410    0.000050
 2838.573490    0.000056
 2839.228030    0.000063
 2839.881100    0.000071
 2840.535890    0.000079
 2841.189450    0.000088
 2841.843020    0.000098
 2842.498540    0.000111
 2843.152340    0.000123
 2843.807860    0.000137
 2844.462160    0.000154
 2845.118160    0.000172
 2845.772710    0.000191
 2846.427250    0.000213
 2847.083740    0.000237
 2847.738770    0.000263
 2848.395260    0.000293
 2849.050540    0.000326
 2849.707760    0.000362
 2850.363280    0.000402
 2851.018800    0.000445
 2851.676270    0.000494
 2852.332280    0.000547
 2852.989990    0.000607
 2853.646480    0.000671
 2854.304440    0.000742
 2854.960940    0.000820
 2855.617920    0.000906
 2856.276370    0.001000
 2856.933350    0.001104
 2857.592290    0.001218
 2858.249760    0.001342
 2858.908940    0.001478
 2859.566650    0.001627
 2860.224370    0.001789
 2860.883790    0.001967
 2861.541750    0.002161
 2862.201900    0.002374
 2862.860350    0.002604
 2863.520510    0.002857
 2864.179200    0.003131
 2864.839840    0.003430
 2865.498780    0.003755
 2866.157960    0.004107
 2866.818850    0.004492
 2867.478520    0.004909
 2868.139650    0.005361
 2868.799320    0.005851
 2869.460940    0.006383
 2870.121090    0.006957
 2870.781490    0.007579
 2871.443360    0.008253
 2872.103760    0.008980
 2872.766360    0.009768
 2873.427000    0.010614
 2874.089600    0.011531
 2874.750730    0.012516
 2875.412110    0.013578
 2876.075440    0.014725
 2876.736820    0.015954
 2877.400390    0.017280
 2878.062260    0.018701
 2878.725830    0.020230
 2879.388180    0.021868
 2880.050540    0.023624
 2880.714600    0.025511
 2881.377440    0.027528
 2882.041750    0.029691
 2882.704830    0.032001
 2883.369380    0.034473
 2884.032960    0.037112
 2884.696530    0.039928
 2885.361330    0.042937
 2886.025390    0.046143
 2886.690920    0.049565
 2887.354980    0.053201
 2888.020510    0.057078
 2888.685060    0.061196
 2889.349610    0.065572
 2890.015870    0.070230
 2890.680910    0.075167
 2891.347410    0.080415
 2892.012700    0.085967
 2892.679200    0.091861
 2893.344970    0.098094
 2894.010500    0.104688
 2894.677730    0.111677
 2895.343510    0.119047
 2896.011470    0.126858
 2896.677490    0.135078
 2897.345460    0.143775
 2898.011960    0.152924
 2898.678960    0.162570
 2899.347170    0.172746
 2900.014160    0.183435
 2900.682860    0.194707
 2901.350100    0.206529
 2902.019530    0.218988
 2902.687010    0.232032
 2903.354740    0.245723
 2904.024410    0.260122
 2904.692380    0.275177
 2905.361820    0.290979
 2906.030520    0.307506
 2906.700680    0.324835
 2907.369140    0.342911
 2908.038090    0.361815
 2908.708500    0.381606
 2909.377930    0.402238
 2910.048830    0.423813
 2910.718260    0.446264
 2911.389650    0.469734
 2912.059330    0.494123
 2912.729250    0.519526
 2913.400630    0.546020
 2914.070800    0.573527
 2914.742920    0.602209
 2915.413570    0.631948
 2916.085690    0.662903
 2916.756590    0.694978
 2917.429200    0.728344
 2918.100340    0.762872
 2918.771730    0.798676
 2919.444580    0.835853
 2920.116210    0.874285
 2920.789550    0.914169
 2921.461670    0.955362
 2922.135500    0.998074
 2922.807370    1.042099
 2923.479740    1.087622
 2924.154050    1.134778
 2924.826660    1.183340
 2925.500980    1.233583
 2926.174070    1.285316
 2926.848880    1.338798
 2927.522220    1.393801
 2928.195800    1.450490
 2928.870850    1.509000
 2929.544920    1.569147
 2930.220460    1.631179
 2930.894530    1.694851
 2931.570310    1.760489
 2932.244630    1.827812
 2932.919190    1.897009
 2933.595700    1.968288
 2934.270260    2.041261
 2934.947270    2.116427
 2935.622310    2.193323
 2936.299070    2.272386
 2936.974850    2.353324
 2937.650390    2.436240
 2938.327880    2.521428
 2939.003660    2.608446
 2939.681400    2.697783
 2940.357670    2.789002
 2941.035640    2.882548
 2941.712160    2.977995
 2942.389160    3.075623
 2943.067630    3.175590
 2943.744630    3.277468
 2944.423580    3.381781
 2945.100830    3.487967
 2945.780030    3.596601
 2946.457760    3.707136
 2947.135500    3.819798
 2947.815190    3.934911
 2948.493410    4.051888
 2949.173100    4.171218
 2949.851560    4.292414
 2950.531980    4.416025
 2951.210450    4.541317
 2951.889650    4.668748
 2952.570070    4.798390
 2953.249270    4.929738
 2953.930660    5.063416
 2954.610110    5.198566
 2955.291500    5.335916
 2955.971190    5.474671
 2956.651120    5.615167
 2957.333010    5.757698
 2958.013180    5.901432
 2958.695560    6.047119
 2959.376220    6.193847
 2960.058350    6.342212
 2960.739500    6.491595
 2961.420410    6.642055
 2962.103520    6.794033
 2962.784910    6.946554
 2963.468020    7.100268
 2964.149900    7.254397
 2964.833500    7.409479
 2965.515380    7.564607
 2966.197750    7.720143
 2966.881590    7.876170
 2967.564210    8.031926
 2968.248540    8.187929
 2968.931150    8.343242
 2969.615720    8.498533
 2970.299070    8.652917
 2970.984130    8.806881
 2971.667480    8.959483
 2972.351070    9.110984
 2973.036620    9.261570
 2973.720700    9.410304
 2974.406250    9.557635
 2975.090580    9.702791
 2975.776610    9.846197
 2976.461180    9.986994
 2977.146000    10.125341
 2977.832280    10.261277
 2978.517580    10.394119
 2979.204350    10.524137
 2979.889650    10.650578
 2980.576660    10.773829
 2981.262210    10.893125
 2981.948240    11.008619
 2982.635990    11.120308
 2983.322020    11.227448
 2984.010010    11.330428
 2984.696530    11.428550
 2985.384770    11.522091
 2986.071530    11.610447
 2986.758540    11.693686
 2987.447270    11.771811
 2988.134770    11.844331
 2988.823490    11.911362
 2989.510990    11.972527
 2990.200440    12.027978
 2990.888180    12.077295
 2991.576170    12.120531
 2992.266360    12.157677
 2992.954830    12.188425
 2993.644780    12.212841
 2994.333500    12.230759
 2995.023930    12.242189
 2995.713130    12.247030
 2996.402100    12.245275
 2997.093020    12.236869
 2997.782710    12.221826
 2998.473880    12.200087
 2999.163570    12.171753
 2999.855470    12.136686
 3000.545410    12.095129
 3001.235600    12.047021
 3001.927730    11.992270
 3002.618410    11.931208
 3003.310550    11.863659
 3004.001710    11.789948
 3004.694340    11.709911
 3005.385740    11.623971
 3006.076900    11.532149
 3006.770020    11.434268
 3007.461670    11.330950
 3008.155270    11.221831
 3008.847410    11.107611
 3009.541260    10.987932
 3010.233400    10.863565
 3010.926270    10.734271
 3011.620360    10.600132
 3012.313230    10.461820
 3013.007810    10.318957
 3013.700930    10.172405
 3014.395750    10.021709
 3015.089360    9.867723
 3015.783200    9.710355
 3016.478270    9.549603
 3017.172610    9.386145
 3017.868160    9.219754
 3018.562260    9.051310
 3019.258540    8.880154
 3019.952880    8.707542
 3020.647950    8.533048
 3021.344480    8.356712
 3022.039310    8.179575
 3022.736330    8.000869
 3023.431640    7.821823
 3024.128660    7.641782
 3024.824460    7.461725
 3025.522220    7.281048
 3026.218020    7.100976
 3026.914310    6.921084
 3027.612300    6.741262
 3028.308840    6.562525
 3029.007080    6.384252
 3029.703860    6.207436
 3030.402590    6.031392
 3031.099850    5.857152
 3031.797120    5.684512
 3032.496090    5.513210
 3033.193600    5.344175
 3033.893310    5.176664
 3034.591060    5.011806
 3035.290770    4.848805
 3035.989010    4.688578
 3036.687740    4.530781
 3037.387700    4.375360
 3038.086670    4.222898
 3038.787350    4.072902
 3039.486080    3.926231
 3040.187260    3.782037
 3040.886470    3.641288
 3041.586180    3.503540
 3042.287350    3.368659
 3042.987550    3.237159
 3043.689210    3.108618
 3044.389160    2.983641
 3045.091060    2.861595
 3045.791750    2.743050
 3046.492430    2.627796
 3047.194820    2.515565
 3047.896000    2.406822
 3048.598880    2.301105
 3049.300050    2.198910
