 2653.384280    0.000000
 2653.996340    0.000000
 2654.606690    0.000000
 2655.217290    0.000000
 2655.829830    0.000000
 2656.440670    0.000000
 2657.053220    0.000000
 2657.664550    0.000000
 2658.277340    0.000000
 2658.888920    0.000000
 2659.500730    0.000000
 2660.114010    0.000000
 2660.725830    0.000000
 2661.339360    0.000000
 2661.951660    0.000000
 2662.565430    0.000000
 2663.177980    0.000000
 2663.790530    0.000000
 2664.404790    0.000000
 2665.017820    0.000000
 2665.632320    0.000000
 2666.245610    0.000000
 2666.860350    0.000000
 2667.473880    0.000000
 2668.089110    0.000000
 2668.702880    0.000000
 2669.316890    0.000000
 2669.932370    0.000000
 2670.546630    0.000000
 2671.162350    0.000000
 2671.776860    0.000000
 2672.393070    0.000000
 2673.007810    0.000000
 2673.622560    0.000000
 2674.239260    0.000000
 2674.854490    0.000000
 2675.471190    0.000000
 2676.086670    0.000000
 2676.703860    0.000000
 2677.319580    0.000000
 2677.935550    0.000000
 2678.552980    0.000001
 2679.169190    0.000001
 2679.786870    0.000002
 2680.403560    0.000003
 2681.021480    0.000004
 2681.638430    0.000006
 2682.255370    0.000009
 2682.873780    0.000013
 2683.490970    0.000019
 2684.109860    0.000028
 2684.727290    0.000040
 2685.346440    0.000057
 2685.964110    0.000080
 2686.582030    0.000113
 2687.201660    0.000155
 2687.819820    0.000212
 2688.439450    0.000287
 2689.057860    0.000384
 2689.677980    0.000509
 2690.296880    0.000669
 2690.915770    0.000868
 2691.536380    0.001117
 2692.155270    0.001420
 2692.776370    0.001788
 2693.395750    0.002229
 2694.016850    0.002750
 2694.636720    0.003358
 2695.256590    0.004057
 2695.877930    0.004853
 2696.498050    0.005744
 2697.119870    0.006732
 2697.740480    0.007805
 2698.362550    0.008960
 2698.983400    0.010176
 2699.604250    0.011437
 2700.226810    0.012728
 2700.847900    0.014013
 2701.470700    0.015274
 2702.092040    0.016472
 2702.715330    0.017585
 2703.337160    0.018577
 2703.958980    0.019423
 2704.582520    0.020100
 2705.204830    0.020585
 2705.828370    0.020866
 2706.450930    0.020936
 2707.074950    0.020791
 2707.697750    0.020439
 2708.320800    0.019892
 2708.945310    0.019166
 2709.568360    0.018289
 2710.193360    0.017282
 2710.816650    0.016184
 2711.441890    0.015018
 2712.065670    0.013824
 2712.689450    0.012629
 2713.314940    0.011459
 2713.939210    0.010347
 2714.565190    0.009312
 2715.189450    0.008376
 2715.815670    0.007554
 2716.440430    0.006862
 2717.066890    0.006310
 2717.691890    0.005911
 2718.317140    0.005676
 2718.943850    0.005619
 2719.569340    0.005757
 2720.196530    0.006112
 2720.822270    0.006710
 2721.449710    0.007590
 2722.075680    0.008795
 2722.702150    0.010379
 2723.329830    0.012413
 2723.956300    0.014965
 2724.584470    0.018134
 2725.211430    0.022002
 2725.839600    0.026690
 2726.466800    0.032292
 2727.093990    0.038927
 2727.722900    0.046732
 2728.350340    0.055777
 2728.979490    0.066208
 2729.607420    0.078068
 2730.236820    0.091482
 2730.864750    0.106440
 2731.493160    0.123016
 2732.122800    0.141251
 2732.751460    0.161072
 2733.381590    0.182539
 2734.010500    0.205540
 2734.640870    0.230158
 2735.270020    0.256308
 2735.899410    0.284114
 2736.530270    0.313791
 2737.159670    0.345472
 2737.790770    0.379754
 2738.420650    0.417119
 2739.052250    0.458648
 2739.682370    0.505340
 2740.312500    0.558849
 2740.944340    0.621327
 2741.575200    0.694942
 2742.207280    0.782857
 2742.838130    0.888100
 2743.470460    1.014976
 2744.101560    1.167220
 2744.732910    1.349741
 2745.365970    1.567990
 2745.997310    1.825777
 2746.630860    2.129697
 2747.262700    2.482610
 2747.896000    2.890469
 2748.528080    3.355051
 2749.160640    3.880019
 2749.794430    4.467531
 2750.427000    5.115200
 2751.061280    5.824365
 2751.694090    6.588052
 2752.328610    7.404839
 2752.961910    8.263947
 2753.595210    9.158131
 2754.230220    10.079583
 2754.863770    11.012055
 2755.499020    11.947520
 2756.132810    12.867985
 2756.768550    13.764762
 2757.402590    14.619230
 2758.036870    15.421287
 2758.673100    16.160809
 2759.307620    16.822763
 2759.943850    17.401457
 2760.578860    17.886568
 2761.215330    18.274307
 2761.850590    18.559010
 2762.487550    18.739655
 2763.123050    18.814714
 2763.758790    18.785625
 2764.396000    18.654173
 2765.031980    18.424259
 2765.669430    18.099255
 2766.305910    17.685528
 2766.943600    17.187571
 2767.580320    16.613661
 2768.216800    15.970552
 2768.855220    15.263538
 2769.492190    14.504647
 2770.130860    13.698925
 2770.768070    12.859640
 2771.407230    11.991955
 2772.044680    11.110758
 2772.682130    10.223773
 2773.321780    9.337898
 2773.959720    8.468206
 2774.599370    7.619195
 2775.237550    6.803453
 2775.877690    6.024074
 2776.516360    5.291508
 2777.155030    4.608879
 2777.795170    3.978391
 2778.434330    3.404715
 2779.074950    2.886580
 2779.714360    2.425776
 2780.355470    2.018704
 2780.995120    1.664904
 2781.634770    1.360110
 2782.276120    1.099846
 2782.916260    0.881129
 2783.558110    0.698579
 2784.198490    0.548684
 2784.840330    0.426435
 2785.480960    0.328272
 2786.121830    0.250145
 2786.764400    0.188546
 2787.405270    0.140781
 2788.048100    0.103951
 2788.689450    0.076024
 2789.332520    0.054981
 2789.974370    0.039378
 2790.615970    0.027916
 2791.259770    0.019562
 2791.901610    0.013580
 2792.545410    0.009318
 2793.187990    0.006332
 2793.832030    0.004254
 2794.474850    0.002831
 2795.117680    0.001863
 2795.762210    0.001213
 2796.405520    0.000781
 2797.050290    0.000498
 2797.693600    0.000314
 2798.338870    0.000196
 2798.982420    0.000121
 2799.626460    0.000073
 2800.272220    0.000045
 2800.916260    0.000027
 2801.562260    0.000016
 2802.206790    0.000010
 2802.852780    0.000006
 2803.497560    0.000003
 2804.142580    0.000002
 2804.789310    0.000001
 2805.434330    0.000001
 2806.081300    0.000000
 2806.726810    0.000000
 2807.374020    0.000000
 2808.020020    0.000000
 2808.666020    0.000000
 2809.313480    0.000000
 2809.959960    0.000000
 2810.607910    0.000000
 2811.254390    0.000000
 2811.902830    0.000000
 2812.549560    0.000000
 2813.198240    0.000000
 2813.845210    0.000000
 2814.492680    0.000000
 2815.141600    0.000000
 2815.789310    0.000000
 2816.438720    0.000000
 2817.086430    0.000000
 2817.736080    0.000000
 2818.384520    0.000000
 2819.032710    0.000000
 2819.682620    0.000000
 2820.331300    0.000000
 2820.981930    0.000000
 2821.630620    0.000000
 2822.281490    0.000000
 2822.930660    0.000000
 2823.580080    0.000000
 2824.231200    0.000000
 2824.880860    0.000000
 2825.532230    0.000000
 2826.182370    0.000000
 2826.833980    0.000000
 2827.484380    0.000000
 2828.134770    0.000000
 2828.786870    0.000000
 2829.437740    0.000000
 2830.090090    0.000000
 2830.741210    0.000000
 2831.394040    0.000000
 2832.045410    0.000000
 2832.697020    0.000000
 2833.350100    0.000000
 2834.001950    0.000000
 2834.655520    0.000000
 2835.307620    0.000000
 2835.961180    0.000000
 2836.613770    0.000000
 2837.266360    0.000000
 2837.920410    0.000000
 2838.573490    0.000000
 2839.228030    0.000000
 2839.881100    0.000000
 2840.535890    0.000000
 2841.189450    0.000000
 2841.843020    0.000000
 2842.498540    0.000000
 2843.152340    0.000000
 2843.807860    0.000000
 2844.462160    0.000000
 2845.118160    0.000000
 2845.772710    0.000000
 2846.427250    0.000000
 2847.083740    0.000000
 2847.738770    0.000000
 2848.395260    0.000000
 2849.050540    0.000000
 2849.707760    0.000000
 2850.363280    0.000000
 2851.018800    0.000000
 2851.676270    0.000000
 2852.332280    0.000000
 2852.989990    0.000000
 2853.646480    0.000000
 2854.304440    0.000000
 2854.960940    0.000000
 2855.617920    0.000000
 2856.276370    0.000000
 2856.933350    0.000000
 2857.592290    0.000000
 2858.249760    0.000000
 2858.908940    0.000000
 2859.566650    0.000000
 2860.224370    0.000000
 2860.883790    0.000000
 2861.541750    0.000000
 2862.201900    0.000000
 2862.860350    0.000000
 2863.520510    0.000000
 2864.179200    0.000000
 2864.839840    0.000000
 2865.498780    0.000000
 2866.157960    0.000000
 2866.818850    0.000000
 2867.478520    0.000000
 2868.139650    0.000000
 2868.799320    0.000000
 2869.460940    0.000000
 2870.121090    0.000000
 2870.781490    0.000000
 2871.443360    0.000000
 2872.103760    0.000000
 2872.766360    0.000000
 2873.427000    0.000000
 2874.089600    0.000000
 2874.750730    0.000000
 2875.412110    0.000000
 2876.075440    0.000000
 2876.736820    0.000000
 2877.400390    0.000000
 2878.062260    0.000000
 2878.725830    0.000000
 2879.388180    0.000000
 2880.050540    0.000000
 2880.714600    0.000000
 2881.377440    0.000000
 2882.041750    0.000000
 2882.704830    0.000000
 2883.369380    0.000000
 2884.032960    0.000000
 2884.696530    0.000000
 2885.361330    0.000000
 2886.025390    0.000000
 2886.690920    0.000000
 2887.354980    0.000000
 2888.020510    0.000000
 2888.685060    0.000000
 2889.349610    0.000000
 2890.015870    0.000000
 2890.680910    0.000000
 2891.347410    0.000000
 2892.012700    0.000000
 2892.679200    0.000000
 2893.344970    0.000000
 2894.010500    0.000000
 2894.677730    0.000000
 2895.343510    0.000000
 2896.011470    0.000000
 2896.677490    0.000000
 2897.345460    0.000000
 2898.011960    0.000000
 2898.678960    0.000000
 2899.347170    0.000000
 2900.014160    0.000000
 2900.682860    0.000000
 2901.350100    0.000000
 2902.019530    0.000000
 2902.687010    0.000000
 2903.354740    0.000000
 2904.024410    0.000000
 2904.692380    0.000000
 2905.361820    0.000000
 2906.030520    0.000000
 2906.700680    0.000000
 2907.369140    0.000000
 2908.038090    0.000000
 2908.708500    0.000000
 2909.377930    0.000000
 2910.048830    0.000000
 2910.718260    0.000000
 2911.389650    0.000000
 2912.059330    0.000000
 2912.729250    0.000000
 2913.400630    0.000000
 2914.070800    0.000000
 2914.742920    0.000000
 2915.413570    0.000000
 2916.085690    0.000000
 2916.756590    0.000000
 2917.429200    0.000000
 2918.100340    0.000000
 2918.771730    0.000000
 2919.444580    0.000000
 2920.116210    0.000000
 2920.789550    0.000000
 2921.461670    0.000000
 2922.135500    0.000000
 2922.807370    0.000000
 2923.479740    0.000000
 2924.154050    0.000000
 2924.826660    0.000000
 2925.500980    0.000000
 2926.174070    0.000000
 2926.848880    0.000000
 2927.522220    0.000000
 2928.195800    0.000000
 2928.870850    0.000000
 2929.544920    0.000000
 2930.220460    0.000000
 2930.894530    0.000000
 2931.570310    0.000000
 2932.244630    0.000000
 2932.919190    0.000000
 2933.595700    0.000000
 2934.270260    0.000000
 2934.947270    0.000000
 2935.622310    0.000000
 2936.299070    0.000000
 2936.974850    0.000000
 2937.650390    0.000000
 2938.327880    0.000000
 2939.003660    0.000000
 2939.681400    0.000000
 2940.357670    0.000000
 2941.035640    0.000000
 2941.712160    0.000000
 2942.389160    0.000000
 2943.067630    0.000000
 2943.744630    0.000000
 2944.423580    0.000000
 2945.100830    0.000000
 2945.780030    0.000000
 2946.457760    0.000000
 2947.135500    0.000000
 2947.815190    0.000000
 2948.493410    0.000000
 2949.173100    0.000000
 2949.851560    0.000000
 2950.531980    0.000000
 2951.210450    0.000000
 2951.889650    0.000000
 2952.570070    0.000000
 2953.249270    0.000000
 2953.930660    0.000000
 2954.610110    0.000000
 2955.291500    0.000000
 2955.971190    0.000000
 2956.651120    0.000000
 2957.333010    0.000000
 2958.013180    0.000000
 2958.695560    0.000000
 2959.376220    0.000000
 2960.058350    0.000000
 2960.739500    0.000000
 2961.420410    0.000000
 2962.103520    0.000000
 2962.784910    0.000000
 2963.468020    0.000000
 2964.149900    0.000000
 2964.833500    0.000000
 2965.515380    0.000000
 2966.197750    0.000000
 2966.881590    0.000000
 2967.564210    0.000000
 2968.248540    0.000000
 2968.931150    0.000000
 2969.615720    0.000000
 2970.299070    0.000000
 2970.984130    0.000000
 2971.667480    0.000000
 2972.351070    0.000000
 2973.036620    0.000000
 2973.720700    0.000000
 2974.406250    0.000000
 2975.090580    0.000000
 2975.776610    0.000000
 2976.461180    0.000000
 2977.146000    0.000000
 2977.832280    0.000000
 2978.517580    0.000000
 2979.204350    0.000000
 2979.889650    0.000000
 2980.576660    0.000000
 2981.262210    0.000000
 2981.948240    0.000000
 2982.635990    0.000000
 2983.322020    0.000000
 2984.010010    0.000000
 2984.696530    0.000000
 2985.384770    0.000000
 2986.071530    0.000000
 2986.758540    0.000000
 2987.447270    0.000000
 2988.134770    0.000000
 2988.823490    0.000000
 2989.510990    0.000000
 2990.200440    0.000000
 2990.888180    0.000000
 2991.576170    0.000000
 2992.266360    0.000000
 2992.954830    0.000000
 2993.644780    0.000000
 2994.333500    0.000000
 2995.023930    0.000000
 2995.713130    0.000000
 2996.402100    0.000000
 2997.093020    0.000000
 2997.782710    0.000000
 2998.473880    0.000000
 2999.163570    0.000000
 2999.855470    0.000000
 3000.545410    0.000000
 3001.235600    0.000000
 3001.927730    0.000000
 3002.618410    0.000000
 3003.310550    0.000000
 3004.001710    0.000000
 3004.694340    0.000000
 3005.385740    0.000000
 3006.076900    0.000000
 3006.770020    0.000000
 3007.461670    0.000000
 3008.155270    0.000000
 3008.847410    0.000000
 3009.541260    0.000000
 3010.233400    0.000000
 3010.926270    0.000000
 3011.620360    0.000000
 3012.313230    0.000000
 3013.007810    0.000000
 3013.700930    0.000000
 3014.395750    0.000000
 3015.089360    0.000000
 3015.783200    0.000000
 3016.478270    0.000000
 3017.172610    0.000000
 3017.868160    0.000000
 3018.562260    0.000000
 3019.258540    0.000000
 3019.952880    0.000000
 3020.647950    0.000000
 3021.344480    0.000000
 3022.039310    0.000000
 3022.736330    0.000000
 3023.431640    0.000000
 3024.128660    0.000000
 3024.824460    0.000000
 3025.522220    0.000000
 3026.218020    0.000000
 3026.914310    0.000000
 3027.612300    0.000000
 3028.308840    0.000000
 3029.007080    0.000000
 3029.703860    0.000000
 3030.402590    0.000000
 3031.099850    0.000000
 3031.797120    0.000000
 3032.496090    0.000000
 3033.193600    0.000000
 3033.893310    0.000000
 3034.591060    0.000000
 3035.290770    0.000000
 3035.989010    0.000000
 3036.687740    0.000000
 3037.387700    0.000000
 3038.086670    0.000000
 3038.787350    0.000000
 3039.486080    0.000000
 3040.187260    0.000000
 3040.886470    0.000000
 3041.586180    0.000000
 3042.287350    0.000000
 3042.987550    0.000000
 3043.689210    0.000000
 3044.389160    0.000000
 3045.091060    0.000000
 3045.791750    0.000000
 3046.492430    0.000000
 3047.194820    0.000000
 3047.896000    0.000000
 3048.598880    0.000000
 3049.300050    0.000000
