 2653.384280    0.000743
 2653.996340    0.000846
 2654.606690    0.000961
 2655.217290    0.001092
 2655.829830    0.001240
 2656.440670    0.001405
 2657.053220    0.001591
 2657.664550    0.001800
 2658.277340    0.002033
 2658.888920    0.002295
 2659.500730    0.002586
 2660.114010    0.002913
 2660.725830    0.003276
 2661.339360    0.003681
 2661.951660    0.004132
 2662.565430    0.004634
 2663.177980    0.005190
 2663.790530    0.005806
 2664.404790    0.006491
 2665.017820    0.007247
 2665.632320    0.008084
 2666.245610    0.009006
 2666.860350    0.010026
 2667.473880    0.011147
 2668.089110    0.012383
 2668.702880    0.013740
 2669.316890    0.015229
 2669.932370    0.016866
 2670.546630    0.018656
 2671.162350    0.020619
 2671.776860    0.022761
 2672.393070    0.025107
 2673.007810    0.027661
 2673.622560    0.030444
 2674.239260    0.033484
 2674.854490    0.036780
 2675.471190    0.040372
 2676.086670    0.044263
 2676.703860    0.048493
 2677.319580    0.053066
 2677.935550    0.058016
 2678.552980    0.063381
 2679.169190    0.069165
 2679.786870    0.075421
 2680.403560    0.082157
 2681.021480    0.089427
 2681.638430    0.097239
 2682.255370    0.105638
 2682.873780    0.114682
 2683.490970    0.124372
 2684.109860    0.134792
 2684.727290    0.145931
 2685.346440    0.157891
 2685.964110    0.170654
 2686.582030    0.184301
 2687.201660    0.198917
 2687.819820    0.214478
 2688.439450    0.231112
 2689.057860    0.248798
 2689.677980    0.267683
 2690.296880    0.287734
 2690.915770    0.309050
 2691.536380    0.331757
 2692.155270    0.355795
 2692.776370    0.381385
 2693.395750    0.408437
 2694.016850    0.437173
 2694.636720    0.467531
 2695.256590    0.499642
 2695.877930    0.533668
 2696.498050    0.569540
 2697.119870    0.607512
 2697.740480    0.647491
 2698.362550    0.689738
 2698.983400    0.734158
 2699.604250    0.780918
 2700.226810    0.830249
 2700.847900    0.881989
 2701.470700    0.936496
 2702.092040    0.993587
 2702.715330    1.053671
 2703.337160    1.116515
 2703.958980    1.182348
 2704.582520    1.251456
 2705.204830    1.323607
 2705.828370    1.399175
 2706.450930    1.477981
 2707.074950    1.560423
 2707.697750    1.646229
 2708.320800    1.735670
 2708.945310    1.829011
 2709.568360    1.925881
 2710.193360    2.026879
 2710.816650    2.131473
 2711.441890    2.240327
 2712.065670    2.352893
 2712.689450    2.469454
 2713.314940    2.590369
 2713.939210    2.715090
 2714.565190    2.844207
 2715.189450    2.977007
 2715.815670    3.114248
 2716.440430    3.255149
 2717.066890    3.400378
 2717.691890    3.549134
 2718.317140    3.701734
 2718.943850    3.858392
 2719.569340    4.018324
 2720.196530    4.182149
 2720.822270    4.348892
 2721.449710    4.519228
 2722.075680    4.692113
 2722.702150    4.867870
 2723.329830    5.046488
 2723.956300    5.227027
 2724.584470    5.410068
 2725.211430    5.594477
 2725.839600    5.780665
 2726.466800    5.967664
 2727.093990    6.155422
 2727.722900    6.344096
 2728.350340    6.532363
 2728.979490    6.720785
 2729.607420    6.908084
 2730.236820    7.094642
 2730.864750    7.279166
 2731.493160    7.461799
 2732.122800    7.642296
 2732.751460    7.819574
 2733.381590    7.993863
 2734.010500    8.163957
 2734.640870    8.330114
 2735.270020    8.491169
 2735.899410    8.647048
 2736.530270    8.797581
 2737.159670    8.941622
 2737.790770    9.079461
 2738.420650    9.210026
 2739.052250    9.333509
 2739.682370    9.448892
 2740.312500    9.556094
 2740.944340    9.655024
 2741.575200    9.744912
 2742.207280    9.825761
 2742.838130    9.896977
 2743.470460    9.958608
 2744.101560    10.010160
 2744.732910    10.051587
 2745.365970    10.082777
 2745.997310    10.103436
 2746.630860    10.113585
 2747.262700    10.113091
 2747.896000    10.101934
 2748.528080    10.080169
 2749.160640    10.047799
 2749.794430    10.004834
 2750.427000    9.951551
 2751.061280    9.887846
 2751.694090    9.814217
 2752.328610    9.730508
 2752.961910    9.637345
 2753.595210    9.534858
 2754.230220    9.423039
 2754.863770    9.302782
 2755.499020    9.173841
 2756.132810    9.037246
 2756.768550    8.892653
 2757.402590    8.741320
 2758.036870    8.583254
 2758.673100    8.418449
 2759.307620    8.248326
 2759.943850    8.072453
 2760.578860    7.892125
 2761.215330    7.707073
 2761.850590    7.518577
 2762.487550    7.326265
 2763.123050    7.131595
 2763.758790    6.934547
 2764.396000    6.735226
 2765.031980    6.534955
 2765.669430    6.333360
 2766.305910    6.131677
 2766.943600    5.929659
 2767.580320    5.728439
 2768.216800    5.528201
 2768.855220    5.328659
 2769.492190    5.131265
 2770.130860    4.935400
 2770.768070    4.742382
 2771.407230    4.551498
 2772.044680    4.364145
 2772.682130    4.180083
 2773.321780    3.998949
 2773.959720    3.822085
 2774.599370    3.648752
 2775.237550    3.479998
 2775.877690    3.315088
 2776.516360    3.155049
 2777.155030    2.999617
 2777.795170    2.848550
 2778.434330    2.702507
 2779.074950    2.560996
 2779.714360    2.424649
 2780.355470    2.292871
 2780.995120    2.166320
 2781.634770    2.044677
 2782.276120    1.927608
 2782.916260    1.815613
 2783.558110    1.708130
 2784.198490    1.605625
 2784.840330    1.507551
 2785.480960    1.414234
 2786.121830    1.325351
 2786.764400    1.240614
 2787.405270    1.160362
 2788.048100    1.084021
 2788.689450    1.011876
 2789.332520    0.943445
 2789.974370    0.878914
 2790.615970    0.818035
 2791.259770    0.760460
 2791.901610    0.706425
 2792.545410    0.655460
 2793.187990    0.607690
 2793.832030    0.562776
 2794.474850    0.520772
 2795.117680    0.481459
 2795.762210    0.444611
 2796.405520    0.410268
 2797.050290    0.378162
 2797.693600    0.348317
 2798.338870    0.320457
 2798.982420    0.294626
 2799.626460    0.270617
 2800.272220    0.248287
 2800.916260    0.227650
 2801.562260    0.208487
 2802.206790    0.190807
 2802.852780    0.174438
 2803.497560    0.159360
 2804.142580    0.145454
 2804.789310    0.132614
 2805.434330    0.120831
 2806.081300    0.109970
 2806.726810    0.100019
 2807.374020    0.090868
 2808.020020    0.082499
 2808.666020    0.074835
 2809.313480    0.067810
 2809.959960    0.061401
 2810.607910    0.055537
 2811.254390    0.050202
 2811.902830    0.045327
 2812.549560    0.040901
 2813.198240    0.036864
 2813.845210    0.033206
 2814.492680    0.029883
 2815.141600    0.026863
 2815.789310    0.024132
 2816.438720    0.021654
 2817.086430    0.019419
 2817.736080    0.017394
 2818.384520    0.015570
 2819.032710    0.013925
 2819.682620    0.012440
 2820.331300    0.011105
 2820.981930    0.009901
 2821.630620    0.008823
 2822.281490    0.007853
 2822.930660    0.006985
 2823.580080    0.006207
 2824.231200    0.005508
 2824.880860    0.004886
 2825.532230    0.004329
 2826.182370    0.003832
 2826.833980    0.003387
 2827.484380    0.002994
 2828.134770    0.002643
 2828.786870    0.002330
 2829.437740    0.002052
 2830.090090    0.001805
 2830.741210    0.001588
 2831.394040    0.001394
 2832.045410    0.001224
 2832.697020    0.001072
 2833.350100    0.000938
 2834.001950    0.000821
 2834.655520    0.000717
 2835.307620    0.000627
 2835.961180    0.000546
 2836.613770    0.000476
 2837.266360    0.000414
 2837.920410    0.000360
 2838.573490    0.000313
 2839.228030    0.000271
 2839.881100    0.000235
 2840.535890    0.000203
 2841.189450    0.000175
 2841.843020    0.000152
 2842.498540    0.000131
 2843.152340    0.000113
 2843.807860    0.000097
 2844.462160    0.000083
 2845.118160    0.000072
 2845.772710    0.000061
 2846.427250    0.000052
 2847.083740    0.000045
 2847.738770    0.000038
 2848.395260    0.000032
 2849.050540    0.000028
 2849.707760    0.000024
 2850.363280    0.000020
 2851.018800    0.000017
 2851.676270    0.000014
 2852.332280    0.000012
 2852.989990    0.000010
 2853.646480    0.000009
 2854.304440    0.000008
 2854.960940    0.000007
 2855.617920    0.000006
 2856.276370    0.000005
 2856.933350    0.000004
 2857.592290    0.000003
 2858.249760    0.000003
 2858.908940    0.000002
 2859.566650    0.000002
 2860.224370    0.000002
 2860.883790    0.000001
 2861.541750    0.000001
 2862.201900    0.000001
 2862.860350    0.000001
 2863.520510    0.000001
 2864.179200    0.000001
 2864.839840    0.000000
 2865.498780    0.000000
 2866.157960    0.000000
 2866.818850    0.000000
 2867.478520    0.000000
 2868.139650    0.000000
 2868.799320    0.000000
 2869.460940    0.000000
 2870.121090    0.000000
 2870.781490    0.000000
 2871.443360    0.000000
 2872.103760    0.000000
 2872.766360    0.000000
 2873.427000    0.000000
 2874.089600    0.000000
 2874.750730    0.000000
 2875.412110    0.000000
 2876.075440    0.000000
 2876.736820    0.000000
 2877.400390    0.000000
 2878.062260    0.000000
 2878.725830    0.000000
 2879.388180    0.000000
 2880.050540    0.000000
 2880.714600    0.000000
 2881.377440    0.000000
 2882.041750    0.000000
 2882.704830    0.000000
 2883.369380    0.000000
 2884.032960    0.000000
 2884.696530    0.000000
 2885.361330    0.000000
 2886.025390    0.000000
 2886.690920    0.000000
 2887.354980    0.000000
 2888.020510    0.000000
 2888.685060    0.000000
 2889.349610    0.000000
 2890.015870    0.000000
 2890.680910    0.000000
 2891.347410    0.000000
 2892.012700    0.000000
 2892.679200    0.000000
 2893.344970    0.000000
 2894.010500    0.000000
 2894.677730    0.000000
 2895.343510    0.000000
 2896.011470    0.000000
 2896.677490    0.000000
 2897.345460    0.000000
 2898.011960    0.000000
 2898.678960    0.000000
 2899.347170    0.000000
 2900.014160    0.000000
 2900.682860    0.000000
 2901.350100    0.000000
 2902.019530    0.000000
 2902.687010    0.000000
 2903.354740    0.000000
 2904.024410    0.000000
 2904.692380    0.000000
 2905.361820    0.000000
 2906.030520    0.000000
 2906.700680    0.000000
 2907.369140    0.000000
 2908.038090    0.000000
 2908.708500    0.000000
 2909.377930    0.000000
 2910.048830    0.000000
 2910.718260    0.000000
 2911.389650    0.000000
 2912.059330    0.000000
 2912.729250    0.000000
 2913.400630    0.000000
 2914.070800    0.000000
 2914.742920    0.000000
 2915.413570    0.000000
 2916.085690    0.000000
 2916.756590    0.000000
 2917.429200    0.000000
 2918.100340    0.000000
 2918.771730    0.000000
 2919.444580    0.000000
 2920.116210    0.000000
 2920.789550    0.000000
 2921.461670    0.000000
 2922.135500    0.000000
 2922.807370    0.000000
 2923.479740    0.000000
 2924.154050    0.000000
 2924.826660    0.000000
 2925.500980    0.000000
 2926.174070    0.000000
 2926.848880    0.000000
 2927.522220    0.000000
 2928.195800    0.000000
 2928.870850    0.000000
 2929.544920    0.000000
 2930.220460    0.000000
 2930.894530    0.000000
 2931.570310    0.000000
 2932.244630    0.000000
 2932.919190    0.000000
 2933.595700    0.000000
 2934.270260    0.000000
 2934.947270    0.000000
 2935.622310    0.000000
 2936.299070    0.000000
 2936.974850    0.000000
 2937.650390    0.000000
 2938.327880    0.000000
 2939.003660    0.000000
 2939.681400    0.000000
 2940.357670    0.000000
 2941.035640    0.000000
 2941.712160    0.000000
 2942.389160    0.000000
 2943.067630    0.000000
 2943.744630    0.000000
 2944.423580    0.000000
 2945.100830    0.000000
 2945.780030    0.000000
 2946.457760    0.000000
 2947.135500    0.000000
 2947.815190    0.000000
 2948.493410    0.000000
 2949.173100    0.000000
 2949.851560    0.000000
 2950.531980    0.000000
 2951.210450    0.000000
 2951.889650    0.000000
 2952.570070    0.000000
 2953.249270    0.000000
 2953.930660    0.000000
 2954.610110    0.000000
 2955.291500    0.000000
 2955.971190    0.000000
 2956.651120    0.000000
 2957.333010    0.000000
 2958.013180    0.000000
 2958.695560    0.000000
 2959.376220    0.000000
 2960.058350    0.000000
 2960.739500    0.000000
 2961.420410    0.000000
 2962.103520    0.000000
 2962.784910    0.000000
 2963.468020    0.000000
 2964.149900    0.000000
 2964.833500    0.000000
 2965.515380    0.000000
 2966.197750    0.000000
 2966.881590    0.000000
 2967.564210    0.000000
 2968.248540    0.000000
 2968.931150    0.000000
 2969.615720    0.000000
 2970.299070    0.000000
 2970.984130    0.000000
 2971.667480    0.000000
 2972.351070    0.000000
 2973.036620    0.000000
 2973.720700    0.000000
 2974.406250    0.000000
 2975.090580    0.000000
 2975.776610    0.000000
 2976.461180    0.000000
 2977.146000    0.000000
 2977.832280    0.000000
 2978.517580    0.000000
 2979.204350    0.000000
 2979.889650    0.000000
 2980.576660    0.000000
 2981.262210    0.000000
 2981.948240    0.000000
 2982.635990    0.000000
 2983.322020    0.000000
 2984.010010    0.000000
 2984.696530    0.000000
 2985.384770    0.000000
 2986.071530    0.000000
 2986.758540    0.000000
 2987.447270    0.000000
 2988.134770    0.000000
 2988.823490    0.000000
 2989.510990    0.000000
 2990.200440    0.000000
 2990.888180    0.000000
 2991.576170    0.000000
 2992.266360    0.000000
 2992.954830    0.000000
 2993.644780    0.000000
 2994.333500    0.000000
 2995.023930    0.000000
 2995.713130    0.000000
 2996.402100    0.000000
 2997.093020    0.000000
 2997.782710    0.000000
 2998.473880    0.000000
 2999.163570    0.000000
 2999.855470    0.000000
 3000.545410    0.000000
 3001.235600    0.000000
 3001.927730    0.000000
 3002.618410    0.000000
 3003.310550    0.000000
 3004.001710    0.000000
 3004.694340    0.000000
 3005.385740    0.000000
 3006.076900    0.000000
 3006.770020    0.000000
 3007.461670    0.000000
 3008.155270    0.000000
 3008.847410    0.000000
 3009.541260    0.000000
 3010.233400    0.000000
 3010.926270    0.000000
 3011.620360    0.000000
 3012.313230    0.000000
 3013.007810    0.000000
 3013.700930    0.000000
 3014.395750    0.000000
 3015.089360    0.000000
 3015.783200    0.000000
 3016.478270    0.000000
 3017.172610    0.000000
 3017.868160    0.000000
 3018.562260    0.000000
 3019.258540    0.000000
 3019.952880    0.000000
 3020.647950    0.000000
 3021.344480    0.000000
 3022.039310    0.000000
 3022.736330    0.000000
 3023.431640    0.000000
 3024.128660    0.000000
 3024.824460    0.000000
 3025.522220    0.000000
 3026.218020    0.000000
 3026.914310    0.000000
 3027.612300    0.000000
 3028.308840    0.000000
 3029.007080    0.000000
 3029.703860    0.000000
 3030.402590    0.000000
 3031.099850    0.000000
 3031.797120    0.000000
 3032.496090    0.000000
 3033.193600    0.000000
 3033.893310    0.000000
 3034.591060    0.000000
 3035.290770    0.000000
 3035.989010    0.000000
 3036.687740    0.000000
 3037.387700    0.000000
 3038.086670    0.000000
 3038.787350    0.000000
 3039.486080    0.000000
 3040.187260    0.000000
 3040.886470    0.000000
 3041.586180    0.000000
 3042.287350    0.000000
 3042.987550    0.000000
 3043.689210    0.000000
 3044.389160    0.000000
 3045.091060    0.000000
 3045.791750    0.000000
 3046.492430    0.000000
 3047.194820    0.000000
 3047.896000    0.000000
 3048.598880    0.000000
 3049.300050    0.000000
