 2653.384280    0.000019
 2653.996340    0.000023
 2654.606690    0.000028
 2655.217290    0.000032
 2655.829830    0.000039
 2656.440670    0.000046
 2657.053220    0.000054
 2657.664550    0.000064
 2658.277340    0.000074
 2658.888920    0.000087
 2659.500730    0.000102
 2660.114010    0.000118
 2660.725830    0.000138
 2661.339360    0.000160
 2661.951660    0.000185
 2662.565430    0.000215
 2663.177980    0.000247
 2663.790530    0.000284
 2664.404790    0.000326
 2665.017820    0.000373
 2665.632320    0.000426
 2666.245610    0.000486
 2666.860350    0.000553
 2667.473880    0.000628
 2668.089110    0.000711
 2668.702880    0.000804
 2669.316890    0.000906
 2669.932370    0.001020
 2670.546630    0.001145
 2671.162350    0.001284
 2671.776860    0.001434
 2672.393070    0.001600
 2673.007810    0.001781
 2673.622560    0.001977
 2674.239260    0.002192
 2674.854490    0.002423
 2675.471190    0.002673
 2676.086670    0.002943
 2676.703860    0.003234
 2677.319580    0.003544
 2677.935550    0.003877
 2678.552980    0.004231
 2679.169190    0.004608
 2679.786870    0.005010
 2680.403560    0.005433
 2681.021480    0.005880
 2681.638430    0.006351
 2682.255370    0.006845
 2682.873780    0.007365
 2683.490970    0.007906
 2684.109860    0.008472
 2684.727290    0.009060
 2685.346440    0.009671
 2685.964110    0.010303
 2686.582030    0.010958
 2687.201660    0.011635
 2687.819820    0.012332
 2688.439450    0.013050
 2689.057860    0.013789
 2689.677980    0.014550
 2690.296880    0.015332
 2690.915770    0.016136
 2691.536380    0.016966
 2692.155270    0.017819
 2692.776370    0.018704
 2693.395750    0.019618
 2694.016850    0.020571
 2694.636720    0.021564
 2695.256590    0.022603
 2695.877930    0.023703
 2696.498050    0.024864
 2697.119870    0.026106
 2697.740480    0.027436
 2698.362550    0.028875
 2698.983400    0.030436
 2699.604250    0.032140
 2700.226810    0.034018
 2700.847900    0.036087
 2701.470700    0.038390
 2702.092040    0.040950
 2702.715330    0.043821
 2703.337160    0.047034
 2703.958980    0.050646
 2704.582520    0.054724
 2705.204830    0.059313
 2705.828370    0.064504
 2706.450930    0.070357
 2707.074950    0.076985
 2707.697750    0.084457
 2708.320800    0.092898
 2708.945310    0.102448
 2709.568360    0.113196
 2710.193360    0.125348
 2710.816650    0.138994
 2711.441890    0.154393
 2712.065670    0.171657
 2712.689450    0.191031
 2713.314940    0.212807
 2713.939210    0.237140
 2714.565190    0.264421
 2715.189450    0.294796
 2715.815670    0.328771
 2716.440430    0.366508
 2717.066890    0.408577
 2717.691890    0.455167
 2718.317140    0.506819
 2718.943850    0.564112
 2719.569340    0.627289
 2720.196530    0.697169
 2720.822270    0.773945
 2721.449710    0.858583
 2722.075680    0.951256
 2722.702150    1.052857
 2723.329830    1.164191
 2723.956300    1.285490
 2724.584470    1.418023
 2725.211430    1.561887
 2725.839600    1.718355
 2726.466800    1.887605
 2727.093990    2.070587
 2727.722900    2.268573
 2728.350340    2.481273
 2728.979490    2.710455
 2729.607420    2.955728
 2730.236820    3.218772
 2730.864750    3.498940
 2731.493160    3.797583
 2732.122800    4.115586
 2732.751460    4.452240
 2733.381590    4.809176
 2734.010500    5.185102
 2734.640870    5.581738
 2735.270020    5.997407
 2735.899410    6.432903
 2736.530270    6.888894
 2737.159670    7.362867
 2737.790770    7.856676
 2738.420650    8.367356
 2739.052250    8.896444
 2739.682370    9.440274
 2740.312500    9.998871
 2740.944340    10.572457
 2741.575200    11.157103
 2742.207280    11.753164
 2742.838130    12.356499
 2743.470460    12.967682
 2744.101560    13.581985
 2744.732910    14.198550
 2745.365970    14.816410
 2745.997310    15.429726
 2746.630860    16.039673
 2747.262700    16.639801
 2747.896000    17.230385
 2748.528080    17.806135
 2749.160640    18.365837
 2749.794430    18.907276
 2750.427000    19.425602
 2751.061280    19.920465
 2751.694090    20.386738
 2752.328610    20.824194
 2752.961910    21.228355
 2753.595210    21.597820
 2754.230220    21.931324
 2754.863770    22.225254
 2755.499020    22.479328
 2756.132810    22.690752
 2756.768550    22.859343
 2757.402590    22.983086
 2758.036870    23.061754
 2758.673100    23.094831
 2759.307620    23.081877
 2759.943850    23.022875
 2760.578860    22.918373
 2761.215330    22.768501
 2761.850590    22.574736
 2762.487550    22.337257
 2763.123050    22.058599
 2763.758790    21.739739
 2764.396000    21.381729
 2765.031980    20.988089
 2765.669430    20.559353
 2766.305910    20.099503
 2766.943600    19.609449
 2767.580320    19.093510
 2768.216800    18.553886
 2768.855220    17.991428
 2769.492190    17.411976
 2770.130860    16.815506
 2770.768070    16.207853
 2771.407230    15.588602
 2772.044680    14.964100
 2772.682130    14.335438
 2773.321780    13.703094
 2773.959720    13.073488
 2774.599370    12.445690
 2775.237550    11.825129
 2775.877690    11.210662
 2776.516360    10.607593
 2777.155030    10.016352
 2777.795170    9.437312
 2778.434330    8.874207
 2779.074950    8.326244
 2779.714360    7.796891
 2780.355470    7.284734
 2780.995120    6.793133
 2781.634770    6.321545
 2782.276120    5.869279
 2782.916260    5.438757
 2783.558110    5.028219
 2784.198490    4.639755
 2784.840330    4.271510
 2785.480960    3.924836
 2786.121830    3.598588
 2786.764400    3.291711
 2787.405270    3.005346
 2788.048100    2.737304
 2788.689450    2.488401
 2789.332520    2.256732
 2789.974370    2.042644
 2790.615970    1.844992
 2791.259770    1.662307
 2791.901610    1.494972
 2792.545410    1.341153
 2793.187990    1.200815
 2793.832030    1.072567
 2794.474850    0.956148
 2795.117680    0.850522
 2795.762210    0.754683
 2796.405520    0.668339
 2797.050290    0.590417
 2797.693600    0.520588
 2798.338870    0.457837
 2798.982420    0.401904
 2799.626460    0.351995
 2800.272220    0.307497
 2800.916260    0.268127
 2801.562260    0.233184
 2802.206790    0.202410
 2802.852780    0.175251
 2803.497560    0.151441
 2804.142580    0.130567
 2804.789310    0.112275
 2805.434330    0.096369
 2806.081300    0.082492
 2806.726810    0.070480
 2807.374020    0.060058
 2808.020020    0.051077
 2808.666020    0.043341
 2809.313480    0.036679
 2809.959960    0.030980
 2810.607910    0.026097
 2811.254390    0.021942
 2811.902830    0.018397
 2812.549560    0.015397
 2813.198240    0.012850
 2813.845210    0.010705
 2814.492680    0.008896
 2815.141600    0.007373
 2815.789310    0.006099
 2816.438720    0.005031
 2817.086430    0.004143
 2817.736080    0.003401
 2818.384520    0.002787
 2819.032710    0.002278
 2819.682620    0.001858
 2820.331300    0.001512
 2820.981930    0.001226
 2821.630620    0.000994
 2822.281490    0.000802
 2822.930660    0.000647
 2823.580080    0.000520
 2824.231200    0.000417
 2824.880860    0.000334
 2825.532230    0.000266
 2826.182370    0.000212
 2826.833980    0.000169
 2827.484380    0.000134
 2828.134770    0.000106
 2828.786870    0.000083
 2829.437740    0.000066
 2830.090090    0.000051
 2830.741210    0.000040
 2831.394040    0.000031
 2832.045410    0.000025
 2832.697020    0.000019
 2833.350100    0.000014
 2834.001950    0.000011
 2834.655520    0.000009
 2835.307620    0.000007
 2835.961180    0.000005
 2836.613770    0.000004
 2837.266360    0.000003
 2837.920410    0.000002
 2838.573490    0.000002
 2839.228030    0.000001
 2839.881100    0.000001
 2840.535890    0.000001
 2841.189450    0.000001
 2841.843020    0.000000
 2842.498540    0.000000
 2843.152340    0.000000
 2843.807860    0.000000
 2844.462160    0.000000
 2845.118160    0.000000
 2845.772710    0.000000
 2846.427250    0.000000
 2847.083740    0.000000
 2847.738770    0.000000
 2848.395260    0.000000
 2849.050540    0.000000
 2849.707760    0.000000
 2850.363280    0.000000
 2851.018800    0.000000
 2851.676270    0.000000
 2852.332280    0.000000
 2852.989990    0.000000
 2853.646480    0.000000
 2854.304440    0.000000
 2854.960940    0.000000
 2855.617920    0.000000
 2856.276370    0.000000
 2856.933350    0.000000
 2857.592290    0.000000
 2858.249760    0.000000
 2858.908940    0.000000
 2859.566650    0.000000
 2860.224370    0.000000
 2860.883790    0.000000
 2861.541750    0.000000
 2862.201900    0.000000
 2862.860350    0.000000
 2863.520510    0.000000
 2864.179200    0.000000
 2864.839840    0.000000
 2865.498780    0.000000
 2866.157960    0.000000
 2866.818850    0.000000
 2867.478520    0.000000
 2868.139650    0.000000
 2868.799320    0.000000
 2869.460940    0.000000
 2870.121090    0.000000
 2870.781490    0.000000
 2871.443360    0.000000
 2872.103760    0.000000
 2872.766360    0.000000
 2873.427000    0.000000
 2874.089600    0.000000
 2874.750730    0.000000
 2875.412110    0.000000
 2876.075440    0.000000
 2876.736820    0.000000
 2877.400390    0.000000
 2878.062260    0.000000
 2878.725830    0.000000
 2879.388180    0.000000
 2880.050540    0.000000
 2880.714600    0.000000
 2881.377440    0.000000
 2882.041750    0.000000
 2882.704830    0.000000
 2883.369380    0.000000
 2884.032960    0.000000
 2884.696530    0.000000
 2885.361330    0.000000
 2886.025390    0.000000
 2886.690920    0.000000
 2887.354980    0.000000
 2888.020510    0.000000
 2888.685060    0.000000
 2889.349610    0.000000
 2890.015870    0.000000
 2890.680910    0.000000
 2891.347410    0.000000
 2892.012700    0.000000
 2892.679200    0.000000
 2893.344970    0.000000
 2894.010500    0.000000
 2894.677730    0.000000
 2895.343510    0.000000
 2896.011470    0.000000
 2896.677490    0.000000
 2897.345460    0.000000
 2898.011960    0.000000
 2898.678960    0.000000
 2899.347170    0.000000
 2900.014160    0.000000
 2900.682860    0.000000
 2901.350100    0.000000
 2902.019530    0.000000
 2902.687010    0.000000
 2903.354740    0.000000
 2904.024410    0.000000
 2904.692380    0.000000
 2905.361820    0.000000
 2906.030520    0.000000
 2906.700680    0.000000
 2907.369140    0.000000
 2908.038090    0.000000
 2908.708500    0.000000
 2909.377930    0.000000
 2910.048830    0.000000
 2910.718260    0.000000
 2911.389650    0.000000
 2912.059330    0.000000
 2912.729250    0.000000
 2913.400630    0.000000
 2914.070800    0.000000
 2914.742920    0.000000
 2915.413570    0.000000
 2916.085690    0.000000
 2916.756590    0.000000
 2917.429200    0.000000
 2918.100340    0.000000
 2918.771730    0.000000
 2919.444580    0.000000
 2920.116210    0.000000
 2920.789550    0.000000
 2921.461670    0.000000
 2922.135500    0.000000
 2922.807370    0.000000
 2923.479740    0.000000
 2924.154050    0.000000
 2924.826660    0.000000
 2925.500980    0.000000
 2926.174070    0.000000
 2926.848880    0.000000
 2927.522220    0.000000
 2928.195800    0.000000
 2928.870850    0.000000
 2929.544920    0.000000
 2930.220460    0.000000
 2930.894530    0.000000
 2931.570310    0.000000
 2932.244630    0.000000
 2932.919190    0.000000
 2933.595700    0.000000
 2934.270260    0.000000
 2934.947270    0.000000
 2935.622310    0.000000
 2936.299070    0.000000
 2936.974850    0.000000
 2937.650390    0.000000
 2938.327880    0.000000
 2939.003660    0.000000
 2939.681400    0.000000
 2940.357670    0.000000
 2941.035640    0.000000
 2941.712160    0.000000
 2942.389160    0.000000
 2943.067630    0.000000
 2943.744630    0.000000
 2944.423580    0.000000
 2945.100830    0.000000
 2945.780030    0.000000
 2946.457760    0.000000
 2947.135500    0.000000
 2947.815190    0.000000
 2948.493410    0.000000
 2949.173100    0.000000
 2949.851560    0.000000
 2950.531980    0.000000
 2951.210450    0.000000
 2951.889650    0.000000
 2952.570070    0.000000
 2953.249270    0.000000
 2953.930660    0.000000
 2954.610110    0.000000
 2955.291500    0.000000
 2955.971190    0.000000
 2956.651120    0.000000
 2957.333010    0.000000
 2958.013180    0.000000
 2958.695560    0.000000
 2959.376220    0.000000
 2960.058350    0.000000
 2960.739500    0.000000
 2961.420410    0.000000
 2962.103520    0.000000
 2962.784910    0.000000
 2963.468020    0.000000
 2964.149900    0.000000
 2964.833500    0.000000
 2965.515380    0.000000
 2966.197750    0.000000
 2966.881590    0.000000
 2967.564210    0.000000
 2968.248540    0.000000
 2968.931150    0.000000
 2969.615720    0.000000
 2970.299070    0.000000
 2970.984130    0.000000
 2971.667480    0.000000
 2972.351070    0.000000
 2973.036620    0.000000
 2973.720700    0.000000
 2974.406250    0.000000
 2975.090580    0.000000
 2975.776610    0.000000
 2976.461180    0.000000
 2977.146000    0.000000
 2977.832280    0.000000
 2978.517580    0.000000
 2979.204350    0.000000
 2979.889650    0.000000
 2980.576660    0.000000
 2981.262210    0.000000
 2981.948240    0.000000
 2982.635990    0.000000
 2983.322020    0.000000
 2984.010010    0.000000
 2984.696530    0.000000
 2985.384770    0.000000
 2986.071530    0.000000
 2986.758540    0.000000
 2987.447270    0.000000
 2988.134770    0.000000
 2988.823490    0.000000
 2989.510990    0.000000
 2990.200440    0.000000
 2990.888180    0.000000
 2991.576170    0.000000
 2992.266360    0.000000
 2992.954830    0.000000
 2993.644780    0.000000
 2994.333500    0.000000
 2995.023930    0.000000
 2995.713130    0.000000
 2996.402100    0.000000
 2997.093020    0.000000
 2997.782710    0.000000
 2998.473880    0.000000
 2999.163570    0.000000
 2999.855470    0.000000
 3000.545410    0.000000
 3001.235600    0.000000
 3001.927730    0.000000
 3002.618410    0.000000
 3003.310550    0.000000
 3004.001710    0.000000
 3004.694340    0.000000
 3005.385740    0.000000
 3006.076900    0.000000
 3006.770020    0.000000
 3007.461670    0.000000
 3008.155270    0.000000
 3008.847410    0.000000
 3009.541260    0.000000
 3010.233400    0.000000
 3010.926270    0.000000
 3011.620360    0.000000
 3012.313230    0.000000
 3013.007810    0.000000
 3013.700930    0.000000
 3014.395750    0.000000
 3015.089360    0.000000
 3015.783200    0.000000
 3016.478270    0.000000
 3017.172610    0.000000
 3017.868160    0.000000
 3018.562260    0.000000
 3019.258540    0.000000
 3019.952880    0.000000
 3020.647950    0.000000
 3021.344480    0.000000
 3022.039310    0.000000
 3022.736330    0.000000
 3023.431640    0.000000
 3024.128660    0.000000
 3024.824460    0.000000
 3025.522220    0.000000
 3026.218020    0.000000
 3026.914310    0.000000
 3027.612300    0.000000
 3028.308840    0.000000
 3029.007080    0.000000
 3029.703860    0.000000
 3030.402590    0.000000
 3031.099850    0.000000
 3031.797120    0.000000
 3032.496090    0.000000
 3033.193600    0.000000
 3033.893310    0.000000
 3034.591060    0.000000
 3035.290770    0.000000
 3035.989010    0.000000
 3036.687740    0.000000
 3037.387700    0.000000
 3038.086670    0.000000
 3038.787350    0.000000
 3039.486080    0.000000
 3040.187260    0.000000
 3040.886470    0.000000
 3041.586180    0.000000
 3042.287350    0.000000
 3042.987550    0.000000
 3043.689210    0.000000
 3044.389160    0.000000
 3045.091060    0.000000
 3045.791750    0.000000
 3046.492430    0.000000
 3047.194820    0.000000
 3047.896000    0.000000
 3048.598880    0.000000
 3049.300050    0.000000
