 2653.384280    3.168800
 2653.996340    3.250946
 2654.606690    3.333989
 2655.217290    3.418170
 2655.829830    3.503707
 2656.440670    3.590065
 2657.053220    3.677702
 2657.664550    3.766171
 2658.277340    3.855831
 2658.888920    3.946261
 2659.500730    4.037642
 2660.114010    4.130126
 2660.725830    4.223236
 2661.339360    4.317418
 2661.951660    4.412184
 2662.565430    4.507910
 2663.177980    4.604135
 2663.790530    4.701007
 2664.404790    4.798752
 2665.017820    4.896859
 2665.632320    4.995710
 2666.245610    5.094823
 2666.860350    5.194582
 2667.473880    5.294499
 2668.089110    5.394998
 2668.702880    5.495506
 2669.316890    5.596245
 2669.932370    5.697360
 2670.546630    5.798351
 2671.162350    5.899599
 2671.776860    6.000601
 2672.393070    6.101779
 2673.007810    6.202547
 2673.622560    6.303083
 2674.239260    6.403641
 2674.854490    6.503599
 2675.471190    6.603364
 2676.086670    6.702438
 2676.703860    6.801224
 2677.319580    6.899145
 2677.935550    6.996408
 2678.552980    7.093135
 2679.169190    7.188836
 2679.786870    7.283858
 2680.403560    7.377759
 2681.021480    7.470800
 2681.638430    7.562585
 2682.255370    7.653192
 2682.873780    7.742765
 2683.490970    7.830846
 2684.109860    7.917786
 2684.727290    8.003071
 2685.346440    8.087073
 2685.964110    8.169296
 2686.582030    8.249910
 2687.201660    8.329035
 2687.819820    8.406201
 2688.439450    8.481715
 2689.057860    8.555189
 2689.677980    8.626911
 2690.296880    8.696484
 2690.915770    8.763995
 2691.536380    8.829573
 2692.155270    8.892800
 2692.776370    8.954027
 2693.395750    9.012818
 2694.016850    9.069451
 2694.636720    9.123615
 2695.256590    9.175381
 2695.877930    9.224824
 2696.498050    9.271694
 2697.119870    9.316175
 2697.740480    9.358021
 2698.362550    9.397386
 2698.983400    9.434071
 2699.604250    9.468131
 2700.226810    9.499631
 2700.847900    9.528390
 2701.470700    9.554539
 2702.092040    9.577930
 2702.715330    9.598680
 2703.337160    9.616669
 2703.958980    9.631943
 2704.582520    9.644534
 2705.204830    9.654385
 2705.828370    9.661539
 2706.450930    9.665981
 2707.074950    9.667739
 2707.697750    9.666820
 2708.320800    9.663245
 2708.945310    9.657023
 2709.568360    9.648210
 2710.193360    9.636782
 2710.816650    9.622836
 2711.441890    9.606329
 2712.065670    9.587387
 2712.689450    9.566014
 2713.314940    9.542190
 2713.939210    9.516071
 2714.565190    9.487586
 2715.189450    9.456946
 2715.815670    9.424027
 2716.440430    9.389071
 2717.066890    9.351960
 2717.691890    9.312950
 2718.317140    9.272012
 2718.943850    9.229129
 2719.569340    9.184560
 2720.196530    9.138176
 2720.822270    9.090289
 2721.449710    9.040742
 2722.075680    8.989868
 2722.702150    8.937604
 2723.329830    8.883972
 2723.956300    8.829277
 2724.584470    8.773356
 2725.211430    8.716567
 2725.839600    8.658790
 2726.466800    8.600326
 2727.093990    8.541190
 2727.722900    8.481324
 2728.350340    8.421138
 2728.979490    8.360434
 2729.607420    8.299606
 2730.236820    8.238503
 2730.864750    8.177525
 2731.493160    8.116591
 2732.122800    8.055751
 2732.751460    7.995328
 2733.381590    7.935207
 2734.010500    7.875761
 2734.640870    7.816854
 2735.270020    7.758855
 2735.899410    7.701744
 2736.530270    7.645535
 2737.159670    7.590606
 2737.790770    7.536800
 2738.420650    7.484488
 2739.052250    7.433545
 2739.682370    7.384345
 2740.312500    7.336889
 2740.944340    7.291169
 2741.575200    7.247501
 2742.207280    7.205849
 2742.838130    7.166487
 2743.470460    7.129364
 2744.101560    7.094751
 2744.732910    7.062673
 2745.365970    7.033178
 2745.997310    7.006534
 2746.630860    6.982685
 2747.262700    6.961884
 2747.896000    6.944135
 2748.528080    6.929611
 2749.160640    6.918369
 2749.794430    6.910506
 2750.427000    6.906147
 2751.061280    6.905372
 2751.694090    6.908272
 2752.328610    6.914957
 2752.961910    6.925482
 2753.595210    6.939940
 2754.230220    6.958467
 2754.863770    6.981048
 2755.499020    7.007874
 2756.132810    7.038882
 2756.768550    7.074313
 2757.402590    7.114031
 2758.036870    7.158202
 2758.673100    7.207027
 2759.307620    7.260282
 2759.943850    7.318302
 2760.578860    7.380875
 2761.215330    7.448307
 2761.850590    7.520358
 2762.487550    7.597400
 2763.123050    7.679082
 2763.758790    7.765638
 2764.396000    7.857277
 2765.031980    7.953629
 2765.669430    8.055125
 2766.305910    8.161386
 2766.943600    8.272786
 2767.580320    8.388948
 2768.216800    8.509988
 2768.855220    8.636332
 2769.492190    8.767296
 2770.130860    8.903519
 2770.768070    9.044303
 2771.407230    9.190378
 2772.044680    9.340885
 2772.682130    9.496161
 2773.321780    9.656731
 2773.959720    9.821566
 2774.599370    9.991502
 2775.237550    10.165636
 2775.877690    10.344846
 2776.516360    10.528111
 2777.155030    10.715765
 2777.795170    10.908173
 2778.434330    11.104527
 2779.074950    11.305490
 2779.714360    11.510131
 2780.355470    11.719292
 2780.995120    11.931838
 2781.634770    12.148135
 2782.276120    12.368659
 2782.916260    12.592296
 2783.558110    12.819944
 2784.198490    13.050355
 2784.840330    13.284448
 2785.480960    13.521111
 2786.121830    13.760735
 2786.764400    14.003736
 2787.405270    14.248669
 2788.048100    14.496779
 2788.689450    14.746596
 2789.332520    14.999189
 2789.974370    15.253243
 2790.615970    15.508969
 2791.259770    15.767171
 2791.901610    16.026007
 2792.545410    16.286869
 2793.187990    16.548292
 2793.832030    16.811176
 2794.474850    17.074236
 2795.117680    17.337774
 2795.762210    17.602297
 2796.405520    17.866400
 2797.050290    18.130989
 2797.693600    18.394651
 2798.338870    18.658586
 2798.982420    18.921085
 2799.626460    19.182840
 2800.272220    19.444130
 2800.916260    19.703362
 2801.562260    19.961794
 2802.206790    20.217848
 2802.852780    20.472469
 2803.497560    20.724388
 2804.142580    20.973970
 2804.789310    21.221556
 2805.434330    21.465624
 2806.081300    21.707352
 2806.726810    21.945242
 2807.374020    22.180258
 2808.020020    22.411121
 2808.666020    22.638077
 2809.313480    22.861418
 2809.959960    23.080105
 2810.607910    23.294752
 2811.254390    23.504196
 2811.902830    23.709347
 2812.549560    23.908857
 2813.198240    24.103662
 2813.845210    24.292484
 2814.492680    24.475796
 2815.141600    24.653683
 2815.789310    24.825233
 2816.438720    24.991055
 2817.086430    25.150114
 2817.736080    25.303154
 2818.384520    25.449270
 2819.032710    25.588564
 2819.682620    25.721293
 2820.331300    25.846722
 2820.981930    25.965332
 2821.630620    26.076290
 2822.281490    26.180195
 2822.930660    26.276308
 2823.580080    26.364851
 2824.231200    26.445894
 2824.880860    26.518959
 2825.532230    26.584322
 2826.182370    26.641615
 2826.833980    26.691008
 2827.484380    26.732239
 2828.134770    26.765364
 2828.786870    26.790402
 2829.437740    26.807201
 2830.090090    26.815804
 2830.741210    26.816162
 2831.394040    26.808254
 2832.045410    26.792124
 2832.697020    26.767757
 2833.350100    26.735096
 2834.001950    26.694298
 2834.655520    26.645199
 2835.307620    26.588079
 2835.961180    26.522736
 2836.613770    26.449451
 2837.266360    26.368206
 2837.920410    26.278858
 2838.573490    26.181814
 2839.228030    26.076790
 2839.881100    25.964348
 2840.535890    25.844042
 2841.189450    25.716503
 2841.843020    25.581634
 2842.498540    25.439117
 2843.152340    25.289873
 2843.807860    25.133255
 2844.462160    24.970093
 2845.118160    24.799795
 2845.772710    24.623331
 2846.427250    24.440483
 2847.083740    24.250839
 2847.738770    24.055548
 2848.395260    23.853899
 2849.050540    23.646898
 2849.707760    23.433703
 2850.363280    23.215687
 2851.018800    22.992483
 2851.676270    22.763596
 2852.332280    22.530403
 2852.989990    22.291969
 2853.646480    22.049543
 2854.304440    21.802340
 2854.960940    21.551653
 2855.617920    21.296955
 2856.276370    21.038054
 2856.933350    20.776308
 2857.592290    20.510557
 2858.249760    20.242384
 2858.908940    19.970703
 2859.566650    19.697027
 2860.224370    19.420961
 2860.883790    19.141989
 2861.541750    18.861660
 2862.201900    18.578609
 2862.860350    18.294720
 2863.520510    18.008722
 2864.179200    17.722185
 2864.839840    17.433828
 2865.498780    17.145441
 2866.157960    16.856371
 2866.818850    16.566158
 2867.478520    16.276287
 2868.139650    15.985756
 2868.799320    15.696040
 2869.460940    15.405820
 2870.121090    15.116767
 2870.781490    14.828311
 2871.443360    14.540084
 2872.103760    14.253531
 2872.766360    13.967225
 2873.427000    13.683116
 2874.089600    13.399677
 2874.750730    13.118523
 2875.412110    12.839061
 2876.075440    12.560718
 2876.736820    12.285269
 2877.400390    12.011117
 2878.062260    11.739999
 2878.725830    11.470637
 2879.388180    11.204337
 2880.050540    10.940712
 2880.714600    10.679193
 2881.377440    10.421040
 2882.041750    10.165299
 2882.704830    9.913102
 2883.369380    9.663506
 2884.032960    9.417513
 2884.696530    9.174829
 2885.361330    8.935087
 2886.025390    8.699055
 2886.690920    8.466022
 2887.354980    8.237062
 2888.020510    8.011222
 2888.685060    7.789375
 2889.349610    7.571225
 2890.015870    7.356263
 2890.680910    7.145469
 2891.347410    6.938019
 2892.012700    6.734776
 2892.679200    6.535009
 2893.344970    6.339321
 2894.010500    6.147571
 2894.677730    5.959214
 2895.343510    5.775149
 2896.011470    5.594367
 2896.677490    5.417991
 2897.345460    5.244972
 2898.011960    5.076189
 2898.678960    4.911123
 2899.347170    4.749590
 2900.014160    4.592155
 2900.682860    4.438105
 2901.350100    4.288146
 2902.019530    4.141432
 2902.687010    3.998839
 2903.354740    3.859847
 2904.024410    3.724081
 2904.692380    3.592248
 2905.361820    3.463673
 2906.030520    3.338740
 2906.700680    3.217001
 2907.369140    3.098979
 2908.038090    2.984231
 2908.708500    2.872551
 2909.377930    2.764297
 2910.048830    2.659026
 2910.718260    2.557142
 2911.389650    2.458072
 2912.059330    2.362304
 2912.729250    2.269488
 2913.400630    2.179411
 2914.070800    2.092375
 2914.742920    2.007915
 2915.413570    1.926403
 2916.085690    1.847422
 2916.756590    1.771232
 2917.429200    1.697440
 2918.100340    1.626338
 2918.771730    1.557676
 2919.444580    1.491280
 2920.116210    1.427355
 2920.789550    1.365566
 2921.461670    1.306126
 2922.135500    1.248717
 2922.807370    1.193593
 2923.479740    1.140487
 2924.154050    1.089239
 2924.826660    1.040071
 2925.500980    0.992676
 2926.174070    0.947207
 2926.848880    0.903411
 2927.522220    0.861444
 2928.195800    0.821140
 2928.870850    0.782379
 2929.544920    0.745254
 2930.220460    0.709578
 2930.894530    0.675456
 2931.570310    0.642681
 2932.244630    0.611360
 2932.919190    0.581360
 2933.595700    0.552567
 2934.270260    0.525104
 2934.947270    0.498745
 2935.622310    0.473622
 2936.299070    0.449555
 2936.974850    0.426601
 2937.650390    0.404693
 2938.327880    0.383720
 2939.003660    0.363764
 2939.681400    0.344675
 2940.357670    0.326518
 2941.035640    0.309171
 2941.712160    0.292682
 2942.389160    0.276968
 2943.067630    0.261979
 2943.744630    0.247747
 2944.423580    0.234173
 2945.100830    0.221299
 2945.780030    0.209028
 2946.457760    0.197396
 2947.135500    0.186348
 2947.815190    0.175831
 2948.493410    0.165871
 2949.173100    0.156404
 2949.851560    0.147442
 2950.531980    0.138924
 2951.210450    0.130876
 2951.889650    0.123244
 2952.570070    0.116007
 2953.249270    0.109169
 2953.930660    0.102679
 2954.610110    0.096559
 2955.291500    0.090757
 2955.971190    0.085288
 2956.651120    0.080120
 2957.333010    0.075227
 2958.013180    0.070619
 2958.695560    0.066257
 2959.376220    0.062154
 2960.058350    0.058276
 2960.739500    0.054627
 2961.420410    0.051191
 2962.103520    0.047945
 2962.784910    0.044896
 2963.468020    0.042020
 2964.149900    0.039319
 2964.833500    0.036774
 2965.515380    0.034387
 2966.197750    0.032143
 2966.881590    0.030030
 2967.564210    0.028050
 2968.248540    0.026188
 2968.931150    0.024445
 2969.615720    0.022805
 2970.299070    0.021271
 2970.984130    0.019830
 2971.667480    0.018483
 2972.351070    0.017221
 2973.036620    0.016038
 2973.720700    0.014932
 2974.406250    0.013896
 2975.090580    0.012929
 2975.776610    0.012023
 2976.461180    0.011178
 2977.146000    0.010388
 2977.832280    0.009650
 2978.517580    0.008963
 2979.204350    0.008320
 2979.889650    0.007721
 2980.576660    0.007162
 2981.262210    0.006642
 2981.948240    0.006158
 2982.635990    0.005705
 2983.322020    0.005285
 2984.010010    0.004893
 2984.696530    0.004530
 2985.384770    0.004191
 2986.071530    0.003878
 2986.758540    0.003585
 2987.447270    0.003313
 2988.134770    0.003061
 2988.823490    0.002828
 2989.510990    0.002611
 2990.200440    0.002410
 2990.888180    0.002223
 2991.576170    0.002050
 2992.266360    0.001890
 2992.954830    0.001742
 2993.644780    0.001605
 2994.333500    0.001478
 2995.023930    0.001361
 2995.713130    0.001252
 2996.402100    0.001152
 2997.093020    0.001060
 2997.782710    0.000974
 2998.473880    0.000895
 2999.163570    0.000822
 2999.855470    0.000754
 3000.545410    0.000692
 3001.235600    0.000636
 3001.927730    0.000583
 3002.618410    0.000535
 3003.310550    0.000490
 3004.001710    0.000449
 3004.694340    0.000411
 3005.385740    0.000377
 3006.076900    0.000344
 3006.770020    0.000315
 3007.461670    0.000288
 3008.155270    0.000263
 3008.847410    0.000240
 3009.541260    0.000220
 3010.233400    0.000201
 3010.926270    0.000183
 3011.620360    0.000167
 3012.313230    0.000153
 3013.007810    0.000139
 3013.700930    0.000127
 3014.395750    0.000115
 3015.089360    0.000105
 3015.783200    0.000095
 3016.478270    0.000087
 3017.172610    0.000079
 3017.868160    0.000072
 3018.562260    0.000066
 3019.258540    0.000059
 3019.952880    0.000054
 3020.647950    0.000050
 3021.344480    0.000045
 3022.039310    0.000040
 3022.736330    0.000036
 3023.431640    0.000033
 3024.128660    0.000031
 3024.824460    0.000028
 3025.522220    0.000025
 3026.218020    0.000022
 3026.914310    0.000020
 3027.612300    0.000018
 3028.308840    0.000016
 3029.007080    0.000015
 3029.703860    0.000013
 3030.402590    0.000012
 3031.099850    0.000011
 3031.797120    0.000010
 3032.496090    0.000009
 3033.193600    0.000009
 3033.893310    0.000008
 3034.591060    0.000007
 3035.290770    0.000006
 3035.989010    0.000006
 3036.687740    0.000005
 3037.387700    0.000005
 3038.086670    0.000004
 3038.787350    0.000004
 3039.486080    0.000003
 3040.187260    0.000003
 3040.886470    0.000003
 3041.586180    0.000002
 3042.287350    0.000002
 3042.987550    0.000002
 3043.689210    0.000002
 3044.389160    0.000002
 3045.091060    0.000001
 3045.791750    0.000001
 3046.492430    0.000001
 3047.194820    0.000001
 3047.896000    0.000001
 3048.598880    0.000001
 3049.300050    0.000001
