 2653.384280    0.500857
 2653.996340    0.530935
 2654.606690    0.562402
 2655.217290    0.595402
 2655.829830    0.630087
 2656.440670    0.666300
 2657.053220    0.704293
 2657.664550    0.743939
 2658.277340    0.785461
 2658.888920    0.828730
 2659.500730    0.873891
 2660.114010    0.921093
 2660.725830    0.970157
 2661.339360    1.021385
 2661.951660    1.074583
 2662.565430    1.130027
 2663.177980    1.187519
 2663.790530    1.247210
 2664.404790    1.309312
 2665.017820    1.373570
 2665.632320    1.440304
 2666.245610    1.509253
 2666.860350    1.580753
 2667.473880    1.654518
 2668.089110    1.730928
 2668.702880    1.809612
 2669.316890    1.890798
 2669.932370    1.974671
 2670.546630    2.060877
 2671.162350    2.149801
 2671.776860    2.241057
 2672.393070    2.335080
 2673.007810    2.431380
 2673.622560    2.530165
 2674.239260    2.631743
 2674.854490    2.735532
 2675.471190    2.841997
 2676.086670    2.950643
 2676.703860    3.061952
 2677.319580    3.175306
 2677.935550    3.290964
 2678.552980    3.409106
 2679.169190    3.529158
 2679.786870    3.651575
 2680.403560    3.775801
 2681.021480    3.902197
 2681.638430    4.030228
 2682.255370    4.159998
 2682.873780    4.291721
 2683.490970    4.424720
 2684.109860    4.559515
 2684.727290    4.695296
 2685.346440    4.832638
 2685.964110    4.970707
 2686.582030    5.109744
 2687.201660    5.249942
 2687.819820    5.390436
 2688.439450    5.531737
 2689.057860    5.673078
 2689.677980    5.814964
 2690.296880    5.956559
 2690.915770    6.097970
 2691.536380    6.239413
 2692.155270    6.379928
 2692.776370    6.520221
 2693.395750    6.659223
 2694.016850    6.797513
 2694.636720    6.934250
 2695.256590    7.069513
 2695.877930    7.203427
 2696.498050    7.335217
 2697.119870    7.465310
 2697.740480    7.592897
 2698.362550    7.718338
 2698.983400    7.840894
 2699.604250    7.960627
 2700.226810    8.077664
 2700.847900    8.191225
 2701.470700    8.301702
 2702.092040    8.408351
 2702.715330    8.511580
 2703.337160    8.610648
 2703.958980    8.705637
 2704.582520    8.796630
 2705.204830    8.883039
 2705.828370    8.965058
 2706.450930    9.042253
 2707.074950    9.114785
 2707.697750    9.182215
 2708.320800    9.244593
 2708.945310    9.301912
 2709.568360    9.353801
 2710.193360    9.400446
 2710.816650    9.441485
 2711.441890    9.477087
 2712.065670    9.506984
 2712.689450    9.531212
 2713.314940    9.549770
 2713.939210    9.562535
 2714.565190    9.569533
 2715.189450    9.570717
 2715.815670    9.566086
 2716.440430    9.555670
 2717.066890    9.539430
 2717.691890    9.517477
 2718.317140    9.489807
 2718.943850    9.456395
 2719.569340    9.417442
 2720.196530    9.372832
 2720.822270    9.322867
 2721.449710    9.267382
 2722.075680    9.206758
 2722.702150    9.140924
 2723.329830    9.069904
 2723.956300    8.994101
 2724.584470    8.913290
 2725.211430    8.827988
 2725.839600    8.738010
 2726.466800    8.643830
 2727.093990    8.545476
 2727.722900    8.442831
 2728.350340    8.336590
 2728.979490    8.226394
 2729.607420    8.112941
 2730.236820    7.995934
 2730.864750    7.876112
 2731.493160    7.753308
 2732.122800    7.627567
 2732.751460    7.499534
 2733.381590    7.368910
 2734.010500    7.236462
 2734.640870    7.101827
 2735.270020    6.965788
 2735.899410    6.828241
 2736.530270    6.689119
 2737.159670    6.549277
 2737.790770    6.408215
 2738.420650    6.266791
 2739.052250    6.124547
 2739.682370    5.982399
 2740.312500    5.840214
 2740.944340    5.697800
 2741.575200    5.555951
 2742.207280    5.414361
 2742.838130    5.273760
 2743.470460    5.133729
 2744.101560    4.995037
 2744.732910    4.857526
 2745.365970    4.721051
 2745.997310    4.586508
 2746.630860    4.453221
 2747.262700    4.322164
 2747.896000    4.192823
 2748.528080    4.065886
 2749.160640    3.941142
 2749.794430    3.818584
 2750.427000    3.698810
 2751.061280    3.581387
 2751.694090    3.467018
 2752.328610    3.355242
 2752.961910    3.246683
 2753.595210    3.141223
 2754.230220    3.038688
 2754.863770    2.939683
 2755.499020    2.843801
 2756.132810    2.751610
 2756.768550    2.662695
 2757.402590    2.577649
 2758.036870    2.496271
 2758.673100    2.418434
 2759.307620    2.344656
 2759.943850    2.274608
 2760.578860    2.208679
 2761.215330    2.146658
 2761.850590    2.088869
 2762.487550    2.035112
 2763.123050    1.985717
 2763.758790    1.940596
 2764.396000    1.899738
 2765.031980    1.863378
 2765.669430    1.831421
 2766.305910    1.804053
 2766.943600    1.781243
 2767.580320    1.763132
 2768.216800    1.749745
 2768.855220    1.741117
 2769.492190    1.737362
 2770.130860    1.738530
 2770.768070    1.744682
 2771.407230    1.755927
 2772.044680    1.772271
 2772.682130    1.793807
 2773.321780    1.820711
 2773.959720    1.852897
 2774.599370    1.890615
 2775.237550    1.933758
 2775.877690    1.982643
 2776.516360    2.037097
 2777.155030    2.097308
 2777.795170    2.163517
 2778.434330    2.235562
 2779.074950    2.313812
 2779.714360    2.398028
 2780.355470    2.488689
 2780.995120    2.585439
 2781.634770    2.688561
 2782.276120    2.798446
 2782.916260    2.914680
 2783.558110    3.037889
 2784.198490    3.167548
 2784.840330    3.304332
 2785.480960    3.447747
 2786.121830    3.598182
 2786.764400    3.756082
 2787.405270    3.920671
 2788.048100    4.092959
 2788.689450    4.272093
 2789.332520    4.459014
 2789.974370    4.652924
 2790.615970    4.854129
 2791.259770    5.063460
 2791.901610    5.279592
 2792.545410    5.503854
 2793.187990    5.735157
 2793.832030    5.974466
 2794.474850    6.220771
 2795.117680    6.474493
 2795.762210    6.736293
 2796.405520    7.004941
 2797.050290    7.281497
 2797.693600    7.564630
 2798.338870    7.855761
 2798.982420    8.153134
 2799.626460    8.457627
 2800.272220    8.769717
 2800.916260    9.087605
 2801.562260    9.412935
 2802.206790    9.743808
 2802.852780    10.081532
 2803.497560    10.424494
 2804.142580    10.773226
 2804.789310    11.128297
 2805.434330    11.487569
 2806.081300    11.852798
 2806.726810    12.221764
 2807.374020    12.595965
 2808.020020    12.973383
 2808.666020    13.354368
 2809.313480    13.739435
 2809.959960    14.126748
 2810.607910    14.517383
 2811.254390    14.909159
 2811.902830    15.303719
 2812.549560    15.698404
 2813.198240    16.094988
 2813.845210    16.490770
 2814.492680    16.886614
 2815.141600    17.282631
 2815.789310    17.676678
 2816.438720    18.070026
 2817.086430    18.460094
 2817.736080    18.848555
 2818.384520    19.232977
 2819.032710    19.613419
 2819.682620    19.990471
 2820.331300    20.361889
 2820.981930    20.728937
 2821.630620    21.088867
 2822.281490    21.443434
 2822.930660    21.789967
 2823.580080    22.128990
 2824.231200    22.460707
 2824.880860    22.782972
 2825.532230    23.096832
 2826.182370    23.400364
 2826.833980    23.694313
 2827.484380    23.976978
 2828.134770    24.248453
 2828.786870    24.508944
 2829.437740    24.756832
 2830.090090    24.992704
 2830.741210    25.215179
 2831.394040    25.424854
 2832.045410    25.620340
 2832.697020    25.801846
 2833.350100    25.969334
 2834.001950    26.121809
 2834.655520    26.259672
 2835.307620    26.381996
 2835.961180    26.489111
 2836.613770    26.580408
 2837.266360    26.655891
 2837.920410    26.715542
 2838.573490    26.759010
 2839.228030    26.786362
 2839.881100    26.797424
 2840.535890    26.792223
 2841.189450    26.770771
 2841.843020    26.733114
 2842.498540    26.679131
 2843.152340    26.609220
 2843.807860    26.523140
 2844.462160    26.421410
 2845.118160    26.303745
 2845.772710    26.170918
 2846.427250    26.022921
 2847.083740    25.859514
 2847.738770    25.681824
 2848.395260    25.489368
 2849.050540    25.283270
 2849.707760    25.062872
 2850.363280    24.829783
 2851.018800    24.583857
 2851.676270    24.324722
 2852.332280    24.054169
 2852.989990    23.771338
 2853.646480    23.477961
 2854.304440    23.173321
 2854.960940    22.859289
 2855.617920    22.535469
 2856.276370    22.201868
 2856.933350    21.860512
 2857.592290    21.510162
 2858.249760    21.153183
 2858.908940    20.788404
 2859.566650    20.418142
 2860.224370    20.042156
 2860.883790    19.660015
 2861.541750    19.274118
 2862.201900    18.882870
 2862.860350    18.489143
 2863.520510    18.091450
 2864.179200    17.692245
 2864.839840    17.290001
 2865.498780    16.887474
 2866.157960    16.483999
 2866.818850    16.079191
 2867.478520    15.675344
 2868.139650    15.271303
 2868.799320    14.869335
 2869.460940    14.467818
 2870.121090    14.069277
 2870.781490    13.673101
 2871.443360    13.278985
 2872.103760    12.889067
 2872.766360    12.501573
 2873.427000    12.119293
 2874.089600    11.740312
 2874.750730    11.366915
 2875.412110    10.998425
 2876.075440    10.634211
 2876.736820    10.276679
 2877.400390    9.923841
 2878.062260    9.578012
 2878.725830    9.237616
 2879.388180    8.904354
 2880.050540    8.577770
 2880.714600    8.257198
 2881.377440    7.944201
 2882.041750    7.637634
 2882.704830    7.338839
 2883.369380    7.046694
 2884.032960    6.762348
 2884.696530    6.485420
 2885.361330    6.215456
 2886.025390    5.953275
 2886.690920    5.698030
 2887.354980    5.450834
 2888.020510    5.210578
 2888.685060    4.978117
 2889.349610    4.753042
 2890.015870    4.534748
 2890.680910    4.324133
 2891.347410    4.120270
 2892.012700    3.923895
 2892.679200    3.734191
 2893.344970    3.551613
 2894.010500    3.375900
 2894.677730    3.206436
 2895.343510    3.043904
 2896.011470    2.887288
 2896.677490    2.737425
 2897.345460    2.593294
 2898.011960    2.455491
 2898.678960    2.323450
 2899.347170    2.196895
 2900.014160    2.076132
 2900.682860    1.960478
 2901.350100    1.850328
 2902.019530    1.744926
 2902.687010    1.644767
 2903.354740    1.549342
 2904.024410    1.458270
 2904.692380    1.371893
 2905.361820    1.289639
 2906.030520    1.211629
 2906.700680    1.137457
 2907.369140    1.067319
 2908.038090    1.000823
 2908.708500    0.937739
 2909.377930    0.878157
 2910.048830    0.821716
 2910.718260    0.768525
 2911.389650    0.718178
 2912.059330    0.670815
 2912.729250    0.626163
 2913.400630    0.584021
 2914.070800    0.544436
 2914.742920    0.507106
 2915.413570    0.472106
 2916.085690    0.439172
 2916.756590    0.408327
 2917.429200    0.379334
 2918.100340    0.352232
 2918.771730    0.326848
 2919.444580    0.303048
 2920.116210    0.280841
 2920.789550    0.260042
 2921.461670    0.240664
 2922.135500    0.222541
 2922.807370    0.205698
 2923.479740    0.189998
 2924.154050    0.175342
 2924.826660    0.161745
 2925.500980    0.149076
 2926.174070    0.137330
 2926.848880    0.126403
 2927.522220    0.116291
 2928.195800    0.106915
 2928.870850    0.098214
 2929.544920    0.090174
 2930.220460    0.082724
 2930.894530    0.075853
 2931.570310    0.069493
 2932.244630    0.063638
 2932.919190    0.058236
 2933.595700    0.053245
 2934.270260    0.048662
 2934.947270    0.044431
 2935.622310    0.040551
 2936.299070    0.036978
 2936.974850    0.033703
 2937.650390    0.030698
 2938.327880    0.027936
 2939.003660    0.025412
 2939.681400    0.023094
 2940.357670    0.020979
 2941.035640    0.019040
 2941.712160    0.017273
 2942.389160    0.015658
 2943.067630    0.014182
 2943.744630    0.012840
 2944.423580    0.011614
 2945.100830    0.010501
 2945.780030    0.009485
 2946.457760    0.008564
 2947.135500    0.007728
 2947.815190    0.006966
 2948.493410    0.006276
 2949.173100    0.005651
 2949.851560    0.005085
 2950.531980    0.004571
 2951.210450    0.004107
 2951.889650    0.003689
 2952.570070    0.003309
 2953.249270    0.002968
 2953.930660    0.002659
 2954.610110    0.002381
 2955.291500    0.002131
 2955.971190    0.001905
 2956.651120    0.001703
 2957.333010    0.001521
 2958.013180    0.001357
 2958.695560    0.001210
 2959.376220    0.001079
 2960.058350    0.000960
 2960.739500    0.000854
 2961.420410    0.000760
 2962.103520    0.000676
 2962.784910    0.000600
 2963.468020    0.000532
 2964.149900    0.000472
 2964.833500    0.000419
 2965.515380    0.000371
 2966.197750    0.000328
 2966.881590    0.000290
 2967.564210    0.000257
 2968.248540    0.000227
 2968.931150    0.000200
 2969.615720    0.000176
 2970.299070    0.000155
 2970.984130    0.000137
 2971.667480    0.000120
 2972.351070    0.000106
 2973.036620    0.000093
 2973.720700    0.000082
 2974.406250    0.000072
 2975.090580    0.000063
 2975.776610    0.000055
 2976.461180    0.000049
 2977.146000    0.000042
 2977.832280    0.000037
 2978.517580    0.000032
 2979.204350    0.000029
 2979.889650    0.000025
 2980.576660    0.000022
 2981.262210    0.000019
 2981.948240    0.000016
 2982.635990    0.000014
 2983.322020    0.000012
 2984.010010    0.000010
 2984.696530    0.000010
 2985.384770    0.000009
 2986.071530    0.000007
 2986.758540    0.000006
 2987.447270    0.000006
 2988.134770    0.000005
 2988.823490    0.000004
 2989.510990    0.000004
 2990.200440    0.000003
 2990.888180    0.000003
 2991.576170    0.000002
 2992.266360    0.000002
 2992.954830    0.000002
 2993.644780    0.000001
 2994.333500    0.000001
 2995.023930    0.000001
 2995.713130    0.000001
 2996.402100    0.000001
 2997.093020    0.000001
 2997.782710    0.000001
 2998.473880    0.000001
 2999.163570    0.000000
 2999.855470    0.000000
 3000.545410    0.000000
 3001.235600    0.000000
 3001.927730    0.000000
 3002.618410    0.000000
 3003.310550    0.000000
 3004.001710    0.000000
 3004.694340    0.000000
 3005.385740    0.000000
 3006.076900    0.000000
 3006.770020    0.000000
 3007.461670    0.000000
 3008.155270    0.000000
 3008.847410    0.000000
 3009.541260    0.000000
 3010.233400    0.000000
 3010.926270    0.000000
 3011.620360    0.000000
 3012.313230    0.000000
 3013.007810    0.000000
 3013.700930    0.000000
 3014.395750    0.000000
 3015.089360    0.000000
 3015.783200    0.000000
 3016.478270    0.000000
 3017.172610    0.000000
 3017.868160    0.000000
 3018.562260    0.000000
 3019.258540    0.000000
 3019.952880    0.000000
 3020.647950    0.000000
 3021.344480    0.000000
 3022.039310    0.000000
 3022.736330    0.000000
 3023.431640    0.000000
 3024.128660    0.000000
 3024.824460    0.000000
 3025.522220    0.000000
 3026.218020    0.000000
 3026.914310    0.000000
 3027.612300    0.000000
 3028.308840    0.000000
 3029.007080    0.000000
 3029.703860    0.000000
 3030.402590    0.000000
 3031.099850    0.000000
 3031.797120    0.000000
 3032.496090    0.000000
 3033.193600    0.000000
 3033.893310    0.000000
 3034.591060    0.000000
 3035.290770    0.000000
 3035.989010    0.000000
 3036.687740    0.000000
 3037.387700    0.000000
 3038.086670    0.000000
 3038.787350    0.000000
 3039.486080    0.000000
 3040.187260    0.000000
 3040.886470    0.000000
 3041.586180    0.000000
 3042.287350    0.000000
 3042.987550    0.000000
 3043.689210    0.000000
 3044.389160    0.000000
 3045.091060    0.000000
 3045.791750    0.000000
 3046.492430    0.000000
 3047.194820    0.000000
 3047.896000    0.000000
 3048.598880    0.000000
 3049.300050    0.000000
