 2653.384280    0.038246
 2653.996340    0.041272
 2654.606690    0.044518
 2655.217290    0.048008
 2655.829830    0.051769
 2656.440670    0.055799
 2657.053220    0.060139
 2657.664550    0.064787
 2658.277340    0.069785
 2658.888920    0.075136
 2659.500730    0.080875
 2660.114010    0.087040
 2660.725830    0.093628
 2661.339360    0.100701
 2661.951660    0.108256
 2662.565430    0.116360
 2663.177980    0.125007
 2663.790530    0.134250
 2664.404790    0.144152
 2665.017820    0.154705
 2665.632320    0.165997
 2666.245610    0.178020
 2666.860350    0.190872
 2667.473880    0.204544
 2668.089110    0.219151
 2668.702880    0.234667
 2669.316890    0.251186
 2669.932370    0.268801
 2670.546630    0.287493
 2671.162350    0.307404
 2671.776860    0.328509
 2672.393070    0.350978
 2673.007810    0.374761
 2673.622560    0.399980
 2674.239260    0.426794
 2674.854490    0.455132
 2675.471190    0.485208
 2676.086670    0.516969
 2676.703860    0.550652
 2677.319580    0.586173
 2677.935550    0.623710
 2678.552980    0.663436
 2679.169190    0.705273
 2679.786870    0.749500
 2680.403560    0.796044
 2681.021480    0.845171
 2681.638430    0.896811
 2682.255370    0.951142
 2682.873780    1.008412
 2683.490970    1.068481
 2684.109860    1.131748
 2684.727290    1.198003
 2685.346440    1.267701
 2685.964110    1.340603
 2686.582030    1.417015
 2687.201660    1.497252
 2687.819820    1.581023
 2688.439450    1.668844
 2689.057860    1.760455
 2689.677980    1.856413
 2690.296880    1.956388
 2690.915770    2.060682
 2691.536380    2.169718
 2692.155270    2.283010
 2692.776370    2.401396
 2693.395750    2.524246
 2694.016850    2.652349
 2694.636720    2.785215
 2695.256590    2.923195
 2695.877930    3.066734
 2696.498050    3.215312
 2697.119870    3.369730
 2697.740480    3.529356
 2698.362550    3.694966
 2698.983400    3.865929
 2699.604250    4.042634
 2700.226810    4.225657
 2700.847900    4.414127
 2701.470700    4.609061
 2702.092040    4.809513
 2702.715330    5.016626
 2703.337160    5.229300
 2703.958980    5.448029
 2704.582520    5.673448
 2705.204830    5.904500
 2705.828370    6.142079
 2706.450930    6.385327
 2707.074950    6.635168
 2707.697750    6.890482
 2708.320800    7.151796
 2708.945310    7.419574
 2709.568360    7.692472
 2710.193360    7.971898
 2710.816650    8.256104
 2711.441890    8.546637
 2712.065670    8.841773
 2712.689450    9.142036
 2713.314940    9.448098
 2713.939210    9.758350
 2714.565190    10.074057
 2715.189450    10.393280
 2715.815670    10.717669
 2716.440430    11.045215
 2717.066890    11.377328
 2717.691890    11.712061
 2718.317140    12.050031
 2718.943850    12.391612
 2719.569340    12.735033
 2720.196530    13.081575
 2720.822270    13.429152
 2721.449710    13.779171
 2722.075680    14.129503
 2722.702150    14.480862
 2723.329830    14.833273
 2723.956300    15.184971
 2724.584470    15.537191
 2725.211430    15.887876
 2725.839600    16.237965
 2726.466800    16.585800
 2727.093990    16.931490
 2727.722900    17.275522
 2728.350340    17.615707
 2728.979490    17.953310
 2729.607420    18.286297
 2730.236820    18.615627
 2730.864750    18.939314
 2731.493160    19.257906
 2732.122800    19.571299
 2732.751460    19.877933
 2733.381590    20.178543
 2734.010500    20.471386
 2734.640870    20.757265
 2735.270020    21.034523
 2735.899410    21.303387
 2736.530270    21.563927
 2737.159670    21.814520
 2737.790770    22.056017
 2738.420650    22.286903
 2739.052250    22.507862
 2739.682370    22.717413
 2740.312500    22.915737
 2740.944340    23.102993
 2741.575200    23.278057
 2742.207280    23.441233
 2742.838130    23.591610
 2743.470460    23.729570
 2744.101560    23.854279
 2744.732910    23.965843
 2745.365970    24.064270
 2745.997310    24.148850
 2746.630860    24.219946
 2747.262700    24.276981
 2747.896000    24.320149
 2748.528080    24.349175
 2749.160640    24.364117
 2749.794430    24.364902
 2750.427000    24.351528
 2751.061280    24.323940
 2751.694090    24.282309
 2752.328610    24.226490
 2752.961910    24.156822
 2753.595210    24.073334
 2754.230220    23.975882
 2754.863770    23.865116
 2755.499020    23.740665
 2756.132810    23.603355
 2756.768550    23.452667
 2757.402590    23.289715
 2758.036870    23.114319
 2758.673100    22.926243
 2759.307620    22.726877
 2759.943850    22.515480
 2760.578860    22.293369
 2761.215330    22.059959
 2761.850590    21.816624
 2762.487550    21.562620
 2763.123050    21.299623
 2763.758790    21.027374
 2764.396000    20.745752
 2765.031980    20.456383
 2765.669430    20.158489
 2766.305910    19.853672
 2766.943600    19.541340
 2767.580320    19.223040
 2768.216800    18.898899
 2768.855220    18.568256
 2769.492190    18.233356
 2770.130860    17.893013
 2770.768070    17.549397
 2771.407230    17.201143
 2772.044680    16.850719
 2772.682130    16.497677
 2773.321780    16.141251
 2773.959720    15.784081
 2774.599370    15.424710
 2775.237550    15.065372
 2775.877690    14.704580
 2776.516360    14.344692
 2777.155030    13.985304
 2777.795170    13.626000
 2778.434330    13.268553
 2779.074950    12.911983
 2779.714360    12.558162
 2780.355470    12.205830
 2780.995120    11.857075
 2781.634770    11.511421
 2782.276120    11.168276
 2782.916260    10.829510
 2783.558110    10.493862
 2784.198490    10.163268
 2784.840330    9.836467
 2785.480960    9.515069
 2786.121830    9.198549
 2786.764400    8.886414
 2787.405270    8.580513
 2788.048100    8.279276
 2788.689450    7.984473
 2789.332520    7.694788
 2789.974370    7.411677
 2790.615970    7.134799
 2791.259770    6.863227
 2791.901610    6.598799
 2792.545410    6.339972
 2793.187990    6.088090
 2793.832030    5.842142
 2794.474850    5.603189
 2795.117680    5.370769
 2795.762210    5.144298
 2796.405520    4.924800
 2797.050290    4.711346
 2797.693600    4.504874
 2798.338870    4.304252
 2798.982420    4.110573
 2799.626460    3.923097
 2800.272220    3.741434
 2800.916260    3.566468
 2801.562260    3.397124
 2802.206790    3.234214
 2802.852780    3.076900
 2803.497560    2.925735
 2804.142580    2.780256
 2804.789310    2.640042
 2805.434330    2.505719
 2806.081300    2.376402
 2806.726810    2.252658
 2807.374020    2.133751
 2808.020020    2.020095
 2808.666020    1.911327
 2809.313480    1.807083
 2809.959960    1.707626
 2810.607910    1.612448
 2811.254390    1.521840
 2811.902830    1.435194
 2812.549560    1.352861
 2813.198240    1.274241
 2813.845210    1.199645
 2814.492680    1.128674
 2815.141600    1.061101
 2815.789310    0.997078
 2816.438720    0.936188
 2817.086430    0.878621
 2817.736080    0.823929
 2818.384520    0.772260
 2819.032710    0.723404
 2819.682620    0.677104
 2820.331300    0.633456
 2820.981930    0.592136
 2821.630620    0.553283
 2822.281490    0.516541
 2822.930660    0.482028
 2823.580080    0.449532
 2824.231200    0.418889
 2824.880860    0.390157
 2825.532230    0.363102
 2826.182370    0.337760
 2826.833980    0.313940
 2827.484380    0.291659
 2828.134770    0.270792
 2828.786870    0.251212
 2829.437740    0.232937
 2830.090090    0.215819
 2830.741210    0.199864
 2831.394040    0.184937
 2832.045410    0.171046
 2832.697020    0.158097
 2833.350100    0.146011
 2834.001950    0.134785
 2834.655520    0.124318
 2835.307620    0.114614
 2835.961180    0.105580
 2836.613770    0.097211
 2837.266360    0.089450
 2837.920410    0.082240
 2838.573490    0.075575
 2839.228030    0.069392
 2839.881100    0.063688
 2840.535890    0.058403
 2841.189450    0.053532
 2841.843020    0.049036
 2842.498540    0.044877
 2843.152340    0.041056
 2843.807860    0.037527
 2844.462160    0.034286
 2845.118160    0.031297
 2845.772710    0.028557
 2846.427250    0.026040
 2847.083740    0.023724
 2847.738770    0.021605
 2848.395260    0.019658
 2849.050540    0.017879
 2849.707760    0.016245
 2850.363280    0.014755
 2851.018800    0.013394
 2851.676270    0.012147
 2852.332280    0.011011
 2852.989990    0.009973
 2853.646480    0.009028
 2854.304440    0.008166
 2854.960940    0.007383
 2855.617920    0.006671
 2856.276370    0.006022
 2856.933350    0.005434
 2857.592290    0.004899
 2858.249760    0.004415
 2858.908940    0.003975
 2859.566650    0.003577
 2860.224370    0.003218
 2860.883790    0.002892
 2861.541750    0.002597
 2862.201900    0.002330
 2862.860350    0.002090
 2863.520510    0.001873
 2864.179200    0.001678
 2864.839840    0.001502
 2865.498780    0.001344
 2866.157960    0.001201
 2866.818850    0.001073
 2867.478520    0.000957
 2868.139650    0.000854
 2868.799320    0.000762
 2869.460940    0.000679
 2870.121090    0.000605
 2870.781490    0.000538
 2871.443360    0.000478
 2872.103760    0.000424
 2872.766360    0.000377
 2873.427000    0.000335
 2874.089600    0.000297
 2874.750730    0.000263
 2875.412110    0.000233
 2876.075440    0.000206
 2876.736820    0.000182
 2877.400390    0.000161
 2878.062260    0.000142
 2878.725830    0.000126
 2879.388180    0.000111
 2880.050540    0.000097
 2880.714600    0.000086
 2881.377440    0.000075
 2882.041750    0.000067
 2882.704830    0.000058
 2883.369380    0.000051
 2884.032960    0.000045
 2884.696530    0.000040
 2885.361330    0.000034
 2886.025390    0.000031
 2886.690920    0.000027
 2887.354980    0.000023
 2888.020510    0.000020
 2888.685060    0.000018
 2889.349610    0.000015
 2890.015870    0.000013
 2890.680910    0.000011
 2891.347410    0.000010
 2892.012700    0.000009
 2892.679200    0.000008
 2893.344970    0.000007
 2894.010500    0.000006
 2894.677730    0.000005
 2895.343510    0.000005
 2896.011470    0.000004
 2896.677490    0.000003
 2897.345460    0.000003
 2898.011960    0.000003
 2898.678960    0.000002
 2899.347170    0.000002
 2900.014160    0.000002
 2900.682860    0.000001
 2901.350100    0.000001
 2902.019530    0.000001
 2902.687010    0.000001
 2903.354740    0.000001
 2904.024410    0.000001
 2904.692380    0.000001
 2905.361820    0.000001
 2906.030520    0.000000
 2906.700680    0.000000
 2907.369140    0.000000
 2908.038090    0.000000
 2908.708500    0.000000
 2909.377930    0.000000
 2910.048830    0.000000
 2910.718260    0.000000
 2911.389650    0.000000
 2912.059330    0.000000
 2912.729250    0.000000
 2913.400630    0.000000
 2914.070800    0.000000
 2914.742920    0.000000
 2915.413570    0.000000
 2916.085690    0.000000
 2916.756590    0.000000
 2917.429200    0.000000
 2918.100340    0.000000
 2918.771730    0.000000
 2919.444580    0.000000
 2920.116210    0.000000
 2920.789550    0.000000
 2921.461670    0.000000
 2922.135500    0.000000
 2922.807370    0.000000
 2923.479740    0.000000
 2924.154050    0.000000
 2924.826660    0.000000
 2925.500980    0.000000
 2926.174070    0.000000
 2926.848880    0.000000
 2927.522220    0.000000
 2928.195800    0.000000
 2928.870850    0.000000
 2929.544920    0.000000
 2930.220460    0.000000
 2930.894530    0.000000
 2931.570310    0.000000
 2932.244630    0.000000
 2932.919190    0.000000
 2933.595700    0.000000
 2934.270260    0.000000
 2934.947270    0.000000
 2935.622310    0.000000
 2936.299070    0.000000
 2936.974850    0.000000
 2937.650390    0.000000
 2938.327880    0.000000
 2939.003660    0.000000
 2939.681400    0.000000
 2940.357670    0.000000
 2941.035640    0.000000
 2941.712160    0.000000
 2942.389160    0.000000
 2943.067630    0.000000
 2943.744630    0.000000
 2944.423580    0.000000
 2945.100830    0.000000
 2945.780030    0.000000
 2946.457760    0.000000
 2947.135500    0.000000
 2947.815190    0.000000
 2948.493410    0.000000
 2949.173100    0.000000
 2949.851560    0.000000
 2950.531980    0.000000
 2951.210450    0.000000
 2951.889650    0.000000
 2952.570070    0.000000
 2953.249270    0.000000
 2953.930660    0.000000
 2954.610110    0.000000
 2955.291500    0.000000
 2955.971190    0.000000
 2956.651120    0.000000
 2957.333010    0.000000
 2958.013180    0.000000
 2958.695560    0.000000
 2959.376220    0.000000
 2960.058350    0.000000
 2960.739500    0.000000
 2961.420410    0.000000
 2962.103520    0.000000
 2962.784910    0.000000
 2963.468020    0.000000
 2964.149900    0.000000
 2964.833500    0.000000
 2965.515380    0.000000
 2966.197750    0.000000
 2966.881590    0.000000
 2967.564210    0.000000
 2968.248540    0.000000
 2968.931150    0.000000
 2969.615720    0.000000
 2970.299070    0.000000
 2970.984130    0.000000
 2971.667480    0.000000
 2972.351070    0.000000
 2973.036620    0.000000
 2973.720700    0.000000
 2974.406250    0.000000
 2975.090580    0.000000
 2975.776610    0.000000
 2976.461180    0.000000
 2977.146000    0.000000
 2977.832280    0.000000
 2978.517580    0.000000
 2979.204350    0.000000
 2979.889650    0.000000
 2980.576660    0.000000
 2981.262210    0.000000
 2981.948240    0.000000
 2982.635990    0.000000
 2983.322020    0.000000
 2984.010010    0.000000
 2984.696530    0.000000
 2985.384770    0.000000
 2986.071530    0.000000
 2986.758540    0.000000
 2987.447270    0.000000
 2988.134770    0.000000
 2988.823490    0.000000
 2989.510990    0.000000
 2990.200440    0.000000
 2990.888180    0.000000
 2991.576170    0.000000
 2992.266360    0.000000
 2992.954830    0.000000
 2993.644780    0.000000
 2994.333500    0.000000
 2995.023930    0.000000
 2995.713130    0.000000
 2996.402100    0.000000
 2997.093020    0.000000
 2997.782710    0.000000
 2998.473880    0.000000
 2999.163570    0.000000
 2999.855470    0.000000
 3000.545410    0.000000
 3001.235600    0.000000
 3001.927730    0.000000
 3002.618410    0.000000
 3003.310550    0.000000
 3004.001710    0.000000
 3004.694340    0.000000
 3005.385740    0.000000
 3006.076900    0.000000
 3006.770020    0.000000
 3007.461670    0.000000
 3008.155270    0.000000
 3008.847410    0.000000
 3009.541260    0.000000
 3010.233400    0.000000
 3010.926270    0.000000
 3011.620360    0.000000
 3012.313230    0.000000
 3013.007810    0.000000
 3013.700930    0.000000
 3014.395750    0.000000
 3015.089360    0.000000
 3015.783200    0.000000
 3016.478270    0.000000
 3017.172610    0.000000
 3017.868160    0.000000
 3018.562260    0.000000
 3019.258540    0.000000
 3019.952880    0.000000
 3020.647950    0.000000
 3021.344480    0.000000
 3022.039310    0.000000
 3022.736330    0.000000
 3023.431640    0.000000
 3024.128660    0.000000
 3024.824460    0.000000
 3025.522220    0.000000
 3026.218020    0.000000
 3026.914310    0.000000
 3027.612300    0.000000
 3028.308840    0.000000
 3029.007080    0.000000
 3029.703860    0.000000
 3030.402590    0.000000
 3031.099850    0.000000
 3031.797120    0.000000
 3032.496090    0.000000
 3033.193600    0.000000
 3033.893310    0.000000
 3034.591060    0.000000
 3035.290770    0.000000
 3035.989010    0.000000
 3036.687740    0.000000
 3037.387700    0.000000
 3038.086670    0.000000
 3038.787350    0.000000
 3039.486080    0.000000
 3040.187260    0.000000
 3040.886470    0.000000
 3041.586180    0.000000
 3042.287350    0.000000
 3042.987550    0.000000
 3043.689210    0.000000
 3044.389160    0.000000
 3045.091060    0.000000
 3045.791750    0.000000
 3046.492430    0.000000
 3047.194820    0.000000
 3047.896000    0.000000
 3048.598880    0.000000
 3049.300050    0.000000
