 2653.384280    0.000003
 2653.996340    0.000003
 2654.606690    0.000003
 2655.217290    0.000004
 2655.829830    0.000004
 2656.440670    0.000004
 2657.053220    0.000005
 2657.664550    0.000005
 2658.277340    0.000005
 2658.888920    0.000006
 2659.500730    0.000006
 2660.114010    0.000007
 2660.725830    0.000007
 2661.339360    0.000008
 2661.951660    0.000009
 2662.565430    0.000009
 2663.177980    0.000010
 2663.790530    0.000010
 2664.404790    0.000011
 2665.017820    0.000012
 2665.632320    0.000013
 2666.245610    0.000014
 2666.860350    0.000015
 2667.473880    0.000017
 2668.089110    0.000018
 2668.702880    0.000019
 2669.316890    0.000021
 2669.932370    0.000023
 2670.546630    0.000025
 2671.162350    0.000027
 2671.776860    0.000029
 2672.393070    0.000031
 2673.007810    0.000033
 2673.622560    0.000036
 2674.239260    0.000038
 2674.854490    0.000042
 2675.471190    0.000045
 2676.086670    0.000049
 2676.703860    0.000051
 2677.319580    0.000056
 2677.935550    0.000060
 2678.552980    0.000065
 2679.169190    0.000070
 2679.786870    0.000075
 2680.403560    0.000081
 2681.021480    0.000087
 2681.638430    0.000093
 2682.255370    0.000100
 2682.873780    0.000108
 2683.490970    0.000116
 2684.109860    0.000125
 2684.727290    0.000134
 2685.346440    0.000144
 2685.964110    0.000155
 2686.582030    0.000166
 2687.201660    0.000178
 2687.819820    0.000192
 2688.439450    0.000205
 2689.057860    0.000220
 2689.677980    0.000237
 2690.296880    0.000254
 2690.915770    0.000272
 2691.536380    0.000292
 2692.155270    0.000313
 2692.776370    0.000336
 2693.395750    0.000360
 2694.016850    0.000385
 2694.636720    0.000413
 2695.256590    0.000442
 2695.877930    0.000473
 2696.498050    0.000506
 2697.119870    0.000543
 2697.740480    0.000581
 2698.362550    0.000622
 2698.983400    0.000665
 2699.604250    0.000711
 2700.226810    0.000761
 2700.847900    0.000813
 2701.470700    0.000870
 2702.092040    0.000930
 2702.715330    0.000994
 2703.337160    0.001061
 2703.958980    0.001134
 2704.582520    0.001211
 2705.204830    0.001294
 2705.828370    0.001382
 2706.450930    0.001474
 2707.074950    0.001575
 2707.697750    0.001680
 2708.320800    0.001792
 2708.945310    0.001912
 2709.568360    0.002039
 2710.193360    0.002174
 2710.816650    0.002318
 2711.441890    0.002472
 2712.065670    0.002634
 2712.689450    0.002807
 2713.314940    0.002991
 2713.939210    0.003185
 2714.565190    0.003392
 2715.189450    0.003612
 2715.815670    0.003845
 2716.440430    0.004092
 2717.066890    0.004354
 2717.691890    0.004633
 2718.317140    0.004928
 2718.943850    0.005241
 2719.569340    0.005573
 2720.196530    0.005925
 2720.822270    0.006298
 2721.449710    0.006693
 2722.075680    0.007111
 2722.702150    0.007554
 2723.329830    0.008023
 2723.956300    0.008519
 2724.584470    0.009046
 2725.211430    0.009601
 2725.839600    0.010190
 2726.466800    0.010811
 2727.093990    0.011468
 2727.722900    0.012165
 2728.350340    0.012898
 2728.979490    0.013677
 2729.607420    0.014497
 2730.236820    0.015365
 2730.864750    0.016279
 2731.493160    0.017244
 2732.122800    0.018266
 2732.751460    0.019341
 2733.381590    0.020479
 2734.010500    0.021677
 2734.640870    0.022943
 2735.270020    0.024274
 2735.899410    0.025678
 2736.530270    0.027161
 2737.159670    0.028719
 2737.790770    0.030365
 2738.420650    0.032095
 2739.052250    0.033921
 2739.682370    0.035839
 2740.312500    0.037857
 2740.944340    0.039986
 2741.575200    0.042222
 2742.207280    0.044578
 2742.838130    0.047049
 2743.470460    0.049653
 2744.101560    0.052384
 2744.732910    0.055255
 2745.365970    0.058279
 2745.997310    0.061445
 2746.630860    0.064781
 2747.262700    0.068274
 2747.896000    0.071947
 2748.528080    0.075793
 2749.160640    0.079831
 2749.794430    0.084073
 2750.427000    0.088512
 2751.061280    0.093178
 2751.694090    0.098056
 2752.328610    0.103180
 2752.961910    0.108537
 2753.595210    0.114145
 2754.230220    0.120034
 2754.863770    0.126183
 2755.499020    0.132634
 2756.132810    0.139368
 2756.768550    0.146433
 2757.402590    0.153800
 2758.036870    0.161505
 2758.673100    0.169581
 2759.307620    0.177998
 2759.943850    0.186813
 2760.578860    0.196003
 2761.215330    0.205620
 2761.850590    0.215638
 2762.487550    0.226122
 2763.123050    0.237035
 2763.758790    0.248422
 2764.396000    0.260323
 2765.031980    0.272706
 2765.669430    0.285643
 2766.305910    0.299102
 2766.943600    0.313149
 2767.580320    0.327757
 2768.216800    0.342960
 2768.855220    0.358834
 2769.492190    0.375316
 2770.130860    0.392509
 2770.768070    0.410351
 2771.407230    0.428961
 2772.044680    0.448256
 2772.682130    0.468308
 2773.321780    0.489215
 2773.959720    0.510874
 2774.599370    0.533426
 2775.237550    0.556787
 2775.877690    0.581108
 2776.516360    0.606287
 2777.155030    0.632406
 2777.795170    0.659556
 2778.434330    0.687662
 2779.074950    0.716863
 2779.714360    0.747064
 2780.355470    0.778435
 2780.995120    0.810852
 2781.634770    0.844415
 2782.276120    0.879249
 2782.916260    0.915228
 2783.558110    0.952550
 2784.198490    0.991062
 2784.840330    1.030974
 2785.480960    1.072152
 2786.121830    1.114719
 2786.764400    1.158813
 2787.405270    1.204233
 2788.048100    1.251272
 2788.689450    1.299716
 2789.332520    1.349841
 2789.974370    1.401453
 2790.615970    1.454661
 2791.259770    1.509708
 2791.901610    1.566276
 2792.545410    1.624743
 2793.187990    1.684858
 2793.832030    1.746909
 2794.474850    1.810672
 2795.117680    1.876297
 2795.762210    1.944000
 2796.405520    2.013509
 2797.050290    2.085150
 2797.693600    2.158631
 2798.338870    2.234377
 2798.982420    2.311992
 2799.626460    2.391767
 2800.272220    2.473896
 2800.916260    2.557974
 2801.562260    2.644513
 2802.206790    2.733086
 2802.852780    2.824125
 2803.497560    2.917282
 2804.142580    3.012789
 2804.789310    3.110900
 2805.434330    3.211123
 2806.081300    3.314054
 2806.726810    3.419174
 2807.374020    3.527023
 2808.020020    3.637139
 2808.666020    3.749740
 2809.313480    3.865110
 2809.959960    3.982834
 2810.607910    4.103374
 2811.254390    4.226201
 2811.902830    4.351976
 2812.549560    4.480006
 2813.198240    4.611023
 2813.845210    4.744298
 2814.492680    4.880281
 2815.141600    5.019191
 2815.789310    5.160458
 2816.438720    5.304723
 2817.086430    5.451226
 2817.736080    5.600789
 2818.384520    5.752680
 2819.032710    5.907110
 2819.682620    6.064542
 2820.331300    6.224255
 2820.981930    6.387018
 2821.630620    6.551835
 2822.281490    6.719741
 2822.930660    6.889707
 2823.580080    7.062209
 2824.231200    7.237618
 2824.880860    7.415050
 2825.532230    7.595335
 2826.182370    7.777633
 2826.833980    7.962650
 2827.484380    8.149587
 2828.134770    8.338742
 2828.786870    8.530570
 2829.437740    8.724163
 2830.090090    8.920261
 2830.741210    9.118006
 2831.394040    9.318224
 2832.045410    9.519881
 2832.697020    9.723435
 2833.350100    9.929204
 2834.001950    10.136272
 2834.655520    10.345495
 2835.307620    10.555778
 2835.961180    10.767986
 2836.613770    10.981243
 2837.266360    11.195779
 2837.920410    11.411992
 2838.573490    11.628980
 2839.228030    11.847461
 2839.881100    12.066360
 2840.535890    12.286641
 2841.189450    12.507216
 2841.843020    12.728388
 2842.498540    12.950716
 2843.152340    13.172844
 2843.807860    13.395823
 2844.462160    13.618540
 2845.118160    13.841878
 2845.772710    14.064635
 2846.427250    14.287189
 2847.083740    14.510081
 2847.738770    14.732025
 2848.395260    14.953890
 2849.050540    15.174636
 2849.707760    15.395206
 2850.363280    15.614236
 2851.018800    15.832173
 2851.676270    16.049526
 2852.332280    16.265034
 2852.989990    16.479601
 2853.646480    16.692135
 2854.304440    16.903368
 2854.960940    17.112226
 2855.617920    17.319201
 2856.276370    17.524450
 2856.933350    17.726929
 2857.592290    17.927547
 2858.249760    18.125130
 2858.908940    18.320492
 2859.566650    18.512558
 2860.224370    18.701635
 2860.883790    18.888067
 2861.541750    19.070822
 2862.201900    19.250788
 2862.860350    19.426762
 2863.520510    19.599535
 2864.179200    19.768145
 2864.839840    19.933344
 2865.498780    20.094090
 2866.157960    20.250755
 2866.818850    20.403557
 2867.478520    20.551691
 2868.139650    20.695654
 2868.799320    20.834698
 2869.460940    20.969433
 2870.121090    21.099052
 2870.781490    21.223812
 2871.443360    21.343826
 2872.103760    21.458467
 2872.766360    21.568279
 2873.427000    21.672489
 2874.089600    21.771624
 2874.750730    21.865095
 2875.412110    21.953089
 2876.075440    22.035736
 2876.736820    22.112478
 2877.400390    22.183743
 2878.062260    22.249044
 2878.725830    22.308674
 2879.388180    22.362312
 2880.050540    22.410034
 2880.714600    22.451904
 2881.377440    22.487698
 2882.041750    22.517530
 2882.704830    22.541256
 2883.369380    22.558952
 2884.032960    22.570532
 2884.696530    22.576021
 2885.361330    22.575411
 2886.025390    22.568699
 2886.690920    22.555861
 2887.354980    22.536964
 2888.020510    22.511946
 2888.685060    22.480917
 2889.349610    22.443867
 2890.015870    22.400715
 2890.680910    22.351677
 2891.347410    22.296600
 2892.012700    22.235744
 2892.679200    22.168943
 2893.344970    22.096443
 2894.010500    22.018259
 2894.677730    21.934214
 2895.343510    21.844772
 2896.011470    21.749506
 2896.677490    21.649088
 2897.345460    21.543007
 2898.011960    21.431887
 2898.678960    21.315508
 2899.347170    21.193813
 2900.014160    21.067350
 2900.682860    20.935652
 2901.350100    20.799458
 2902.019530    20.658106
 2902.687010    20.512594
 2903.354740    20.362568
 2904.024410    20.207741
 2904.692380    20.049082
 2905.361820    19.885954
 2906.030520    19.719013
 2906.700680    19.547836
 2907.369140    19.373362
 2908.038090    19.195158
 2908.708500    19.013082
 2909.377930    18.827923
 2910.048830    18.639145
 2910.718260    18.447710
 2911.389650    18.252769
 2912.059330    18.055527
 2912.729250    17.855558
 2913.400630    17.652628
 2914.070800    17.447687
 2914.742920    17.239902
 2915.413570    17.030472
 2916.085690    16.818619
 2916.756590    16.605335
 2917.429200    16.389824
 2918.100340    16.173243
 2918.771730    15.955185
 2919.444580    15.735388
 2920.116210    15.514864
 2920.789550    15.292792
 2921.461670    15.070270
 2922.135500    14.846461
 2922.807370    14.622717
 2923.479740    14.398357
 2924.154050    14.173021
 2924.826660    13.948060
 2925.500980    13.722455
 2926.174070    13.497315
 2926.848880    13.271779
 2927.522220    13.047028
 2928.195800    12.822608
 2928.870850    12.598228
 2929.544920    12.374814
 2930.220460    12.151668
 2930.894530    11.929865
 2931.570310    11.708465
 2932.244630    11.488608
 2932.919190    11.269837
 2933.595700    11.051697
 2934.270260    10.835541
 2934.947270    10.620052
 2935.622310    10.406719
 2936.299070    10.194466
 2936.974850    9.984221
 2937.650390    9.775826
 2938.327880    9.568686
 2939.003660    9.363995
 2939.681400    9.160710
 2940.357670    8.959925
 2941.035640    8.760761
 2941.712160    8.564211
 2942.389160    8.369756
 2943.067630    8.177179
 2943.744630    7.987360
 2944.423580    7.799392
 2945.100830    7.614332
 2945.780030    7.431220
 2946.457760    7.251017
 2947.135500    7.073359
 2947.815190    6.897778
 2948.493410    6.725187
 2949.173100    6.554865
 2949.851560    6.387510
 2950.531980    6.222362
 2951.210450    6.060387
 2951.889650    5.900949
 2952.570070    5.743958
 2953.249270    5.589988
 2953.930660    5.438274
 2954.610110    5.289748
 2955.291500    5.143555
 2955.971190    5.000484
 2956.651120    4.860112
 2957.333010    4.722093
 2958.013180    4.587165
 2958.695560    4.454545
 2959.376220    4.324983
 2960.058350    4.197863
 2960.739500    4.073627
 2961.420410    3.952119
 2962.103520    3.832895
 2962.784910    3.716620
 2963.468020    3.602690
 2964.149900    3.491573
 2964.833500    3.382770
 2965.515380    3.276800
 2966.197750    3.173287
 2966.881590    3.072067
 2967.564210    2.973509
 2968.248540    2.877163
 2968.931150    2.783478
 2969.615720    2.691922
 2970.299070    2.602889
 2970.984130    2.515967
 2971.667480    2.431555
 2972.351070    2.349369
 2973.036620    2.269179
 2973.720700    2.191352
 2974.406250    2.115517
 2975.090580    2.041934
 2975.776610    1.970254
 2976.461180    1.900772
 2977.146000    1.833271
 2977.832280    1.767599
 2978.517580    1.703955
 2979.204350    1.642074
 2979.889650    1.582182
 2980.576660    1.523964
 2981.262210    1.467650
 2981.948240    1.413040
 2982.635990    1.360004
 2983.322020    1.308768
 2984.010010    1.259022
 2984.696530    1.210976
 2985.384770    1.164371
 2986.071530    1.119385
 2986.758540    1.075864
 2987.447270    1.033687
 2988.134770    0.992996
 2988.823490    0.953611
 2989.510990    0.915637
 2990.200440    0.878863
 2990.888180    0.843452
 2991.576170    0.809264
 2992.266360    0.776176
 2992.954830    0.744340
 2993.644780    0.713577
 2994.333500    0.683976
 2995.023930    0.655378
 2995.713130    0.627876
 2996.402100    0.601396
 2997.093020    0.575826
 2997.782710    0.551255
 2998.473880    0.527560
 2999.163570    0.504812
 2999.855470    0.482863
 3000.545410    0.461819
 3001.235600    0.441581
 3001.927730    0.422077
 3002.618410    0.403379
 3003.310550    0.385383
 3004.001710    0.368126
 3004.694340    0.351526
 3005.385740    0.335623
 3006.076900    0.320371
 3006.770020    0.305699
 3007.461670    0.291660
 3008.155270    0.278165
 3008.847410    0.265258
 3009.541260    0.252861
 3010.233400    0.241016
 3010.926270    0.229661
 3011.620360    0.218771
 3012.313230    0.208366
 3013.007810    0.198387
 3013.700930    0.188861
 3014.395750    0.179728
 3015.089360    0.171012
 3015.783200    0.162678
 3016.478270    0.154700
 3017.172610    0.147087
 3017.868160    0.139804
 3018.562260    0.132864
 3019.258540    0.126219
 3019.952880    0.119895
 3020.647950    0.113855
 3021.344480    0.108084
 3022.039310    0.102592
 3022.736330    0.097342
 3023.431640    0.092351
 3024.128660    0.087583
 3024.824460    0.083050
 3025.522220    0.078721
 3026.218020    0.074611
 3026.914310    0.070697
 3027.612300    0.066963
 3028.308840    0.063418
 3029.007080    0.060040
 3029.703860    0.056834
 3030.402590    0.053778
 3031.099850    0.050880
 3031.797120    0.048128
 3032.496090    0.045506
 3033.193600    0.043023
 3033.893310    0.040659
 3034.591060    0.038421
 3035.290770    0.036291
 3035.989010    0.034276
 3036.687740    0.032364
 3037.387700    0.030548
 3038.086670    0.028829
 3038.787350    0.027196
 3039.486080    0.025654
 3040.187260    0.024189
 3040.886470    0.022805
 3041.586180    0.021495
 3042.287350    0.020252
 3042.987550    0.019078
 3043.689210    0.017965
 3044.389160    0.016916
 3045.091060    0.015922
 3045.791750    0.014984
 3046.492430    0.014097
 3047.194820    0.013258
 3047.896000    0.012467
 3048.598880    0.011719
 3049.300050    0.011014
