 2653.384280    0.718658
 2653.996340    0.749981
 2654.606690    0.782377
 2655.217290    0.815981
 2655.829830    0.850924
 2656.440670    0.887036
 2657.053220    0.924552
 2657.664550    0.963330
 2658.277340    1.003576
 2658.888920    1.045154
 2659.500730    1.088192
 2660.114010    1.132822
 2660.725830    1.178867
 2661.339360    1.226606
 2661.951660    1.275851
 2662.565430    1.326856
 2663.177980    1.379438
 2663.790530    1.433736
 2664.404790    1.489946
 2665.017820    1.547844
 2665.632320    1.607723
 2666.245610    1.669361
 2666.860350    1.733069
 2667.473880    1.798610
 2668.089110    1.866339
 2668.702880    1.935945
 2669.316890    2.007657
 2669.932370    2.081664
 2670.546630    2.157685
 2671.162350    2.236090
 2671.776860    2.316578
 2672.393070    2.399573
 2673.007810    2.484685
 2673.622560    2.572147
 2674.239260    2.662284
 2674.854490    2.754634
 2675.471190    2.849673
 2676.086670    2.947021
 2676.703860    3.047180
 2677.319580    3.149669
 2677.935550    3.254792
 2678.552980    3.362804
 2679.169190    3.473263
 2679.786870    3.586681
 2680.403560    3.702641
 2681.021480    3.821582
 2681.638430    3.943109
 2682.255370    4.067427
 2682.873780    4.194867
 2683.490970    4.324893
 2684.109860    4.458146
 2684.727290    4.593960
 2685.346440    4.733048
 2685.964110    4.874714
 2686.582030    5.019350
 2687.201660    5.167322
 2687.819820    5.317879
 2688.439450    5.471739
 2689.057860    5.628240
 2689.677980    5.788125
 2690.296880    5.950642
 2690.915770    6.116094
 2691.536380    6.284943
 2692.155270    6.456250
 2692.776370    6.631085
 2693.395750    6.808336
 2694.016850    6.988963
 2694.636720    7.172095
 2695.256590    7.358059
 2695.877930    7.547279
 2696.498050    7.738905
 2697.119870    7.933815
 2697.740480    8.131055
 2698.362550    8.331441
 2698.983400    8.534065
 2699.604250    8.739273
 2700.226810    8.947588
 2700.847900    9.157900
 2701.470700    9.371223
 2702.092040    9.586417
 2702.715330    9.804602
 2703.337160    10.024519
 2703.958980    10.246607
 2704.582520    10.471413
 2705.204830    10.697805
 2705.828370    10.926592
 2706.450930    11.156883
 2707.074950    11.389499
 2707.697750    11.623346
 2708.320800    11.858882
 2708.945310    12.096471
 2709.568360    12.334903
 2710.193360    12.575379
 2710.816650    12.816390
 2711.441890    13.059238
 2712.065670    13.302486
 2712.689450    13.546584
 2713.314940    13.792087
 2713.939210    14.037723
 2714.565190    14.284521
 2715.189450    14.531004
 2715.815670    14.778492
 2716.440430    15.025499
 2717.066890    15.273145
 2717.691890    15.520039
 2718.317140    15.766716
 2718.943850    16.013515
 2719.569340    16.259237
 2720.196530    16.504885
 2720.822270    16.749067
 2721.449710    16.992874
 2722.075680    17.234921
 2722.702150    17.475815
 2723.329830    17.715679
 2723.956300    17.953428
 2724.584470    18.190016
 2725.211430    18.424183
 2725.839600    18.656687
 2726.466800    18.886555
 2727.093990    19.113995
 2727.722900    19.339460
 2728.350340    19.561657
 2728.979490    19.781551
 2729.607420    19.997963
 2730.236820    20.211655
 2730.864750    20.421486
 2731.493160    20.627962
 2732.122800    20.831158
 2732.751460    21.030216
 2733.381590    21.225752
 2734.010500    21.416786
 2734.640870    21.603989
 2735.270020    21.786415
 2735.899410    21.964365
 2736.530270    22.138027
 2737.159670    22.306458
 2737.790770    22.470375
 2738.420650    22.628883
 2739.052250    22.782587
 2739.682370    22.930592
 2740.312500    23.073139
 2740.944340    23.210486
 2741.575200    23.341921
 2742.207280    23.467798
 2742.838130    23.587524
 2743.470460    23.701511
 2744.101560    23.809177
 2744.732910    23.910698
 2745.365970    24.006199
 2745.997310    24.095081
 2746.630860    24.177818
 2747.262700    24.253820
 2747.896000    24.323410
 2748.528080    24.386230
 2749.160640    24.442410
 2749.794430    24.491940
 2750.427000    24.534588
 2751.061280    24.570507
 2751.694090    24.599485
 2752.328610    24.621639
 2752.961910    24.636833
 2753.595210    24.645111
 2754.230220    24.646456
 2754.863770    24.640854
 2755.499020    24.628284
 2756.132810    24.608810
 2756.768550    24.582340
 2757.402590    24.549042
 2758.036870    24.508862
 2758.673100    24.461693
 2759.307620    24.407841
 2759.943850    24.347063
 2760.578860    24.279682
 2761.215330    24.205465
 2761.850590    24.124783
 2762.487550    24.037327
 2763.123050    23.943596
 2763.758790    23.843441
 2764.396000    23.736725
 2765.031980    23.623980
 2765.669430    23.504826
 2766.305910    23.379803
 2766.943600    23.248585
 2767.580320    23.111725
 2768.216800    22.969196
 2768.855220    22.820600
 2769.492190    22.666845
 2770.130860    22.507286
 2770.768070    22.342844
 2771.407230    22.172760
 2772.044680    21.998142
 2772.682130    21.818682
 2773.321780    21.633873
 2773.959720    21.444990
 2774.599370    21.251165
 2775.237550    21.053509
 2775.877690    20.851109
 2776.516360    20.645195
 2777.155030    20.435471
 2777.795170    20.221594
 2778.434330    20.004538
 2779.074950    19.783636
 2779.714360    19.559971
 2780.355470    19.332680
 2780.995120    19.103048
 2781.634770    18.870729
 2782.276120    18.635256
 2782.916260    18.397865
 2783.558110    18.157635
 2784.198490    17.915920
 2784.840330    17.671778
 2785.480960    17.426394
 2786.121830    17.179375
 2786.764400    16.930317
 2787.405270    16.680704
 2788.048100    16.429270
 2788.689450    16.177513
 2789.332520    15.924341
 2789.974370    15.671067
 2790.615970    15.417461
 2791.259770    15.162710
 2791.901610    14.908606
 2792.545410    14.653750
 2793.187990    14.399547
 2793.832030    14.145076
 2794.474850    13.891539
 2795.117680    13.638591
 2795.762210    13.385698
 2796.405520    13.134143
 2797.050290    12.883003
 2797.693600    12.633547
 2798.338870    12.384573
 2798.982420    12.137611
 2799.626460    11.891933
 2800.272220    11.647192
 2800.916260    11.404791
 2801.562260    11.163458
 2802.206790    10.924573
 2802.852780    10.687148
 2803.497560    10.452265
 2804.142580    10.219474
 2804.789310    9.988344
 2805.434330    9.760178
 2806.081300    9.533759
 2806.726810    9.310362
 2807.374020    9.088960
 2808.020020    8.870625
 2808.666020    8.655001
 2809.313480    8.441667
 2809.959960    8.231482
 2810.607910    8.023711
 2811.254390    7.819341
 2811.902830    7.617337
 2812.549560    7.418883
 2813.198240    7.222894
 2813.845210    7.030509
 2814.492680    6.841098
 2815.141600    6.654413
 2815.789310    6.471252
 2816.438720    6.290810
 2817.086430    6.114051
 2817.736080    5.939991
 2818.384520    5.769495
 2819.032710    5.602302
 2819.682620    5.437922
 2820.331300    5.277100
 2820.981930    5.119053
 2821.630620    4.964725
 2822.281490    4.813119
 2822.930660    4.665143
 2823.580080    4.520324
 2824.231200    4.378336
 2824.880860    4.239855
 2825.532230    4.104186
 2826.182370    3.971921
 2826.833980    3.842491
 2827.484380    3.716405
 2828.134770    3.593389
 2828.786870    3.473102
 2829.437740    3.356056
 2830.090090    3.241738
 2830.741210    3.130584
 2831.394040    3.022061
 2832.045410    2.916663
 2832.697020    2.814064
 2833.350100    2.714043
 2834.001950    2.616973
 2834.655520    2.522379
 2835.307620    2.430678
 2835.961180    2.341415
 2836.613770    2.254882
 2837.266360    2.170897
 2837.920410    2.089235
 2838.573490    2.010159
 2839.228030    1.933327
 2839.881100    1.859036
 2840.535890    1.786880
 2841.189450    1.717136
 2841.843020    1.649620
 2842.498540    1.584091
 2843.152340    1.520868
 2843.807860    1.459575
 2844.462160    1.400436
 2845.118160    1.343144
 2845.772710    1.287929
 2846.427250    1.234611
 2847.083740    1.182994
 2847.738770    1.133301
 2848.395260    1.085263
 2849.050540    1.039032
 2849.707760    0.994340
 2850.363280    0.951392
 2851.018800    0.910025
 2851.676270    0.870076
 2852.332280    0.831714
 2852.989990    0.794708
 2853.646480    0.759183
 2854.304440    0.724952
 2854.960940    0.692125
 2855.617920    0.660563
 2856.276370    0.630182
 2856.933350    0.601080
 2857.592290    0.573066
 2858.249760    0.546249
 2858.908940    0.520465
 2859.566650    0.495800
 2860.224370    0.472160
 2860.883790    0.449453
 2861.541750    0.427755
 2862.201900    0.406914
 2862.860350    0.387019
 2863.520510    0.367937
 2864.179200    0.349729
 2864.839840    0.332269
 2865.498780    0.315627
 2866.157960    0.299721
 2866.818850    0.284492
 2867.478520    0.269979
 2868.139650    0.256099
 2868.799320    0.242887
 2869.460940    0.230248
 2870.121090    0.218227
 2870.781490    0.206767
 2871.443360    0.195825
 2872.103760    0.185426
 2872.766360    0.175494
 2873.427000    0.166070
 2874.089600    0.157079
 2874.750730    0.148546
 2875.412110    0.140431
 2876.075440    0.132697
 2876.736820    0.125371
 2877.400390    0.118390
 2878.062260    0.111780
 2878.725830    0.105491
 2879.388180    0.099536
 2880.050540    0.093887
 2880.714600    0.088519
 2881.377440    0.083441
 2882.041750    0.078620
 2882.704830    0.074062
 2883.369380    0.069738
 2884.032960    0.065652
 2884.696530    0.061786
 2885.361330    0.058123
 2886.025390    0.054665
 2886.690920    0.051388
 2887.354980    0.048300
 2888.020510    0.045378
 2888.685060    0.042622
 2889.349610    0.040022
 2890.015870    0.037562
 2890.680910    0.035247
 2891.347410    0.033059
 2892.012700    0.031002
 2892.679200    0.029059
 2893.344970    0.027233
 2894.010500    0.025514
 2894.677730    0.023891
 2895.343510    0.022367
 2896.011470    0.020931
 2896.677490    0.019584
 2897.345460    0.018314
 2898.011960    0.017124
 2898.678960    0.016006
 2899.347170    0.014954
 2900.014160    0.013968
 2900.682860    0.013041
 2901.350100    0.012174
 2902.019530    0.011358
 2902.687010    0.010595
 2903.354740    0.009881
 2904.024410    0.009210
 2904.692380    0.008583
 2905.361820    0.007996
 2906.030520    0.007446
 2906.700680    0.006931
 2907.369140    0.006452
 2908.038090    0.006002
 2908.708500    0.005582
 2909.377930    0.005190
 2910.048830    0.004823
 2910.718260    0.004481
 2911.389650    0.004162
 2912.059330    0.003864
 2912.729250    0.003587
 2913.400630    0.003328
 2914.070800    0.003087
 2914.742920    0.002862
 2915.413570    0.002653
 2916.085690    0.002459
 2916.756590    0.002277
 2917.429200    0.002109
 2918.100340    0.001952
 2918.771730    0.001806
 2919.444580    0.001671
 2920.116210    0.001546
 2920.789550    0.001429
 2921.461670    0.001321
 2922.135500    0.001220
 2922.807370    0.001126
 2923.479740    0.001040
 2924.154050    0.000959
 2924.826660    0.000886
 2925.500980    0.000816
 2926.174070    0.000753
 2926.848880    0.000694
 2927.522220    0.000639
 2928.195800    0.000589
 2928.870850    0.000543
 2929.544920    0.000499
 2930.220460    0.000459
 2930.894530    0.000422
 2931.570310    0.000388
 2932.244630    0.000357
 2932.919190    0.000328
 2933.595700    0.000301
 2934.270260    0.000277
 2934.947270    0.000254
 2935.622310    0.000233
 2936.299070    0.000214
 2936.974850    0.000196
 2937.650390    0.000179
 2938.327880    0.000165
 2939.003660    0.000151
 2939.681400    0.000138
 2940.357670    0.000127
 2941.035640    0.000115
 2941.712160    0.000106
 2942.389160    0.000096
 2943.067630    0.000089
 2943.744630    0.000081
 2944.423580    0.000073
 2945.100830    0.000068
 2945.780030    0.000062
 2946.457760    0.000056
 2947.135500    0.000051
 2947.815190    0.000047
 2948.493410    0.000043
 2949.173100    0.000039
 2949.851560    0.000035
 2950.531980    0.000032
 2951.210450    0.000030
 2951.889650    0.000027
 2952.570070    0.000024
 2953.249270    0.000022
 2953.930660    0.000020
 2954.610110    0.000018
 2955.291500    0.000016
 2955.971190    0.000015
 2956.651120    0.000013
 2957.333010    0.000012
 2958.013180    0.000011
 2958.695560    0.000010
 2959.376220    0.000010
 2960.058350    0.000009
 2960.739500    0.000008
 2961.420410    0.000007
 2962.103520    0.000007
 2962.784910    0.000006
 2963.468020    0.000005
 2964.149900    0.000005
 2964.833500    0.000004
 2965.515380    0.000004
 2966.197750    0.000004
 2966.881590    0.000003
 2967.564210    0.000003
 2968.248540    0.000003
 2968.931150    0.000002
 2969.615720    0.000002
 2970.299070    0.000002
 2970.984130    0.000002
 2971.667480    0.000002
 2972.351070    0.000001
 2973.036620    0.000001
 2973.720700    0.000001
 2974.406250    0.000001
 2975.090580    0.000001
 2975.776610    0.000001
 2976.461180    0.000001
 2977.146000    0.000001
 2977.832280    0.000001
 2978.517580    0.000001
 2979.204350    0.000000
 2979.889650    0.000000
 2980.576660    0.000000
 2981.262210    0.000000
 2981.948240    0.000000
 2982.635990    0.000000
 2983.322020    0.000000
 2984.010010    0.000000
 2984.696530    0.000000
 2985.384770    0.000000
 2986.071530    0.000000
 2986.758540    0.000000
 2987.447270    0.000000
 2988.134770    0.000000
 2988.823490    0.000000
 2989.510990    0.000000
 2990.200440    0.000000
 2990.888180    0.000000
 2991.576170    0.000000
 2992.266360    0.000000
 2992.954830    0.000000
 2993.644780    0.000000
 2994.333500    0.000000
 2995.023930    0.000000
 2995.713130    0.000000
 2996.402100    0.000000
 2997.093020    0.000000
 2997.782710    0.000000
 2998.473880    0.000000
 2999.163570    0.000000
 2999.855470    0.000000
 3000.545410    0.000000
 3001.235600    0.000000
 3001.927730    0.000000
 3002.618410    0.000000
 3003.310550    0.000000
 3004.001710    0.000000
 3004.694340    0.000000
 3005.385740    0.000000
 3006.076900    0.000000
 3006.770020    0.000000
 3007.461670    0.000000
 3008.155270    0.000000
 3008.847410    0.000000
 3009.541260    0.000000
 3010.233400    0.000000
 3010.926270    0.000000
 3011.620360    0.000000
 3012.313230    0.000000
 3013.007810    0.000000
 3013.700930    0.000000
 3014.395750    0.000000
 3015.089360    0.000000
 3015.783200    0.000000
 3016.478270    0.000000
 3017.172610    0.000000
 3017.868160    0.000000
 3018.562260    0.000000
 3019.258540    0.000000
 3019.952880    0.000000
 3020.647950    0.000000
 3021.344480    0.000000
 3022.039310    0.000000
 3022.736330    0.000000
 3023.431640    0.000000
 3024.128660    0.000000
 3024.824460    0.000000
 3025.522220    0.000000
 3026.218020    0.000000
 3026.914310    0.000000
 3027.612300    0.000000
 3028.308840    0.000000
 3029.007080    0.000000
 3029.703860    0.000000
 3030.402590    0.000000
 3031.099850    0.000000
 3031.797120    0.000000
 3032.496090    0.000000
 3033.193600    0.000000
 3033.893310    0.000000
 3034.591060    0.000000
 3035.290770    0.000000
 3035.989010    0.000000
 3036.687740    0.000000
 3037.387700    0.000000
 3038.086670    0.000000
 3038.787350    0.000000
 3039.486080    0.000000
 3040.187260    0.000000
 3040.886470    0.000000
 3041.586180    0.000000
 3042.287350    0.000000
 3042.987550    0.000000
 3043.689210    0.000000
 3044.389160    0.000000
 3045.091060    0.000000
 3045.791750    0.000000
 3046.492430    0.000000
 3047.194820    0.000000
 3047.896000    0.000000
 3048.598880    0.000000
 3049.300050    0.000000
