 2653.384280    0.000000
 2653.996340    0.000000
 2654.606690    0.000000
 2655.217290    0.000000
 2655.829830    0.000000
 2656.440670    0.000000
 2657.053220    0.000000
 2657.664550    0.000000
 2658.277340    0.000000
 2658.888920    0.000000
 2659.500730    0.000000
 2660.114010    0.000000
 2660.725830    0.000000
 2661.339360    0.000000
 2661.951660    0.000000
 2662.565430    0.000000
 2663.177980    0.000000
 2663.790530    0.000000
 2664.404790    0.000000
 2665.017820    0.000000
 2665.632320    0.000000
 2666.245610    0.000000
 2666.860350    0.000000
 2667.473880    0.000000
 2668.089110    0.000000
 2668.702880    0.000000
 2669.316890    0.000000
 2669.932370    0.000000
 2670.546630    0.000000
 2671.162350    0.000000
 2671.776860    0.000000
 2672.393070    0.000000
 2673.007810    0.000000
 2673.622560    0.000000
 2674.239260    0.000000
 2674.854490    0.000000
 2675.471190    0.000000
 2676.086670    0.000000
 2676.703860    0.000000
 2677.319580    0.000000
 2677.935550    0.000000
 2678.552980    0.000000
 2679.169190    0.000000
 2679.786870    0.000000
 2680.403560    0.000000
 2681.021480    0.000000
 2681.638430    0.000000
 2682.255370    0.000000
 2682.873780    0.000000
 2683.490970    0.000000
 2684.109860    0.000000
 2684.727290    0.000000
 2685.346440    0.000000
 2685.964110    0.000000
 2686.582030    0.000000
 2687.201660    0.000000
 2687.819820    0.000000
 2688.439450    0.000000
 2689.057860    0.000000
 2689.677980    0.000000
 2690.296880    0.000000
 2690.915770    0.000000
 2691.536380    0.000000
 2692.155270    0.000000
 2692.776370    0.000000
 2693.395750    0.000000
 2694.016850    0.000000
 2694.636720    0.000000
 2695.256590    0.000000
 2695.877930    0.000000
 2696.498050    0.000000
 2697.119870    0.000000
 2697.740480    0.000000
 2698.362550    0.000000
 2698.983400    0.000000
 2699.604250    0.000000
 2700.226810    0.000000
 2700.847900    0.000001
 2701.470700    0.000001
 2702.092040    0.000001
 2702.715330    0.000001
 2703.337160    0.000001
 2703.958980    0.000001
 2704.582520    0.000001
 2705.204830    0.000001
 2705.828370    0.000001
 2706.450930    0.000001
 2707.074950    0.000001
 2707.697750    0.000001
 2708.320800    0.000002
 2708.945310    0.000002
 2709.568360    0.000002
 2710.193360    0.000002
 2710.816650    0.000002
 2711.441890    0.000002
 2712.065670    0.000003
 2712.689450    0.000003
 2713.314940    0.000003
 2713.939210    0.000003
 2714.565190    0.000004
 2715.189450    0.000004
 2715.815670    0.000004
 2716.440430    0.000005
 2717.066890    0.000005
 2717.691890    0.000006
 2718.317140    0.000006
 2718.943850    0.000007
 2719.569340    0.000007
 2720.196530    0.000008
 2720.822270    0.000009
 2721.449710    0.000009
 2722.075680    0.000010
 2722.702150    0.000010
 2723.329830    0.000011
 2723.956300    0.000012
 2724.584470    0.000013
 2725.211430    0.000014
 2725.839600    0.000016
 2726.466800    0.000017
 2727.093990    0.000019
 2727.722900    0.000020
 2728.350340    0.000022
 2728.979490    0.000024
 2729.607420    0.000026
 2730.236820    0.000029
 2730.864750    0.000031
 2731.493160    0.000033
 2732.122800    0.000035
 2732.751460    0.000039
 2733.381590    0.000042
 2734.010500    0.000045
 2734.640870    0.000049
 2735.270020    0.000052
 2735.899410    0.000057
 2736.530270    0.000062
 2737.159670    0.000067
 2737.790770    0.000072
 2738.420650    0.000078
 2739.052250    0.000084
 2739.682370    0.000091
 2740.312500    0.000098
 2740.944340    0.000106
 2741.575200    0.000114
 2742.207280    0.000123
 2742.838130    0.000133
 2743.470460    0.000143
 2744.101560    0.000154
 2744.732910    0.000166
 2745.365970    0.000178
 2745.997310    0.000193
 2746.630860    0.000207
 2747.262700    0.000223
 2747.896000    0.000240
 2748.528080    0.000258
 2749.160640    0.000278
 2749.794430    0.000298
 2750.427000    0.000321
 2751.061280    0.000345
 2751.694090    0.000371
 2752.328610    0.000399
 2752.961910    0.000429
 2753.595210    0.000461
 2754.230220    0.000494
 2754.863770    0.000531
 2755.499020    0.000569
 2756.132810    0.000611
 2756.768550    0.000656
 2757.402590    0.000703
 2758.036870    0.000754
 2758.673100    0.000809
 2759.307620    0.000867
 2759.943850    0.000929
 2760.578860    0.000995
 2761.215330    0.001065
 2761.850590    0.001141
 2762.487550    0.001222
 2763.123050    0.001307
 2763.758790    0.001398
 2764.396000    0.001496
 2765.031980    0.001600
 2765.669430    0.001711
 2766.305910    0.001829
 2766.943600    0.001955
 2767.580320    0.002089
 2768.216800    0.002232
 2768.855220    0.002383
 2769.492190    0.002544
 2770.130860    0.002717
 2770.768070    0.002899
 2771.407230    0.003094
 2772.044680    0.003301
 2772.682130    0.003520
 2773.321780    0.003754
 2773.959720    0.004001
 2774.599370    0.004265
 2775.237550    0.004543
 2775.877690    0.004841
 2776.516360    0.005156
 2777.155030    0.005488
 2777.795170    0.005843
 2778.434330    0.006218
 2779.074950    0.006617
 2779.714360    0.007039
 2780.355470    0.007486
 2780.995120    0.007959
 2781.634770    0.008460
 2782.276120    0.008992
 2782.916260    0.009554
 2783.558110    0.010149
 2784.198490    0.010778
 2784.840330    0.011444
 2785.480960    0.012148
 2786.121830    0.012891
 2786.764400    0.013679
 2787.405270    0.014508
 2788.048100    0.015388
 2788.689450    0.016313
 2789.332520    0.017293
 2789.974370    0.018325
 2790.615970    0.019414
 2791.259770    0.020566
 2791.901610    0.021777
 2792.545410    0.023058
 2793.187990    0.024405
 2793.832030    0.025828
 2794.474850    0.027324
 2795.117680    0.028899
 2795.762210    0.030562
 2796.405520    0.032310
 2797.050290    0.034152
 2797.693600    0.036087
 2798.338870    0.038127
 2798.982420    0.040267
 2799.626460    0.042519
 2800.272220    0.044890
 2800.916260    0.047376
 2801.562260    0.049995
 2802.206790    0.052739
 2802.852780    0.055627
 2803.497560    0.058651
 2804.142580    0.061826
 2804.789310    0.065166
 2805.434330    0.068658
 2806.081300    0.072331
 2806.726810    0.076173
 2807.374020    0.080210
 2808.020020    0.084431
 2808.666020    0.088851
 2809.313480    0.093491
 2809.959960    0.098339
 2810.607910    0.103426
 2811.254390    0.108735
 2811.902830    0.114306
 2812.549560    0.120116
 2813.198240    0.126208
 2813.845210    0.132559
 2814.492680    0.139199
 2815.141600    0.146152
 2815.789310    0.153398
 2816.438720    0.160984
 2817.086430    0.168880
 2817.736080    0.177146
 2818.384520    0.185752
 2819.032710    0.194724
 2819.682620    0.204103
 2820.331300    0.213861
 2820.981930    0.224060
 2821.630620    0.234653
 2822.281490    0.245725
 2822.930660    0.257222
 2823.580080    0.269195
 2824.231200    0.281687
 2824.880860    0.294654
 2825.532230    0.308177
 2826.182370    0.322213
 2826.833980    0.336837
 2827.484380    0.352006
 2828.134770    0.367766
 2828.786870    0.384179
 2829.437740    0.401192
 2830.090090    0.418892
 2830.741210    0.437227
 2831.394040    0.456303
 2832.045410    0.476044
 2832.697020    0.496523
 2833.350100    0.517801
 2834.001950    0.539814
 2834.655520    0.562681
 2835.307620    0.586315
 2835.961180    0.610846
 2836.613770    0.636203
 2837.266360    0.662447
 2837.920410    0.689662
 2838.573490    0.717772
 2839.228030    0.746907
 2839.881100    0.776960
 2840.535890    0.808104
 2841.189450    0.840221
 2841.843020    0.873399
 2842.498540    0.907763
 2843.152340    0.943147
 2843.807860    0.979762
 2844.462160    1.017472
 2845.118160    1.056473
 2845.772710    1.096601
 2846.427250    1.137970
 2847.083740    1.180734
 2847.738770    1.224697
 2848.395260    1.270083
 2849.050540    1.316733
 2849.707760    1.364902
 2850.363280    1.414346
 2851.018800    1.465217
 2851.676270    1.517697
 2852.332280    1.571543
 2852.989990    1.627039
 2853.646480    1.683967
 2854.304440    1.742584
 2854.960940    1.802657
 2855.617920    1.864384
 2856.276370    1.927888
 2856.933350    1.992910
 2857.592290    2.059815
 2858.249760    2.128282
 2858.908940    2.198663
 2859.566650    2.270644
 2860.224370    2.344399
 2860.883790    2.420151
 2861.541750    2.497554
 2862.201900    2.577064
 2862.860350    2.658230
 2863.520510    2.741492
 2864.179200    2.826470
 2864.839840    2.913623
 2865.498780    3.002485
 2866.157960    3.093329
 2866.818850    3.186379
 2867.478520    3.281239
 2868.139650    3.378305
 2868.799320    3.477163
 2869.460940    3.578335
 2870.121090    3.681311
 2870.781490    3.786358
 2871.443360    3.893686
 2872.103760    4.002826
 2872.766360    4.114389
 2873.427000    4.227681
 2874.089600    4.343374
 2874.750730    4.460872
 2875.412110    4.580472
 2876.075440    4.702492
 2876.736820    4.826209
 2877.400390    4.952392
 2878.062260    5.080295
 2878.725830    5.210569
 2879.388180    5.342631
 2880.050540    5.476706
 2880.714600    5.613132
 2881.377440    5.751295
 2882.041750    5.891739
 2882.704830    6.033878
 2883.369380    6.178266
 2884.032960    6.324352
 2884.696530    6.472323
 2885.361330    6.622428
 2886.025390    6.774202
 2886.690920    6.928118
 2887.354980    7.083468
 2888.020510    7.240899
 2888.685060    7.399803
 2889.349610    7.560370
 2890.015870    7.722981
 2890.680910    7.886880
 2891.347410    8.052686
 2892.012700    8.219684
 2892.679200    8.388441
 2893.344970    8.558414
 2894.010500    8.729673
 2894.677730    8.902671
 2895.343510    9.076533
 2896.011470    9.252154
 2896.677490    9.428392
 2897.345460    9.606216
 2898.011960    9.784654
 2898.678960    9.964163
 2899.347170    10.144877
 2900.014160    10.326069
 2900.682860    10.508465
 2901.350100    10.691129
 2902.019530    10.874991
 2902.687010    11.058837
 2903.354740    11.243196
 2904.024410    11.428461
 2904.692380    11.613544
 2905.361820    11.799241
 2906.030520    11.984862
 2906.700680    12.170935
 2907.369140    12.356493
 2908.038090    12.542064
 2908.708500    12.727827
 2909.377930    12.913024
 2910.048830    13.098236
 2910.718260    13.282567
 2911.389650    13.466869
 2912.059330    13.650044
 2912.729250    13.832535
 2913.400630    14.014583
 2914.070800    14.195365
 2914.742920    14.375642
 2915.413570    14.554404
 2916.085690    14.732336
 2916.756590    14.908632
 2917.429200    15.083968
 2918.100340    15.257421
 2918.771730    15.429341
 2919.444580    15.599943
 2920.116210    15.768446
 2920.789550    15.935494
 2921.461670    16.100267
 2922.135500    16.263384
 2922.807370    16.423864
 2923.479740    16.582211
 2924.154050    16.738663
 2924.826660    16.892288
 2925.500980    17.043764
 2926.174070    17.192348
 2926.848880    17.338596
 2927.522220    17.481737
 2928.195800    17.622049
 2928.870850    17.759697
 2929.544920    17.894096
 2930.220460    18.025650
 2930.894530    18.153707
 2931.570310    18.278791
 2932.244630    18.400240
 2932.919190    18.518295
 2933.595700    18.633163
 2934.270260    18.744112
 2934.947270    18.851801
 2935.622310    18.955448
 2936.299070    19.055563
 2936.974850    19.151676
 2937.650390    19.243839
 2938.327880    19.332293
 2939.003660    19.416491
 2939.681400    19.496836
 2940.357670    19.572872
 2941.035640    19.644909
 2941.712160    19.712555
 2942.389160    19.775980
 2943.067630    19.835217
 2943.744630    19.889969
 2944.423580    19.940479
 2945.100830    19.986443
 2945.780030    20.028078
 2946.457760    20.065140
 2947.135500    20.097706
 2947.815190    20.125830
 2948.493410    20.149353
 2949.173100    20.168360
 2949.851560    20.182762
 2950.531980    20.192619
 2951.210450    20.197863
 2951.889650    20.198532
 2952.570070    20.194603
 2953.249270    20.186104
 2953.930660    20.172981
 2954.610110    20.155331
 2955.291500    20.133059
 2955.971190    20.106302
 2956.651120    20.075024
 2957.333010    20.039139
 2958.013180    19.998867
 2958.695560    19.954004
 2959.376220    19.904831
 2960.058350    19.851154
 2960.739500    19.793201
 2961.420410    19.730963
 2962.103520    19.664236
 2962.784910    19.593451
 2963.468020    19.518293
 2964.149900    19.439135
 2964.833500    19.355682
 2965.515380    19.268417
 2966.197750    19.177118
 2966.881590    19.081705
 2967.564210    18.982609
 2968.248540    18.879471
 2968.931150    18.772869
 2969.615720    18.662298
 2970.299070    18.548342
 2970.984130    18.430582
 2971.667480    18.309675
 2972.351070    18.185371
 2973.036620    18.057419
 2973.720700    17.926533
 2974.406250    17.792238
 2975.090580    17.655140
 2975.776610    17.514738
 2976.461180    17.371765
 2977.146000    17.225958
 2977.832280    17.077135
 2978.517580    16.925919
 2979.204350    16.771856
 2979.889650    16.615694
 2980.576660    16.456804
 2981.262210    16.296013
 2981.948240    16.132959
 2982.635990    15.967442
 2983.322020    15.800375
 2984.010010    15.630966
 2984.696530    15.460148
 2985.384770    15.287228
 2986.071530    15.113096
 2986.758540    14.937428
 2987.447270    14.759931
 2988.134770    14.581460
 2988.823490    14.401474
 2989.510990    14.220715
 2990.200440    14.038433
 2990.888180    13.855699
 2991.576170    13.672087
 2992.266360    13.487166
 2992.954830    13.302078
 2993.644780    13.116062
 2994.333500    12.929935
 2995.023930    12.742992
 2995.713130    12.556122
 2996.402100    12.369144
 2997.093020    12.181555
 2997.782710    11.994301
 2998.473880    11.806737
 2999.163570    11.619745
 2999.855470    11.432415
 3000.545410    11.245954
 3001.235600    11.059844
 3001.927730    10.873709
 3002.618410    10.688541
 3003.310550    10.503635
 3004.001710    10.319717
 3004.694340    10.136210
 3005.385740    9.953896
 3006.076900    9.772585
 3006.770020    9.591770
 3007.461670    9.412411
 3008.155270    9.233685
 3008.847410    9.056535
 3009.541260    8.880211
 3010.233400    8.705636
 3010.926270    8.532251
 3011.620360    8.359993
 3012.313230    8.189519
 3013.007810    8.020160
 3013.700930    7.852736
 3014.395750    7.686533
 3015.089360    7.522293
 3015.783200    7.359707
 3016.478270    7.198595
 3017.172610    7.039447
 3017.868160    6.881854
 3018.562260    6.726458
 3019.258540    6.572473
 3019.952880    6.420847
 3020.647950    6.271019
 3021.344480    6.122865
 3022.039310    5.977081
 3022.736330    5.832876
 3023.431640    5.691075
 3024.128660    5.551005
 3024.824460    5.413269
 3025.522220    5.277259
 3026.218020    5.143749
 3026.914310    5.012273
 3027.612300    4.882623
 3028.308840    4.755394
 3029.007080    4.630014
 3029.703860    4.507060
 3030.402590    4.385932
 3031.099850    4.267226
 3031.797120    4.150685
 3032.496090    4.036030
 3033.193600    3.923779
 3033.893310    3.813339
 3034.591060    3.705362
 3035.290770    3.599236
 3035.989010    3.495470
 3036.687740    3.393762
 3037.387700    3.293998
 3038.086670    3.196482
 3038.787350    3.100828
 3039.486080    3.007519
 3040.187260    2.915956
 3040.886470    2.826695
 3041.586180    2.739401
 3042.287350    2.653944
 3042.987550    2.570600
 3043.689210    2.489060
 3044.389160    2.409673
 3045.091060    2.331999
 3045.791750    2.256372
 3046.492430    2.182628
 3047.194820    2.110572
 3047.896000    2.040482
 3048.598880    1.972039
 3049.300050    1.905552
