 2653.384280    0.000000
 2653.996340    0.000000
 2654.606690    0.000000
 2655.217290    0.000000
 2655.829830    0.000000
 2656.440670    0.000000
 2657.053220    0.000000
 2657.664550    0.000000
 2658.277340    0.000000
 2658.888920    0.000000
 2659.500730    0.000000
 2660.114010    0.000000
 2660.725830    0.000000
 2661.339360    0.000000
 2661.951660    0.000000
 2662.565430    0.000000
 2663.177980    0.000000
 2663.790530    0.000000
 2664.404790    0.000000
 2665.017820    0.000000
 2665.632320    0.000000
 2666.245610    0.000000
 2666.860350    0.000000
 2667.473880    0.000000
 2668.089110    0.000000
 2668.702880    0.000000
 2669.316890    0.000000
 2669.932370    0.000000
 2670.546630    0.000000
 2671.162350    0.000000
 2671.776860    0.000000
 2672.393070    0.000000
 2673.007810    0.000000
 2673.622560    0.000000
 2674.239260    0.000000
 2674.854490    0.000000
 2675.471190    0.000000
 2676.086670    0.000000
 2676.703860    0.000000
 2677.319580    0.000000
 2677.935550    0.000000
 2678.552980    0.000000
 2679.169190    0.000000
 2679.786870    0.000000
 2680.403560    0.000000
 2681.021480    0.000000
 2681.638430    0.000000
 2682.255370    0.000000
 2682.873780    0.000000
 2683.490970    0.000000
 2684.109860    0.000000
 2684.727290    0.000000
 2685.346440    0.000000
 2685.964110    0.000000
 2686.582030    0.000000
 2687.201660    0.000000
 2687.819820    0.000000
 2688.439450    0.000000
 2689.057860    0.000000
 2689.677980    0.000000
 2690.296880    0.000000
 2690.915770    0.000000
 2691.536380    0.000000
 2692.155270    0.000000
 2692.776370    0.000000
 2693.395750    0.000000
 2694.016850    0.000000
 2694.636720    0.000000
 2695.256590    0.000000
 2695.877930    0.000000
 2696.498050    0.000000
 2697.119870    0.000000
 2697.740480    0.000000
 2698.362550    0.000000
 2698.983400    0.000000
 2699.604250    0.000000
 2700.226810    0.000000
 2700.847900    0.000000
 2701.470700    0.000000
 2702.092040    0.000000
 2702.715330    0.000000
 2703.337160    0.000000
 2703.958980    0.000000
 2704.582520    0.000000
 2705.204830    0.000000
 2705.828370    0.000000
 2706.450930    0.000000
 2707.074950    0.000000
 2707.697750    0.000000
 2708.320800    0.000000
 2708.945310    0.000000
 2709.568360    0.000000
 2710.193360    0.000000
 2710.816650    0.000000
 2711.441890    0.000000
 2712.065670    0.000000
 2712.689450    0.000000
 2713.314940    0.000000
 2713.939210    0.000000
 2714.565190    0.000000
 2715.189450    0.000000
 2715.815670    0.000000
 2716.440430    0.000000
 2717.066890    0.000000
 2717.691890    0.000000
 2718.317140    0.000000
 2718.943850    0.000000
 2719.569340    0.000000
 2720.196530    0.000000
 2720.822270    0.000000
 2721.449710    0.000000
 2722.075680    0.000000
 2722.702150    0.000000
 2723.329830    0.000000
 2723.956300    0.000000
 2724.584470    0.000000
 2725.211430    0.000000
 2725.839600    0.000000
 2726.466800    0.000000
 2727.093990    0.000000
 2727.722900    0.000000
 2728.350340    0.000000
 2728.979490    0.000000
 2729.607420    0.000000
 2730.236820    0.000000
 2730.864750    0.000000
 2731.493160    0.000000
 2732.122800    0.000000
 2732.751460    0.000000
 2733.381590    0.000000
 2734.010500    0.000000
 2734.640870    0.000000
 2735.270020    0.000000
 2735.899410    0.000000
 2736.530270    0.000000
 2737.159670    0.000000
 2737.790770    0.000000
 2738.420650    0.000000
 2739.052250    0.000000
 2739.682370    0.000000
 2740.312500    0.000000
 2740.944340    0.000000
 2741.575200    0.000000
 2742.207280    0.000000
 2742.838130    0.000000
 2743.470460    0.000000
 2744.101560    0.000000
 2744.732910    0.000000
 2745.365970    0.000000
 2745.997310    0.000000
 2746.630860    0.000000
 2747.262700    0.000000
 2747.896000    0.000000
 2748.528080    0.000000
 2749.160640    0.000000
 2749.794430    0.000000
 2750.427000    0.000000
 2751.061280    0.000000
 2751.694090    0.000000
 2752.328610    0.000000
 2752.961910    0.000000
 2753.595210    0.000000
 2754.230220    0.000000
 2754.863770    0.000000
 2755.499020    0.000000
 2756.132810    0.000000
 2756.768550    0.000000
 2757.402590    0.000000
 2758.036870    0.000000
 2758.673100    0.000000
 2759.307620    0.000000
 2759.943850    0.000000
 2760.578860    0.000000
 2761.215330    0.000000
 2761.850590    0.000000
 2762.487550    0.000000
 2763.123050    0.000000
 2763.758790    0.000000
 2764.396000    0.000000
 2765.031980    0.000000
 2765.669430    0.000000
 2766.305910    0.000000
 2766.943600    0.000000
 2767.580320    0.000000
 2768.216800    0.000000
 2768.855220    0.000000
 2769.492190    0.000000
 2770.130860    0.000000
 2770.768070    0.000000
 2771.407230    0.000000
 2772.044680    0.000000
 2772.682130    0.000000
 2773.321780    0.000000
 2773.959720    0.000000
 2774.599370    0.000000
 2775.237550    0.000000
 2775.877690    0.000000
 2776.516360    0.000000
 2777.155030    0.000000
 2777.795170    0.000000
 2778.434330    0.000000
 2779.074950    0.000000
 2779.714360    0.000000
 2780.355470    0.000000
 2780.995120    0.000000
 2781.634770    0.000000
 2782.276120    0.000000
 2782.916260    0.000000
 2783.558110    0.000000
 2784.198490    0.000000
 2784.840330    0.000000
 2785.480960    0.000000
 2786.121830    0.000000
 2786.764400    0.000000
 2787.405270    0.000000
 2788.048100    0.000000
 2788.689450    0.000000
 2789.332520    0.000000
 2789.974370    0.000000
 2790.615970    0.000000
 2791.259770    0.000000
 2791.901610    0.000000
 2792.545410    0.000000
 2793.187990    0.000000
 2793.832030    0.000000
 2794.474850    0.000000
 2795.117680    0.000000
 2795.762210    0.000000
 2796.405520    0.000000
 2797.050290    0.000000
 2797.693600    0.000000
 2798.338870    0.000000
 2798.982420    0.000000
 2799.626460    0.000001
 2800.272220    0.000001
 2800.916260    0.000002
 2801.562260    0.000004
 2802.206790    0.000007
 2802.852780    0.000011
 2803.497560    0.000020
 2804.142580    0.000035
 2804.789310    0.000061
 2805.434330    0.000102
 2806.081300    0.000170
 2806.726810    0.000278
 2807.374020    0.000444
 2808.020020    0.000700
 2808.666020    0.001081
 2809.313480    0.001643
 2809.959960    0.002450
 2810.607910    0.003591
 2811.254390    0.005164
 2811.902830    0.007302
 2812.549560    0.010133
 2813.198240    0.013822
 2813.845210    0.018502
 2814.492680    0.024331
 2815.141600    0.031444
 2815.789310    0.039890
 2816.438720    0.049732
 2817.086430    0.060863
 2817.736080    0.073199
 2818.384520    0.086438
 2819.032710    0.100253
 2819.682620    0.114250
 2820.331300    0.127862
 2820.981930    0.140599
 2821.630620    0.151831
 2822.281490    0.161099
 2822.930660    0.167899
 2823.580080    0.171920
 2824.231200    0.172959
 2824.880860    0.170967
 2825.532230    0.166049
 2826.182370    0.158490
 2826.833980    0.148649
 2827.484380    0.137048
 2828.134770    0.124205
 2828.786870    0.110629
 2829.437740    0.096908
 2830.090090    0.083452
 2830.741210    0.070711
 2831.394040    0.058929
 2832.045410    0.048376
 2832.697020    0.039144
 2833.350100    0.031272
 2834.001950    0.024795
 2834.655520    0.019651
 2835.307620    0.015826
 2835.961180    0.013273
 2836.613770    0.012011
 2837.266360    0.012094
 2837.920410    0.013659
 2838.573490    0.016919
 2839.228030    0.022195
 2839.881100    0.029874
 2840.535890    0.040504
 2841.189450    0.054654
 2841.843020    0.073037
 2842.498540    0.096516
 2843.152340    0.125818
 2843.807860    0.162027
 2844.462160    0.205982
 2845.118160    0.258959
 2845.772710    0.321857
 2846.427250    0.396040
 2847.083740    0.483167
 2847.738770    0.584309
 2848.395260    0.701544
 2849.050540    0.836080
 2849.707760    0.990229
 2850.363280    1.164556
 2851.018800    1.360426
 2851.676270    1.578844
 2852.332280    1.818118
 2852.989990    2.077734
 2853.646480    2.353686
 2854.304440    2.643107
 2854.960940    2.939857
 2855.617920    3.239584
 2856.276370    3.537834
 2856.933350    3.829570
 2857.592290    4.114704
 2858.249760    4.393159
 2858.908940    4.671397
 2859.566650    4.957215
 2860.224370    5.264245
 2860.883790    5.609639
 2861.541750    6.009904
 2862.201900    6.485655
 2862.860350    7.050211
 2863.520510    7.717930
 2864.179200    8.490000
 2864.839840    9.365774
 2865.498780    10.325263
 2866.157960    11.345006
 2866.818850    12.391224
 2867.478520    13.414748
 2868.139650    14.369651
 2868.799320    15.200181
 2869.460940    15.861450
 2870.121090    16.307871
 2870.781490    16.509985
 2871.443360    16.449625
 2872.103760    16.124849
 2872.766360    15.546848
 2873.427000    14.746821
 2874.089600    13.759676
 2874.750730    12.638076
 2875.412110    11.431393
 2876.075440    10.188169
 2876.736820    8.963763
 2877.400390    7.791729
 2878.062260    6.710976
 2878.725830    5.737754
 2879.388180    4.888054
 2880.050540    4.162239
 2880.714600    3.553430
 2881.377440    3.053197
 2882.041750    2.644633
 2882.704830    2.312895
 2883.369380    2.040189
 2884.032960    1.812554
 2884.696530    1.616871
 2885.361330    1.442927
 2886.025390    1.284182
 2886.690920    1.135657
 2887.354980    0.995733
 2888.020510    0.863161
 2888.685060    0.738897
 2889.349610    0.623786
 2890.015870    0.518781
 2890.680910    0.425436
 2891.347410    0.344161
 2892.012700    0.275694
 2892.679200    0.219835
 2893.344970    0.176545
 2894.010500    0.145390
 2894.677730    0.125906
 2895.343510    0.117848
 2896.011470    0.120984
 2896.677490    0.135262
 2897.345460    0.160870
 2898.011960    0.197875
 2898.678960    0.246514
 2899.347170    0.306871
 2900.014160    0.378384
 2900.682860    0.460559
 2901.350100    0.551591
 2902.019530    0.649879
 2902.687010    0.752009
 2903.354740    0.854855
 2904.024410    0.954717
 2904.692380    1.046812
 2905.361820    1.127332
 2906.030520    1.192053
 2906.700680    1.237833
 2907.369140    1.262048
 2908.038090    1.263529
 2908.708500    1.242097
 2909.377930    1.198960
 2910.048830    1.136235
 2910.718260    1.057420
 2911.389650    0.965995
 2912.059330    0.866682
 2912.729250    0.763469
 2913.400630    0.660144
 2914.070800    0.560596
 2914.742920    0.467171
 2915.413570    0.382393
 2916.085690    0.307165
 2916.756590    0.242349
 2917.429200    0.187609
 2918.100340    0.142671
 2918.771730    0.106512
 2919.444580    0.078017
 2920.116210    0.056136
 2920.789550    0.039620
 2921.461670    0.027471
 2922.135500    0.018681
 2922.807370    0.012486
 2923.479740    0.008190
 2924.154050    0.005268
 2924.826660    0.003330
 2925.500980    0.002064
 2926.174070    0.001257
 2926.848880    0.000751
 2927.522220    0.000441
 2928.195800    0.000254
 2928.870850    0.000143
 2929.544920    0.000079
 2930.220460    0.000043
 2930.894530    0.000023
 2931.570310    0.000012
 2932.244630    0.000007
 2932.919190    0.000003
 2933.595700    0.000002
 2934.270260    0.000001
 2934.947270    0.000000
 2935.622310    0.000000
 2936.299070    0.000000
 2936.974850    0.000000
 2937.650390    0.000000
 2938.327880    0.000000
 2939.003660    0.000000
 2939.681400    0.000000
 2940.357670    0.000000
 2941.035640    0.000000
 2941.712160    0.000000
 2942.389160    0.000000
 2943.067630    0.000000
 2943.744630    0.000000
 2944.423580    0.000000
 2945.100830    0.000000
 2945.780030    0.000000
 2946.457760    0.000000
 2947.135500    0.000000
 2947.815190    0.000000
 2948.493410    0.000000
 2949.173100    0.000000
 2949.851560    0.000000
 2950.531980    0.000000
 2951.210450    0.000000
 2951.889650    0.000000
 2952.570070    0.000000
 2953.249270    0.000000
 2953.930660    0.000000
 2954.610110    0.000000
 2955.291500    0.000000
 2955.971190    0.000000
 2956.651120    0.000000
 2957.333010    0.000000
 2958.013180    0.000000
 2958.695560    0.000000
 2959.376220    0.000000
 2960.058350    0.000000
 2960.739500    0.000000
 2961.420410    0.000000
 2962.103520    0.000000
 2962.784910    0.000000
 2963.468020    0.000000
 2964.149900    0.000000
 2964.833500    0.000000
 2965.515380    0.000000
 2966.197750    0.000000
 2966.881590    0.000000
 2967.564210    0.000000
 2968.248540    0.000000
 2968.931150    0.000000
 2969.615720    0.000000
 2970.299070    0.000000
 2970.984130    0.000000
 2971.667480    0.000000
 2972.351070    0.000000
 2973.036620    0.000000
 2973.720700    0.000000
 2974.406250    0.000000
 2975.090580    0.000000
 2975.776610    0.000000
 2976.461180    0.000000
 2977.146000    0.000000
 2977.832280    0.000000
 2978.517580    0.000000
 2979.204350    0.000000
 2979.889650    0.000000
 2980.576660    0.000000
 2981.262210    0.000000
 2981.948240    0.000000
 2982.635990    0.000000
 2983.322020    0.000000
 2984.010010    0.000000
 2984.696530    0.000000
 2985.384770    0.000000
 2986.071530    0.000000
 2986.758540    0.000000
 2987.447270    0.000000
 2988.134770    0.000000
 2988.823490    0.000000
 2989.510990    0.000000
 2990.200440    0.000000
 2990.888180    0.000000
 2991.576170    0.000000
 2992.266360    0.000000
 2992.954830    0.000000
 2993.644780    0.000000
 2994.333500    0.000000
 2995.023930    0.000000
 2995.713130    0.000000
 2996.402100    0.000000
 2997.093020    0.000000
 2997.782710    0.000000
 2998.473880    0.000000
 2999.163570    0.000000
 2999.855470    0.000000
 3000.545410    0.000000
 3001.235600    0.000000
 3001.927730    0.000000
 3002.618410    0.000000
 3003.310550    0.000000
 3004.001710    0.000000
 3004.694340    0.000000
 3005.385740    0.000000
 3006.076900    0.000000
 3006.770020    0.000000
 3007.461670    0.000000
 3008.155270    0.000000
 3008.847410    0.000000
 3009.541260    0.000000
 3010.233400    0.000000
 3010.926270    0.000000
 3011.620360    0.000000
 3012.313230    0.000000
 3013.007810    0.000000
 3013.700930    0.000000
 3014.395750    0.000000
 3015.089360    0.000000
 3015.783200    0.000000
 3016.478270    0.000000
 3017.172610    0.000000
 3017.868160    0.000000
 3018.562260    0.000000
 3019.258540    0.000000
 3019.952880    0.000000
 3020.647950    0.000000
 3021.344480    0.000000
 3022.039310    0.000000
 3022.736330    0.000000
 3023.431640    0.000000
 3024.128660    0.000000
 3024.824460    0.000000
 3025.522220    0.000000
 3026.218020    0.000000
 3026.914310    0.000000
 3027.612300    0.000000
 3028.308840    0.000000
 3029.007080    0.000000
 3029.703860    0.000000
 3030.402590    0.000000
 3031.099850    0.000000
 3031.797120    0.000000
 3032.496090    0.000000
 3033.193600    0.000000
 3033.893310    0.000000
 3034.591060    0.000000
 3035.290770    0.000000
 3035.989010    0.000000
 3036.687740    0.000000
 3037.387700    0.000000
 3038.086670    0.000000
 3038.787350    0.000000
 3039.486080    0.000000
 3040.187260    0.000000
 3040.886470    0.000000
 3041.586180    0.000000
 3042.287350    0.000000
 3042.987550    0.000000
 3043.689210    0.000000
 3044.389160    0.000000
 3045.091060    0.000000
 3045.791750    0.000000
 3046.492430    0.000000
 3047.194820    0.000000
 3047.896000    0.000000
 3048.598880    0.000000
 3049.300050    0.000000
