 2653.384280    0.000000
 2653.996340    0.000000
 2654.606690    0.000000
 2655.217290    0.000000
 2655.829830    0.000000
 2656.440670    0.000000
 2657.053220    0.000000
 2657.664550    0.000000
 2658.277340    0.000000
 2658.888920    0.000000
 2659.500730    0.000000
 2660.114010    0.000000
 2660.725830    0.000000
 2661.339360    0.000000
 2661.951660    0.000000
 2662.565430    0.000000
 2663.177980    0.000000
 2663.790530    0.000000
 2664.404790    0.000000
 2665.017820    0.000000
 2665.632320    0.000000
 2666.245610    0.000000
 2666.860350    0.000000
 2667.473880    0.000000
 2668.089110    0.000000
 2668.702880    0.000000
 2669.316890    0.000000
 2669.932370    0.000000
 2670.546630    0.000000
 2671.162350    0.000000
 2671.776860    0.000000
 2672.393070    0.000000
 2673.007810    0.000000
 2673.622560    0.000000
 2674.239260    0.000000
 2674.854490    0.000000
 2675.471190    0.000000
 2676.086670    0.000000
 2676.703860    0.000000
 2677.319580    0.000000
 2677.935550    0.000000
 2678.552980    0.000000
 2679.169190    0.000000
 2679.786870    0.000000
 2680.403560    0.000000
 2681.021480    0.000000
 2681.638430    0.000000
 2682.255370    0.000000
 2682.873780    0.000000
 2683.490970    0.000000
 2684.109860    0.000000
 2684.727290    0.000000
 2685.346440    0.000000
 2685.964110    0.000000
 2686.582030    0.000000
 2687.201660    0.000000
 2687.819820    0.000000
 2688.439450    0.000000
 2689.057860    0.000000
 2689.677980    0.000000
 2690.296880    0.000000
 2690.915770    0.000000
 2691.536380    0.000000
 2692.155270    0.000000
 2692.776370    0.000000
 2693.395750    0.000000
 2694.016850    0.000000
 2694.636720    0.000000
 2695.256590    0.000000
 2695.877930    0.000000
 2696.498050    0.000000
 2697.119870    0.000000
 2697.740480    0.000000
 2698.362550    0.000000
 2698.983400    0.000000
 2699.604250    0.000000
 2700.226810    0.000000
 2700.847900    0.000000
 2701.470700    0.000000
 2702.092040    0.000000
 2702.715330    0.000000
 2703.337160    0.000000
 2703.958980    0.000000
 2704.582520    0.000000
 2705.204830    0.000000
 2705.828370    0.000000
 2706.450930    0.000000
 2707.074950    0.000000
 2707.697750    0.000000
 2708.320800    0.000000
 2708.945310    0.000000
 2709.568360    0.000000
 2710.193360    0.000000
 2710.816650    0.000000
 2711.441890    0.000000
 2712.065670    0.000000
 2712.689450    0.000000
 2713.314940    0.000000
 2713.939210    0.000000
 2714.565190    0.000000
 2715.189450    0.000000
 2715.815670    0.000000
 2716.440430    0.000000
 2717.066890    0.000000
 2717.691890    0.000000
 2718.317140    0.000000
 2718.943850    0.000000
 2719.569340    0.000000
 2720.196530    0.000000
 2720.822270    0.000000
 2721.449710    0.000000
 2722.075680    0.000000
 2722.702150    0.000000
 2723.329830    0.000000
 2723.956300    0.000000
 2724.584470    0.000000
 2725.211430    0.000000
 2725.839600    0.000000
 2726.466800    0.000000
 2727.093990    0.000000
 2727.722900    0.000000
 2728.350340    0.000000
 2728.979490    0.000000
 2729.607420    0.000000
 2730.236820    0.000000
 2730.864750    0.000000
 2731.493160    0.000000
 2732.122800    0.000000
 2732.751460    0.000000
 2733.381590    0.000000
 2734.010500    0.000000
 2734.640870    0.000000
 2735.270020    0.000000
 2735.899410    0.000000
 2736.530270    0.000000
 2737.159670    0.000000
 2737.790770    0.000000
 2738.420650    0.000000
 2739.052250    0.000000
 2739.682370    0.000000
 2740.312500    0.000000
 2740.944340    0.000000
 2741.575200    0.000000
 2742.207280    0.000000
 2742.838130    0.000000
 2743.470460    0.000000
 2744.101560    0.000000
 2744.732910    0.000000
 2745.365970    0.000000
 2745.997310    0.000000
 2746.630860    0.000000
 2747.262700    0.000000
 2747.896000    0.000000
 2748.528080    0.000000
 2749.160640    0.000000
 2749.794430    0.000000
 2750.427000    0.000000
 2751.061280    0.000000
 2751.694090    0.000000
 2752.328610    0.000000
 2752.961910    0.000000
 2753.595210    0.000000
 2754.230220    0.000000
 2754.863770    0.000000
 2755.499020    0.000000
 2756.132810    0.000000
 2756.768550    0.000000
 2757.402590    0.000000
 2758.036870    0.000000
 2758.673100    0.000000
 2759.307620    0.000000
 2759.943850    0.000000
 2760.578860    0.000000
 2761.215330    0.000000
 2761.850590    0.000000
 2762.487550    0.000000
 2763.123050    0.000000
 2763.758790    0.000000
 2764.396000    0.000000
 2765.031980    0.000000
 2765.669430    0.000000
 2766.305910    0.000000
 2766.943600    0.000000
 2767.580320    0.000000
 2768.216800    0.000000
 2768.855220    0.000000
 2769.492190    0.000000
 2770.130860    0.000000
 2770.768070    0.000000
 2771.407230    0.000000
 2772.044680    0.000000
 2772.682130    0.000000
 2773.321780    0.000000
 2773.959720    0.000000
 2774.599370    0.000000
 2775.237550    0.000000
 2775.877690    0.000000
 2776.516360    0.000000
 2777.155030    0.000000
 2777.795170    0.000000
 2778.434330    0.000000
 2779.074950    0.000000
 2779.714360    0.000000
 2780.355470    0.000000
 2780.995120    0.000000
 2781.634770    0.000000
 2782.276120    0.000000
 2782.916260    0.000000
 2783.558110    0.000000
 2784.198490    0.000000
 2784.840330    0.000000
 2785.480960    0.000000
 2786.121830    0.000000
 2786.764400    0.000000
 2787.405270    0.000000
 2788.048100    0.000000
 2788.689450    0.000000
 2789.332520    0.000000
 2789.974370    0.000000
 2790.615970    0.000000
 2791.259770    0.000000
 2791.901610    0.000000
 2792.545410    0.000000
 2793.187990    0.000000
 2793.832030    0.000000
 2794.474850    0.000000
 2795.117680    0.000000
 2795.762210    0.000000
 2796.405520    0.000000
 2797.050290    0.000000
 2797.693600    0.000000
 2798.338870    0.000000
 2798.982420    0.000000
 2799.626460    0.000000
 2800.272220    0.000000
 2800.916260    0.000000
 2801.562260    0.000000
 2802.206790    0.000000
 2802.852780    0.000000
 2803.497560    0.000000
 2804.142580    0.000000
 2804.789310    0.000000
 2805.434330    0.000000
 2806.081300    0.000000
 2806.726810    0.000000
 2807.374020    0.000000
 2808.020020    0.000000
 2808.666020    0.000000
 2809.313480    0.000000
 2809.959960    0.000000
 2810.607910    0.000000
 2811.254390    0.000000
 2811.902830    0.000000
 2812.549560    0.000000
 2813.198240    0.000000
 2813.845210    0.000000
 2814.492680    0.000000
 2815.141600    0.000000
 2815.789310    0.000000
 2816.438720    0.000000
 2817.086430    0.000000
 2817.736080    0.000000
 2818.384520    0.000000
 2819.032710    0.000000
 2819.682620    0.000000
 2820.331300    0.000000
 2820.981930    0.000000
 2821.630620    0.000000
 2822.281490    0.000000
 2822.930660    0.000000
 2823.580080    0.000000
 2824.231200    0.000000
 2824.880860    0.000000
 2825.532230    0.000000
 2826.182370    0.000000
 2826.833980    0.000000
 2827.484380    0.000000
 2828.134770    0.000000
 2828.786870    0.000000
 2829.437740    0.000000
 2830.090090    0.000000
 2830.741210    0.000000
 2831.394040    0.000000
 2832.045410    0.000000
 2832.697020    0.000000
 2833.350100    0.000000
 2834.001950    0.000000
 2834.655520    0.000000
 2835.307620    0.000000
 2835.961180    0.000000
 2836.613770    0.000000
 2837.266360    0.000000
 2837.920410    0.000000
 2838.573490    0.000000
 2839.228030    0.000000
 2839.881100    0.000000
 2840.535890    0.000000
 2841.189450    0.000000
 2841.843020    0.000000
 2842.498540    0.000000
 2843.152340    0.000000
 2843.807860    0.000000
 2844.462160    0.000000
 2845.118160    0.000000
 2845.772710    0.000000
 2846.427250    0.000000
 2847.083740    0.000000
 2847.738770    0.000000
 2848.395260    0.000000
 2849.050540    0.000000
 2849.707760    0.000000
 2850.363280    0.000000
 2851.018800    0.000000
 2851.676270    0.000000
 2852.332280    0.000000
 2852.989990    0.000000
 2853.646480    0.000000
 2854.304440    0.000000
 2854.960940    0.000000
 2855.617920    0.000000
 2856.276370    0.000000
 2856.933350    0.000000
 2857.592290    0.000000
 2858.249760    0.000000
 2858.908940    0.000000
 2859.566650    0.000000
 2860.224370    0.000000
 2860.883790    0.000000
 2861.541750    0.000000
 2862.201900    0.000000
 2862.860350    0.000000
 2863.520510    0.000000
 2864.179200    0.000000
 2864.839840    0.000000
 2865.498780    0.000000
 2866.157960    0.000000
 2866.818850    0.000000
 2867.478520    0.000000
 2868.139650    0.000000
 2868.799320    0.000000
 2869.460940    0.000001
 2870.121090    0.000001
 2870.781490    0.000001
 2871.443360    0.000001
 2872.103760    0.000002
 2872.766360    0.000002
 2873.427000    0.000002
 2874.089600    0.000003
 2874.750730    0.000004
 2875.412110    0.000004
 2876.075440    0.000006
 2876.736820    0.000007
 2877.400390    0.000008
 2878.062260    0.000010
 2878.725830    0.000012
 2879.388180    0.000014
 2880.050540    0.000018
 2880.714600    0.000022
 2881.377440    0.000027
 2882.041750    0.000032
 2882.704830    0.000039
 2883.369380    0.000048
 2884.032960    0.000057
 2884.696530    0.000069
 2885.361330    0.000083
 2886.025390    0.000100
 2886.690920    0.000120
 2887.354980    0.000144
 2888.020510    0.000173
 2888.685060    0.000206
 2889.349610    0.000246
 2890.015870    0.000293
 2890.680910    0.000348
 2891.347410    0.000413
 2892.012700    0.000489
 2892.679200    0.000578
 2893.344970    0.000683
 2894.010500    0.000805
 2894.677730    0.000947
 2895.343510    0.001112
 2896.011470    0.001304
 2896.677490    0.001526
 2897.345460    0.001783
 2898.011960    0.002081
 2898.678960    0.002422
 2899.347170    0.002817
 2900.014160    0.003269
 2900.682860    0.003788
 2901.350100    0.004381
 2902.019530    0.005060
 2902.687010    0.005832
 2903.354740    0.006709
 2904.024410    0.007710
 2904.692380    0.008840
 2905.361820    0.010120
 2906.030520    0.011565
 2906.700680    0.013197
 2907.369140    0.015028
 2908.038090    0.017084
 2908.708500    0.019394
 2909.377930    0.021973
 2910.048830    0.024858
 2910.718260    0.028067
 2911.389650    0.031645
 2912.059330    0.035605
 2912.729250    0.039995
 2913.400630    0.044858
 2914.070800    0.050216
 2914.742920    0.056133
 2915.413570    0.062624
 2916.085690    0.069760
 2916.756590    0.077560
 2917.429200    0.086106
 2918.100340    0.095407
 2918.771730    0.105535
 2919.444580    0.116561
 2920.116210    0.128495
 2920.789550    0.141441
 2921.461670    0.155398
 2922.135500    0.170481
 2922.807370    0.186656
 2923.479740    0.204032
 2924.154050    0.222703
 2924.826660    0.242615
 2925.500980    0.263917
 2926.174070    0.286561
 2926.848880    0.310688
 2927.522220    0.336223
 2928.195800    0.363258
 2928.870850    0.391879
 2929.544920    0.422008
 2930.220460    0.453774
 2930.894530    0.487055
 2931.570310    0.522015
 2932.244630    0.558493
 2932.919190    0.596572
 2933.595700    0.636346
 2934.270260    0.677568
 2934.947270    0.720485
 2935.622310    0.764788
 2936.299070    0.810679
 2936.974850    0.857937
 2937.650390    0.906560
 2938.327880    0.956657
 2939.003660    1.007899
 2939.681400    1.060501
 2940.357670    1.114133
 2941.035640    1.168977
 2941.712160    1.224706
 2942.389160    1.281407
 2943.067630    1.339095
 2943.744630    1.397452
 2944.423580    1.456705
 2945.100830    1.516474
 2945.780030    1.577024
 2946.457760    1.638000
 2947.135500    1.699491
 2947.815190    1.761642
 2948.493410    1.824121
 2949.173100    1.887185
 2949.851560    1.950590
 2950.531980    2.014651
 2951.210450    2.079033
 2951.889650    2.144037
 2952.570070    2.209779
 2953.249270    2.276106
 2953.930660    2.343455
 2954.610110    2.411535
 2955.291500    2.480875
 2955.971190    2.551256
 2956.651120    2.623051
 2957.333010    2.696632
 2958.013180    2.771811
 2958.695560    2.849238
 2959.376220    2.928702
 2960.058350    3.010816
 2960.739500    3.095534
 2961.420410    3.183199
 2962.103520    3.274395
 2962.784910    3.368866
 2963.468020    3.467346
 2964.149900    3.569670
 2964.833500    3.676528
 2965.515380    3.787619
 2966.197750    3.903507
 2966.881590    4.024580
 2967.564210    4.150542
 2968.248540    4.282093
 2968.931150    4.418698
 2969.615720    4.561186
 2970.299070    4.708959
 2970.984130    4.862673
 2971.667480    5.021537
 2972.351070    5.185921
 2973.036620    5.356144
 2973.720700    5.531206
 2974.406250    5.711640
 2975.090580    5.896484
 2975.776610    6.086220
 2976.461180    6.279610
 2977.146000    6.476714
 2977.832280    6.677431
 2978.517580    6.880542
 2979.204350    7.086213
 2979.889650    7.292966
 2980.576660    7.501116
 2981.262210    7.709023
 2981.948240    7.916567
 2982.635990    8.123370
 2983.322020    8.327638
 2984.010010    8.529671
 2984.696530    8.727660
 2985.384770    8.921707
 2986.071530    9.110103
 2986.758540    9.292520
 2987.447270    9.468516
 2988.134770    9.636551
 2988.823490    9.796452
 2989.510990    9.946912
 2990.200440    10.087902
 2990.888180    10.217996
 2991.576170    10.336972
 2992.266360    10.444526
 2992.954830    10.539505
 2993.644780    10.621881
 2994.333500    10.690909
 2995.023930    10.746515
 2995.713130    10.788162
 2996.402100    10.815728
 2997.093020    10.829093
 2997.782710    10.828083
 2998.473880    10.812670
 2999.163570    10.782963
 2999.855470    10.738895
 3000.545410    10.680902
 3001.235600    10.609093
 3001.927730    10.523523
 3002.618410    10.424960
 3003.310550    10.313399
 3004.001710    10.189681
 3004.694340    10.053867
 3005.385740    9.907027
 3006.076900    9.749578
 3006.770020    9.581599
 3007.461670    9.404559
 3008.155270    9.218249
 3008.847410    9.024270
 3009.541260    8.822437
 3010.233400    8.614462
 3010.926270    8.400347
 3011.620360    8.180643
 3012.313230    7.956846
 3013.007810    7.728719
 3013.700930    7.498010
 3014.395750    7.264356
 3015.089360    7.029415
 3015.783200    6.793351
 3016.478270    6.556465
 3017.172610    6.320035
 3017.868160    6.083982
 3018.562260    5.849778
 3019.258540    5.616719
 3019.952880    5.386696
 3020.647950    5.159279
 3021.344480    4.934684
 3022.039310    4.714334
 3022.736330    4.497372
 3023.431640    4.285355
 3024.128660    4.077554
 3024.824460    3.875123
 3025.522220    3.677391
 3026.218020    3.485681
 3026.914310    3.299487
 3027.612300    3.118664
 3028.308840    2.944165
 3029.007080    2.775296
 3029.703860    2.612902
 3030.402590    2.456239
 3031.099850    2.306103
 3031.797120    2.162160
 3032.496090    2.024058
 3033.193600    1.892387
 3033.893310    1.766405
 3034.591060    1.646784
 3035.290770    1.532758
 3035.989010    1.424784
 3036.687740    1.322422
 3037.387700    1.225453
 3038.086670    1.134038
 3038.787350    1.047676
 3039.486080    0.966656
 3040.187260    0.890298
 3040.886470    0.818913
 3041.586180    0.752052
 3042.287350    0.689460
 3042.987550    0.631169
 3043.689210    0.576794
 3044.389160    0.526386
 3045.091060    0.479498
 3045.791750    0.436158
 3046.492430    0.396098
 3047.194820    0.359049
 3047.896000    0.324991
 3048.598880    0.293609
 3049.300050    0.264885
