 2653.384280    0.000078
 2653.996340    0.000091
 2654.606690    0.000104
 2655.217290    0.000119
 2655.829830    0.000136
 2656.440670    0.000155
 2657.053220    0.000177
 2657.664550    0.000202
 2658.277340    0.000230
 2658.888920    0.000260
 2659.500730    0.000296
 2660.114010    0.000334
 2660.725830    0.000377
 2661.339360    0.000424
 2661.951660    0.000478
 2662.565430    0.000536
 2663.177980    0.000601
 2663.790530    0.000672
 2664.404790    0.000751
 2665.017820    0.000838
 2665.632320    0.000933
 2666.245610    0.001037
 2666.860350    0.001150
 2667.473880    0.001273
 2668.089110    0.001409
 2668.702880    0.001554
 2669.316890    0.001712
 2669.932370    0.001884
 2670.546630    0.002069
 2671.162350    0.002268
 2671.776860    0.002481
 2672.393070    0.002712
 2673.007810    0.002958
 2673.622560    0.003222
 2674.239260    0.003504
 2674.854490    0.003803
 2675.471190    0.004123
 2676.086670    0.004461
 2676.703860    0.004821
 2677.319580    0.005200
 2677.935550    0.005602
 2678.552980    0.006027
 2679.169190    0.006474
 2679.786870    0.006945
 2680.403560    0.007440
 2681.021480    0.007960
 2681.638430    0.008505
 2682.255370    0.009077
 2682.873780    0.009677
 2683.490970    0.010305
 2684.109860    0.010964
 2684.727290    0.011654
 2685.346440    0.012379
 2685.964110    0.013136
 2686.582030    0.013932
 2687.201660    0.014771
 2687.819820    0.015652
 2688.439450    0.016583
 2689.057860    0.017566
 2689.677980    0.018610
 2690.296880    0.019717
 2690.915770    0.020897
 2691.536380    0.022162
 2692.155270    0.023517
 2692.776370    0.024979
 2693.395750    0.026555
 2694.016850    0.028269
 2694.636720    0.030129
 2695.256590    0.032160
 2695.877930    0.034389
 2696.498050    0.036834
 2697.119870    0.039533
 2697.740480    0.042508
 2698.362550    0.045809
 2698.983400    0.049460
 2699.604250    0.053517
 2700.226810    0.058041
 2700.847900    0.063066
 2701.470700    0.068682
 2702.092040    0.074929
 2702.715330    0.081921
 2703.337160    0.089704
 2703.958980    0.098386
 2704.582520    0.108099
 2705.204830    0.118910
 2705.828370    0.130984
 2706.450930    0.144414
 2707.074950    0.159402
 2707.697750    0.176042
 2708.320800    0.194541
 2708.945310    0.215132
 2709.568360    0.237919
 2710.193360    0.263247
 2710.816650    0.291206
 2711.441890    0.322212
 2712.065670    0.356368
 2712.689450    0.394031
 2713.314940    0.435624
 2713.939210    0.481283
 2714.565190    0.531573
 2715.189450    0.586585
 2715.815670    0.647028
 2716.440430    0.712984
 2717.066890    0.785214
 2717.691890    0.863799
 2718.317140    0.949391
 2718.943850    1.042665
 2719.569340    1.143717
 2720.196530    1.253535
 2720.822270    1.372088
 2721.449710    1.500511
 2722.075680    1.638697
 2722.702150    1.787590
 2723.329830    1.947953
 2723.956300    2.119701
 2724.584470    2.304187
 2725.211430    2.501088
 2725.839600    2.711682
 2726.466800    2.935731
 2727.093990    3.174016
 2727.722900    3.427683
 2728.350340    3.695860
 2728.979490    3.980275
 2729.607420    4.279934
 2730.236820    4.596387
 2730.864750    4.928363
 2731.493160    5.276991
 2732.122800    5.642807
 2732.751460    6.024530
 2733.381590    6.423565
 2734.010500    6.838034
 2734.640870    7.269437
 2735.270020    7.715567
 2735.899410    8.176946
 2736.530270    8.653942
 2737.159670    9.143644
 2737.790770    9.647720
 2738.420650    10.162928
 2739.052250    10.690639
 2739.682370    11.227062
 2740.312500    11.772158
 2740.944340    12.326067
 2741.575200    12.884978
 2742.207280    13.449267
 2742.838130    14.015083
 2743.470460    14.583079
 2744.101560    15.149006
 2744.732910    15.712274
 2745.365970    16.272202
 2745.997310    16.823738
 2746.630860    17.368227
 2747.262700    17.900204
 2747.896000    18.420238
 2748.528080    18.924017
 2749.160640    19.410828
 2749.794430    19.879097
 2750.427000    20.325001
 2751.061280    20.748596
 2751.694090    21.145857
 2752.328610    21.516941
 2752.961910    21.858393
 2753.595210    22.169346
 2754.230220    22.449039
 2754.863770    22.694716
 2755.499020    22.906387
 2756.132810    23.081942
 2756.768550    23.221409
 2757.402590    23.323269
 2758.036870    23.387447
 2758.673100    23.413582
 2759.307620    23.401358
 2759.943850    23.350748
 2760.578860    23.262173
 2761.215330    23.135651
 2761.850590    22.972298
 2762.487550    22.772098
 2763.123050    22.536983
 2763.758790    22.267544
 2764.396000    21.964399
 2765.031980    21.630238
 2765.669430    21.265190
 2766.305910    20.872307
 2766.943600    20.452021
 2767.580320    20.007656
 2768.216800    19.540749
 2768.855220    19.051651
 2769.492190    18.545055
 2770.130860    18.020578
 2770.768070    17.482981
 2771.407230    16.931551
 2772.044680    16.371613
 2772.682130    15.803851
 2773.321780    15.228398
 2773.959720    14.650840
 2774.599370    14.070105
 2775.237550    13.491030
 2775.877690    12.912393
 2776.516360    12.339075
 2777.155030    11.771439
 2777.795170    11.209794
 2778.434330    10.657776
 2779.074950    10.114658
 2779.714360    9.583980
 2780.355470    9.064462
 2780.995120    8.559698
 2781.634770    8.069380
 2782.276120    7.593032
 2782.916260    7.133505
 2783.558110    6.689257
 2784.198490    6.262922
 2784.840330    5.852871
 2785.480960    5.461044
 2786.121830    5.086623
 2786.764400    4.728854
 2787.405270    4.389578
 2788.048100    4.066720
 2788.689450    3.761795
 2789.332520    3.473017
 2789.974370    3.201372
 2790.615970    2.945987
 2791.259770    2.705513
 2791.901610    2.481016
 2792.545410    2.270603
 2793.187990    2.074780
 2793.832030    1.892159
 2794.474850    1.722914
 2795.117680    1.566080
 2795.762210    1.420674
 2796.405520    1.286757
 2797.050290    1.163159
 2797.693600    1.049835
 2798.338870    0.945592
 2798.982420    0.850441
 2799.626460    0.763460
 2800.272220    0.683970
 2800.916260    0.611855
 2801.562260    0.546189
 2802.206790    0.486835
 2802.852780    0.433046
 2803.497560    0.384604
 2804.142580    0.340960
 2804.789310    0.301633
 2805.434330    0.266453
 2806.081300    0.234868
 2806.726810    0.206716
 2807.374020    0.181551
 2808.020020    0.159204
 2808.666020    0.139357
 2809.313480    0.121727
 2809.959960    0.106159
 2810.607910    0.092385
 2811.254390    0.080280
 2811.902830    0.069605
 2812.549560    0.060263
 2813.198240    0.052057
 2813.845210    0.044905
 2814.492680    0.038660
 2815.141600    0.033213
 2815.789310    0.028488
 2816.438720    0.024382
 2817.086430    0.020838
 2817.736080    0.017768
 2818.384520    0.015127
 2819.032710    0.012856
 2819.682620    0.010901
 2820.331300    0.009230
 2820.981930    0.007795
 2821.630620    0.006576
 2822.281490    0.005533
 2822.930660    0.004650
 2823.580080    0.003900
 2824.231200    0.003263
 2824.880860    0.002727
 2825.532230    0.002273
 2826.182370    0.001892
 2826.833980    0.001572
 2827.484380    0.001303
 2828.134770    0.001079
 2828.786870    0.000891
 2829.437740    0.000734
 2830.090090    0.000604
 2830.741210    0.000496
 2831.394040    0.000406
 2832.045410    0.000333
 2832.697020    0.000272
 2833.350100    0.000221
 2834.001950    0.000180
 2834.655520    0.000146
 2835.307620    0.000118
 2835.961180    0.000095
 2836.613770    0.000077
 2837.266360    0.000062
 2837.920410    0.000050
 2838.573490    0.000040
 2839.228030    0.000032
 2839.881100    0.000026
 2840.535890    0.000020
 2841.189450    0.000016
 2841.843020    0.000013
 2842.498540    0.000010
 2843.152340    0.000009
 2843.807860    0.000007
 2844.462160    0.000005
 2845.118160    0.000004
 2845.772710    0.000003
 2846.427250    0.000003
 2847.083740    0.000002
 2847.738770    0.000002
 2848.395260    0.000001
 2849.050540    0.000001
 2849.707760    0.000001
 2850.363280    0.000001
 2851.018800    0.000000
 2851.676270    0.000000
 2852.332280    0.000000
 2852.989990    0.000000
 2853.646480    0.000000
 2854.304440    0.000000
 2854.960940    0.000000
 2855.617920    0.000000
 2856.276370    0.000000
 2856.933350    0.000000
 2857.592290    0.000000
 2858.249760    0.000000
 2858.908940    0.000000
 2859.566650    0.000000
 2860.224370    0.000000
 2860.883790    0.000000
 2861.541750    0.000000
 2862.201900    0.000000
 2862.860350    0.000000
 2863.520510    0.000000
 2864.179200    0.000000
 2864.839840    0.000000
 2865.498780    0.000000
 2866.157960    0.000000
 2866.818850    0.000000
 2867.478520    0.000000
 2868.139650    0.000000
 2868.799320    0.000000
 2869.460940    0.000000
 2870.121090    0.000000
 2870.781490    0.000000
 2871.443360    0.000000
 2872.103760    0.000000
 2872.766360    0.000000
 2873.427000    0.000000
 2874.089600    0.000000
 2874.750730    0.000000
 2875.412110    0.000000
 2876.075440    0.000000
 2876.736820    0.000000
 2877.400390    0.000000
 2878.062260    0.000000
 2878.725830    0.000000
 2879.388180    0.000000
 2880.050540    0.000000
 2880.714600    0.000000
 2881.377440    0.000000
 2882.041750    0.000000
 2882.704830    0.000000
 2883.369380    0.000000
 2884.032960    0.000000
 2884.696530    0.000000
 2885.361330    0.000000
 2886.025390    0.000000
 2886.690920    0.000000
 2887.354980    0.000000
 2888.020510    0.000000
 2888.685060    0.000000
 2889.349610    0.000000
 2890.015870    0.000000
 2890.680910    0.000000
 2891.347410    0.000000
 2892.012700    0.000000
 2892.679200    0.000000
 2893.344970    0.000000
 2894.010500    0.000000
 2894.677730    0.000000
 2895.343510    0.000000
 2896.011470    0.000000
 2896.677490    0.000000
 2897.345460    0.000000
 2898.011960    0.000000
 2898.678960    0.000000
 2899.347170    0.000000
 2900.014160    0.000000
 2900.682860    0.000000
 2901.350100    0.000000
 2902.019530    0.000000
 2902.687010    0.000000
 2903.354740    0.000000
 2904.024410    0.000000
 2904.692380    0.000000
 2905.361820    0.000000
 2906.030520    0.000000
 2906.700680    0.000000
 2907.369140    0.000000
 2908.038090    0.000000
 2908.708500    0.000000
 2909.377930    0.000000
 2910.048830    0.000000
 2910.718260    0.000000
 2911.389650    0.000000
 2912.059330    0.000000
 2912.729250    0.000000
 2913.400630    0.000000
 2914.070800    0.000000
 2914.742920    0.000000
 2915.413570    0.000000
 2916.085690    0.000000
 2916.756590    0.000000
 2917.429200    0.000000
 2918.100340    0.000000
 2918.771730    0.000000
 2919.444580    0.000000
 2920.116210    0.000000
 2920.789550    0.000000
 2921.461670    0.000000
 2922.135500    0.000000
 2922.807370    0.000000
 2923.479740    0.000000
 2924.154050    0.000000
 2924.826660    0.000000
 2925.500980    0.000000
 2926.174070    0.000000
 2926.848880    0.000000
 2927.522220    0.000000
 2928.195800    0.000000
 2928.870850    0.000000
 2929.544920    0.000000
 2930.220460    0.000000
 2930.894530    0.000000
 2931.570310    0.000000
 2932.244630    0.000000
 2932.919190    0.000000
 2933.595700    0.000000
 2934.270260    0.000000
 2934.947270    0.000000
 2935.622310    0.000000
 2936.299070    0.000000
 2936.974850    0.000000
 2937.650390    0.000000
 2938.327880    0.000000
 2939.003660    0.000000
 2939.681400    0.000000
 2940.357670    0.000000
 2941.035640    0.000000
 2941.712160    0.000000
 2942.389160    0.000000
 2943.067630    0.000000
 2943.744630    0.000000
 2944.423580    0.000000
 2945.100830    0.000000
 2945.780030    0.000000
 2946.457760    0.000000
 2947.135500    0.000000
 2947.815190    0.000000
 2948.493410    0.000000
 2949.173100    0.000000
 2949.851560    0.000000
 2950.531980    0.000000
 2951.210450    0.000000
 2951.889650    0.000000
 2952.570070    0.000000
 2953.249270    0.000000
 2953.930660    0.000000
 2954.610110    0.000000
 2955.291500    0.000000
 2955.971190    0.000000
 2956.651120    0.000000
 2957.333010    0.000000
 2958.013180    0.000000
 2958.695560    0.000000
 2959.376220    0.000000
 2960.058350    0.000000
 2960.739500    0.000000
 2961.420410    0.000000
 2962.103520    0.000000
 2962.784910    0.000000
 2963.468020    0.000000
 2964.149900    0.000000
 2964.833500    0.000000
 2965.515380    0.000000
 2966.197750    0.000000
 2966.881590    0.000000
 2967.564210    0.000000
 2968.248540    0.000000
 2968.931150    0.000000
 2969.615720    0.000000
 2970.299070    0.000000
 2970.984130    0.000000
 2971.667480    0.000000
 2972.351070    0.000000
 2973.036620    0.000000
 2973.720700    0.000000
 2974.406250    0.000000
 2975.090580    0.000000
 2975.776610    0.000000
 2976.461180    0.000000
 2977.146000    0.000000
 2977.832280    0.000000
 2978.517580    0.000000
 2979.204350    0.000000
 2979.889650    0.000000
 2980.576660    0.000000
 2981.262210    0.000000
 2981.948240    0.000000
 2982.635990    0.000000
 2983.322020    0.000000
 2984.010010    0.000000
 2984.696530    0.000000
 2985.384770    0.000000
 2986.071530    0.000000
 2986.758540    0.000000
 2987.447270    0.000000
 2988.134770    0.000000
 2988.823490    0.000000
 2989.510990    0.000000
 2990.200440    0.000000
 2990.888180    0.000000
 2991.576170    0.000000
 2992.266360    0.000000
 2992.954830    0.000000
 2993.644780    0.000000
 2994.333500    0.000000
 2995.023930    0.000000
 2995.713130    0.000000
 2996.402100    0.000000
 2997.093020    0.000000
 2997.782710    0.000000
 2998.473880    0.000000
 2999.163570    0.000000
 2999.855470    0.000000
 3000.545410    0.000000
 3001.235600    0.000000
 3001.927730    0.000000
 3002.618410    0.000000
 3003.310550    0.000000
 3004.001710    0.000000
 3004.694340    0.000000
 3005.385740    0.000000
 3006.076900    0.000000
 3006.770020    0.000000
 3007.461670    0.000000
 3008.155270    0.000000
 3008.847410    0.000000
 3009.541260    0.000000
 3010.233400    0.000000
 3010.926270    0.000000
 3011.620360    0.000000
 3012.313230    0.000000
 3013.007810    0.000000
 3013.700930    0.000000
 3014.395750    0.000000
 3015.089360    0.000000
 3015.783200    0.000000
 3016.478270    0.000000
 3017.172610    0.000000
 3017.868160    0.000000
 3018.562260    0.000000
 3019.258540    0.000000
 3019.952880    0.000000
 3020.647950    0.000000
 3021.344480    0.000000
 3022.039310    0.000000
 3022.736330    0.000000
 3023.431640    0.000000
 3024.128660    0.000000
 3024.824460    0.000000
 3025.522220    0.000000
 3026.218020    0.000000
 3026.914310    0.000000
 3027.612300    0.000000
 3028.308840    0.000000
 3029.007080    0.000000
 3029.703860    0.000000
 3030.402590    0.000000
 3031.099850    0.000000
 3031.797120    0.000000
 3032.496090    0.000000
 3033.193600    0.000000
 3033.893310    0.000000
 3034.591060    0.000000
 3035.290770    0.000000
 3035.989010    0.000000
 3036.687740    0.000000
 3037.387700    0.000000
 3038.086670    0.000000
 3038.787350    0.000000
 3039.486080    0.000000
 3040.187260    0.000000
 3040.886470    0.000000
 3041.586180    0.000000
 3042.287350    0.000000
 3042.987550    0.000000
 3043.689210    0.000000
 3044.389160    0.000000
 3045.091060    0.000000
 3045.791750    0.000000
 3046.492430    0.000000
 3047.194820    0.000000
 3047.896000    0.000000
 3048.598880    0.000000
 3049.300050    0.000000
