 2653.384280    0.154341
 2653.996340    0.164904
 2654.606690    0.176066
 2655.217290    0.187893
 2655.829830    0.200453
 2656.440670    0.213703
 2657.053220    0.227754
 2657.664550    0.242573
 2658.277340    0.258263
 2658.888920    0.274794
 2659.500730    0.292241
 2660.114010    0.310684
 2660.725830    0.330075
 2661.339360    0.350558
 2661.951660    0.372079
 2662.565430    0.394777
 2663.177980    0.418598
 2663.790530    0.443634
 2664.404790    0.470005
 2665.017820    0.497635
 2665.632320    0.526695
 2666.245610    0.557109
 2666.860350    0.589061
 2667.473880    0.622461
 2668.089110    0.657525
 2668.702880    0.694123
 2669.316890    0.732405
 2669.932370    0.772506
 2670.546630    0.814305
 2671.162350    0.858040
 2671.776860    0.903573
 2672.393070    0.951176
 2673.007810    1.000657
 2673.622560    1.052179
 2674.239260    1.105968
 2674.854490    1.161777
 2675.471190    1.219924
 2676.086670    1.280202
 2676.703860    1.342951
 2677.319580    1.407894
 2677.935550    1.475249
 2678.552980    1.545202
 2679.169190    1.617491
 2679.786870    1.692469
 2680.403560    1.769878
 2681.021480    1.850031
 2681.638430    1.932673
 2682.255370    2.017953
 2682.873780    2.106110
 2683.490970    2.196781
 2684.109860    2.290415
 2684.727290    2.386546
 2685.346440    2.485677
 2685.964110    2.587305
 2686.582030    2.691699
 2687.201660    2.799115
 2687.819820    2.908992
 2688.439450    3.021831
 2689.057860    3.137123
 2689.677980    3.255388
 2690.296880    3.376034
 2690.915770    3.499250
 2691.536380    3.625339
 2692.155270    3.753551
 2692.776370    3.884638
 2693.395750    4.017708
 2694.016850    4.153421
 2694.636720    4.291057
 2695.256590    4.430789
 2695.877930    4.572859
 2696.498050    4.716549
 2697.119870    4.862429
 2697.740480    5.009691
 2698.362550    5.158852
 2698.983400    5.309131
 2699.604250    5.460680
 2700.226810    5.613771
 2700.847900    5.767472
 2701.470700    5.922405
 2702.092040    6.077613
 2702.715330    6.233774
 2703.337160    6.389853
 2703.958980    6.546027
 2704.582520    6.702535
 2705.204830    6.858443
 2705.828370    7.014160
 2706.450930    7.168929
 2707.074950    7.323143
 2707.697750    7.475924
 2708.320800    7.627416
 2708.945310    7.777687
 2709.568360    7.925811
 2710.193360    8.072371
 2710.816650    8.216282
 2711.441890    8.358159
 2712.065670    8.496999
 2712.689450    8.632911
 2713.314940    8.766027
 2713.939210    8.895500
 2714.565190    9.021710
 2715.189450    9.143749
 2715.815670    9.262119
 2716.440430    9.375958
 2717.066890    9.485636
 2717.691890    9.590393
 2718.317140    9.690340
 2718.943850    9.785463
 2719.569340    9.875175
 2720.196530    9.959714
 2720.822270    10.038490
 2721.449710    10.111744
 2722.075680    10.178960
 2722.702150    10.240225
 2723.329830    10.295464
 2723.956300    10.344349
 2724.584470    10.387002
 2725.211430    10.423125
 2725.839600    10.452782
 2726.466800    10.475800
 2727.093990    10.492180
 2727.722900    10.501897
 2728.350340    10.504876
 2728.979490    10.501111
 2729.607420    10.490614
 2730.236820    10.473349
 2730.864750    10.449421
 2731.493160    10.418813
 2732.122800    10.381516
 2732.751460    10.337719
 2733.381590    10.287325
 2734.010500    10.230639
 2734.640870    10.167514
 2735.270020    10.098331
 2735.899410    10.023076
 2736.530270    9.941714
 2737.159670    9.854772
 2737.790770    9.761971
 2738.420650    9.663900
 2739.052250    9.560282
 2739.682370    9.451821
 2740.312500    9.338477
 2740.944340    9.220127
 2741.575200    9.097482
 2742.207280    8.970326
 2742.838130    8.839374
 2743.470460    8.704299
 2744.101560    8.565902
 2744.732910    8.424109
 2745.365970    8.278813
 2745.997310    8.131044
 2746.630860    7.980128
 2747.262700    7.827240
 2747.896000    7.671858
 2748.528080    7.514884
 2749.160640    7.356142
 2749.794430    7.195686
 2750.427000    7.034375
 2751.061280    6.871697
 2751.694090    6.708703
 2752.328610    6.544805
 2752.961910    6.380987
 2753.595210    6.217152
 2754.230220    6.053078
 2754.863770    5.889793
 2755.499020    5.726686
 2756.132810    5.564767
 2756.768550    5.403357
 2757.402590    5.243567
 2758.036870    5.085078
 2758.673100    4.927636
 2759.307620    4.772310
 2759.943850    4.618413
 2760.578860    4.466798
 2761.215330    4.316962
 2761.850590    4.169662
 2762.487550    4.024340
 2763.123050    3.881828
 2763.758790    3.741837
 2764.396000    3.604198
 2765.031980    3.469577
 2765.669430    3.337479
 2766.305910    3.208479
 2766.943600    3.082191
 2767.580320    2.959102
 2768.216800    2.839101
 2768.855220    2.721820
 2769.492190    2.607916
 2770.130860    2.496844
 2770.768070    2.389166
 2771.407230    2.284316
 2772.044680    2.182893
 2772.682130    2.084605
 2773.321780    1.989117
 2773.959720    1.896995
 2774.599370    1.807720
 2775.237550    1.721709
 2775.877690    1.638471
 2776.516360    1.558413
 2777.155030    1.481299
 2777.795170    1.406917
 2778.434330    1.335504
 2779.074950    1.266735
 2779.714360    1.200847
 2780.355470    1.137481
 2780.995120    1.076892
 2781.634770    1.018869
 2782.276120    0.963205
 2782.916260    0.910089
 2783.558110    0.859214
 2784.198490    0.810765
 2784.840330    0.764452
 2785.480960    0.720400
 2786.121830    0.678434
 2786.764400    0.638400
 2787.405270    0.600439
 2788.048100    0.564266
 2788.689450    0.530008
 2789.332520    0.497428
 2789.974370    0.466608
 2790.615970    0.437429
 2791.259770    0.409722
 2791.901610    0.383602
 2792.545410    0.358847
 2793.187990    0.335518
 2793.832030    0.313457
 2794.474850    0.292701
 2795.117680    0.273146
 2795.762210    0.254688
 2796.405520    0.237360
 2797.050290    0.221036
 2797.693600    0.205738
 2798.338870    0.191337
 2798.982420    0.177866
 2799.626460    0.165232
 2800.272220    0.153368
 2800.916260    0.142295
 2801.562260    0.131909
 2802.206790    0.122227
 2802.852780    0.113164
 2803.497560    0.104724
 2804.142580    0.096849
 2804.789310    0.089494
 2805.434330    0.082663
 2806.081300    0.076287
 2806.726810    0.070373
 2807.374020    0.064863
 2808.020020    0.059757
 2808.666020    0.055019
 2809.313480    0.050616
 2809.959960    0.046543
 2810.607910    0.042763
 2811.254390    0.039273
 2811.902830    0.036037
 2812.549560    0.033054
 2813.198240    0.030293
 2813.845210    0.027751
 2814.492680    0.025406
 2815.141600    0.023239
 2815.789310    0.021249
 2816.438720    0.019412
 2817.086430    0.017727
 2817.736080    0.016174
 2818.384520    0.014751
 2819.032710    0.013446
 2819.682620    0.012245
 2820.331300    0.011147
 2820.981930    0.010139
 2821.630620    0.009218
 2822.281490    0.008374
 2822.930660    0.007604
 2823.580080    0.006901
 2824.231200    0.006257
 2824.880860    0.005671
 2825.532230    0.005136
 2826.182370    0.004648
 2826.833980    0.004204
 2827.484380    0.003800
 2828.134770    0.003434
 2828.786870    0.003100
 2829.437740    0.002797
 2830.090090    0.002522
 2830.741210    0.002273
 2831.394040    0.002047
 2832.045410    0.001843
 2832.697020    0.001657
 2833.350100    0.001489
 2834.001950    0.001338
 2834.655520    0.001201
 2835.307620    0.001078
 2835.961180    0.000966
 2836.613770    0.000866
 2837.266360    0.000775
 2837.920410    0.000693
 2838.573490    0.000620
 2839.228030    0.000554
 2839.881100    0.000495
 2840.535890    0.000442
 2841.189450    0.000394
 2841.843020    0.000351
 2842.498540    0.000313
 2843.152340    0.000278
 2843.807860    0.000248
 2844.462160    0.000220
 2845.118160    0.000196
 2845.772710    0.000174
 2846.427250    0.000155
 2847.083740    0.000136
 2847.738770    0.000121
 2848.395260    0.000108
 2849.050540    0.000095
 2849.707760    0.000084
 2850.363280    0.000074
 2851.018800    0.000066
 2851.676270    0.000058
 2852.332280    0.000051
 2852.989990    0.000045
 2853.646480    0.000040
 2854.304440    0.000035
 2854.960940    0.000031
 2855.617920    0.000027
 2856.276370    0.000024
 2856.933350    0.000021
 2857.592290    0.000018
 2858.249760    0.000016
 2858.908940    0.000014
 2859.566650    0.000012
 2860.224370    0.000010
 2860.883790    0.000010
 2861.541750    0.000009
 2862.201900    0.000008
 2862.860350    0.000007
 2863.520510    0.000006
 2864.179200    0.000005
 2864.839840    0.000004
 2865.498780    0.000004
 2866.157960    0.000003
 2866.818850    0.000003
 2867.478520    0.000002
 2868.139650    0.000002
 2868.799320    0.000002
 2869.460940    0.000002
 2870.121090    0.000001
 2870.781490    0.000001
 2871.443360    0.000001
 2872.103760    0.000001
 2872.766360    0.000001
 2873.427000    0.000001
 2874.089600    0.000001
 2874.750730    0.000001
 2875.412110    0.000000
 2876.075440    0.000000
 2876.736820    0.000000
 2877.400390    0.000000
 2878.062260    0.000000
 2878.725830    0.000000
 2879.388180    0.000000
 2880.050540    0.000000
 2880.714600    0.000000
 2881.377440    0.000000
 2882.041750    0.000000
 2882.704830    0.000000
 2883.369380    0.000000
 2884.032960    0.000000
 2884.696530    0.000000
 2885.361330    0.000000
 2886.025390    0.000000
 2886.690920    0.000000
 2887.354980    0.000000
 2888.020510    0.000000
 2888.685060    0.000000
 2889.349610    0.000000
 2890.015870    0.000000
 2890.680910    0.000000
 2891.347410    0.000000
 2892.012700    0.000000
 2892.679200    0.000000
 2893.344970    0.000000
 2894.010500    0.000000
 2894.677730    0.000000
 2895.343510    0.000000
 2896.011470    0.000000
 2896.677490    0.000000
 2897.345460    0.000000
 2898.011960    0.000000
 2898.678960    0.000000
 2899.347170    0.000000
 2900.014160    0.000000
 2900.682860    0.000000
 2901.350100    0.000000
 2902.019530    0.000000
 2902.687010    0.000000
 2903.354740    0.000000
 2904.024410    0.000000
 2904.692380    0.000000
 2905.361820    0.000000
 2906.030520    0.000000
 2906.700680    0.000000
 2907.369140    0.000000
 2908.038090    0.000000
 2908.708500    0.000000
 2909.377930    0.000000
 2910.048830    0.000000
 2910.718260    0.000000
 2911.389650    0.000000
 2912.059330    0.000000
 2912.729250    0.000000
 2913.400630    0.000000
 2914.070800    0.000000
 2914.742920    0.000000
 2915.413570    0.000000
 2916.085690    0.000000
 2916.756590    0.000000
 2917.429200    0.000000
 2918.100340    0.000000
 2918.771730    0.000000
 2919.444580    0.000000
 2920.116210    0.000000
 2920.789550    0.000000
 2921.461670    0.000000
 2922.135500    0.000000
 2922.807370    0.000000
 2923.479740    0.000000
 2924.154050    0.000000
 2924.826660    0.000000
 2925.500980    0.000000
 2926.174070    0.000000
 2926.848880    0.000000
 2927.522220    0.000000
 2928.195800    0.000000
 2928.870850    0.000000
 2929.544920    0.000000
 2930.220460    0.000000
 2930.894530    0.000000
 2931.570310    0.000000
 2932.244630    0.000000
 2932.919190    0.000000
 2933.595700    0.000000
 2934.270260    0.000000
 2934.947270    0.000000
 2935.622310    0.000000
 2936.299070    0.000000
 2936.974850    0.000000
 2937.650390    0.000000
 2938.327880    0.000000
 2939.003660    0.000000
 2939.681400    0.000000
 2940.357670    0.000000
 2941.035640    0.000000
 2941.712160    0.000000
 2942.389160    0.000000
 2943.067630    0.000000
 2943.744630    0.000000
 2944.423580    0.000000
 2945.100830    0.000000
 2945.780030    0.000000
 2946.457760    0.000000
 2947.135500    0.000000
 2947.815190    0.000000
 2948.493410    0.000000
 2949.173100    0.000000
 2949.851560    0.000000
 2950.531980    0.000000
 2951.210450    0.000000
 2951.889650    0.000000
 2952.570070    0.000000
 2953.249270    0.000000
 2953.930660    0.000000
 2954.610110    0.000000
 2955.291500    0.000000
 2955.971190    0.000000
 2956.651120    0.000000
 2957.333010    0.000000
 2958.013180    0.000000
 2958.695560    0.000000
 2959.376220    0.000000
 2960.058350    0.000000
 2960.739500    0.000000
 2961.420410    0.000000
 2962.103520    0.000000
 2962.784910    0.000000
 2963.468020    0.000000
 2964.149900    0.000000
 2964.833500    0.000000
 2965.515380    0.000000
 2966.197750    0.000000
 2966.881590    0.000000
 2967.564210    0.000000
 2968.248540    0.000000
 2968.931150    0.000000
 2969.615720    0.000000
 2970.299070    0.000000
 2970.984130    0.000000
 2971.667480    0.000000
 2972.351070    0.000000
 2973.036620    0.000000
 2973.720700    0.000000
 2974.406250    0.000000
 2975.090580    0.000000
 2975.776610    0.000000
 2976.461180    0.000000
 2977.146000    0.000000
 2977.832280    0.000000
 2978.517580    0.000000
 2979.204350    0.000000
 2979.889650    0.000000
 2980.576660    0.000000
 2981.262210    0.000000
 2981.948240    0.000000
 2982.635990    0.000000
 2983.322020    0.000000
 2984.010010    0.000000
 2984.696530    0.000000
 2985.384770    0.000000
 2986.071530    0.000000
 2986.758540    0.000000
 2987.447270    0.000000
 2988.134770    0.000000
 2988.823490    0.000000
 2989.510990    0.000000
 2990.200440    0.000000
 2990.888180    0.000000
 2991.576170    0.000000
 2992.266360    0.000000
 2992.954830    0.000000
 2993.644780    0.000000
 2994.333500    0.000000
 2995.023930    0.000000
 2995.713130    0.000000
 2996.402100    0.000000
 2997.093020    0.000000
 2997.782710    0.000000
 2998.473880    0.000000
 2999.163570    0.000000
 2999.855470    0.000000
 3000.545410    0.000000
 3001.235600    0.000000
 3001.927730    0.000000
 3002.618410    0.000000
 3003.310550    0.000000
 3004.001710    0.000000
 3004.694340    0.000000
 3005.385740    0.000000
 3006.076900    0.000000
 3006.770020    0.000000
 3007.461670    0.000000
 3008.155270    0.000000
 3008.847410    0.000000
 3009.541260    0.000000
 3010.233400    0.000000
 3010.926270    0.000000
 3011.620360    0.000000
 3012.313230    0.000000
 3013.007810    0.000000
 3013.700930    0.000000
 3014.395750    0.000000
 3015.089360    0.000000
 3015.783200    0.000000
 3016.478270    0.000000
 3017.172610    0.000000
 3017.868160    0.000000
 3018.562260    0.000000
 3019.258540    0.000000
 3019.952880    0.000000
 3020.647950    0.000000
 3021.344480    0.000000
 3022.039310    0.000000
 3022.736330    0.000000
 3023.431640    0.000000
 3024.128660    0.000000
 3024.824460    0.000000
 3025.522220    0.000000
 3026.218020    0.000000
 3026.914310    0.000000
 3027.612300    0.000000
 3028.308840    0.000000
 3029.007080    0.000000
 3029.703860    0.000000
 3030.402590    0.000000
 3031.099850    0.000000
 3031.797120    0.000000
 3032.496090    0.000000
 3033.193600    0.000000
 3033.893310    0.000000
 3034.591060    0.000000
 3035.290770    0.000000
 3035.989010    0.000000
 3036.687740    0.000000
 3037.387700    0.000000
 3038.086670    0.000000
 3038.787350    0.000000
 3039.486080    0.000000
 3040.187260    0.000000
 3040.886470    0.000000
 3041.586180    0.000000
 3042.287350    0.000000
 3042.987550    0.000000
 3043.689210    0.000000
 3044.389160    0.000000
 3045.091060    0.000000
 3045.791750    0.000000
 3046.492430    0.000000
 3047.194820    0.000000
 3047.896000    0.000000
 3048.598880    0.000000
 3049.300050    0.000000
