 2653.384280    0.000000
 2653.996340    0.000000
 2654.606690    0.000000
 2655.217290    0.000000
 2655.829830    0.000000
 2656.440670    0.000000
 2657.053220    0.000000
 2657.664550    0.000000
 2658.277340    0.000000
 2658.888920    0.000000
 2659.500730    0.000000
 2660.114010    0.000000
 2660.725830    0.000000
 2661.339360    0.000000
 2661.951660    0.000000
 2662.565430    0.000000
 2663.177980    0.000000
 2663.790530    0.000000
 2664.404790    0.000000
 2665.017820    0.000000
 2665.632320    0.000000
 2666.245610    0.000000
 2666.860350    0.000000
 2667.473880    0.000000
 2668.089110    0.000000
 2668.702880    0.000000
 2669.316890    0.000000
 2669.932370    0.000000
 2670.546630    0.000000
 2671.162350    0.000000
 2671.776860    0.000000
 2672.393070    0.000000
 2673.007810    0.000000
 2673.622560    0.000000
 2674.239260    0.000000
 2674.854490    0.000000
 2675.471190    0.000000
 2676.086670    0.000000
 2676.703860    0.000000
 2677.319580    0.000000
 2677.935550    0.000000
 2678.552980    0.000000
 2679.169190    0.000000
 2679.786870    0.000000
 2680.403560    0.000000
 2681.021480    0.000000
 2681.638430    0.000000
 2682.255370    0.000000
 2682.873780    0.000000
 2683.490970    0.000000
 2684.109860    0.000000
 2684.727290    0.000000
 2685.346440    0.000000
 2685.964110    0.000000
 2686.582030    0.000000
 2687.201660    0.000000
 2687.819820    0.000000
 2688.439450    0.000000
 2689.057860    0.000000
 2689.677980    0.000000
 2690.296880    0.000000
 2690.915770    0.000000
 2691.536380    0.000000
 2692.155270    0.000000
 2692.776370    0.000000
 2693.395750    0.000000
 2694.016850    0.000000
 2694.636720    0.000000
 2695.256590    0.000000
 2695.877930    0.000000
 2696.498050    0.000000
 2697.119870    0.000000
 2697.740480    0.000000
 2698.362550    0.000000
 2698.983400    0.000000
 2699.604250    0.000000
 2700.226810    0.000000
 2700.847900    0.000000
 2701.470700    0.000000
 2702.092040    0.000000
 2702.715330    0.000000
 2703.337160    0.000000
 2703.958980    0.000000
 2704.582520    0.000000
 2705.204830    0.000000
 2705.828370    0.000000
 2706.450930    0.000000
 2707.074950    0.000000
 2707.697750    0.000000
 2708.320800    0.000000
 2708.945310    0.000000
 2709.568360    0.000000
 2710.193360    0.000000
 2710.816650    0.000000
 2711.441890    0.000000
 2712.065670    0.000000
 2712.689450    0.000000
 2713.314940    0.000000
 2713.939210    0.000000
 2714.565190    0.000000
 2715.189450    0.000000
 2715.815670    0.000000
 2716.440430    0.000000
 2717.066890    0.000000
 2717.691890    0.000000
 2718.317140    0.000000
 2718.943850    0.000000
 2719.569340    0.000000
 2720.196530    0.000000
 2720.822270    0.000000
 2721.449710    0.000000
 2722.075680    0.000000
 2722.702150    0.000000
 2723.329830    0.000000
 2723.956300    0.000000
 2724.584470    0.000000
 2725.211430    0.000000
 2725.839600    0.000000
 2726.466800    0.000000
 2727.093990    0.000000
 2727.722900    0.000000
 2728.350340    0.000000
 2728.979490    0.000000
 2729.607420    0.000000
 2730.236820    0.000000
 2730.864750    0.000000
 2731.493160    0.000000
 2732.122800    0.000000
 2732.751460    0.000000
 2733.381590    0.000000
 2734.010500    0.000000
 2734.640870    0.000000
 2735.270020    0.000000
 2735.899410    0.000000
 2736.530270    0.000000
 2737.159670    0.000000
 2737.790770    0.000000
 2738.420650    0.000000
 2739.052250    0.000000
 2739.682370    0.000000
 2740.312500    0.000000
 2740.944340    0.000000
 2741.575200    0.000000
 2742.207280    0.000000
 2742.838130    0.000000
 2743.470460    0.000000
 2744.101560    0.000000
 2744.732910    0.000000
 2745.365970    0.000000
 2745.997310    0.000000
 2746.630860    0.000000
 2747.262700    0.000000
 2747.896000    0.000000
 2748.528080    0.000000
 2749.160640    0.000000
 2749.794430    0.000000
 2750.427000    0.000000
 2751.061280    0.000000
 2751.694090    0.000000
 2752.328610    0.000000
 2752.961910    0.000000
 2753.595210    0.000000
 2754.230220    0.000001
 2754.863770    0.000001
 2755.499020    0.000001
 2756.132810    0.000001
 2756.768550    0.000001
 2757.402590    0.000001
 2758.036870    0.000001
 2758.673100    0.000001
 2759.307620    0.000001
 2759.943850    0.000001
 2760.578860    0.000001
 2761.215330    0.000002
 2761.850590    0.000002
 2762.487550    0.000002
 2763.123050    0.000002
 2763.758790    0.000002
 2764.396000    0.000003
 2765.031980    0.000003
 2765.669430    0.000003
 2766.305910    0.000003
 2766.943600    0.000004
 2767.580320    0.000004
 2768.216800    0.000005
 2768.855220    0.000005
 2769.492190    0.000005
 2770.130860    0.000006
 2770.768070    0.000007
 2771.407230    0.000007
 2772.044680    0.000008
 2772.682130    0.000009
 2773.321780    0.000009
 2773.959720    0.000010
 2774.599370    0.000010
 2775.237550    0.000011
 2775.877690    0.000012
 2776.516360    0.000014
 2777.155030    0.000015
 2777.795170    0.000017
 2778.434330    0.000018
 2779.074950    0.000020
 2779.714360    0.000022
 2780.355470    0.000024
 2780.995120    0.000026
 2781.634770    0.000029
 2782.276120    0.000031
 2782.916260    0.000033
 2783.558110    0.000037
 2784.198490    0.000040
 2784.840330    0.000044
 2785.480960    0.000048
 2786.121830    0.000051
 2786.764400    0.000056
 2787.405270    0.000061
 2788.048100    0.000067
 2788.689450    0.000072
 2789.332520    0.000078
 2789.974370    0.000085
 2790.615970    0.000093
 2791.259770    0.000100
 2791.901610    0.000109
 2792.545410    0.000118
 2793.187990    0.000129
 2793.832030    0.000139
 2794.474850    0.000151
 2795.117680    0.000164
 2795.762210    0.000177
 2796.405520    0.000192
 2797.050290    0.000208
 2797.693600    0.000225
 2798.338870    0.000243
 2798.982420    0.000263
 2799.626460    0.000284
 2800.272220    0.000308
 2800.916260    0.000333
 2801.562260    0.000360
 2802.206790    0.000388
 2802.852780    0.000419
 2803.497560    0.000452
 2804.142580    0.000488
 2804.789310    0.000526
 2805.434330    0.000567
 2806.081300    0.000612
 2806.726810    0.000660
 2807.374020    0.000710
 2808.020020    0.000766
 2808.666020    0.000824
 2809.313480    0.000887
 2809.959960    0.000955
 2810.607910    0.001027
 2811.254390    0.001104
 2811.902830    0.001188
 2812.549560    0.001277
 2813.198240    0.001372
 2813.845210    0.001473
 2814.492680    0.001582
 2815.141600    0.001698
 2815.789310    0.001822
 2816.438720    0.001956
 2817.086430    0.002097
 2817.736080    0.002250
 2818.384520    0.002411
 2819.032710    0.002584
 2819.682620    0.002768
 2820.331300    0.002963
 2820.981930    0.003173
 2821.630620    0.003396
 2822.281490    0.003633
 2822.930660    0.003886
 2823.580080    0.004155
 2824.231200    0.004442
 2824.880860    0.004747
 2825.532230    0.005072
 2826.182370    0.005417
 2826.833980    0.005783
 2827.484380    0.006173
 2828.134770    0.006586
 2828.786870    0.007027
 2829.437740    0.007492
 2830.090090    0.007988
 2830.741210    0.008513
 2831.394040    0.009071
 2832.045410    0.009662
 2832.697020    0.010287
 2833.350100    0.010952
 2834.001950    0.011654
 2834.655520    0.012399
 2835.307620    0.013186
 2835.961180    0.014021
 2836.613770    0.014902
 2837.266360    0.015835
 2837.920410    0.016822
 2838.573490    0.017863
 2839.228030    0.018967
 2839.881100    0.020128
 2840.535890    0.021358
 2841.189450    0.022655
 2841.843020    0.024021
 2842.498540    0.025467
 2843.152340    0.026988
 2843.807860    0.028595
 2844.462160    0.030285
 2845.118160    0.032070
 2845.772710    0.033945
 2846.427250    0.035919
 2847.083740    0.038003
 2847.738770    0.040191
 2848.395260    0.042497
 2849.050540    0.044916
 2849.707760    0.047467
 2850.363280    0.050140
 2851.018800    0.052948
 2851.676270    0.055906
 2852.332280    0.059004
 2852.989990    0.062263
 2853.646480    0.065676
 2854.304440    0.069263
 2854.960940    0.073017
 2855.617920    0.076954
 2856.276370    0.081088
 2856.933350    0.085409
 2857.592290    0.089947
 2858.249760    0.094687
 2858.908940    0.099662
 2859.566650    0.104854
 2860.224370    0.110284
 2860.883790    0.115977
 2861.541750    0.121914
 2862.201900    0.128139
 2862.860350    0.134624
 2863.520510    0.141415
 2864.179200    0.148489
 2864.839840    0.155893
 2865.498780    0.163599
 2866.157960    0.171639
 2866.818850    0.180044
 2867.478520    0.188790
 2868.139650    0.197925
 2868.799320    0.207419
 2869.460940    0.217337
 2870.121090    0.227640
 2870.781490    0.238368
 2871.443360    0.249556
 2872.103760    0.261168
 2872.766360    0.273283
 2873.427000    0.285841
 2874.089600    0.298931
 2874.750730    0.312501
 2875.412110    0.326601
 2876.075440    0.341286
 2876.736820    0.356483
 2877.400390    0.372308
 2878.062260    0.388682
 2878.725830    0.405709
 2879.388180    0.423329
 2880.050540    0.441593
 2880.714600    0.460567
 2881.377440    0.480186
 2882.041750    0.500548
 2882.704830    0.521591
 2883.369380    0.543417
 2884.032960    0.565968
 2884.696530    0.589292
 2885.361330    0.613455
 2886.025390    0.638407
 2886.690920    0.664249
 2887.354980    0.690891
 2888.020510    0.718468
 2888.685060    0.746900
 2889.349610    0.776248
 2890.015870    0.806610
 2890.680910    0.837875
 2891.347410    0.870191
 2892.012700    0.903447
 2892.679200    0.937788
 2893.344970    0.973133
 2894.010500    1.009527
 2894.677730    1.047102
 2895.343510    1.085698
 2896.011470    1.125552
 2896.677490    1.166436
 2897.345460    1.208611
 2898.011960    1.251881
 2898.678960    1.296391
 2899.347170    1.342215
 2900.014160    1.389204
 2900.682860    1.437585
 2901.350100    1.487148
 2902.019530    1.538188
 2902.687010    1.590405
 2903.354740    1.643983
 2904.024410    1.699085
 2904.692380    1.755428
 2905.361820    1.813294
 2906.030520    1.872512
 2906.700680    1.933293
 2907.369140    1.995366
 2908.038090    2.058943
 2908.708500    2.124137
 2909.377930    2.190726
 2910.048830    2.258965
 2910.718260    2.328569
 2911.389650    2.399905
 2912.059330    2.472594
 2912.729250    2.546851
 2913.400630    2.622827
 2914.070800    2.700222
 2914.742920    2.779415
 2915.413570    2.860007
 2916.085690    2.942354
 2916.756590    3.026130
 2917.429200    3.111704
 2918.100340    3.198674
 2918.771730    3.287253
 2919.444580    3.377607
 2920.116210    3.469373
 2920.789550    3.562945
 2921.461670    3.657913
 2922.135500    3.754682
 2922.807370    3.852716
 2923.479740    3.952355
 2924.154050    4.053811
 2924.826660    4.156518
 2925.500980    4.260982
 2926.174070    4.366732
 2926.848880    4.474210
 2927.522220    4.582891
 2928.195800    4.693021
 2928.870850    4.804779
 2929.544920    4.917737
 2930.220460    5.032274
 2930.894530    5.147864
 2931.570310    5.265018
 2932.244630    5.383151
 2932.919190    5.502522
 2933.595700    5.623400
 2934.270260    5.745047
 2934.947270    5.868212
 2935.622310    5.992051
 2936.299070    6.117190
 2936.974850    6.243083
 2937.650390    6.369813
 2938.327880    6.497743
 2939.003660    6.626127
 2939.681400    6.755602
 2940.357670    6.885457
 2941.035640    7.016242
 2941.712160    7.147279
 2942.389160    7.278883
 2943.067630    7.411177
 2943.744630    7.543521
 2944.423580    7.676514
 2945.100830    7.809365
 2945.780030    7.942718
 2946.457760    8.075827
 2947.135500    8.208901
 2947.815190    8.342245
 2948.493410    8.475107
 2949.173100    8.607980
 2949.851560    8.740253
 2950.531980    8.872461
 2951.210450    9.003759
 2951.889650    9.134583
 2952.570070    9.264930
 2953.249270    9.394248
 2953.930660    9.523095
 2954.610110    9.650593
 2955.291500    9.777385
 2955.971190    9.902695
 2956.651120    10.026795
 2957.333010    10.149899
 2958.013180    10.271249
 2958.695560    10.391447
 2959.376220    10.509710
 2960.058350    10.626498
 2960.739500    10.741297
 2961.420410    10.854139
 2962.103520    10.965332
 2962.784910    11.074142
 2963.468020    11.181026
 2964.149900    11.285429
 2964.833500    11.387709
 2965.515380    11.487267
 2966.197750    11.584341
 2966.881590    11.678973
 2967.564210    11.770706
 2968.248540    11.859845
 2968.931150    11.945866
 2969.615720    12.029145
 2970.299070    12.109217
 2970.984130    12.186344
 2971.667480    12.260068
 2972.351070    12.330540
 2973.036620    12.397848
 2973.720700    12.461590
 2974.406250    12.521973
 2975.090580    12.578699
 2975.776610    12.631948
 2976.461180    12.681418
 2977.146000    12.727190
 2977.832280    12.769281
 2978.517580    12.807493
 2979.204350    12.841919
 2979.889650    12.872369
 2980.576660    12.898947
 2981.262210    12.921499
 2981.948240    12.940070
 2982.635990    12.954648
 2983.322020    12.965139
 2984.010010    12.971584
 2984.696530    12.973931
 2985.384770    12.972181
 2986.071530    12.966335
 2986.758540    12.956389
 2987.447270    12.942307
 2988.134770    12.924152
 2988.823490    12.901871
 2989.510990    12.875557
 2990.200440    12.845102
 2990.888180    12.810688
 2991.576170    12.772260
 2992.266360    12.729713
 2992.954830    12.683326
 2993.644780    12.632920
 2994.333500    12.578735
 2995.023930    12.520580
 2995.713130    12.458752
 2996.402100    12.393224
 2997.093020    12.323833
 2997.782710    12.250953
 2998.473880    12.174362
 2999.163570    12.094452
 2999.855470    12.010864
 3000.545410    11.924170
 3001.235600    11.834186
 3001.927730    11.740748
 3002.618410    11.644401
 3003.310550    11.544817
 3004.001710    11.442436
 3004.694340    11.336981
 3005.385740    11.228950
 3006.076900    11.118296
 3006.770020    11.004751
 3007.461670    10.888971
 3008.155270    10.770481
 3008.847410    10.649964
 3009.541260    10.526969
 3010.233400    10.402205
 3010.926270    10.275340
 3011.620360    10.146385
 3012.313230    10.015899
 3013.007810    9.883435
 3013.700930    9.749705
 3014.395750    9.614206
 3015.089360    9.477615
 3015.783200    9.339754
 3016.478270    9.200536
 3017.172610    9.060455
 3017.868160    8.919228
 3018.562260    8.777504
 3019.258540    8.634644
 3019.952880    8.491603
 3020.647950    8.347935
 3021.344480    8.203588
 3022.039310    8.059324
 3022.736330    7.914433
 3023.431640    7.769827
 3024.128660    7.624893
 3024.824460    7.480336
 3025.522220    7.335593
 3026.218020    7.191566
 3026.914310    7.047841
 3027.612300    6.904256
 3028.308840    6.761551
 3029.007080    6.619161
 3029.703860    6.477816
 3030.402590    6.336903
 3031.099850    6.197190
 3031.797120    6.058455
 3032.496090    5.920435
 3033.193600    5.783828
 3033.893310    5.647983
 3034.591060    5.513773
 3035.290770    5.380509
 3035.989010    5.248902
 3036.687740    5.118638
 3037.387700    4.989637
 3038.086670    4.862358
 3038.787350    4.736362
 3039.486080    4.612351
 3040.187260    4.489592
 3040.886470    4.368892
 3041.586180    4.249865
 3042.287350    4.132383
 3042.987550    4.016891
 3043.689210    3.903015
 3044.389160    3.791297
 3045.091060    3.681176
 3045.791750    3.573174
 3046.492430    3.467116
 3047.194820    3.362767
 3047.896000    3.260576
 3048.598880    3.160130
 3049.300050    3.061925
