 2653.384280    0.000000
 2653.996340    0.000000
 2654.606690    0.000000
 2655.217290    0.000000
 2655.829830    0.000000
 2656.440670    0.000000
 2657.053220    0.000000
 2657.664550    0.000000
 2658.277340    0.000000
 2658.888920    0.000000
 2659.500730    0.000000
 2660.114010    0.000000
 2660.725830    0.000000
 2661.339360    0.000000
 2661.951660    0.000000
 2662.565430    0.000000
 2663.177980    0.000000
 2663.790530    0.000000
 2664.404790    0.000000
 2665.017820    0.000000
 2665.632320    0.000000
 2666.245610    0.000000
 2666.860350    0.000000
 2667.473880    0.000000
 2668.089110    0.000000
 2668.702880    0.000000
 2669.316890    0.000000
 2669.932370    0.000000
 2670.546630    0.000000
 2671.162350    0.000000
 2671.776860    0.000000
 2672.393070    0.000000
 2673.007810    0.000000
 2673.622560    0.000000
 2674.239260    0.000000
 2674.854490    0.000000
 2675.471190    0.000000
 2676.086670    0.000000
 2676.703860    0.000000
 2677.319580    0.000000
 2677.935550    0.000000
 2678.552980    0.000000
 2679.169190    0.000000
 2679.786870    0.000000
 2680.403560    0.000000
 2681.021480    0.000000
 2681.638430    0.000000
 2682.255370    0.000000
 2682.873780    0.000000
 2683.490970    0.000000
 2684.109860    0.000000
 2684.727290    0.000000
 2685.346440    0.000000
 2685.964110    0.000000
 2686.582030    0.000000
 2687.201660    0.000000
 2687.819820    0.000000
 2688.439450    0.000000
 2689.057860    0.000000
 2689.677980    0.000000
 2690.296880    0.000000
 2690.915770    0.000000
 2691.536380    0.000000
 2692.155270    0.000000
 2692.776370    0.000000
 2693.395750    0.000000
 2694.016850    0.000000
 2694.636720    0.000000
 2695.256590    0.000000
 2695.877930    0.000000
 2696.498050    0.000000
 2697.119870    0.000000
 2697.740480    0.000000
 2698.362550    0.000000
 2698.983400    0.000000
 2699.604250    0.000000
 2700.226810    0.000000
 2700.847900    0.000000
 2701.470700    0.000000
 2702.092040    0.000000
 2702.715330    0.000000
 2703.337160    0.000000
 2703.958980    0.000000
 2704.582520    0.000000
 2705.204830    0.000000
 2705.828370    0.000000
 2706.450930    0.000000
 2707.074950    0.000000
 2707.697750    0.000000
 2708.320800    0.000000
 2708.945310    0.000000
 2709.568360    0.000000
 2710.193360    0.000000
 2710.816650    0.000000
 2711.441890    0.000000
 2712.065670    0.000000
 2712.689450    0.000000
 2713.314940    0.000000
 2713.939210    0.000000
 2714.565190    0.000000
 2715.189450    0.000000
 2715.815670    0.000000
 2716.440430    0.000000
 2717.066890    0.000000
 2717.691890    0.000000
 2718.317140    0.000000
 2718.943850    0.000000
 2719.569340    0.000000
 2720.196530    0.000000
 2720.822270    0.000000
 2721.449710    0.000000
 2722.075680    0.000000
 2722.702150    0.000000
 2723.329830    0.000000
 2723.956300    0.000000
 2724.584470    0.000000
 2725.211430    0.000000
 2725.839600    0.000000
 2726.466800    0.000000
 2727.093990    0.000000
 2727.722900    0.000000
 2728.350340    0.000000
 2728.979490    0.000000
 2729.607420    0.000000
 2730.236820    0.000000
 2730.864750    0.000000
 2731.493160    0.000000
 2732.122800    0.000000
 2732.751460    0.000000
 2733.381590    0.000000
 2734.010500    0.000000
 2734.640870    0.000000
 2735.270020    0.000000
 2735.899410    0.000000
 2736.530270    0.000000
 2737.159670    0.000000
 2737.790770    0.000000
 2738.420650    0.000000
 2739.052250    0.000000
 2739.682370    0.000000
 2740.312500    0.000000
 2740.944340    0.000000
 2741.575200    0.000000
 2742.207280    0.000000
 2742.838130    0.000000
 2743.470460    0.000000
 2744.101560    0.000000
 2744.732910    0.000000
 2745.365970    0.000000
 2745.997310    0.000000
 2746.630860    0.000000
 2747.262700    0.000000
 2747.896000    0.000000
 2748.528080    0.000000
 2749.160640    0.000000
 2749.794430    0.000000
 2750.427000    0.000000
 2751.061280    0.000000
 2751.694090    0.000000
 2752.328610    0.000000
 2752.961910    0.000000
 2753.595210    0.000000
 2754.230220    0.000000
 2754.863770    0.000000
 2755.499020    0.000000
 2756.132810    0.000000
 2756.768550    0.000000
 2757.402590    0.000000
 2758.036870    0.000000
 2758.673100    0.000000
 2759.307620    0.000000
 2759.943850    0.000000
 2760.578860    0.000000
 2761.215330    0.000000
 2761.850590    0.000000
 2762.487550    0.000000
 2763.123050    0.000000
 2763.758790    0.000000
 2764.396000    0.000000
 2765.031980    0.000000
 2765.669430    0.000000
 2766.305910    0.000000
 2766.943600    0.000000
 2767.580320    0.000000
 2768.216800    0.000000
 2768.855220    0.000000
 2769.492190    0.000000
 2770.130860    0.000000
 2770.768070    0.000000
 2771.407230    0.000000
 2772.044680    0.000000
 2772.682130    0.000000
 2773.321780    0.000000
 2773.959720    0.000000
 2774.599370    0.000000
 2775.237550    0.000000
 2775.877690    0.000000
 2776.516360    0.000000
 2777.155030    0.000000
 2777.795170    0.000000
 2778.434330    0.000000
 2779.074950    0.000000
 2779.714360    0.000000
 2780.355470    0.000000
 2780.995120    0.000000
 2781.634770    0.000000
 2782.276120    0.000000
 2782.916260    0.000000
 2783.558110    0.000000
 2784.198490    0.000000
 2784.840330    0.000000
 2785.480960    0.000000
 2786.121830    0.000000
 2786.764400    0.000000
 2787.405270    0.000000
 2788.048100    0.000000
 2788.689450    0.000000
 2789.332520    0.000000
 2789.974370    0.000000
 2790.615970    0.000000
 2791.259770    0.000000
 2791.901610    0.000000
 2792.545410    0.000000
 2793.187990    0.000000
 2793.832030    0.000000
 2794.474850    0.000000
 2795.117680    0.000000
 2795.762210    0.000000
 2796.405520    0.000000
 2797.050290    0.000000
 2797.693600    0.000000
 2798.338870    0.000000
 2798.982420    0.000000
 2799.626460    0.000000
 2800.272220    0.000000
 2800.916260    0.000000
 2801.562260    0.000000
 2802.206790    0.000000
 2802.852780    0.000000
 2803.497560    0.000000
 2804.142580    0.000000
 2804.789310    0.000000
 2805.434330    0.000000
 2806.081300    0.000000
 2806.726810    0.000000
 2807.374020    0.000000
 2808.020020    0.000000
 2808.666020    0.000000
 2809.313480    0.000000
 2809.959960    0.000000
 2810.607910    0.000000
 2811.254390    0.000000
 2811.902830    0.000000
 2812.549560    0.000000
 2813.198240    0.000000
 2813.845210    0.000000
 2814.492680    0.000000
 2815.141600    0.000000
 2815.789310    0.000000
 2816.438720    0.000000
 2817.086430    0.000000
 2817.736080    0.000000
 2818.384520    0.000000
 2819.032710    0.000000
 2819.682620    0.000000
 2820.331300    0.000000
 2820.981930    0.000000
 2821.630620    0.000000
 2822.281490    0.000000
 2822.930660    0.000000
 2823.580080    0.000000
 2824.231200    0.000000
 2824.880860    0.000000
 2825.532230    0.000000
 2826.182370    0.000000
 2826.833980    0.000000
 2827.484380    0.000000
 2828.134770    0.000000
 2828.786870    0.000000
 2829.437740    0.000000
 2830.090090    0.000000
 2830.741210    0.000000
 2831.394040    0.000000
 2832.045410    0.000000
 2832.697020    0.000000
 2833.350100    0.000000
 2834.001950    0.000000
 2834.655520    0.000000
 2835.307620    0.000000
 2835.961180    0.000000
 2836.613770    0.000000
 2837.266360    0.000000
 2837.920410    0.000000
 2838.573490    0.000000
 2839.228030    0.000000
 2839.881100    0.000000
 2840.535890    0.000000
 2841.189450    0.000000
 2841.843020    0.000000
 2842.498540    0.000000
 2843.152340    0.000000
 2843.807860    0.000000
 2844.462160    0.000000
 2845.118160    0.000000
 2845.772710    0.000000
 2846.427250    0.000000
 2847.083740    0.000000
 2847.738770    0.000000
 2848.395260    0.000000
 2849.050540    0.000000
 2849.707760    0.000000
 2850.363280    0.000000
 2851.018800    0.000000
 2851.676270    0.000000
 2852.332280    0.000000
 2852.989990    0.000000
 2853.646480    0.000000
 2854.304440    0.000000
 2854.960940    0.000000
 2855.617920    0.000000
 2856.276370    0.000000
 2856.933350    0.000000
 2857.592290    0.000000
 2858.249760    0.000000
 2858.908940    0.000001
 2859.566650    0.000001
 2860.224370    0.000001
 2860.883790    0.000001
 2861.541750    0.000002
 2862.201900    0.000002
 2862.860350    0.000003
 2863.520510    0.000003
 2864.179200    0.000004
 2864.839840    0.000006
 2865.498780    0.000007
 2866.157960    0.000009
 2866.818850    0.000010
 2867.478520    0.000013
 2868.139650    0.000016
 2868.799320    0.000021
 2869.460940    0.000026
 2870.121090    0.000031
 2870.781490    0.000039
 2871.443360    0.000049
 2872.103760    0.000060
 2872.766360    0.000074
 2873.427000    0.000092
 2874.089600    0.000112
 2874.750730    0.000137
 2875.412110    0.000168
 2876.075440    0.000204
 2876.736820    0.000248
 2877.400390    0.000301
 2878.062260    0.000365
 2878.725830    0.000442
 2879.388180    0.000532
 2880.050540    0.000640
 2880.714600    0.000769
 2881.377440    0.000921
 2882.041750    0.001102
 2882.704830    0.001315
 2883.369380    0.001567
 2884.032960    0.001862
 2884.696530    0.002207
 2885.361330    0.002612
 2886.025390    0.003084
 2886.690920    0.003634
 2887.354980    0.004272
 2888.020510    0.005014
 2888.685060    0.005870
 2889.349610    0.006857
 2890.015870    0.007996
 2890.680910    0.009300
 2891.347410    0.010799
 2892.012700    0.012508
 2892.679200    0.014461
 2893.344970    0.016679
 2894.010500    0.019195
 2894.677730    0.022051
 2895.343510    0.025270
 2896.011470    0.028908
 2896.677490    0.032987
 2897.345460    0.037573
 2898.011960    0.042693
 2898.678960    0.048411
 2899.347170    0.054789
 2900.014160    0.061860
 2900.682860    0.069714
 2901.350100    0.078376
 2902.019530    0.087958
 2902.687010    0.098468
 2903.354740    0.110001
 2904.024410    0.122661
 2904.692380    0.136446
 2905.361820    0.151492
 2906.030520    0.167819
 2906.700680    0.185549
 2907.369140    0.204663
 2908.038090    0.225284
 2908.708500    0.247507
 2909.377930    0.271310
 2910.048830    0.296831
 2910.718260    0.324006
 2911.389650    0.353014
 2912.059330    0.383730
 2912.729250    0.416262
 2913.400630    0.450690
 2914.070800    0.486885
 2914.742920    0.525018
 2915.413570    0.564880
 2916.085690    0.606623
 2916.756590    0.650042
 2917.429200    0.695281
 2918.100340    0.742069
 2918.771730    0.790449
 2919.444580    0.840434
 2920.116210    0.891731
 2920.789550    0.944464
 2921.461670    0.998291
 2922.135500    1.053330
 2922.807370    1.109156
 2923.479740    1.165833
 2924.154050    1.223354
 2924.826660    1.281269
 2925.500980    1.339733
 2926.174070    1.398356
 2926.848880    1.457260
 2927.522220    1.516040
 2928.195800    1.574728
 2928.870850    1.633321
 2929.544920    1.691513
 2930.220460    1.749435
 2930.894530    1.806775
 2931.570310    1.863763
 2932.244630    1.920110
 2932.919190    1.975966
 2933.595700    2.031504
 2934.270260    2.086460
 2934.947270    2.141280
 2935.622310    2.195725
 2936.299070    2.250238
 2936.974850    2.304781
 2937.650390    2.359622
 2938.327880    2.415179
 2939.003660    2.471421
 2939.681400    2.528950
 2940.357670    2.587799
 2941.035640    2.648593
 2941.712160    2.711416
 2942.389160    2.776832
 2943.067630    2.845347
 2943.744630    2.917081
 2944.423580    2.992820
 2945.100830    3.072580
 2945.780030    3.157218
 2946.457760    3.246726
 2947.135500    3.341681
 2947.815190    3.442765
 2948.493410    3.549833
 2949.173100    3.663679
 2949.851560    3.784150
 2950.531980    3.912075
 2951.210450    4.046927
 2951.889650    4.189374
 2952.570070    4.339651
 2953.249270    4.497257
 2953.930660    4.662971
 2954.610110    4.835693
 2955.291500    5.016247
 2955.971190    5.203422
 2956.651120    5.397415
 2957.333010    5.598349
 2958.013180    5.804673
 2958.695560    6.017027
 2959.376220    6.233575
 2960.058350    6.454624
 2960.739500    6.678621
 2961.420410    6.904966
 2962.103520    7.133589
 2962.784910    7.362238
 2963.468020    7.591065
 2964.149900    7.818056
 2964.833500    8.043119
 2965.515380    8.264046
 2966.197750    8.480457
 2966.881590    8.691540
 2967.564210    8.895365
 2968.248540    9.091715
 2968.931150    9.278553
 2969.615720    9.455857
 2970.299070    9.621809
 2970.984130    9.776182
 2971.667480    9.917347
 2972.351070    10.044956
 2973.036620    10.158546
 2973.720700    10.256904
 2974.406250    10.339903
 2975.090580    10.406756
 2975.776610    10.457376
 2976.461180    10.491263
 2977.146000    10.508381
 2977.832280    10.508636
 2978.517580    10.492047
 2979.204350    10.458669
 2979.889650    10.408866
 2980.576660    10.342716
 2981.262210    10.260910
 2981.948240    10.163725
 2982.635990    10.051468
 2983.322020    9.925310
 2984.010010    9.785250
 2984.696530    9.632694
 2985.384770    9.467708
 2986.071530    9.291853
 2986.758540    9.105563
 2987.447270    8.909261
 2988.134770    8.704650
 2988.823490    8.491896
 2989.510990    8.272639
 2990.200440    8.046745
 2990.888180    7.816291
 2991.576170    7.581497
 2992.266360    7.342521
 2992.954830    7.101532
 2993.644780    6.858218
 2994.333500    6.614289
 2995.023930    6.369440
 2995.713130    6.125408
 2996.402100    5.882507
 2997.093020    5.640592
 2997.782710    5.401363
 2998.473880    5.164440
 2999.163570    4.931338
 2999.855470    4.701294
 3000.545410    4.476123
 3001.235600    4.255486
 3001.927730    4.039215
 3002.618410    3.828704
 3003.310550    3.623343
 3004.001710    3.424112
 3004.694340    3.230528
 3005.385740    3.043528
 3006.076900    2.862975
 3006.770020    2.688440
 3007.461670    2.520878
 3008.155270    2.359530
 3008.847410    2.205232
 3009.541260    2.057285
 3010.233400    1.916402
 3010.926270    1.782030
 3011.620360    1.654040
 3012.313230    1.532799
 3013.007810    1.417694
 3013.700930    1.309136
 3014.395750    1.206492
 3015.089360    1.110049
 3015.783200    1.019423
 3016.478270    0.934327
 3017.172610    0.854815
 3017.868160    0.780474
 3018.562260    0.711380
 3019.258540    0.646965
 3019.952880    0.587400
 3020.647950    0.532225
 3021.344480    0.481178
 3022.039310    0.434271
 3022.736330    0.391023
 3023.431640    0.351460
 3024.128660    0.315175
 3024.824460    0.282111
 3025.522220    0.251915
 3026.218020    0.224555
 3026.914310    0.199734
 3027.612300    0.177230
 3028.308840    0.156969
 3029.007080    0.138687
 3029.703860    0.122304
 3030.402590    0.107587
 3031.099850    0.094461
 3031.797120    0.082758
 3032.496090    0.072323
 3033.193600    0.063084
 3033.893310    0.054880
 3034.591060    0.047656
 3035.290770    0.041275
 3035.989010    0.035681
 3036.687740    0.030772
 3037.387700    0.026473
 3038.086670    0.022728
 3038.787350    0.019462
 3039.486080    0.016634
 3040.187260    0.014178
 3040.886470    0.012062
 3041.586180    0.010238
 3042.287350    0.008667
 3042.987550    0.007321
 3043.689210    0.006169
 3044.389160    0.005188
 3045.091060    0.004351
 3045.791750    0.003641
 3046.492430    0.003041
 3047.194820    0.002532
 3047.896000    0.002105
 3048.598880    0.001744
 3049.300050    0.001443
