 2653.384280    0.000000
 2653.996340    0.000000
 2654.606690    0.000000
 2655.217290    0.000000
 2655.829830    0.000000
 2656.440670    0.000000
 2657.053220    0.000000
 2657.664550    0.000000
 2658.277340    0.000000
 2658.888920    0.000000
 2659.500730    0.000000
 2660.114010    0.000000
 2660.725830    0.000000
 2661.339360    0.000000
 2661.951660    0.000000
 2662.565430    0.000000
 2663.177980    0.000000
 2663.790530    0.000000
 2664.404790    0.000000
 2665.017820    0.000000
 2665.632320    0.000000
 2666.245610    0.000000
 2666.860350    0.000000
 2667.473880    0.000000
 2668.089110    0.000000
 2668.702880    0.000000
 2669.316890    0.000000
 2669.932370    0.000000
 2670.546630    0.000000
 2671.162350    0.000000
 2671.776860    0.000000
 2672.393070    0.000000
 2673.007810    0.000000
 2673.622560    0.000000
 2674.239260    0.000000
 2674.854490    0.000000
 2675.471190    0.000000
 2676.086670    0.000000
 2676.703860    0.000000
 2677.319580    0.000000
 2677.935550    0.000000
 2678.552980    0.000000
 2679.169190    0.000000
 2679.786870    0.000000
 2680.403560    0.000000
 2681.021480    0.000000
 2681.638430    0.000000
 2682.255370    0.000000
 2682.873780    0.000000
 2683.490970    0.000000
 2684.109860    0.000000
 2684.727290    0.000000
 2685.346440    0.000000
 2685.964110    0.000000
 2686.582030    0.000000
 2687.201660    0.000000
 2687.819820    0.000000
 2688.439450    0.000000
 2689.057860    0.000000
 2689.677980    0.000000
 2690.296880    0.000000
 2690.915770    0.000000
 2691.536380    0.000000
 2692.155270    0.000000
 2692.776370    0.000000
 2693.395750    0.000000
 2694.016850    0.000000
 2694.636720    0.000000
 2695.256590    0.000000
 2695.877930    0.000000
 2696.498050    0.000000
 2697.119870    0.000000
 2697.740480    0.000000
 2698.362550    0.000000
 2698.983400    0.000000
 2699.604250    0.000000
 2700.226810    0.000000
 2700.847900    0.000000
 2701.470700    0.000000
 2702.092040    0.000000
 2702.715330    0.000000
 2703.337160    0.000000
 2703.958980    0.000000
 2704.582520    0.000000
 2705.204830    0.000000
 2705.828370    0.000000
 2706.450930    0.000000
 2707.074950    0.000000
 2707.697750    0.000000
 2708.320800    0.000000
 2708.945310    0.000000
 2709.568360    0.000000
 2710.193360    0.000000
 2710.816650    0.000000
 2711.441890    0.000000
 2712.065670    0.000000
 2712.689450    0.000000
 2713.314940    0.000000
 2713.939210    0.000000
 2714.565190    0.000000
 2715.189450    0.000000
 2715.815670    0.000000
 2716.440430    0.000000
 2717.066890    0.000000
 2717.691890    0.000000
 2718.317140    0.000000
 2718.943850    0.000000
 2719.569340    0.000000
 2720.196530    0.000000
 2720.822270    0.000000
 2721.449710    0.000000
 2722.075680    0.000000
 2722.702150    0.000000
 2723.329830    0.000000
 2723.956300    0.000000
 2724.584470    0.000000
 2725.211430    0.000000
 2725.839600    0.000000
 2726.466800    0.000000
 2727.093990    0.000000
 2727.722900    0.000000
 2728.350340    0.000000
 2728.979490    0.000000
 2729.607420    0.000000
 2730.236820    0.000000
 2730.864750    0.000000
 2731.493160    0.000000
 2732.122800    0.000000
 2732.751460    0.000000
 2733.381590    0.000000
 2734.010500    0.000000
 2734.640870    0.000000
 2735.270020    0.000000
 2735.899410    0.000000
 2736.530270    0.000000
 2737.159670    0.000000
 2737.790770    0.000000
 2738.420650    0.000000
 2739.052250    0.000000
 2739.682370    0.000000
 2740.312500    0.000000
 2740.944340    0.000000
 2741.575200    0.000000
 2742.207280    0.000000
 2742.838130    0.000000
 2743.470460    0.000000
 2744.101560    0.000000
 2744.732910    0.000000
 2745.365970    0.000000
 2745.997310    0.000000
 2746.630860    0.000000
 2747.262700    0.000000
 2747.896000    0.000000
 2748.528080    0.000000
 2749.160640    0.000000
 2749.794430    0.000000
 2750.427000    0.000000
 2751.061280    0.000000
 2751.694090    0.000000
 2752.328610    0.000000
 2752.961910    0.000000
 2753.595210    0.000000
 2754.230220    0.000000
 2754.863770    0.000000
 2755.499020    0.000000
 2756.132810    0.000000
 2756.768550    0.000000
 2757.402590    0.000000
 2758.036870    0.000000
 2758.673100    0.000000
 2759.307620    0.000000
 2759.943850    0.000000
 2760.578860    0.000000
 2761.215330    0.000000
 2761.850590    0.000000
 2762.487550    0.000000
 2763.123050    0.000000
 2763.758790    0.000000
 2764.396000    0.000000
 2765.031980    0.000000
 2765.669430    0.000000
 2766.305910    0.000000
 2766.943600    0.000000
 2767.580320    0.000000
 2768.216800    0.000000
 2768.855220    0.000000
 2769.492190    0.000000
 2770.130860    0.000000
 2770.768070    0.000000
 2771.407230    0.000000
 2772.044680    0.000000
 2772.682130    0.000000
 2773.321780    0.000000
 2773.959720    0.000000
 2774.599370    0.000000
 2775.237550    0.000000
 2775.877690    0.000000
 2776.516360    0.000000
 2777.155030    0.000000
 2777.795170    0.000000
 2778.434330    0.000000
 2779.074950    0.000000
 2779.714360    0.000000
 2780.355470    0.000000
 2780.995120    0.000000
 2781.634770    0.000000
 2782.276120    0.000000
 2782.916260    0.000000
 2783.558110    0.000000
 2784.198490    0.000000
 2784.840330    0.000000
 2785.480960    0.000000
 2786.121830    0.000000
 2786.764400    0.000000
 2787.405270    0.000000
 2788.048100    0.000000
 2788.689450    0.000000
 2789.332520    0.000000
 2789.974370    0.000000
 2790.615970    0.000000
 2791.259770    0.000000
 2791.901610    0.000000
 2792.545410    0.000000
 2793.187990    0.000000
 2793.832030    0.000000
 2794.474850    0.000000
 2795.117680    0.000000
 2795.762210    0.000000
 2796.405520    0.000000
 2797.050290    0.000000
 2797.693600    0.000000
 2798.338870    0.000000
 2798.982420    0.000000
 2799.626460    0.000000
 2800.272220    0.000000
 2800.916260    0.000000
 2801.562260    0.000000
 2802.206790    0.000000
 2802.852780    0.000000
 2803.497560    0.000000
 2804.142580    0.000000
 2804.789310    0.000000
 2805.434330    0.000000
 2806.081300    0.000000
 2806.726810    0.000000
 2807.374020    0.000000
 2808.020020    0.000000
 2808.666020    0.000000
 2809.313480    0.000000
 2809.959960    0.000000
 2810.607910    0.000000
 2811.254390    0.000000
 2811.902830    0.000000
 2812.549560    0.000000
 2813.198240    0.000000
 2813.845210    0.000000
 2814.492680    0.000000
 2815.141600    0.000000
 2815.789310    0.000000
 2816.438720    0.000000
 2817.086430    0.000000
 2817.736080    0.000000
 2818.384520    0.000000
 2819.032710    0.000000
 2819.682620    0.000000
 2820.331300    0.000000
 2820.981930    0.000000
 2821.630620    0.000000
 2822.281490    0.000000
 2822.930660    0.000000
 2823.580080    0.000000
 2824.231200    0.000000
 2824.880860    0.000000
 2825.532230    0.000000
 2826.182370    0.000000
 2826.833980    0.000000
 2827.484380    0.000000
 2828.134770    0.000000
 2828.786870    0.000000
 2829.437740    0.000000
 2830.090090    0.000000
 2830.741210    0.000000
 2831.394040    0.000000
 2832.045410    0.000000
 2832.697020    0.000000
 2833.350100    0.000000
 2834.001950    0.000000
 2834.655520    0.000000
 2835.307620    0.000000
 2835.961180    0.000000
 2836.613770    0.000001
 2837.266360    0.000001
 2837.920410    0.000001
 2838.573490    0.000001
 2839.228030    0.000001
 2839.881100    0.000001
 2840.535890    0.000001
 2841.189450    0.000002
 2841.843020    0.000002
 2842.498540    0.000002
 2843.152340    0.000003
 2843.807860    0.000003
 2844.462160    0.000004
 2845.118160    0.000004
 2845.772710    0.000005
 2846.427250    0.000006
 2847.083740    0.000007
 2847.738770    0.000008
 2848.395260    0.000010
 2849.050540    0.000010
 2849.707760    0.000012
 2850.363280    0.000014
 2851.018800    0.000017
 2851.676270    0.000019
 2852.332280    0.000023
 2852.989990    0.000027
 2853.646480    0.000031
 2854.304440    0.000035
 2854.960940    0.000041
 2855.617920    0.000047
 2856.276370    0.000054
 2856.933350    0.000063
 2857.592290    0.000072
 2858.249760    0.000083
 2858.908940    0.000095
 2859.566650    0.000110
 2860.224370    0.000126
 2860.883790    0.000145
 2861.541750    0.000166
 2862.201900    0.000190
 2862.860350    0.000216
 2863.520510    0.000248
 2864.179200    0.000282
 2864.839840    0.000322
 2865.498780    0.000367
 2866.157960    0.000418
 2866.818850    0.000475
 2867.478520    0.000540
 2868.139650    0.000612
 2868.799320    0.000694
 2869.460940    0.000787
 2870.121090    0.000890
 2870.781490    0.001005
 2871.443360    0.001136
 2872.103760    0.001282
 2872.766360    0.001445
 2873.427000    0.001626
 2874.089600    0.001830
 2874.750730    0.002056
 2875.412110    0.002309
 2876.075440    0.002590
 2876.736820    0.002903
 2877.400390    0.003251
 2878.062260    0.003635
 2878.725830    0.004064
 2879.388180    0.004536
 2880.050540    0.005058
 2880.714600    0.005637
 2881.377440    0.006274
 2882.041750    0.006979
 2882.704830    0.007753
 2883.369380    0.008607
 2884.032960    0.009544
 2884.696530    0.010572
 2885.361330    0.011703
 2886.025390    0.012939
 2886.690920    0.014297
 2887.354980    0.015777
 2888.020510    0.017396
 2888.685060    0.019161
 2889.349610    0.021084
 2890.015870    0.023184
 2890.680910    0.025462
 2891.347410    0.027944
 2892.012700    0.030632
 2892.679200    0.033551
 2893.344970    0.036710
 2894.010500    0.040126
 2894.677730    0.043827
 2895.343510    0.047814
 2896.011470    0.052129
 2896.677490    0.056763
 2897.345460    0.061766
 2898.011960    0.067132
 2898.678960    0.072899
 2899.347170    0.079098
 2900.014160    0.085729
 2900.682860    0.092846
 2901.350100    0.100442
 2902.019530    0.108583
 2902.687010    0.117248
 2903.354740    0.126487
 2904.024410    0.136357
 2904.692380    0.146832
 2905.361820    0.157988
 2906.030520    0.169821
 2906.700680    0.182399
 2907.369140    0.195693
 2908.038090    0.209773
 2908.708500    0.224695
 2909.377930    0.240436
 2910.048830    0.257083
 2910.718260    0.274594
 2911.389650    0.293092
 2912.059330    0.312504
 2912.729250    0.332915
 2913.400630    0.354395
 2914.070800    0.376888
 2914.742920    0.400532
 2915.413570    0.425235
 2916.085690    0.451133
 2916.756590    0.478149
 2917.429200    0.506433
 2918.100340    0.535872
 2918.771730    0.566567
 2919.444580    0.598602
 2920.116210    0.631872
 2920.789550    0.666547
 2921.461670    0.702498
 2922.135500    0.739905
 2922.807370    0.778585
 2923.479740    0.818692
 2924.154050    0.860340
 2924.826660    0.903321
 2925.500980    0.947872
 2926.174070    0.993816
 2926.848880    1.041372
 2927.522220    1.090333
 2928.195800    1.140834
 2928.870850    1.192988
 2929.544920    1.246624
 2930.220460    1.301952
 2930.894530    1.358749
 2931.570310    1.417300
 2932.244630    1.477345
 2932.919190    1.539051
 2933.595700    1.602600
 2934.270260    1.667643
 2934.947270    1.734625
 2935.622310    1.803136
 2936.299070    1.873568
 2936.974850    1.945666
 2937.650390    2.019532
 2938.327880    2.095438
 2939.003660    2.173002
 2939.681400    2.252678
 2940.357670    2.334096
 2941.035640    2.417671
 2941.712160    2.503051
 2942.389160    2.590510
 2943.067630    2.680225
 2943.744630    2.771844
 2944.423580    2.865873
 2945.100830    2.961847
 2945.780030    3.060327
 2946.457760    3.160860
 2947.135500    3.263699
 2947.815190    3.369190
 2948.493410    3.476847
 2949.173100    3.587171
 2949.851560    3.699766
 2950.531980    3.815197
 2951.210450    3.932832
 2951.889650    4.053159
 2952.570070    4.176298
 2953.249270    4.301829
 2953.930660    4.430400
 2954.610110    4.561240
 2955.291500    4.695099
 2955.971190    4.831255
 2956.651120    4.970075
 2957.333010    5.111896
 2958.013180    5.255926
 2958.695560    5.402952
 2959.376220    5.552080
 2960.058350    5.703938
 2960.739500    5.857908
 2961.420410    6.014060
 2962.103520    6.172860
 2962.784910    6.333285
 2963.468020    6.496010
 2964.149900    6.660194
 2964.833500    6.826386
 2965.515380    6.993581
 2966.197750    7.162127
 2966.881590    7.332066
 2967.564210    7.502517
 2968.248540    7.673979
 2968.931150    7.845352
 2969.615720    8.017296
 2970.299070    8.188742
 2970.984130    8.360139
 2971.667480    8.530337
 2972.351070    8.699518
 2973.036620    8.867782
 2973.720700    9.033960
 2974.406250    9.198431
 2975.090580    9.360205
 2975.776610    9.519625
 2976.461180    9.675598
 2977.146000    9.828169
 2977.832280    9.977235
 2978.517580    10.121904
 2979.204350    10.262332
 2979.889650    10.397562
 2980.576660    10.527867
 2981.262210    10.652299
 2981.948240    10.770885
 2982.635990    10.883477
 2983.322020    10.989199
 2984.010010    11.088302
 2984.696530    11.179993
 2985.384770    11.264411
 2986.071530    11.340900
 2986.758540    11.409428
 2987.447270    11.469874
 2988.134770    11.521771
 2988.823490    11.565112
 2989.510990    11.599579
 2990.200440    11.625175
 2990.888180    11.641642
 2991.576170    11.648958
 2992.266360    11.647029
 2992.954830    11.635809
 2993.644780    11.615232
 2994.333500    11.585380
 2995.023930    11.546147
 2995.713130    11.497749
 2996.402100    11.440226
 2997.093020    11.373469
 2997.782710    11.297905
 2998.473880    11.213390
 2999.163570    11.120461
 2999.855470    11.018814
 3000.545410    10.909279
 3001.235600    10.791780
 3001.927730    10.666253
 3002.618410    10.533592
 3003.310550    10.393537
 3004.001710    10.246886
 3004.694340    10.093449
 3005.385740    9.934159
 3006.076900    9.769167
 3006.770020    9.598291
 3007.461670    9.422745
 3008.155270    9.242038
 3008.847410    9.057443
 3009.541260    8.868505
 3010.233400    8.676550
 3010.926270    8.481304
 3011.620360    8.283014
 3012.313230    8.082773
 3013.007810    7.880123
 3013.700930    7.676379
 3014.395750    7.470990
 3015.089360    7.265197
 3015.783200    7.058934
 3016.478270    6.852272
 3017.172610    6.646138
 3017.868160    6.440294
 3018.562260    6.235861
 3019.258540    6.032078
 3019.952880    5.830462
 3020.647950    5.630514
 3021.344480    5.432310
 3022.039310    5.237007
 3022.736330    5.043757
 3023.431640    4.853872
 3024.128660    4.666633
 3024.824460    4.483025
 3025.522220    4.302399
 3026.218020    4.125930
 3026.914310    3.953136
 3027.612300    3.783867
 3028.308840    3.619012
 3029.007080    3.457924
 3029.703860    3.301427
 3030.402590    3.148830
 3031.099850    3.000942
 3031.797120    2.857485
 3032.496090    2.718156
 3033.193600    2.583608
 3033.893310    2.453148
 3034.591060    2.327549
 3035.290770    2.206091
 3035.989010    2.089346
 3036.687740    1.976940
 3037.387700    1.868728
 3038.086670    1.764997
 3038.787350    1.665292
 3039.486080    1.570063
 3040.187260    1.478639
 3040.886470    1.391514
 3041.586180    1.308284
 3042.287350    1.228756
 3042.987550    1.153114
 3043.689210    1.080997
 3044.389160    1.012625
 3045.091060    0.947535
 3045.791750    0.885916
 3046.492430    0.827544
 3047.194820    0.772176
 3047.896000    0.719932
 3048.598880    0.670485
 3049.300050    0.623961
