 2653.384280    0.000000
 2653.996340    0.000000
 2654.606690    0.000000
 2655.217290    0.000000
 2655.829830    0.000000
 2656.440670    0.000000
 2657.053220    0.000000
 2657.664550    0.000000
 2658.277340    0.000000
 2658.888920    0.000000
 2659.500730    0.000000
 2660.114010    0.000000
 2660.725830    0.000000
 2661.339360    0.000000
 2661.951660    0.000000
 2662.565430    0.000000
 2663.177980    0.000000
 2663.790530    0.000000
 2664.404790    0.000000
 2665.017820    0.000000
 2665.632320    0.000000
 2666.245610    0.000000
 2666.860350    0.000000
 2667.473880    0.000000
 2668.089110    0.000000
 2668.702880    0.000000
 2669.316890    0.000000
 2669.932370    0.000000
 2670.546630    0.000000
 2671.162350    0.000000
 2671.776860    0.000000
 2672.393070    0.000000
 2673.007810    0.000000
 2673.622560    0.000000
 2674.239260    0.000000
 2674.854490    0.000000
 2675.471190    0.000000
 2676.086670    0.000000
 2676.703860    0.000000
 2677.319580    0.000000
 2677.935550    0.000000
 2678.552980    0.000000
 2679.169190    0.000000
 2679.786870    0.000000
 2680.403560    0.000000
 2681.021480    0.000000
 2681.638430    0.000000
 2682.255370    0.000000
 2682.873780    0.000000
 2683.490970    0.000000
 2684.109860    0.000000
 2684.727290    0.000000
 2685.346440    0.000000
 2685.964110    0.000000
 2686.582030    0.000000
 2687.201660    0.000000
 2687.819820    0.000000
 2688.439450    0.000000
 2689.057860    0.000000
 2689.677980    0.000000
 2690.296880    0.000000
 2690.915770    0.000000
 2691.536380    0.000000
 2692.155270    0.000000
 2692.776370    0.000000
 2693.395750    0.000000
 2694.016850    0.000000
 2694.636720    0.000000
 2695.256590    0.000000
 2695.877930    0.000000
 2696.498050    0.000000
 2697.119870    0.000000
 2697.740480    0.000000
 2698.362550    0.000000
 2698.983400    0.000000
 2699.604250    0.000000
 2700.226810    0.000000
 2700.847900    0.000000
 2701.470700    0.000000
 2702.092040    0.000000
 2702.715330    0.000000
 2703.337160    0.000000
 2703.958980    0.000000
 2704.582520    0.000000
 2705.204830    0.000000
 2705.828370    0.000000
 2706.450930    0.000000
 2707.074950    0.000000
 2707.697750    0.000000
 2708.320800    0.000000
 2708.945310    0.000000
 2709.568360    0.000000
 2710.193360    0.000000
 2710.816650    0.000000
 2711.441890    0.000000
 2712.065670    0.000000
 2712.689450    0.000000
 2713.314940    0.000000
 2713.939210    0.000000
 2714.565190    0.000000
 2715.189450    0.000000
 2715.815670    0.000000
 2716.440430    0.000000
 2717.066890    0.000000
 2717.691890    0.000000
 2718.317140    0.000000
 2718.943850    0.000000
 2719.569340    0.000000
 2720.196530    0.000000
 2720.822270    0.000000
 2721.449710    0.000000
 2722.075680    0.000000
 2722.702150    0.000000
 2723.329830    0.000000
 2723.956300    0.000000
 2724.584470    0.000000
 2725.211430    0.000000
 2725.839600    0.000000
 2726.466800    0.000000
 2727.093990    0.000000
 2727.722900    0.000000
 2728.350340    0.000000
 2728.979490    0.000000
 2729.607420    0.000000
 2730.236820    0.000000
 2730.864750    0.000000
 2731.493160    0.000000
 2732.122800    0.000000
 2732.751460    0.000000
 2733.381590    0.000000
 2734.010500    0.000000
 2734.640870    0.000000
 2735.270020    0.000000
 2735.899410    0.000000
 2736.530270    0.000000
 2737.159670    0.000000
 2737.790770    0.000000
 2738.420650    0.000000
 2739.052250    0.000000
 2739.682370    0.000000
 2740.312500    0.000000
 2740.944340    0.000000
 2741.575200    0.000000
 2742.207280    0.000000
 2742.838130    0.000000
 2743.470460    0.000000
 2744.101560    0.000000
 2744.732910    0.000000
 2745.365970    0.000000
 2745.997310    0.000000
 2746.630860    0.000000
 2747.262700    0.000000
 2747.896000    0.000000
 2748.528080    0.000000
 2749.160640    0.000000
 2749.794430    0.000000
 2750.427000    0.000000
 2751.061280    0.000000
 2751.694090    0.000000
 2752.328610    0.000000
 2752.961910    0.000000
 2753.595210    0.000000
 2754.230220    0.000000
 2754.863770    0.000000
 2755.499020    0.000000
 2756.132810    0.000000
 2756.768550    0.000000
 2757.402590    0.000000
 2758.036870    0.000000
 2758.673100    0.000000
 2759.307620    0.000000
 2759.943850    0.000000
 2760.578860    0.000000
 2761.215330    0.000000
 2761.850590    0.000000
 2762.487550    0.000000
 2763.123050    0.000000
 2763.758790    0.000000
 2764.396000    0.000000
 2765.031980    0.000000
 2765.669430    0.000000
 2766.305910    0.000000
 2766.943600    0.000000
 2767.580320    0.000000
 2768.216800    0.000000
 2768.855220    0.000000
 2769.492190    0.000000
 2770.130860    0.000000
 2770.768070    0.000000
 2771.407230    0.000000
 2772.044680    0.000000
 2772.682130    0.000000
 2773.321780    0.000000
 2773.959720    0.000000
 2774.599370    0.000000
 2775.237550    0.000000
 2775.877690    0.000000
 2776.516360    0.000000
 2777.155030    0.000000
 2777.795170    0.000000
 2778.434330    0.000000
 2779.074950    0.000000
 2779.714360    0.000000
 2780.355470    0.000000
 2780.995120    0.000000
 2781.634770    0.000000
 2782.276120    0.000000
 2782.916260    0.000000
 2783.558110    0.000000
 2784.198490    0.000000
 2784.840330    0.000000
 2785.480960    0.000000
 2786.121830    0.000000
 2786.764400    0.000000
 2787.405270    0.000000
 2788.048100    0.000000
 2788.689450    0.000000
 2789.332520    0.000000
 2789.974370    0.000000
 2790.615970    0.000000
 2791.259770    0.000000
 2791.901610    0.000000
 2792.545410    0.000000
 2793.187990    0.000000
 2793.832030    0.000000
 2794.474850    0.000000
 2795.117680    0.000000
 2795.762210    0.000000
 2796.405520    0.000000
 2797.050290    0.000000
 2797.693600    0.000000
 2798.338870    0.000000
 2798.982420    0.000000
 2799.626460    0.000000
 2800.272220    0.000000
 2800.916260    0.000000
 2801.562260    0.000000
 2802.206790    0.000000
 2802.852780    0.000000
 2803.497560    0.000000
 2804.142580    0.000000
 2804.789310    0.000000
 2805.434330    0.000000
 2806.081300    0.000000
 2806.726810    0.000000
 2807.374020    0.000000
 2808.020020    0.000000
 2808.666020    0.000000
 2809.313480    0.000000
 2809.959960    0.000000
 2810.607910    0.000000
 2811.254390    0.000000
 2811.902830    0.000000
 2812.549560    0.000000
 2813.198240    0.000000
 2813.845210    0.000000
 2814.492680    0.000000
 2815.141600    0.000000
 2815.789310    0.000000
 2816.438720    0.000000
 2817.086430    0.000000
 2817.736080    0.000000
 2818.384520    0.000000
 2819.032710    0.000000
 2819.682620    0.000000
 2820.331300    0.000000
 2820.981930    0.000000
 2821.630620    0.000000
 2822.281490    0.000000
 2822.930660    0.000000
 2823.580080    0.000001
 2824.231200    0.000001
 2824.880860    0.000001
 2825.532230    0.000001
 2826.182370    0.000001
 2826.833980    0.000001
 2827.484380    0.000001
 2828.134770    0.000002
 2828.786870    0.000002
 2829.437740    0.000002
 2830.090090    0.000003
 2830.741210    0.000003
 2831.394040    0.000004
 2832.045410    0.000005
 2832.697020    0.000005
 2833.350100    0.000006
 2834.001950    0.000007
 2834.655520    0.000009
 2835.307620    0.000010
 2835.961180    0.000011
 2836.613770    0.000013
 2837.266360    0.000015
 2837.920410    0.000018
 2838.573490    0.000021
 2839.228030    0.000025
 2839.881100    0.000029
 2840.535890    0.000033
 2841.189450    0.000039
 2841.843020    0.000045
 2842.498540    0.000052
 2843.152340    0.000060
 2843.807860    0.000070
 2844.462160    0.000081
 2845.118160    0.000094
 2845.772710    0.000109
 2846.427250    0.000126
 2847.083740    0.000145
 2847.738770    0.000167
 2848.395260    0.000193
 2849.050540    0.000222
 2849.707760    0.000256
 2850.363280    0.000294
 2851.018800    0.000337
 2851.676270    0.000387
 2852.332280    0.000443
 2852.989990    0.000508
 2853.646480    0.000582
 2854.304440    0.000666
 2854.960940    0.000761
 2855.617920    0.000869
 2856.276370    0.000991
 2856.933350    0.001130
 2857.592290    0.001287
 2858.249760    0.001465
 2858.908940    0.001666
 2859.566650    0.001892
 2860.224370    0.002148
 2860.883790    0.002437
 2861.541750    0.002760
 2862.201900    0.003126
 2862.860350    0.003535
 2863.520510    0.003997
 2864.179200    0.004512
 2864.839840    0.005092
 2865.498780    0.005739
 2866.157960    0.006463
 2866.818850    0.007274
 2867.478520    0.008176
 2868.139650    0.009186
 2868.799320    0.010306
 2869.460940    0.011559
 2870.121090    0.012947
 2870.781490    0.014489
 2871.443360    0.016205
 2872.103760    0.018103
 2872.766360    0.020210
 2873.427000    0.022535
 2874.089600    0.025113
 2874.750730    0.027952
 2875.412110    0.031085
 2876.075440    0.034548
 2876.736820    0.038347
 2877.400390    0.042541
 2878.062260    0.047134
 2878.725830    0.052189
 2879.388180    0.057721
 2880.050540    0.063778
 2880.714600    0.070423
 2881.377440    0.077672
 2882.041750    0.085605
 2882.704830    0.094241
 2883.369380    0.103672
 2884.032960    0.113922
 2884.696530    0.125066
 2885.361330    0.137192
 2886.025390    0.150335
 2886.690920    0.164613
 2887.354980    0.180037
 2888.020510    0.196757
 2888.685060    0.214795
 2889.349610    0.234262
 2890.015870    0.255304
 2890.680910    0.277925
 2891.347410    0.302314
 2892.012700    0.328477
 2892.679200    0.356612
 2893.344970    0.386750
 2894.010500    0.419018
 2894.677730    0.453632
 2895.343510    0.490547
 2896.011470    0.530088
 2896.677490    0.572133
 2897.345460    0.617054
 2898.011960    0.664747
 2898.678960    0.715475
 2899.347170    0.769431
 2900.014160    0.826547
 2900.682860    0.887205
 2901.350100    0.951247
 2902.019530    1.019159
 2902.687010    1.090646
 2903.354740    1.166050
 2904.024410    1.245707
 2904.692380    1.329299
 2905.361820    1.417336
 2906.030520    1.509643
 2906.700680    1.606633
 2907.369140    1.707945
 2908.038090    1.813988
 2908.708500    1.925019
 2909.377930    2.040719
 2910.048830    2.161576
 2910.718260    2.287125
 2911.389650    2.418055
 2912.059330    2.553694
 2912.729250    2.694443
 2913.400630    2.840593
 2914.070800    2.991560
 2914.742920    3.148058
 2915.413570    3.309268
 2916.085690    3.475853
 2916.756590    3.647097
 2917.429200    3.823683
 2918.100340    4.004696
 2918.771730    4.190485
 2919.444580    4.381290
 2920.116210    4.576223
 2920.789550    4.775995
 2921.461670    4.979578
 2922.135500    5.187692
 2922.807370    5.399012
 2923.479740    5.614092
 2924.154050    5.833201
 2924.826660    6.054921
 2925.500980    6.280133
 2926.174070    6.507609
 2926.848880    6.738075
 2927.522220    6.970170
 2928.195800    7.204194
 2928.870850    7.440282
 2929.544920    7.677281
 2930.220460    7.915743
 2930.894530    8.154320
 2931.570310    8.393818
 2932.244630    8.632793
 2932.919190    8.871530
 2933.595700    9.110311
 2934.270260    9.347437
 2934.947270    9.584129
 2935.622310    9.818536
 2936.299070    10.051623
 2936.974850    10.282154
 2937.650390    10.510082
 2938.327880    10.735856
 2939.003660    10.957965
 2939.681400    11.177341
 2940.357670    11.392616
 2941.035640    11.604544
 2941.712160    11.811888
 2942.389160    12.015038
 2943.067630    12.214049
 2943.744630    12.407866
 2944.423580    12.597277
 2945.100830    12.781083
 2945.780030    12.960118
 2946.457760    13.133332
 2947.135500    13.300989
 2947.815190    13.463433
 2948.493410    13.619740
 2949.173100    13.770493
 2949.851560    13.915020
 2950.531980    14.053922
 2951.210450    14.186351
 2951.889650    14.312804
 2952.570070    14.433316
 2953.249270    14.547438
 2953.930660    14.655710
 2954.610110    14.757469
 2955.291500    14.853300
 2955.971190    14.942698
 2956.651120    15.025948
 2957.333010    15.103248
 2958.013180    15.174205
 2958.695560    15.239241
 2959.376220    15.298005
 2960.058350    15.350798
 2960.739500    15.397461
 2961.420410    15.438083
 2962.103520    15.472814
 2962.784910    15.501472
 2963.468020    15.524232
 2964.149900    15.541008
 2964.833500    15.551893
 2965.515380    15.556848
 2966.197750    15.555920
 2966.881590    15.549101
 2967.564210    15.536426
 2968.248540    15.517840
 2968.931150    15.493449
 2969.615720    15.463121
 2970.299070    15.426995
 2970.984130    15.384912
 2971.667480    15.337086
 2972.351070    15.283399
 2973.036620    15.223694
 2973.720700    15.158266
 2974.406250    15.086844
 2975.090580    15.009710
 2975.776610    14.926539
 2976.461180    14.837733
 2977.146000    14.743101
 2977.832280    14.642477
 2978.517580    14.536244
 2979.204350    14.424054
 2979.889650    14.306432
 2980.576660    14.182873
 2981.262210    14.054013
 2981.948240    13.919558
 2982.635990    13.779323
 2983.322020    13.634088
 2984.010010    13.483168
 2984.696530    13.327415
 2985.384770    13.166222
 2986.071530    13.000453
 2986.758540    12.829844
 2987.447270    12.654159
 2988.134770    12.474294
 2988.823490    12.289778
 2989.510990    12.101439
 2990.200440    11.908590
 2990.888180    11.712446
 2991.576170    11.512668
 2992.266360    11.308875
 2992.954830    11.102445
 2993.644780    10.892653
 2994.333500    10.680548
 2995.023930    10.465469
 2995.713130    10.248569
 2996.402100    10.029797
 2997.093020    9.808706
 2997.782710    9.586569
 2998.473880    9.362778
 2999.163570    9.138547
 2999.855470    8.912946
 3000.545410    8.687593
 3001.235600    8.462034
 3001.927730    8.235973
 3002.618410    8.010785
 3003.310550    7.785773
 3004.001710    7.561984
 3004.694340    7.338876
 3005.385740    7.117559
 3006.076900    6.897954
 3006.770020    6.679595
 3007.461670    6.463790
 3008.155270    6.249688
 3008.847410    6.038555
 3009.541260    5.829622
 3010.233400    5.624109
 3010.926270    5.421464
 3011.620360    5.221728
 3012.313230    5.025763
 3013.007810    4.832892
 3013.700930    4.644137
 3014.395750    4.458764
 3015.089360    4.277673
 3015.783200    4.100578
 3016.478270    3.927337
 3017.172610    3.758523
 3017.868160    3.593737
 3018.562260    3.433673
 3019.258540    3.277541
 3019.952880    3.126313
 3020.647950    2.979421
 3021.344480    2.836746
 3022.039310    2.698946
 3022.736330    2.565247
 3023.431640    2.436389
 3024.128660    2.311720
 3024.824460    2.191738
 3025.522220    2.075865
 3026.218020    1.964703
 3026.914310    1.857794
 3027.612300    1.754911
 3028.308840    1.656459
 3029.007080    1.561917
 3029.703860    1.471639
 3030.402590    1.385101
 3031.099850    1.302644
 3031.797120    1.223989
 3032.496090    1.148863
 3033.193600    1.077508
 3033.893310    1.009453
 3034.591060    0.945000
 3035.290770    0.883681
 3035.989010    0.825692
 3036.687740    0.770755
 3037.387700    0.718713
 3038.086670    0.669623
 3038.787350    0.623190
 3039.486080    0.579546
 3040.187260    0.538311
 3040.886470    0.499637
 3041.586180    0.463276
 3042.287350    0.429081
 3042.987550    0.397071
 3043.689210    0.367035
 3044.389160    0.339008
 3045.091060    0.312749
 3045.791750    0.288283
 3046.492430    0.265473
 3047.194820    0.244179
 3047.896000    0.224405
 3048.598880    0.205987
 3049.300050    0.188934
