 2653.384280    0.000000
 2653.996340    0.000000
 2654.606690    0.000000
 2655.217290    0.000000
 2655.829830    0.000000
 2656.440670    0.000000
 2657.053220    0.000000
 2657.664550    0.000000
 2658.277340    0.000000
 2658.888920    0.000000
 2659.500730    0.000000
 2660.114010    0.000000
 2660.725830    0.000000
 2661.339360    0.000000
 2661.951660    0.000000
 2662.565430    0.000000
 2663.177980    0.000000
 2663.790530    0.000000
 2664.404790    0.000000
 2665.017820    0.000000
 2665.632320    0.000000
 2666.245610    0.000000
 2666.860350    0.000000
 2667.473880    0.000000
 2668.089110    0.000000
 2668.702880    0.000000
 2669.316890    0.000000
 2669.932370    0.000000
 2670.546630    0.000000
 2671.162350    0.000000
 2671.776860    0.000000
 2672.393070    0.000000
 2673.007810    0.000000
 2673.622560    0.000000
 2674.239260    0.000000
 2674.854490    0.000000
 2675.471190    0.000000
 2676.086670    0.000000
 2676.703860    0.000000
 2677.319580    0.000000
 2677.935550    0.000000
 2678.552980    0.000000
 2679.169190    0.000000
 2679.786870    0.000000
 2680.403560    0.000000
 2681.021480    0.000000
 2681.638430    0.000000
 2682.255370    0.000000
 2682.873780    0.000000
 2683.490970    0.000000
 2684.109860    0.000000
 2684.727290    0.000000
 2685.346440    0.000000
 2685.964110    0.000000
 2686.582030    0.000000
 2687.201660    0.000000
 2687.819820    0.000000
 2688.439450    0.000000
 2689.057860    0.000000
 2689.677980    0.000000
 2690.296880    0.000000
 2690.915770    0.000000
 2691.536380    0.000000
 2692.155270    0.000000
 2692.776370    0.000000
 2693.395750    0.000000
 2694.016850    0.000000
 2694.636720    0.000000
 2695.256590    0.000000
 2695.877930    0.000000
 2696.498050    0.000000
 2697.119870    0.000000
 2697.740480    0.000000
 2698.362550    0.000000
 2698.983400    0.000000
 2699.604250    0.000000
 2700.226810    0.000000
 2700.847900    0.000000
 2701.470700    0.000000
 2702.092040    0.000000
 2702.715330    0.000000
 2703.337160    0.000000
 2703.958980    0.000000
 2704.582520    0.000000
 2705.204830    0.000000
 2705.828370    0.000000
 2706.450930    0.000000
 2707.074950    0.000000
 2707.697750    0.000000
 2708.320800    0.000000
 2708.945310    0.000000
 2709.568360    0.000000
 2710.193360    0.000000
 2710.816650    0.000000
 2711.441890    0.000000
 2712.065670    0.000000
 2712.689450    0.000000
 2713.314940    0.000000
 2713.939210    0.000000
 2714.565190    0.000000
 2715.189450    0.000000
 2715.815670    0.000000
 2716.440430    0.000000
 2717.066890    0.000000
 2717.691890    0.000000
 2718.317140    0.000000
 2718.943850    0.000000
 2719.569340    0.000000
 2720.196530    0.000000
 2720.822270    0.000000
 2721.449710    0.000000
 2722.075680    0.000000
 2722.702150    0.000000
 2723.329830    0.000000
 2723.956300    0.000000
 2724.584470    0.000000
 2725.211430    0.000000
 2725.839600    0.000000
 2726.466800    0.000000
 2727.093990    0.000000
 2727.722900    0.000000
 2728.350340    0.000000
 2728.979490    0.000000
 2729.607420    0.000000
 2730.236820    0.000000
 2730.864750    0.000000
 2731.493160    0.000000
 2732.122800    0.000000
 2732.751460    0.000000
 2733.381590    0.000000
 2734.010500    0.000000
 2734.640870    0.000000
 2735.270020    0.000000
 2735.899410    0.000000
 2736.530270    0.000000
 2737.159670    0.000000
 2737.790770    0.000000
 2738.420650    0.000001
 2739.052250    0.000001
 2739.682370    0.000001
 2740.312500    0.000001
 2740.944340    0.000001
 2741.575200    0.000001
 2742.207280    0.000001
 2742.838130    0.000001
 2743.470460    0.000001
 2744.101560    0.000001
 2744.732910    0.000002
 2745.365970    0.000002
 2745.997310    0.000002
 2746.630860    0.000002
 2747.262700    0.000002
 2747.896000    0.000003
 2748.528080    0.000003
 2749.160640    0.000003
 2749.794430    0.000004
 2750.427000    0.000004
 2751.061280    0.000005
 2751.694090    0.000005
 2752.328610    0.000006
 2752.961910    0.000007
 2753.595210    0.000007
 2754.230220    0.000008
 2754.863770    0.000009
 2755.499020    0.000010
 2756.132810    0.000010
 2756.768550    0.000011
 2757.402590    0.000013
 2758.036870    0.000014
 2758.673100    0.000016
 2759.307620    0.000018
 2759.943850    0.000020
 2760.578860    0.000022
 2761.215330    0.000024
 2761.850590    0.000027
 2762.487550    0.000030
 2763.123050    0.000032
 2763.758790    0.000036
 2764.396000    0.000040
 2765.031980    0.000044
 2765.669430    0.000049
 2766.305910    0.000053
 2766.943600    0.000059
 2767.580320    0.000066
 2768.216800    0.000072
 2768.855220    0.000080
 2769.492190    0.000088
 2770.130860    0.000096
 2770.768070    0.000107
 2771.407230    0.000117
 2772.044680    0.000129
 2772.682130    0.000142
 2773.321780    0.000156
 2773.959720    0.000172
 2774.599370    0.000188
 2775.237550    0.000207
 2775.877690    0.000227
 2776.516360    0.000249
 2777.155030    0.000274
 2777.795170    0.000299
 2778.434330    0.000328
 2779.074950    0.000360
 2779.714360    0.000394
 2780.355470    0.000432
 2780.995120    0.000472
 2781.634770    0.000517
 2782.276120    0.000566
 2782.916260    0.000618
 2783.558110    0.000675
 2784.198490    0.000738
 2784.840330    0.000806
 2785.480960    0.000879
 2786.121830    0.000959
 2786.764400    0.001047
 2787.405270    0.001142
 2788.048100    0.001245
 2788.689450    0.001355
 2789.332520    0.001476
 2789.974370    0.001607
 2790.615970    0.001749
 2791.259770    0.001903
 2791.901610    0.002069
 2792.545410    0.002249
 2793.187990    0.002443
 2793.832030    0.002654
 2794.474850    0.002882
 2795.117680    0.003127
 2795.762210    0.003393
 2796.405520    0.003680
 2797.050290    0.003990
 2797.693600    0.004323
 2798.338870    0.004683
 2798.982420    0.005072
 2799.626460    0.005489
 2800.272220    0.005939
 2800.916260    0.006424
 2801.562260    0.006947
 2802.206790    0.007506
 2802.852780    0.008110
 2803.497560    0.008758
 2804.142580    0.009453
 2804.789310    0.010201
 2805.434330    0.011003
 2806.081300    0.011866
 2806.726810    0.012788
 2807.374020    0.013779
 2808.020020    0.014839
 2808.666020    0.015974
 2809.313480    0.017191
 2809.959960    0.018493
 2810.607910    0.019887
 2811.254390    0.021375
 2811.902830    0.022969
 2812.549560    0.024668
 2813.198240    0.026486
 2813.845210    0.028423
 2814.492680    0.030491
 2815.141600    0.032701
 2815.789310    0.035051
 2816.438720    0.037563
 2817.086430    0.040231
 2817.736080    0.043079
 2818.384520    0.046105
 2819.032710    0.049322
 2819.682620    0.052752
 2820.331300    0.056389
 2820.981930    0.060265
 2821.630620    0.064368
 2822.281490    0.068738
 2822.930660    0.073362
 2823.580080    0.078268
 2824.231200    0.083481
 2824.880860    0.088993
 2825.532230    0.094846
 2826.182370    0.101031
 2826.833980    0.107591
 2827.484380    0.114515
 2828.134770    0.121838
 2828.786870    0.129595
 2829.437740    0.137775
 2830.090090    0.146432
 2830.741210    0.155552
 2831.394040    0.165198
 2832.045410    0.175348
 2832.697020    0.186050
 2833.350100    0.197351
 2834.001950    0.209231
 2834.655520    0.221769
 2835.307620    0.234933
 2835.961180    0.248810
 2836.613770    0.263375
 2837.266360    0.278681
 2837.920410    0.294794
 2838.573490    0.311686
 2839.228030    0.329453
 2839.881100    0.348049
 2840.535890    0.367598
 2841.189450    0.388047
 2841.843020    0.409469
 2842.498540    0.431968
 2843.152340    0.455455
 2843.807860    0.480090
 2844.462160    0.505804
 2845.118160    0.532753
 2845.772710    0.560844
 2846.427250    0.590180
 2847.083740    0.620893
 2847.738770    0.652868
 2848.395260    0.686289
 2849.050540    0.721064
 2849.707760    0.757404
 2850.363280    0.795156
 2851.018800    0.834455
 2851.676270    0.875469
 2852.332280    0.918032
 2852.989990    0.962395
 2853.646480    1.008410
 2854.304440    1.056310
 2854.960940    1.105928
 2855.617920    1.157454
 2856.276370    1.211018
 2856.933350    1.266427
 2857.592290    1.324018
 2858.249760    1.383537
 2858.908940    1.445322
 2859.566650    1.509116
 2860.224370    1.575102
 2860.883790    1.643500
 2861.541750    1.714027
 2862.201900    1.787121
 2862.860350    1.862391
 2863.520510    1.940269
 2864.179200    2.020421
 2864.839840    2.103304
 2865.498780    2.188496
 2866.157960    2.276276
 2866.818850    2.366884
 2867.478520    2.459954
 2868.139650    2.555896
 2868.799320    2.654315
 2869.460940    2.755750
 2870.121090    2.859705
 2870.781490    2.966464
 2871.443360    3.076255
 2872.103760    3.188613
 2872.766360    3.304180
 2873.427000    3.422246
 2874.089600    3.543522
 2874.750730    3.667393
 2875.412110    3.794178
 2876.075440    3.924219
 2876.736820    4.056752
 2877.400390    4.192605
 2878.062260    4.330977
 2878.725830    4.472573
 2879.388180    4.616757
 2880.050540    4.763770
 2880.714600    4.913984
 2881.377440    5.066715
 2882.041750    5.222558
 2882.704830    5.380851
 2883.369380    5.542206
 2884.032960    5.705995
 2884.696530    5.872410
 2885.361330    6.041723
 2886.025390    6.213387
 2886.690920    6.387921
 2887.354980    6.564504
 2888.020510    6.743852
 2888.685060    6.925245
 2889.349610    7.108881
 2890.015870    7.295164
 2890.680910    7.483202
 2891.347410    7.673681
 2892.012700    7.865747
 2892.679200    8.060019
 2893.344970    8.255841
 2894.010500    8.453260
 2894.677730    8.652761
 2895.343510    8.853293
 2896.011470    9.055863
 2896.677490    9.259104
 2897.345460    9.464096
 2898.011960    9.669679
 2898.678960    9.876335
 2899.347170    10.084173
 2900.014160    10.292317
 2900.682860    10.501556
 2901.350100    10.710766
 2902.019530    10.920967
 2902.687010    11.130726
 2903.354740    11.340598
 2904.024410    11.550981
 2904.692380    11.760591
 2905.361820    11.970281
 2906.030520    12.179225
 2906.700680    12.387964
 2907.369140    12.595366
 2908.038090    12.801968
 2908.708500    13.007929
 2909.377930    13.212343
 2910.048830    13.415815
 2910.718260    13.617305
 2911.389650    13.817698
 2912.059330    14.015745
 2912.729250    14.211895
 2913.400630    14.406338
 2914.070800    14.598162
 2914.742920    14.788116
 2915.413570    14.975098
 2916.085690    15.159775
 2916.756590    15.341270
 2917.429200    15.520230
 2918.100340    15.695670
 2918.771730    15.867914
 2919.444580    16.037127
 2920.116210    16.202497
 2920.789550    16.364613
 2921.461670    16.522638
 2922.135500    16.677139
 2922.807370    16.827145
 2923.479740    16.973108
 2924.154050    17.115196
 2924.826660    17.252533
 2925.500980    17.385702
 2926.174070    17.514019
 2926.848880    17.637930
 2927.522220    17.756754
 2928.195800    17.870718
 2928.870850    17.979908
 2929.544920    18.083851
 2930.220460    18.182825
 2930.894530    18.276331
 2931.570310    18.364731
 2932.244630    18.447538
 2932.919190    18.524912
 2933.595700    18.596966
 2934.270260    18.663225
 2934.947270    18.724072
 2935.622310    18.779051
 2936.299070    18.828430
 2936.974850    18.871969
 2937.650390    18.909697
 2938.327880    18.941690
 2939.003660    18.967752
 2939.681400    18.988007
 2940.357670    19.002333
 2941.035640    19.010790
 2941.712160    19.013338
 2942.389160    19.009995
 2943.067630    19.000744
 2943.744630    18.985640
 2944.423580    18.964615
 2945.100830    18.937809
 2945.780030    18.905102
 2946.457760    18.866686
 2947.135500    18.822529
 2947.815190    18.772533
 2948.493410    18.716986
 2949.173100    18.655701
 2949.851560    18.588972
 2950.531980    18.516542
 2951.210450    18.438894
 2951.889650    18.355804
 2952.570070    18.267265
 2953.249270    18.173670
 2953.930660    18.074627
 2954.610110    17.970818
 2955.291500    17.861734
 2955.971190    17.748058
 2956.651120    17.629576
 2957.333010    17.506069
 2958.013180    17.378300
 2958.695560    17.245642
 2959.376220    17.108959
 2960.058350    16.967731
 2960.739500    16.822577
 2961.420410    16.673468
 2962.103520    16.519981
 2962.784910    16.363110
 2963.468020    16.202194
 2964.149900    16.038054
 2964.833500    15.870111
 2965.515380    15.699338
 2966.197750    15.525327
 2966.881590    15.347952
 2967.564210    15.168050
 2968.248540    14.984982
 2968.931150    14.799805
 2969.615720    14.611664
 2970.299070    14.421570
 2970.984130    14.228851
 2971.667480    14.034610
 2972.351070    13.838440
 2973.036620    13.639989
 2973.720700    13.440385
 2974.406250    13.238919
 2975.090580    13.036524
 2975.776610    12.832473
 2976.461180    12.627851
 2977.146000    12.422293
 2977.832280    12.215567
 2978.517580    12.008549
 2979.204350    11.800639
 2979.889650    11.592859
 2980.576660    11.384382
 2981.262210    11.176306
 2981.948240    10.968166
 2982.635990    10.759726
 2983.322020    10.552145
 2984.010010    10.344442
 2984.696530    10.137774
 2985.384770    9.931303
 2986.071530    9.726104
 2986.758540    9.521774
 2987.447270    9.317998
 2988.134770    9.115749
 2988.823490    8.914419
 2989.510990    8.714823
 2990.200440    8.516144
 2990.888180    8.319532
 2991.576170    8.124521
 2992.266360    7.930653
 2992.954830    7.739117
 2993.644780    7.549112
 2994.333500    7.361457
 2995.023930    7.175433
 2995.713130    6.991907
 2996.402100    6.810678
 2997.093020    6.631243
 2997.782710    6.454491
 2998.473880    6.279796
 2999.163570    6.107950
 2999.855470    5.938097
 3000.545410    5.771305
 3001.235600    5.607077
 3001.927730    5.445057
 3002.618410    5.286086
 3003.310550    5.129520
 3004.001710    4.975949
 3004.694340    4.824853
 3005.385740    4.676847
 3006.076900    4.531729
 3006.770020    4.389063
 3007.461670    4.249570
 3008.155270    4.112573
 3008.847410    3.978754
 3009.541260    3.847506
 3010.233400    3.719473
 3010.926270    3.594197
 3011.620360    3.471595
 3012.313230    3.352089
 3013.007810    3.235165
 3013.700930    3.121346
 3014.395750    3.010096
 3015.089360    2.901867
 3015.783200    2.796404
 3016.478270    2.693545
 3017.172610    2.593555
 3017.868160    2.496129
 3018.562260    2.401611
 3019.258540    2.309478
 3019.952880    2.220244
 3020.647950    2.133526
 3021.344480    2.049206
 3022.039310    1.967630
 3022.736330    1.888306
 3023.431640    1.811637
 3024.128660    1.737206
 3024.824460    1.665287
 3025.522220    1.595512
 3026.218020    1.528229
 3026.914310    1.463148
 3027.612300    1.400120
 3028.308840    1.339388
 3029.007080    1.280628
 3029.703860    1.224064
 3030.402590    1.169371
 3031.099850    1.116772
 3031.797120    1.066102
 3032.496090    1.017197
 3033.193600    0.970232
 3033.893310    0.924915
 3034.591060    0.881469
 3035.290770    0.839602
 3035.989010    0.799474
 3036.687740    0.760921
 3037.387700    0.723864
 3038.086670    0.688372
 3038.787350    0.654265
 3039.486080    0.621677
 3040.187260    0.590359
 3040.886470    0.560463
 3041.586180    0.531839
 3042.287350    0.504409
 3042.987550    0.478226
 3043.689210    0.453160
 3044.389160    0.429282
 3045.091060    0.406428
 3045.791750    0.384665
 3046.492430    0.363912
 3047.194820    0.344085
 3047.896000    0.325231
 3048.598880    0.307236
 3049.300050    0.290153
