 2653.384280    0.000000
 2653.996340    0.000000
 2654.606690    0.000000
 2655.217290    0.000000
 2655.829830    0.000000
 2656.440670    0.000000
 2657.053220    0.000000
 2657.664550    0.000000
 2658.277340    0.000000
 2658.888920    0.000000
 2659.500730    0.000000
 2660.114010    0.000000
 2660.725830    0.000000
 2661.339360    0.000000
 2661.951660    0.000000
 2662.565430    0.000000
 2663.177980    0.000000
 2663.790530    0.000000
 2664.404790    0.000000
 2665.017820    0.000000
 2665.632320    0.000000
 2666.245610    0.000000
 2666.860350    0.000000
 2667.473880    0.000000
 2668.089110    0.000000
 2668.702880    0.000000
 2669.316890    0.000000
 2669.932370    0.000000
 2670.546630    0.000000
 2671.162350    0.000000
 2671.776860    0.000000
 2672.393070    0.000000
 2673.007810    0.000000
 2673.622560    0.000000
 2674.239260    0.000000
 2674.854490    0.000000
 2675.471190    0.000000
 2676.086670    0.000000
 2676.703860    0.000000
 2677.319580    0.000000
 2677.935550    0.000000
 2678.552980    0.000000
 2679.169190    0.000000
 2679.786870    0.000000
 2680.403560    0.000000
 2681.021480    0.000000
 2681.638430    0.000000
 2682.255370    0.000000
 2682.873780    0.000000
 2683.490970    0.000000
 2684.109860    0.000000
 2684.727290    0.000000
 2685.346440    0.000000
 2685.964110    0.000000
 2686.582030    0.000000
 2687.201660    0.000000
 2687.819820    0.000000
 2688.439450    0.000000
 2689.057860    0.000000
 2689.677980    0.000000
 2690.296880    0.000000
 2690.915770    0.000000
 2691.536380    0.000000
 2692.155270    0.000000
 2692.776370    0.000000
 2693.395750    0.000000
 2694.016850    0.000000
 2694.636720    0.000000
 2695.256590    0.000000
 2695.877930    0.000000
 2696.498050    0.000000
 2697.119870    0.000000
 2697.740480    0.000000
 2698.362550    0.000000
 2698.983400    0.000000
 2699.604250    0.000000
 2700.226810    0.000000
 2700.847900    0.000000
 2701.470700    0.000000
 2702.092040    0.000000
 2702.715330    0.000000
 2703.337160    0.000000
 2703.958980    0.000000
 2704.582520    0.000000
 2705.204830    0.000000
 2705.828370    0.000000
 2706.450930    0.000000
 2707.074950    0.000000
 2707.697750    0.000000
 2708.320800    0.000000
 2708.945310    0.000000
 2709.568360    0.000000
 2710.193360    0.000000
 2710.816650    0.000000
 2711.441890    0.000000
 2712.065670    0.000000
 2712.689450    0.000000
 2713.314940    0.000000
 2713.939210    0.000000
 2714.565190    0.000000
 2715.189450    0.000000
 2715.815670    0.000000
 2716.440430    0.000000
 2717.066890    0.000000
 2717.691890    0.000000
 2718.317140    0.000000
 2718.943850    0.000000
 2719.569340    0.000000
 2720.196530    0.000000
 2720.822270    0.000000
 2721.449710    0.000000
 2722.075680    0.000000
 2722.702150    0.000000
 2723.329830    0.000000
 2723.956300    0.000000
 2724.584470    0.000000
 2725.211430    0.000000
 2725.839600    0.000000
 2726.466800    0.000000
 2727.093990    0.000000
 2727.722900    0.000000
 2728.350340    0.000000
 2728.979490    0.000000
 2729.607420    0.000000
 2730.236820    0.000000
 2730.864750    0.000000
 2731.493160    0.000000
 2732.122800    0.000000
 2732.751460    0.000000
 2733.381590    0.000000
 2734.010500    0.000000
 2734.640870    0.000000
 2735.270020    0.000000
 2735.899410    0.000000
 2736.530270    0.000000
 2737.159670    0.000000
 2737.790770    0.000000
 2738.420650    0.000000
 2739.052250    0.000000
 2739.682370    0.000000
 2740.312500    0.000000
 2740.944340    0.000000
 2741.575200    0.000000
 2742.207280    0.000000
 2742.838130    0.000000
 2743.470460    0.000000
 2744.101560    0.000000
 2744.732910    0.000000
 2745.365970    0.000000
 2745.997310    0.000000
 2746.630860    0.000000
 2747.262700    0.000000
 2747.896000    0.000000
 2748.528080    0.000000
 2749.160640    0.000000
 2749.794430    0.000000
 2750.427000    0.000000
 2751.061280    0.000000
 2751.694090    0.000000
 2752.328610    0.000000
 2752.961910    0.000000
 2753.595210    0.000000
 2754.230220    0.000000
 2754.863770    0.000000
 2755.499020    0.000000
 2756.132810    0.000000
 2756.768550    0.000000
 2757.402590    0.000000
 2758.036870    0.000000
 2758.673100    0.000000
 2759.307620    0.000000
 2759.943850    0.000000
 2760.578860    0.000000
 2761.215330    0.000000
 2761.850590    0.000000
 2762.487550    0.000000
 2763.123050    0.000000
 2763.758790    0.000000
 2764.396000    0.000000
 2765.031980    0.000000
 2765.669430    0.000000
 2766.305910    0.000000
 2766.943600    0.000000
 2767.580320    0.000001
 2768.216800    0.000001
 2768.855220    0.000001
 2769.492190    0.000001
 2770.130860    0.000001
 2770.768070    0.000001
 2771.407230    0.000001
 2772.044680    0.000001
 2772.682130    0.000001
 2773.321780    0.000001
 2773.959720    0.000002
 2774.599370    0.000002
 2775.237550    0.000002
 2775.877690    0.000002
 2776.516360    0.000002
 2777.155030    0.000003
 2777.795170    0.000003
 2778.434330    0.000003
 2779.074950    0.000004
 2779.714360    0.000004
 2780.355470    0.000005
 2780.995120    0.000005
 2781.634770    0.000006
 2782.276120    0.000006
 2782.916260    0.000007
 2783.558110    0.000008
 2784.198490    0.000008
 2784.840330    0.000009
 2785.480960    0.000010
 2786.121830    0.000010
 2786.764400    0.000011
 2787.405270    0.000013
 2788.048100    0.000014
 2788.689450    0.000016
 2789.332520    0.000017
 2789.974370    0.000019
 2790.615970    0.000021
 2791.259770    0.000024
 2791.901610    0.000026
 2792.545410    0.000029
 2793.187990    0.000031
 2793.832030    0.000034
 2794.474850    0.000038
 2795.117680    0.000042
 2795.762210    0.000046
 2796.405520    0.000051
 2797.050290    0.000055
 2797.693600    0.000060
 2798.338870    0.000066
 2798.982420    0.000072
 2799.626460    0.000079
 2800.272220    0.000087
 2800.916260    0.000095
 2801.562260    0.000105
 2802.206790    0.000114
 2802.852780    0.000125
 2803.497560    0.000136
 2804.142580    0.000150
 2804.789310    0.000163
 2805.434330    0.000178
 2806.081300    0.000195
 2806.726810    0.000213
 2807.374020    0.000233
 2808.020020    0.000254
 2808.666020    0.000277
 2809.313480    0.000301
 2809.959960    0.000328
 2810.607910    0.000357
 2811.254390    0.000389
 2811.902830    0.000423
 2812.549560    0.000460
 2813.198240    0.000501
 2813.845210    0.000544
 2814.492680    0.000590
 2815.141600    0.000642
 2815.789310    0.000696
 2816.438720    0.000756
 2817.086430    0.000820
 2817.736080    0.000890
 2818.384520    0.000964
 2819.032710    0.001045
 2819.682620    0.001132
 2820.331300    0.001225
 2820.981930    0.001327
 2821.630620    0.001435
 2822.281490    0.001553
 2822.930660    0.001678
 2823.580080    0.001814
 2824.231200    0.001960
 2824.880860    0.002116
 2825.532230    0.002285
 2826.182370    0.002466
 2826.833980    0.002660
 2827.484380    0.002869
 2828.134770    0.003092
 2828.786870    0.003331
 2829.437740    0.003588
 2830.090090    0.003863
 2830.741210    0.004158
 2831.394040    0.004474
 2832.045410    0.004811
 2832.697020    0.005173
 2833.350100    0.005559
 2834.001950    0.005971
 2834.655520    0.006413
 2835.307620    0.006884
 2835.961180    0.007387
 2836.613770    0.007923
 2837.266360    0.008494
 2837.920410    0.009106
 2838.573490    0.009756
 2839.228030    0.010449
 2839.881100    0.011188
 2840.535890    0.011974
 2841.189450    0.012810
 2841.843020    0.013699
 2842.498540    0.014646
 2843.152340    0.015650
 2843.807860    0.016720
 2844.462160    0.017853
 2845.118160    0.019059
 2845.772710    0.020337
 2846.427250    0.021691
 2847.083740    0.023131
 2847.738770    0.024654
 2848.395260    0.026271
 2849.050540    0.027980
 2849.707760    0.029794
 2850.363280    0.031709
 2851.018800    0.033733
 2851.676270    0.035880
 2852.332280    0.038144
 2852.989990    0.040543
 2853.646480    0.043071
 2854.304440    0.045745
 2854.960940    0.048560
 2855.617920    0.051533
 2856.276370    0.054673
 2856.933350    0.057976
 2857.592290    0.061466
 2858.249760    0.065134
 2858.908940    0.069005
 2859.566650    0.073071
 2860.224370    0.077346
 2860.883790    0.081855
 2861.541750    0.086582
 2862.201900    0.091567
 2862.860350    0.096790
 2863.520510    0.102287
 2864.179200    0.108045
 2864.839840    0.114103
 2865.498780    0.120441
 2866.157960    0.127088
 2866.818850    0.134071
 2867.478520    0.141374
 2868.139650    0.149038
 2868.799320    0.157043
 2869.460940    0.165445
 2870.121090    0.174215
 2870.781490    0.183389
 2871.443360    0.192998
 2872.103760    0.203017
 2872.766360    0.213517
 2873.427000    0.224449
 2874.089600    0.235892
 2874.750730    0.247806
 2875.412110    0.260235
 2876.075440    0.273232
 2876.736820    0.286740
 2877.400390    0.300859
 2878.062260    0.315528
 2878.725830    0.330838
 2879.388180    0.346744
 2880.050540    0.363291
 2880.714600    0.380545
 2881.377440    0.398449
 2882.041750    0.417099
 2882.704830    0.436440
 2883.369380    0.456569
 2884.032960    0.477437
 2884.696530    0.499094
 2885.361330    0.521605
 2886.025390    0.544924
 2886.690920    0.569153
 2887.354980    0.594210
 2888.020510    0.620226
 2888.685060    0.647131
 2889.349610    0.674985
 2890.015870    0.703887
 2890.680910    0.733735
 2891.347410    0.764673
 2892.012700    0.796602
 2892.679200    0.829663
 2893.344970    0.863784
 2894.010500    0.899012
 2894.677730    0.935477
 2895.343510    0.973032
 2896.011470    1.011909
 2896.677490    1.051891
 2897.345460    1.093238
 2898.011960    1.135762
 2898.678960    1.179611
 2899.347170    1.224859
 2900.014160    1.271366
 2900.682860    1.319362
 2901.350100    1.368641
 2902.019530    1.419499
 2902.687010    1.471644
 2903.354740    1.525266
 2904.024410    1.580529
 2904.692380    1.637154
 2905.361820    1.695429
 2906.030520    1.755186
 2906.700680    1.816643
 2907.369140    1.879528
 2908.038090    1.944062
 2908.708500    2.010363
 2909.377930    2.078208
 2910.048830    2.147862
 2910.718260    2.219038
 2911.389650    2.292113
 2912.059330    2.366704
 2912.729250    2.443036
 2913.400630    2.521263
 2914.070800    2.601086
 2914.742920    2.682893
 2915.413570    2.766278
 2916.085690    2.851611
 2916.756590    2.938558
 2917.429200    3.027502
 2918.100340    3.118029
 2918.771730    3.210361
 2919.444580    3.304676
 2920.116210    3.400592
 2920.789550    3.498527
 2921.461670    3.598048
 2922.135500    3.699584
 2922.807370    3.802572
 2923.479740    3.907369
 2924.154050    4.014195
 2924.826660    4.122458
 2925.500980    4.232688
 2926.174070    4.344388
 2926.848880    4.458021
 2927.522220    4.573031
 2928.195800    4.689675
 2928.870850    4.808142
 2929.544920    4.927973
 2930.220460    5.049568
 2930.894530    5.172360
 2931.570310    5.296890
 2932.244630    5.422532
 2932.919190    5.549553
 2933.595700    5.678235
 2934.270260    5.807782
 2934.947270    5.938987
 2935.622310    6.070943
 2936.299070    6.204307
 2936.974850    6.338489
 2937.650390    6.473567
 2938.327880    6.609917
 2939.003660    6.746733
 2939.681400    6.884682
 2940.357670    7.022995
 2941.035640    7.162243
 2941.712160    7.301694
 2942.389160    7.441666
 2943.067630    7.582275
 2943.744630    7.722828
 2944.423580    7.863942
 2945.100830    8.004764
 2945.780030    8.145957
 2946.457760    8.286715
 2947.135500    8.427239
 2947.815190    8.567835
 2948.493410    8.707689
 2949.173100    8.847298
 2949.851560    8.986004
 2950.531980    9.124344
 2951.210450    9.261413
 2951.889650    9.397641
 2952.570070    9.533012
 2953.249270    9.666923
 2953.930660    9.799928
 2954.610110    9.931099
 2955.291500    10.061075
 2955.971190    10.189036
 2956.651120    10.315239
 2957.333010    10.439872
 2958.013180    10.562146
 2958.695560    10.682643
 2959.376220    10.800552
 2960.058350    10.916307
 2960.739500    11.029375
 2961.420410    11.139767
 2962.103520    11.247753
 2962.784910    11.352600
 2963.468020    11.454721
 2964.149900    11.553565
 2964.833500    11.649445
 2965.515380    11.741775
 2966.197750    11.830756
 2966.881590    11.916404
 2967.564210    11.998279
 2968.248540    12.076634
 2968.931150    12.150984
 2969.615720    12.221638
 2970.299070    12.288175
 2970.984130    12.350796
 2971.667480    12.409108
 2972.351070    12.463219
 2973.036620    12.513170
 2973.720700    12.558648
 2974.406250    12.599782
 2975.090580    12.636353
 2975.776610    12.668462
 2976.461180    12.695910
 2977.146000    12.718737
 2977.832280    12.736927
 2978.517580    12.750383
 2979.204350    12.759119
 2979.889650    12.763077
 2980.576660    12.762258
 2981.262210    12.756655
 2981.948240    12.746254
 2982.635990    12.731020
 2983.322020    12.711032
 2984.010010    12.686194
 2984.696530    12.656644
 2985.384770    12.622267
 2986.071530    12.583246
 2986.758540    12.539535
 2987.447270    12.491058
 2988.134770    12.438066
 2988.823490    12.380421
 2989.510990    12.318383
 2990.200440    12.251722
 2990.888180    12.180858
 2991.576170    12.105675
 2992.266360    12.026014
 2992.954830    11.942405
 2993.644780    11.854548
 2994.333500    11.762878
 2995.023930    11.667095
 2995.713130    11.567702
 2996.402100    11.464673
 2997.093020    11.357775
 2997.782710    11.247602
 2998.473880    11.133840
 2999.163570    11.017088
 2999.855470    10.896843
 3000.545410    10.773949
 3001.235600    10.648149
 3001.927730    10.519249
 3002.618410    10.388013
 3003.310550    10.254016
 3004.001710    10.117864
 3004.694340    9.979208
 3005.385740    9.838722
 3006.076900    9.696354
 3006.770020    9.551779
 3007.461670    9.405849
 3008.155270    9.257980
 3008.847410    9.109041
 3009.541260    8.958487
 3010.233400    8.807194
 3010.926270    8.654774
 3011.620360    8.501250
 3012.313230    8.347300
 3013.007810    8.192407
 3013.700930    8.037410
 3014.395750    7.881733
 3015.089360    7.726161
 3015.783200    7.570495
 3016.478270    7.414639
 3017.172610    7.259157
 3017.868160    7.103731
 3018.562260    6.949079
 3019.258540    6.794502
 3019.952880    6.641033
 3020.647950    6.488186
 3021.344480    6.335908
 3022.039310    6.184998
 3022.736330    6.034705
 3023.431640    5.885969
 3024.128660    5.738152
 3024.824460    5.591963
 3025.522220    5.446822
 3026.218020    5.303624
 3026.914310    5.161936
 3027.612300    5.021593
 3028.308840    4.883301
 3029.007080    4.746496
 3029.703860    4.611864
 3030.402590    4.478802
 3031.099850    4.348016
 3031.797120    4.219276
 3032.496090    4.092319
 3033.193600    3.967762
 3033.893310    3.844996
 3034.591060    3.724782
 3035.290770    3.606478
 3035.989010    3.490690
 3036.687740    3.377114
 3037.387700    3.265658
 3038.086670    3.156690
 3038.787350    3.049806
 3039.486080    2.945574
 3040.187260    2.843346
 3040.886470    2.743770
 3041.586180    2.646488
 3042.287350    2.551374
 3042.987550    2.458755
 3043.689210    2.368301
 3044.389160    2.280411
 3045.091060    2.194610
 3045.791750    2.111275
 3046.492430    2.030237
 3047.194820    1.951285
 3047.896000    1.874729
 3048.598880    1.800226
 3049.300050    1.728114
