 2653.384280    1.416954
 2653.996340    1.475867
 2654.606690    1.536385
 2655.217290    1.598709
 2655.829830    1.663044
 2656.440670    1.729020
 2657.053220    1.797020
 2657.664550    1.866732
 2658.277340    1.938473
 2658.888920    2.011936
 2659.500730    2.087298
 2660.114010    2.164721
 2660.725830    2.243835
 2661.339360    2.325049
 2661.951660    2.407972
 2662.565430    2.492963
 2663.177980    2.579639
 2663.790530    2.668156
 2664.404790    2.758750
 2665.017820    2.850975
 2665.632320    2.945212
 2666.245610    3.041024
 2666.860350    3.138805
 2667.473880    3.238097
 2668.089110    3.339339
 2668.702880    3.441973
 2669.316890    3.546237
 2669.932370    3.652299
 2670.546630    3.759649
 2671.162350    3.868704
 2671.776860    3.978933
 2672.393070    4.090806
 2673.007810    4.203682
 2673.622560    4.317760
 2674.239260    4.433337
 2674.854490    4.549701
 2675.471190    4.667330
 2676.086670    4.785631
 2676.703860    4.905084
 2677.319580    5.024988
 2677.935550    5.145585
 2678.552980    5.267024
 2679.169190    5.388678
 2679.786870    5.510980
 2680.403560    5.633344
 2681.021480    5.756102
 2681.638430    5.878711
 2682.255370    6.001254
 2682.873780    6.123909
 2683.490970    6.246031
 2684.109860    6.368082
 2684.727290    6.489318
 2685.346440    6.610240
 2685.964110    6.730111
 2686.582030    6.849139
 2687.201660    6.967480
 2687.819820    7.084403
 2688.439450    7.200336
 2689.057860    7.314652
 2689.677980    7.427764
 2690.296880    7.539011
 2690.915770    7.648493
 2691.536380    7.756378
 2692.155270    7.861949
 2692.776370    7.965747
 2693.395750    8.066995
 2694.016850    8.166130
 2694.636720    8.262563
 2695.256590    8.356375
 2695.877930    8.447664
 2696.498050    8.535922
 2697.119870    8.621453
 2697.740480    8.703743
 2698.362550    8.783045
 2698.983400    8.858910
 2699.604250    8.931405
 2700.226810    9.000620
 2700.847900    9.066113
 2701.470700    9.128131
 2702.092040    9.186275
 2702.715330    9.240788
 2703.337160    9.291292
 2703.958980    9.337856
 2704.582520    9.380531
 2705.204830    9.419057
 2705.828370    9.453533
 2706.450930    9.483792
 2707.074950    9.509911
 2707.697750    9.531738
 2708.320800    9.549311
 2708.945310    9.562622
 2709.568360    9.571598
 2710.193360    9.576270
 2710.816650    9.576608
 2711.441890    9.572614
 2712.065670    9.564313
 2712.689450    9.551718
 2713.314940    9.534799
 2713.939210    9.513657
 2714.565190    9.488222
 2715.189450    9.458675
 2715.815670    9.424885
 2716.440430    9.387085
 2717.066890    9.345138
 2717.691890    9.299319
 2718.317140    9.249584
 2718.943850    9.195895
 2719.569340    9.138560
 2720.196530    9.077395
 2720.822270    9.012796
 2721.449710    8.944531
 2722.075680    8.873045
 2722.702150    8.798226
 2723.329830    8.720087
 2723.956300    8.639046
 2724.584470    8.554838
 2725.211430    8.467977
 2725.839600    8.378249
 2726.466800    8.286098
 2727.093990    8.191521
 2727.722900    8.094386
 2728.350340    7.995321
 2728.979490    7.893965
 2729.607420    7.790934
 2730.236820    7.685932
 2730.864750    7.579597
 2731.493160    7.471753
 2732.122800    7.362419
 2732.751460    7.252132
 2733.381590    7.140614
 2734.010500    7.028498
 2734.640870    6.915461
 2735.270020    6.802140
 2735.899410    6.688431
 2736.530270    6.574267
 2737.159670    6.460339
 2737.790770    6.346228
 2738.420650    6.232622
 2739.052250    6.119148
 2739.682370    6.006533
 2740.312500    5.894669
 2740.944340    5.783407
 2741.575200    5.673377
 2742.207280    5.564347
 2742.838130    5.456890
 2743.470460    5.350697
 2744.101560    5.246367
 2744.732910    5.143801
 2745.365970    5.042912
 2745.997310    4.944389
 2746.630860    4.847764
 2747.262700    4.753774
 2747.896000    4.662084
 2748.528080    4.573215
 2749.160640    4.487060
 2749.794430    4.403656
 2750.427000    4.323456
 2751.061280    4.246217
 2751.694090    4.172452
 2752.328610    4.101915
 2752.961910    4.035055
 2753.595210    3.971852
 2754.230220    3.912263
 2754.863770    3.856704
 2755.499020    3.805009
 2756.132810    3.757548
 2756.768550    3.714176
 2757.402590    3.675252
 2758.036870    3.640740
 2758.673100    3.610674
 2759.307620    3.585326
 2759.943850    3.564656
 2760.578860    3.548860
 2761.215330    3.537963
 2761.850590    3.532107
 2762.487550    3.531355
 2763.123050    3.535801
 2763.758790    3.545524
 2764.396000    3.560645
 2765.031980    3.581182
 2765.669430    3.607300
 2766.305910    3.638980
 2766.943600    3.676406
 2767.580320    3.719520
 2768.216800    3.768422
 2768.855220    3.823366
 2769.492190    3.884127
 2770.130860    3.951068
 2770.768070    4.023915
 2771.407230    4.103117
 2772.044680    4.188272
 2772.682130    4.279629
 2773.321780    4.377573
 2773.959720    4.481557
 2774.599370    4.592168
 2775.237550    4.708890
 2775.877690    4.832384
 2776.516360    4.962018
 2777.155030    5.098086
 2777.795170    5.240931
 2778.434330    5.390024
 2779.074950    5.545947
 2779.714360    5.708044
 2780.355470    5.877059
 2780.995120    6.052142
 2781.634770    6.233654
 2782.276120    6.422074
 2782.916260    6.616524
 2783.558110    6.817856
 2784.198490    7.025033
 2784.840330    7.238949
 2785.480960    7.458656
 2786.121830    7.684569
 2786.764400    7.917160
 2787.405270    8.155109
 2788.048100    8.399689
 2788.689450    8.649504
 2789.332520    8.905684
 2789.974370    9.166962
 2790.615970    9.433579
 2791.259770    9.706453
 2791.901610    9.983677
 2792.545410    10.266794
 2793.187990    10.554252
 2793.832030    10.847087
 2794.474850    11.143906
 2795.117680    11.445066
 2795.762210    11.751197
 2796.405520    12.060701
 2797.050290    12.374660
 2797.693600    12.691423
 2798.338870    13.012445
 2798.982420    13.335666
 2799.626460    13.661928
 2800.272220    13.991611
 2800.916260    14.322697
 2801.562260    14.656796
 2802.206790    14.991863
 2802.852780    15.329126
 2803.497560    15.666892
 2804.142580    16.005613
 2804.789310    16.345758
 2805.434330    16.685209
 2806.081300    17.025566
 2806.726810    17.364704
 2807.374020    17.703953
 2808.020020    18.041437
 2808.666020    18.377451
 2809.313480    18.712406
 2809.959960    19.044687
 2810.607910    19.375191
 2811.254390    19.702066
 2811.902830    20.026678
 2812.549560    20.346834
 2813.198240    20.663986
 2813.845210    20.975981
 2814.492680    21.283531
 2815.141600    21.586721
 2815.789310    21.883942
 2816.438720    22.176176
 2817.086430    22.461534
 2817.736080    22.741285
 2818.384520    23.013706
 2819.032710    23.278894
 2819.682620    23.537300
 2820.331300    23.787426
 2820.981930    24.030163
 2821.630620    24.263752
 2822.281490    24.489372
 2822.930660    24.705383
 2823.580080    24.912176
 2824.231200    25.109909
 2824.880860    25.297350
 2825.532230    25.475166
 2826.182370    25.642307
 2826.833980    25.799238
 2827.484380    25.945093
 2828.134770    26.079979
 2828.786870    26.204029
 2829.437740    26.316502
 2830.090090    26.417704
 2830.741210    26.507072
 2831.394040    26.584871
 2832.045410    26.650614
 2832.697020    26.704413
 2833.350100    26.746246
 2834.001950    26.775879
 2834.655520    26.793387
 2835.307620    26.798655
 2835.961180    26.791698
 2836.613770    26.772537
 2837.266360    26.741198
 2837.920410    26.697607
 2838.573490    26.641975
 2839.228030    26.574160
 2839.881100    26.494551
 2840.535890    26.402864
 2841.189450    26.299622
 2841.843020    26.184805
 2842.498540    26.058176
 2843.152340    25.920601
 2843.807860    25.771549
 2844.462160    25.611874
 2845.118160    25.441063
 2845.772710    25.260162
 2846.427250    25.069044
 2847.083740    24.867342
 2847.738770    24.656364
 2848.395260    24.435442
 2849.050540    24.205759
 2849.707760    23.966486
 2850.363280    23.719259
 2851.018800    23.463777
 2851.676270    23.199575
 2852.332280    22.928343
 2852.989990    22.649105
 2853.646480    22.363440
 2854.304440    22.070526
 2854.960940    21.772026
 2855.617920    21.467424
 2856.276370    21.156603
 2856.933350    20.841305
 2857.592290    20.520264
 2858.249760    20.195499
 2858.908940    19.865812
 2859.566650    19.533163
 2860.224370    19.197186
 2860.883790    18.857363
 2861.541750    18.515692
 2862.201900    18.170631
 2862.860350    17.824581
 2863.520510    17.476097
 2864.179200    17.127211
 2864.839840    16.776447
 2865.498780    16.426100
 2866.157960    16.075459
 2866.818850    15.724075
 2867.478520    15.373823
 2868.139650    15.023596
 2868.799320    14.675246
 2869.460940    14.327270
 2870.121090    13.981751
 2870.781490    13.638071
 2871.443360    13.295871
 2872.103760    12.956923
 2872.766360    12.619606
 2873.427000    12.286274
 2874.089600    11.955184
 2874.750730    11.628267
 2875.412110    11.304876
 2876.075440    10.984394
 2876.736820    10.668894
 2877.400390    10.356574
 2878.062260    10.049444
 2878.725830    9.746072
 2879.388180    9.447946
 2880.050540    9.154635
 2880.714600    8.865526
 2881.377440    8.582012
 2882.041750    8.303044
 2882.704830    8.029847
 2883.369380    7.761398
 2884.032960    7.498756
 2884.696530    7.241586
 2885.361330    6.989479
 2886.025390    6.743227
 2886.690920    6.502052
 2887.354980    6.267043
 2888.020510    6.037174
 2888.685060    5.813303
 2889.349610    5.595087
 2890.015870    5.381976
 2890.680910    5.174895
 2891.347410    4.972988
 2892.012700    4.777040
 2892.679200    4.586293
 2893.344970    4.401269
 2894.010500    4.221769
 2894.677730    4.047230
 2895.343510    3.878421
 2896.011470    3.714359
 2896.677490    3.555993
 2897.345460    3.402321
 2898.011960    3.254055
 2898.678960    3.110664
 2899.347170    2.971930
 2900.014160    2.838264
 2900.682860    2.708992
 2901.350100    2.584640
 2902.019530    2.464434
 2902.687010    2.349020
 2903.354740    2.237904
 2904.024410    2.130719
 2904.692380    2.027952
 2905.361820    1.929007
 2906.030520    1.834110
 2906.700680    1.742851
 2907.369140    1.655556
 2908.038090    1.571820
 2908.708500    1.491432
 2909.377930    1.414585
 2910.048830    1.340896
 2910.718260    1.270582
 2911.389650    1.203188
 2912.059330    1.138977
 2912.729250    1.077654
 2913.400630    1.019017
 2914.070800    0.963205
 2914.742920    0.909862
 2915.413570    0.859163
 2916.085690    0.810797
 2916.756590    0.764864
 2917.429200    0.721078
 2918.100340    0.679557
 2918.771730    0.640104
 2919.444580    0.602571
 2920.116210    0.567027
 2920.789550    0.533238
 2921.461670    0.501276
 2922.135500    0.470926
 2922.807370    0.442280
 2923.479740    0.415156
 2924.154050    0.389435
 2924.826660    0.365190
 2925.500980    0.342231
 2926.174070    0.320598
 2926.848880    0.300136
 2927.522220    0.280884
 2928.195800    0.262733
 2928.870850    0.245599
 2929.544920    0.229493
 2930.220460    0.214307
 2930.894530    0.200058
 2931.570310    0.186632
 2932.244630    0.174049
 2932.919190    0.162232
 2933.595700    0.151112
 2934.270260    0.140714
 2934.947270    0.130934
 2935.622310    0.121799
 2936.299070    0.113225
 2936.974850    0.105215
 2937.650390    0.097726
 2938.327880    0.090706
 2939.003660    0.084165
 2939.681400    0.078040
 2940.357670    0.072337
 2941.035640    0.067006
 2941.712160    0.062047
 2942.389160    0.057424
 2943.067630    0.053110
 2943.744630    0.049104
 2944.423580    0.045368
 2945.100830    0.041904
 2945.780030    0.038676
 2946.457760    0.035686
 2947.135500    0.032910
 2947.815190    0.030329
 2948.493410    0.027941
 2949.173100    0.025723
 2949.851560    0.023674
 2950.531980    0.021771
 2951.210450    0.020018
 2951.889650    0.018394
 2952.570070    0.016891
 2953.249270    0.015505
 2953.930660    0.014222
 2954.610110    0.013042
 2955.291500    0.011951
 2955.971190    0.010949
 2956.651120    0.010025
 2957.333010    0.009172
 2958.013180    0.008389
 2958.695560    0.007668
 2959.376220    0.007006
 2960.058350    0.006397
 2960.739500    0.005839
 2961.420410    0.005327
 2962.103520    0.004856
 2962.784910    0.004426
 2963.468020    0.004030
 2964.149900    0.003669
 2964.833500    0.003338
 2965.515380    0.003036
 2966.197750    0.002759
 2966.881590    0.002506
 2967.564210    0.002275
 2968.248540    0.002065
 2968.931150    0.001873
 2969.615720    0.001698
 2970.299070    0.001538
 2970.984130    0.001393
 2971.667480    0.001261
 2972.351070    0.001141
 2973.036620    0.001031
 2973.720700    0.000932
 2974.406250    0.000842
 2975.090580    0.000760
 2975.776610    0.000686
 2976.461180    0.000618
 2977.146000    0.000557
 2977.832280    0.000502
 2978.517580    0.000452
 2979.204350    0.000406
 2979.889650    0.000366
 2980.576660    0.000329
 2981.262210    0.000296
 2981.948240    0.000265
 2982.635990    0.000238
 2983.322020    0.000214
 2984.010010    0.000192
 2984.696530    0.000172
 2985.384770    0.000154
 2986.071530    0.000137
 2986.758540    0.000123
 2987.447270    0.000110
 2988.134770    0.000098
 2988.823490    0.000088
 2989.510990    0.000078
 2990.200440    0.000070
 2990.888180    0.000062
 2991.576170    0.000055
 2992.266360    0.000050
 2992.954830    0.000044
 2993.644780    0.000039
 2994.333500    0.000035
 2995.023930    0.000031
 2995.713130    0.000028
 2996.402100    0.000025
 2997.093020    0.000022
 2997.782710    0.000019
 2998.473880    0.000017
 2999.163570    0.000015
 2999.855470    0.000013
 3000.545410    0.000011
 3001.235600    0.000010
 3001.927730    0.000010
 3002.618410    0.000009
 3003.310550    0.000008
 3004.001710    0.000007
 3004.694340    0.000006
 3005.385740    0.000005
 3006.076900    0.000005
 3006.770020    0.000004
 3007.461670    0.000004
 3008.155270    0.000003
 3008.847410    0.000003
 3009.541260    0.000002
 3010.233400    0.000002
 3010.926270    0.000002
 3011.620360    0.000002
 3012.313230    0.000001
 3013.007810    0.000001
 3013.700930    0.000001
 3014.395750    0.000001
 3015.089360    0.000001
 3015.783200    0.000001
 3016.478270    0.000001
 3017.172610    0.000001
 3017.868160    0.000000
 3018.562260    0.000000
 3019.258540    0.000000
 3019.952880    0.000000
 3020.647950    0.000000
 3021.344480    0.000000
 3022.039310    0.000000
 3022.736330    0.000000
 3023.431640    0.000000
 3024.128660    0.000000
 3024.824460    0.000000
 3025.522220    0.000000
 3026.218020    0.000000
 3026.914310    0.000000
 3027.612300    0.000000
 3028.308840    0.000000
 3029.007080    0.000000
 3029.703860    0.000000
 3030.402590    0.000000
 3031.099850    0.000000
 3031.797120    0.000000
 3032.496090    0.000000
 3033.193600    0.000000
 3033.893310    0.000000
 3034.591060    0.000000
 3035.290770    0.000000
 3035.989010    0.000000
 3036.687740    0.000000
 3037.387700    0.000000
 3038.086670    0.000000
 3038.787350    0.000000
 3039.486080    0.000000
 3040.187260    0.000000
 3040.886470    0.000000
 3041.586180    0.000000
 3042.287350    0.000000
 3042.987550    0.000000
 3043.689210    0.000000
 3044.389160    0.000000
 3045.091060    0.000000
 3045.791750    0.000000
 3046.492430    0.000000
 3047.194820    0.000000
 3047.896000    0.000000
 3048.598880    0.000000
 3049.300050    0.000000
