 2653.384280    0.000000
 2653.996340    0.000000
 2654.606690    0.000000
 2655.217290    0.000000
 2655.829830    0.000000
 2656.440670    0.000000
 2657.053220    0.000000
 2657.664550    0.000000
 2658.277340    0.000000
 2658.888920    0.000000
 2659.500730    0.000000
 2660.114010    0.000000
 2660.725830    0.000000
 2661.339360    0.000000
 2661.951660    0.000000
 2662.565430    0.000000
 2663.177980    0.000000
 2663.790530    0.000000
 2664.404790    0.000000
 2665.017820    0.000000
 2665.632320    0.000000
 2666.245610    0.000000
 2666.860350    0.000000
 2667.473880    0.000000
 2668.089110    0.000000
 2668.702880    0.000000
 2669.316890    0.000000
 2669.932370    0.000000
 2670.546630    0.000000
 2671.162350    0.000000
 2671.776860    0.000000
 2672.393070    0.000000
 2673.007810    0.000000
 2673.622560    0.000000
 2674.239260    0.000001
 2674.854490    0.000001
 2675.471190    0.000001
 2676.086670    0.000001
 2676.703860    0.000001
 2677.319580    0.000001
 2677.935550    0.000001
 2678.552980    0.000001
 2679.169190    0.000001
 2679.786870    0.000001
 2680.403560    0.000001
 2681.021480    0.000002
 2681.638430    0.000002
 2682.255370    0.000002
 2682.873780    0.000002
 2683.490970    0.000002
 2684.109860    0.000003
 2684.727290    0.000003
 2685.346440    0.000003
 2685.964110    0.000004
 2686.582030    0.000004
 2687.201660    0.000004
 2687.819820    0.000005
 2688.439450    0.000005
 2689.057860    0.000006
 2689.677980    0.000006
 2690.296880    0.000007
 2690.915770    0.000008
 2691.536380    0.000009
 2692.155270    0.000009
 2692.776370    0.000010
 2693.395750    0.000010
 2694.016850    0.000012
 2694.636720    0.000013
 2695.256590    0.000014
 2695.877930    0.000016
 2696.498050    0.000017
 2697.119870    0.000019
 2697.740480    0.000021
 2698.362550    0.000023
 2698.983400    0.000025
 2699.604250    0.000028
 2700.226810    0.000030
 2700.847900    0.000032
 2701.470700    0.000036
 2702.092040    0.000039
 2702.715330    0.000043
 2703.337160    0.000047
 2703.958980    0.000051
 2704.582520    0.000056
 2705.204830    0.000061
 2705.828370    0.000067
 2706.450930    0.000072
 2707.074950    0.000079
 2707.697750    0.000087
 2708.320800    0.000094
 2708.945310    0.000103
 2709.568360    0.000112
 2710.193360    0.000122
 2710.816650    0.000133
 2711.441890    0.000145
 2712.065670    0.000157
 2712.689450    0.000172
 2713.314940    0.000186
 2713.939210    0.000203
 2714.565190    0.000220
 2715.189450    0.000239
 2715.815670    0.000260
 2716.440430    0.000282
 2717.066890    0.000307
 2717.691890    0.000333
 2718.317140    0.000361
 2718.943850    0.000393
 2719.569340    0.000425
 2720.196530    0.000462
 2720.822270    0.000501
 2721.449710    0.000543
 2722.075680    0.000587
 2722.702150    0.000637
 2723.329830    0.000690
 2723.956300    0.000747
 2724.584470    0.000808
 2725.211430    0.000875
 2725.839600    0.000946
 2726.466800    0.001023
 2727.093990    0.001106
 2727.722900    0.001196
 2728.350340    0.001292
 2728.979490    0.001396
 2729.607420    0.001508
 2730.236820    0.001629
 2730.864750    0.001758
 2731.493160    0.001897
 2732.122800    0.002047
 2732.751460    0.002208
 2733.381590    0.002381
 2734.010500    0.002567
 2734.640870    0.002768
 2735.270020    0.002982
 2735.899410    0.003213
 2736.530270    0.003461
 2737.159670    0.003726
 2737.790770    0.004012
 2738.420650    0.004317
 2739.052250    0.004646
 2739.682370    0.004997
 2740.312500    0.005374
 2740.944340    0.005778
 2741.575200    0.006211
 2742.207280    0.006676
 2742.838130    0.007172
 2743.470460    0.007704
 2744.101560    0.008272
 2744.732910    0.008881
 2745.365970    0.009533
 2745.997310    0.010228
 2746.630860    0.010975
 2747.262700    0.011769
 2747.896000    0.012621
 2748.528080    0.013529
 2749.160640    0.014498
 2749.794430    0.015535
 2750.427000    0.016640
 2751.061280    0.017822
 2751.694090    0.019080
 2752.328610    0.020425
 2752.961910    0.021855
 2753.595210    0.023380
 2754.230220    0.025010
 2754.863770    0.026741
 2755.499020    0.028589
 2756.132810    0.030553
 2756.768550    0.032649
 2757.402590    0.034874
 2758.036870    0.037240
 2758.673100    0.039764
 2759.307620    0.042440
 2759.943850    0.045293
 2760.578860    0.048317
 2761.215330    0.051537
 2761.850590    0.054949
 2762.487550    0.058580
 2763.123050    0.062426
 2763.758790    0.066505
 2764.396000    0.070843
 2765.031980    0.075433
 2765.669430    0.080309
 2766.305910    0.085466
 2766.943600    0.090941
 2767.580320    0.096729
 2768.216800    0.102853
 2768.855220    0.109353
 2769.492190    0.116215
 2770.130860    0.123490
 2770.768070    0.131164
 2771.407230    0.139299
 2772.044680    0.147871
 2772.682130    0.156923
 2773.321780    0.166513
 2773.959720    0.176609
 2774.599370    0.187289
 2775.237550    0.198528
 2775.877690    0.210415
 2776.516360    0.222914
 2777.155030    0.236083
 2777.795170    0.249985
 2778.434330    0.264600
 2779.074950    0.280018
 2779.714360    0.296209
 2780.355470    0.313284
 2780.995120    0.331195
 2781.634770    0.350018
 2782.276120    0.369847
 2782.916260    0.390633
 2783.558110    0.412512
 2784.198490    0.435421
 2784.840330    0.459509
 2785.480960    0.484719
 2786.121830    0.511155
 2786.764400    0.538930
 2787.405270    0.567945
 2788.048100    0.598417
 2788.689450    0.630237
 2789.332520    0.663616
 2789.974370    0.698458
 2790.615970    0.734864
 2791.259770    0.773039
 2791.901610    0.812792
 2792.545410    0.854425
 2793.187990    0.897795
 2793.832030    0.943144
 2794.474850    0.990346
 2795.117680    1.039547
 2795.762210    1.090947
 2796.405520    1.144382
 2797.050290    1.200138
 2797.693600    1.258027
 2798.338870    1.318426
 2798.982420    1.381058
 2799.626460    1.446198
 2800.272220    1.514048
 2800.916260    1.584315
 2801.562260    1.657469
 2802.206790    1.733191
 2802.852780    1.811894
 2803.497560    1.893317
 2804.142580    1.977706
 2804.789310    2.065331
 2805.434330    2.155792
 2806.081300    2.249671
 2806.726810    2.346539
 2807.374020    2.446934
 2808.020020    2.550467
 2808.666020    2.657385
 2809.313480    2.767997
 2809.959960    2.881948
 2810.607910    2.999725
 2811.254390    3.120849
 2811.902830    3.246012
 2812.549560    3.374557
 2813.198240    3.507258
 2813.845210    3.643411
 2814.492680    3.783504
 2815.141600    3.927803
 2815.789310    4.075743
 2816.438720    4.228026
 2817.086430    4.383877
 2817.736080    4.544195
 2818.384520    4.708223
 2819.032710    4.876205
 2819.682620    5.048666
 2820.331300    5.224837
 2820.981930    5.405583
 2821.630620    5.589812
 2822.281490    5.778687
 2822.930660    5.971065
 2823.580080    6.167483
 2824.231200    6.368373
 2824.880860    6.572721
 2825.532230    6.781481
 2826.182370    6.993672
 2826.833980    7.210120
 2827.484380    7.429865
 2828.134770    7.653245
 2828.786870    7.880785
 2829.437740    8.111382
 2830.090090    8.345901
 2830.741210    8.583282
 2831.394040    8.824492
 2832.045410    9.068248
 2832.697020    9.315063
 2833.350100    9.565288
 2834.001950    9.817760
 2834.655520    10.073481
 2835.307620    10.331059
 2835.961180    10.591500
 2836.613770    10.853674
 2837.266360    11.117798
 2837.920410    11.384300
 2838.573490    11.652004
 2839.228030    11.921728
 2839.881100    12.192066
 2840.535890    12.464137
 2841.189450    12.736517
 2841.843020    13.009500
 2842.498540    13.283688
 2843.152340    13.557328
 2843.807860    13.831619
 2844.462160    14.105106
 2845.118160    14.378777
 2845.772710    14.651063
 2846.427250    14.922336
 2847.083740    15.193148
 2847.738770    15.461841
 2848.395260    15.729359
 2849.050540    15.994351
 2849.707760    16.257837
 2850.363280    16.518095
 2851.018800    16.775545
 2851.676270    17.030685
 2852.332280    17.281925
 2852.989990    17.530210
 2853.646480    17.774174
 2854.304440    18.014551
 2854.960940    18.250017
 2855.617920    18.481020
 2856.276370    18.707634
 2856.933350    18.928600
 2857.592290    19.144817
 2858.249760    19.354910
 2858.908940    19.559652
 2859.566650    19.757824
 2860.224370    19.949661
 2860.883790    20.135408
 2861.541750    20.313959
 2862.201900    20.486080
 2862.860350    20.650547
 2863.520510    20.808022
 2864.179200    20.957554
 2864.839840    21.099731
 2865.498780    21.233593
 2866.157960    21.359404
 2866.818850    21.477257
 2867.478520    21.586479
 2868.139650    21.687378
 2868.799320    21.779388
 2869.460940    21.862865
 2870.121090    21.937271
 2870.781490    22.002733
 2871.443360    22.059265
 2872.103760    22.106546
 2872.766360    22.144773
 2873.427000    22.173658
 2874.089600    22.193346
 2874.750730    22.203705
 2875.412110    22.204775
 2876.075440    22.196529
 2876.736820    22.179031
 2877.400390    22.152189
 2878.062260    22.116200
 2878.725830    22.070929
 2879.388180    22.016632
 2880.050540    21.953308
 2880.714600    21.880850
 2881.377440    21.799665
 2882.041750    21.709532
 2882.704830    21.610928
 2883.369380    21.503586
 2884.032960    21.388027
 2884.696530    21.264257
 2885.361330    21.132181
 2886.025390    20.992355
 2886.690920    20.844479
 2887.354980    20.689392
 2888.020510    20.526609
 2888.685060    20.356922
 2889.349610    20.180309
 2890.015870    19.996504
 2890.680910    19.806540
 2891.347410    19.609867
 2892.012700    19.407524
 2892.679200    19.198998
 2893.344970    18.985146
 2894.010500    18.766071
 2894.677730    18.541370
 2895.343510    18.312363
 2896.011470    18.078045
 2896.677490    17.840130
 2897.345460    17.597485
 2898.011960    17.351614
 2898.678960    17.102072
 2899.347170    16.848833
 2900.014160    16.593096
 2900.682860    16.333990
 2901.350100    16.073017
 2902.019530    15.809000
 2902.687010    15.543837
 2903.354740    15.276918
 2904.024410    15.007807
 2904.692380    14.738232
 2905.361820    14.467157
 2906.030520    14.195721
 2906.700680    13.923269
 2907.369140    13.651328
 2908.038090    13.379238
 2908.708500    13.106826
 2909.377930    12.835308
 2910.048830    12.563910
 2910.718260    12.294025
 2911.389650    12.024483
 2912.059330    11.756948
 2912.729250    11.490829
 2913.400630    11.225828
 2914.070800    10.963185
 2914.742920    10.701830
 2915.413570    10.443256
 2916.085690    10.186492
 2916.756590    9.932710
 2917.429200    9.680948
 2918.100340    9.432531
 2918.771730    9.186944
 2919.444580    8.943872
 2920.116210    8.704395
 2920.789550    8.467583
 2921.461670    8.234564
 2922.135500    8.004415
 2922.807370    7.778468
 2923.479740    7.555970
 2924.154050    7.336523
 2924.826660    7.121383
 2925.500980    6.909511
 2926.174070    6.701881
 2926.848880    6.497638
 2927.522220    6.297779
 2928.195800    6.101815
 2928.870850    5.909431
 2929.544920    5.721345
 2930.220460    5.536893
 2930.894530    5.356883
 2931.570310    5.180469
 2932.244630    5.008479
 2932.919190    4.840459
 2933.595700    4.675988
 2934.270260    4.516000
 2934.947270    4.359433
 2935.622310    4.207285
 2936.299070    4.058696
 2936.974850    3.914230
 2937.650390    3.773683
 2938.327880    3.636571
 2939.003660    3.503595
 2939.681400    3.373991
 2940.357670    3.248367
 2941.035640    3.126084
 2941.712160    3.007665
 2942.389160    2.892702
 2943.067630    2.780987
 2943.744630    2.672945
 2944.423580    2.567972
 2945.100830    2.466576
 2945.780030    2.368143
 2946.457760    2.273111
 2947.135500    2.181197
 2947.815190    2.092084
 2948.493410    2.006156
 2949.173100    1.922976
 2949.851560    1.842804
 2950.531980    1.765203
 2951.210450    1.690551
 2951.889650    1.618477
 2952.570070    1.548872
 2953.249270    1.481918
 2953.930660    1.417216
 2954.610110    1.355097
 2955.291500    1.295133
 2955.971190    1.237583
 2956.651120    1.182211
 2957.333010    1.128822
 2958.013180    1.077641
 2958.695560    1.028312
 2959.376220    0.981058
 2960.058350    0.935596
 2960.739500    0.892033
 2961.420410    0.850254
 2962.103520    0.810061
 2962.784910    0.771629
 2963.468020    0.734708
 2964.149900    0.699404
 2964.833500    0.665512
 2965.515380    0.633150
 2966.197750    0.602159
 2966.881590    0.572450
 2967.564210    0.544090
 2968.248540    0.516914
 2968.931150    0.491010
 2969.615720    0.466192
 2970.299070    0.442536
 2970.984130    0.419898
 2971.667480    0.398348
 2972.351070    0.377782
 2973.036620    0.358114
 2973.720700    0.339405
 2974.406250    0.321537
 2975.090580    0.304544
 2975.776610    0.288322
 2976.461180    0.272911
 2977.146000    0.258239
 2977.832280    0.244250
 2978.517580    0.230966
 2979.204350    0.218308
 2979.889650    0.206305
 2980.576660    0.194871
 2981.262210    0.184035
 2981.948240    0.173740
 2982.635990    0.163944
 2983.322020    0.154674
 2984.010010    0.145856
 2984.696530    0.137513
 2985.384770    0.129586
 2986.071530    0.122091
 2986.758540    0.114990
 2987.447270    0.108250
 2988.134770    0.101882
 2988.823490    0.095846
 2989.510990    0.090147
 2990.200440    0.084744
 2990.888180    0.079650
 2991.576170    0.074834
 2992.266360    0.070272
 2992.954830    0.065975
 2993.644780    0.061912
 2994.333500    0.058084
 2995.023930    0.054466
 2995.713130    0.051062
 2996.402100    0.047853
 2997.093020    0.044823
 2997.782710    0.041974
 2998.473880    0.039287
 2999.163570    0.036763
 2999.855470    0.034382
 3000.545410    0.032149
 3001.235600    0.030050
 3001.927730    0.028072
 3002.618410    0.026218
 3003.310550    0.024474
 3004.001710    0.022840
 3004.694340    0.021303
 3005.385740    0.019865
 3006.076900    0.018517
 3006.770020    0.017252
 3007.461670    0.016068
 3008.155270    0.014957
 3008.847410    0.013920
 3009.541260    0.012947
 3010.233400    0.012039
 3010.926270    0.011190
 3011.620360    0.010395
 3012.313230    0.009655
 3013.007810    0.008962
 3013.700930    0.008316
 3014.395750    0.007712
 3015.089360    0.007151
 3015.783200    0.006627
 3016.478270    0.006138
 3017.172610    0.005684
 3017.868160    0.005260
 3018.562260    0.004867
 3019.258540    0.004499
 3019.952880    0.004160
 3020.647950    0.003843
 3021.344480    0.003549
 3022.039310    0.003277
 3022.736330    0.003023
 3023.431640    0.002789
 3024.128660    0.002570
 3024.824460    0.002369
 3025.522220    0.002181
 3026.218020    0.002008
 3026.914310    0.001848
 3027.612300    0.001699
 3028.308840    0.001563
 3029.007080    0.001436
 3029.703860    0.001319
 3030.402590    0.001211
 3031.099850    0.001112
 3031.797120    0.001019
 3032.496090    0.000935
 3033.193600    0.000856
 3033.893310    0.000785
 3034.591060    0.000718
 3035.290770    0.000657
 3035.989010    0.000602
 3036.687740    0.000550
 3037.387700    0.000503
 3038.086670    0.000459
 3038.787350    0.000419
 3039.486080    0.000382
 3040.187260    0.000349
 3040.886470    0.000318
 3041.586180    0.000290
 3042.287350    0.000264
 3042.987550    0.000240
 3043.689210    0.000218
 3044.389160    0.000198
 3045.091060    0.000180
 3045.791750    0.000164
 3046.492430    0.000149
 3047.194820    0.000135
 3047.896000    0.000123
 3048.598880    0.000112
 3049.300050    0.000101
