 2653.384280    0.000000
 2653.996340    0.000000
 2654.606690    0.000000
 2655.217290    0.000000
 2655.829830    0.000000
 2656.440670    0.000000
 2657.053220    0.000000
 2657.664550    0.000000
 2658.277340    0.000000
 2658.888920    0.000000
 2659.500730    0.000000
 2660.114010    0.000000
 2660.725830    0.000000
 2661.339360    0.000000
 2661.951660    0.000000
 2662.565430    0.000000
 2663.177980    0.000000
 2663.790530    0.000000
 2664.404790    0.000000
 2665.017820    0.000000
 2665.632320    0.000000
 2666.245610    0.000000
 2666.860350    0.000000
 2667.473880    0.000000
 2668.089110    0.000000
 2668.702880    0.000000
 2669.316890    0.000000
 2669.932370    0.000000
 2670.546630    0.000000
 2671.162350    0.000000
 2671.776860    0.000000
 2672.393070    0.000000
 2673.007810    0.000000
 2673.622560    0.000000
 2674.239260    0.000000
 2674.854490    0.000000
 2675.471190    0.000000
 2676.086670    0.000000
 2676.703860    0.000000
 2677.319580    0.000000
 2677.935550    0.000000
 2678.552980    0.000000
 2679.169190    0.000000
 2679.786870    0.000000
 2680.403560    0.000000
 2681.021480    0.000000
 2681.638430    0.000000
 2682.255370    0.000000
 2682.873780    0.000000
 2683.490970    0.000000
 2684.109860    0.000000
 2684.727290    0.000000
 2685.346440    0.000000
 2685.964110    0.000000
 2686.582030    0.000000
 2687.201660    0.000000
 2687.819820    0.000000
 2688.439450    0.000000
 2689.057860    0.000000
 2689.677980    0.000000
 2690.296880    0.000000
 2690.915770    0.000000
 2691.536380    0.000000
 2692.155270    0.000000
 2692.776370    0.000000
 2693.395750    0.000000
 2694.016850    0.000000
 2694.636720    0.000000
 2695.256590    0.000000
 2695.877930    0.000000
 2696.498050    0.000000
 2697.119870    0.000000
 2697.740480    0.000000
 2698.362550    0.000000
 2698.983400    0.000000
 2699.604250    0.000000
 2700.226810    0.000000
 2700.847900    0.000000
 2701.470700    0.000000
 2702.092040    0.000000
 2702.715330    0.000000
 2703.337160    0.000000
 2703.958980    0.000000
 2704.582520    0.000000
 2705.204830    0.000000
 2705.828370    0.000000
 2706.450930    0.000000
 2707.074950    0.000000
 2707.697750    0.000000
 2708.320800    0.000000
 2708.945310    0.000000
 2709.568360    0.000000
 2710.193360    0.000000
 2710.816650    0.000000
 2711.441890    0.000000
 2712.065670    0.000000
 2712.689450    0.000000
 2713.314940    0.000000
 2713.939210    0.000000
 2714.565190    0.000000
 2715.189450    0.000000
 2715.815670    0.000000
 2716.440430    0.000000
 2717.066890    0.000000
 2717.691890    0.000000
 2718.317140    0.000000
 2718.943850    0.000000
 2719.569340    0.000000
 2720.196530    0.000000
 2720.822270    0.000000
 2721.449710    0.000000
 2722.075680    0.000000
 2722.702150    0.000000
 2723.329830    0.000000
 2723.956300    0.000000
 2724.584470    0.000000
 2725.211430    0.000000
 2725.839600    0.000000
 2726.466800    0.000000
 2727.093990    0.000000
 2727.722900    0.000000
 2728.350340    0.000000
 2728.979490    0.000000
 2729.607420    0.000000
 2730.236820    0.000000
 2730.864750    0.000000
 2731.493160    0.000000
 2732.122800    0.000000
 2732.751460    0.000000
 2733.381590    0.000000
 2734.010500    0.000000
 2734.640870    0.000000
 2735.270020    0.000000
 2735.899410    0.000000
 2736.530270    0.000000
 2737.159670    0.000000
 2737.790770    0.000000
 2738.420650    0.000000
 2739.052250    0.000000
 2739.682370    0.000000
 2740.312500    0.000000
 2740.944340    0.000000
 2741.575200    0.000000
 2742.207280    0.000000
 2742.838130    0.000000
 2743.470460    0.000000
 2744.101560    0.000000
 2744.732910    0.000000
 2745.365970    0.000000
 2745.997310    0.000000
 2746.630860    0.000000
 2747.262700    0.000000
 2747.896000    0.000000
 2748.528080    0.000000
 2749.160640    0.000000
 2749.794430    0.000000
 2750.427000    0.000000
 2751.061280    0.000000
 2751.694090    0.000000
 2752.328610    0.000000
 2752.961910    0.000000
 2753.595210    0.000000
 2754.230220    0.000000
 2754.863770    0.000000
 2755.499020    0.000000
 2756.132810    0.000000
 2756.768550    0.000000
 2757.402590    0.000000
 2758.036870    0.000000
 2758.673100    0.000000
 2759.307620    0.000000
 2759.943850    0.000000
 2760.578860    0.000000
 2761.215330    0.000000
 2761.850590    0.000000
 2762.487550    0.000000
 2763.123050    0.000000
 2763.758790    0.000000
 2764.396000    0.000000
 2765.031980    0.000000
 2765.669430    0.000000
 2766.305910    0.000000
 2766.943600    0.000000
 2767.580320    0.000000
 2768.216800    0.000000
 2768.855220    0.000000
 2769.492190    0.000000
 2770.130860    0.000000
 2770.768070    0.000000
 2771.407230    0.000000
 2772.044680    0.000000
 2772.682130    0.000000
 2773.321780    0.000000
 2773.959720    0.000000
 2774.599370    0.000000
 2775.237550    0.000000
 2775.877690    0.000000
 2776.516360    0.000000
 2777.155030    0.000000
 2777.795170    0.000000
 2778.434330    0.000000
 2779.074950    0.000000
 2779.714360    0.000000
 2780.355470    0.000000
 2780.995120    0.000000
 2781.634770    0.000000
 2782.276120    0.000000
 2782.916260    0.000000
 2783.558110    0.000000
 2784.198490    0.000000
 2784.840330    0.000000
 2785.480960    0.000000
 2786.121830    0.000000
 2786.764400    0.000000
 2787.405270    0.000000
 2788.048100    0.000000
 2788.689450    0.000000
 2789.332520    0.000000
 2789.974370    0.000000
 2790.615970    0.000000
 2791.259770    0.000000
 2791.901610    0.000000
 2792.545410    0.000000
 2793.187990    0.000000
 2793.832030    0.000000
 2794.474850    0.000000
 2795.117680    0.000000
 2795.762210    0.000000
 2796.405520    0.000000
 2797.050290    0.000000
 2797.693600    0.000000
 2798.338870    0.000000
 2798.982420    0.000000
 2799.626460    0.000000
 2800.272220    0.000000
 2800.916260    0.000000
 2801.562260    0.000000
 2802.206790    0.000000
 2802.852780    0.000000
 2803.497560    0.000000
 2804.142580    0.000000
 2804.789310    0.000000
 2805.434330    0.000000
 2806.081300    0.000000
 2806.726810    0.000000
 2807.374020    0.000000
 2808.020020    0.000000
 2808.666020    0.000000
 2809.313480    0.000000
 2809.959960    0.000000
 2810.607910    0.000000
 2811.254390    0.000000
 2811.902830    0.000000
 2812.549560    0.000000
 2813.198240    0.000000
 2813.845210    0.000000
 2814.492680    0.000000
 2815.141600    0.000000
 2815.789310    0.000000
 2816.438720    0.000000
 2817.086430    0.000000
 2817.736080    0.000000
 2818.384520    0.000000
 2819.032710    0.000000
 2819.682620    0.000000
 2820.331300    0.000000
 2820.981930    0.000000
 2821.630620    0.000000
 2822.281490    0.000000
 2822.930660    0.000000
 2823.580080    0.000000
 2824.231200    0.000000
 2824.880860    0.000000
 2825.532230    0.000000
 2826.182370    0.000000
 2826.833980    0.000000
 2827.484380    0.000000
 2828.134770    0.000000
 2828.786870    0.000000
 2829.437740    0.000000
 2830.090090    0.000000
 2830.741210    0.000000
 2831.394040    0.000000
 2832.045410    0.000000
 2832.697020    0.000000
 2833.350100    0.000000
 2834.001950    0.000000
 2834.655520    0.000000
 2835.307620    0.000000
 2835.961180    0.000000
 2836.613770    0.000000
 2837.266360    0.000000
 2837.920410    0.000000
 2838.573490    0.000000
 2839.228030    0.000000
 2839.881100    0.000000
 2840.535890    0.000000
 2841.189450    0.000000
 2841.843020    0.000000
 2842.498540    0.000000
 2843.152340    0.000000
 2843.807860    0.000000
 2844.462160    0.000000
 2845.118160    0.000000
 2845.772710    0.000000
 2846.427250    0.000000
 2847.083740    0.000000
 2847.738770    0.000000
 2848.395260    0.000000
 2849.050540    0.000000
 2849.707760    0.000000
 2850.363280    0.000000
 2851.018800    0.000000
 2851.676270    0.000000
 2852.332280    0.000000
 2852.989990    0.000000
 2853.646480    0.000000
 2854.304440    0.000000
 2854.960940    0.000000
 2855.617920    0.000001
 2856.276370    0.000001
 2856.933350    0.000001
 2857.592290    0.000001
 2858.249760    0.000001
 2858.908940    0.000001
 2859.566650    0.000002
 2860.224370    0.000002
 2860.883790    0.000002
 2861.541750    0.000003
 2862.201900    0.000003
 2862.860350    0.000004
 2863.520510    0.000005
 2864.179200    0.000005
 2864.839840    0.000006
 2865.498780    0.000008
 2866.157960    0.000009
 2866.818850    0.000010
 2867.478520    0.000012
 2868.139650    0.000014
 2868.799320    0.000016
 2869.460940    0.000020
 2870.121090    0.000023
 2870.781490    0.000027
 2871.443360    0.000031
 2872.103760    0.000037
 2872.766360    0.000044
 2873.427000    0.000051
 2874.089600    0.000060
 2874.750730    0.000070
 2875.412110    0.000082
 2876.075440    0.000095
 2876.736820    0.000111
 2877.400390    0.000129
 2878.062260    0.000150
 2878.725830    0.000174
 2879.388180    0.000201
 2880.050540    0.000233
 2880.714600    0.000269
 2881.377440    0.000310
 2882.041750    0.000358
 2882.704830    0.000412
 2883.369380    0.000474
 2884.032960    0.000545
 2884.696530    0.000625
 2885.361330    0.000716
 2886.025390    0.000820
 2886.690920    0.000938
 2887.354980    0.001072
 2888.020510    0.001224
 2888.685060    0.001395
 2889.349610    0.001588
 2890.015870    0.001806
 2890.680910    0.002051
 2891.347410    0.002328
 2892.012700    0.002639
 2892.679200    0.002987
 2893.344970    0.003378
 2894.010500    0.003814
 2894.677730    0.004303
 2895.343510    0.004848
 2896.011470    0.005458
 2896.677490    0.006135
 2897.345460    0.006890
 2898.011960    0.007728
 2898.678960    0.008657
 2899.347170    0.009689
 2900.014160    0.010829
 2900.682860    0.012092
 2901.350100    0.013483
 2902.019530    0.015022
 2902.687010    0.016712
 2903.354740    0.018570
 2904.024410    0.020617
 2904.692380    0.022858
 2905.361820    0.025317
 2906.030520    0.028005
 2906.700680    0.030949
 2907.369140    0.034153
 2908.038090    0.037648
 2908.708500    0.041461
 2909.377930    0.045601
 2910.048830    0.050105
 2910.718260    0.054979
 2911.389650    0.060273
 2912.059330    0.065986
 2912.729250    0.072157
 2913.400630    0.078831
 2914.070800    0.086008
 2914.742920    0.093754
 2915.413570    0.102061
 2916.085690    0.110996
 2916.756590    0.120558
 2917.429200    0.130820
 2918.100340    0.141769
 2918.771730    0.153465
 2919.444580    0.165965
 2920.116210    0.179255
 2920.789550    0.193430
 2921.461670    0.208462
 2922.135500    0.224452
 2922.807370    0.241348
 2923.479740    0.259243
 2924.154050    0.278214
 2924.826660    0.298193
 2925.500980    0.319311
 2926.174070    0.341512
 2926.848880    0.364922
 2927.522220    0.389462
 2928.195800    0.415217
 2928.870850    0.442268
 2929.544920    0.470542
 2930.220460    0.500166
 2930.894530    0.531034
 2931.570310    0.563312
 2932.244630    0.596867
 2932.919190    0.631797
 2933.595700    0.668213
 2934.270260    0.705915
 2934.947270    0.745165
 2935.622310    0.785716
 2936.299070    0.827796
 2936.974850    0.871245
 2937.650390    0.916113
 2938.327880    0.962552
 2939.003660    1.010316
 2939.681400    1.059665
 2940.357670    1.110351
 2941.035640    1.162613
 2941.712160    1.216207
 2942.389160    1.271284
 2943.067630    1.327930
 2943.744630    1.385900
 2944.423580    1.445491
 2945.100830    1.506384
 2945.780030    1.568914
 2946.457760    1.632775
 2947.135500    1.698110
 2947.815190    1.765121
 2948.493410    1.833492
 2949.173100    1.903534
 2949.851560    1.974992
 2950.531980    2.048229
 2951.210450    2.122853
 2951.889650    2.199188
 2952.570070    2.277336
 2953.249270    2.357056
 2953.930660    2.438801
 2954.610110    2.522124
 2955.291500    2.607563
 2955.971190    2.694716
 2956.651120    2.783892
 2957.333010    2.875393
 2958.013180    2.968800
 2958.695560    3.064724
 2959.376220    3.162695
 2960.058350    3.263248
 2960.739500    3.366105
 2961.420410    3.471447
 2962.103520    3.579745
 2962.784910    3.690459
 2963.468020    3.804219
 2964.149900    3.920615
 2964.833500    4.040217
 2965.515380    4.162491
 2966.197750    4.287879
 2966.881590    4.416620
 2967.564210    4.548252
 2968.248540    4.683372
 2968.931150    4.821324
 2969.615720    4.962855
 2970.299070    5.107306
 2970.984130    5.255274
 2971.667480    5.405986
 2972.351070    5.559806
 2973.036620    5.717058
 2973.720700    5.876869
 2974.406250    6.039811
 2975.090580    6.205114
 2975.776610    6.373335
 2976.461180    6.543522
 2977.146000    6.715899
 2977.832280    6.890559
 2978.517580    7.066646
 2979.204350    7.244524
 2979.889650    7.423151
 2980.576660    7.603050
 2981.262210    7.783067
 2981.948240    7.963369
 2982.635990    8.143913
 2983.322020    8.323423
 2984.010010    8.502459
 2984.696530    8.679718
 2985.384770    8.855594
 2986.071530    9.028839
 2986.758540    9.199445
 2987.447270    9.367311
 2988.134770    9.531260
 2988.823490    9.691413
 2989.510990    9.846738
 2990.200440    9.997482
 2990.888180    10.142384
 2991.576170    10.281423
 2992.266360    10.414513
 2992.954830    10.540464
 2993.644780    10.659438
 2994.333500    10.770565
 2995.023930    10.873920
 2995.713130    10.968689
 2996.402100    11.054688
 2997.093020    11.131838
 2997.782710    11.199473
 2998.473880    11.257585
 2999.163570    11.305686
 2999.855470    11.343808
 3000.545410    11.371538
 3001.235600    11.388861
 3001.927730    11.395656
 3002.618410    11.391802
 3003.310550    11.377243
 3004.001710    11.352009
 3004.694340    11.316027
 3005.385740    11.269494
 3006.076900    11.212473
 3006.770020    11.144877
 3007.461670    11.067190
 3008.155270    10.979215
 3008.847410    10.881599
 3009.541260    10.774148
 3010.233400    10.657677
 3010.926270    10.532105
 3011.620360    10.397646
 3012.313230    10.255132
 3013.007810    10.104335
 3013.700930    9.946342
 3014.395750    9.780848
 3015.089360    9.608974
 3015.783200    9.430826
 3016.478270    9.246590
 3017.172610    9.057248
 3017.868160    8.862740
 3018.562260    8.664299
 3019.258540    8.461357
 3019.952880    8.255608
 3020.647950    8.046744
 3021.344480    7.835016
 3022.039310    7.621862
 3022.736330    7.406553
 3023.431640    7.190752
 3024.128660    6.973849
 3024.824460    6.757193
 3025.522220    6.540220
 3026.218020    6.324557
 3026.914310    6.109838
 3027.612300    5.896071
 3028.308840    5.684590
 3029.007080    5.474777
 3029.703860    5.267909
 3030.402590    5.063281
 3031.099850    4.862181
 3031.797120    4.664441
 3032.496090    4.469834
 3033.193600    4.279469
 3033.893310    4.092558
 3034.591060    3.910394
 3035.290770    3.732121
 3035.989010    3.558756
 3036.687740    3.389930
 3037.387700    3.225588
 3038.086670    3.066334
 3038.787350    2.911632
 3039.486080    2.762339
 3040.187260    2.617554
 3040.886470    2.478209
 3041.586180    2.343803
 3042.287350    2.214159
 3042.987550    2.089707
 3043.689210    1.969979
 3044.389160    1.855466
 3045.091060    1.745507
 3045.791750    1.640535
 3046.492430    1.540276
 3047.194820    1.444407
 3047.896000    1.353239
 3048.598880    1.266289
 3049.300050    1.183868
