 2653.384280    0.001130
 2653.996340    0.001308
 2654.606690    0.001513
 2655.217290    0.001747
 2655.829830    0.002016
 2656.440670    0.002322
 2657.053220    0.002674
 2657.664550    0.003074
 2658.277340    0.003530
 2658.888920    0.004047
 2659.500730    0.004637
 2660.114010    0.005306
 2660.725830    0.006063
 2661.339360    0.006923
 2661.951660    0.007893
 2662.565430    0.008990
 2663.177980    0.010226
 2663.790530    0.011618
 2664.404790    0.013186
 2665.017820    0.014947
 2665.632320    0.016926
 2666.245610    0.019139
 2666.860350    0.021622
 2667.473880    0.024392
 2668.089110    0.027493
 2668.702880    0.030941
 2669.316890    0.034782
 2669.932370    0.039063
 2670.546630    0.043809
 2671.162350    0.049084
 2671.776860    0.054916
 2672.393070    0.061385
 2673.007810    0.068516
 2673.622560    0.076383
 2674.239260    0.085078
 2674.854490    0.094625
 2675.471190    0.105141
 2676.086670    0.116660
 2676.703860    0.129321
 2677.319580    0.143147
 2677.935550    0.158266
 2678.552980    0.174810
 2679.169190    0.192811
 2679.786870    0.212457
 2680.403560    0.233783
 2681.021480    0.256984
 2681.638430    0.282102
 2682.255370    0.309298
 2682.873780    0.338775
 2683.490970    0.370543
 2684.109860    0.404894
 2684.727290    0.441798
 2685.346440    0.481591
 2685.964110    0.524220
 2686.582030    0.569946
 2687.201660    0.619043
 2687.819820    0.671416
 2688.439450    0.727468
 2689.057860    0.787109
 2689.677980    0.850780
 2690.296880    0.918333
 2690.915770    0.990036
 2691.536380    1.066246
 2692.155270    1.146680
 2692.776370    1.231981
 2693.395750    1.321741
 2694.016850    1.416570
 2694.636720    1.516129
 2695.256590    1.620689
 2695.877930    1.730598
 2696.498050    1.845449
 2697.119870    1.965841
 2697.740480    2.091246
 2698.362550    2.222224
 2698.983400    2.358212
 2699.604250    2.499439
 2700.226810    2.646267
 2700.847900    2.797887
 2701.470700    2.954980
 2702.092040    3.116639
 2702.715330    3.283614
 2703.337160    3.454827
 2703.958980    3.630476
 2704.582520    3.810837
 2705.204830    3.994821
 2705.828370    4.182873
 2706.450930    4.374032
 2707.074950    4.568718
 2707.697750    4.765740
 2708.320800    4.965171
 2708.945310    5.167002
 2709.568360    5.369854
 2710.193360    5.574383
 2710.816650    5.778914
 2711.441890    5.984149
 2712.065670    6.188448
 2712.689450    6.391761
 2713.314940    6.594089
 2713.939210    6.793923
 2714.565190    6.991628
 2715.189450    7.185544
 2715.815670    7.376226
 2716.440430    7.562044
 2717.066890    7.743354
 2717.691890    7.918658
 2718.317140    8.087882
 2718.943850    8.250769
 2719.569340    8.406071
 2720.196530    8.553974
 2720.822270    8.693216
 2721.449710    8.824008
 2722.075680    8.945221
 2722.702150    9.056821
 2723.329830    9.158495
 2723.956300    9.249475
 2724.584470    9.329843
 2725.211430    9.398911
 2725.839600    9.456691
 2726.466800    9.502760
 2727.093990    9.537042
 2727.722900    9.559454
 2728.350340    9.569790
 2728.979490    9.568058
 2729.607420    9.554258
 2730.236820    9.528377
 2730.864750    9.490630
 2731.493160    9.441072
 2732.122800    9.379786
 2732.751460    9.307206
 2733.381590    9.223310
 2734.010500    9.128760
 2734.640870    9.023497
 2735.270020    8.908347
 2735.899410    8.783487
 2736.530270    8.649085
 2737.159670    8.506245
 2737.790770    8.354747
 2738.420650    8.195811
 2739.052250    8.029241
 2739.682370    7.856431
 2740.312500    7.677583
 2740.944340    7.492773
 2741.575200    7.303375
 2742.207280    7.109328
 2742.838130    6.911981
 2743.470460    6.711092
 2744.101560    6.508107
 2744.732910    6.303144
 2745.365970    6.096297
 2745.997310    5.889243
 2746.630860    5.681251
 2747.262700    5.474129
 2747.896000    5.267350
 2748.528080    5.062276
 2749.160640    4.858816
 2749.794430    4.657180
 2750.427000    4.458560
 2751.061280    4.262425
 2751.694090    4.070119
 2752.328610    3.881008
 2752.961910    3.696274
 2753.595210    3.515818
 2754.230220    3.339416
 2754.863770    3.168166
 2755.499020    3.001400
 2756.132810    2.840111
 2756.768550    2.683567
 2757.402590    2.532773
 2758.036870    2.387329
 2758.673100    2.246921
 2759.307620    2.112391
 2759.943850    1.983023
 2760.578860    1.859403
 2761.215330    1.740979
 2761.850590    1.628202
 2762.487550    1.520491
 2763.123050    1.418299
 2763.758790    1.321238
 2764.396000    1.229032
 2765.031980    1.141951
 2765.669430    1.059495
 2766.305910    0.981848
 2766.943600    0.908594
 2767.580320    0.839836
 2768.216800    0.775324
 2768.855220    0.714690
 2769.492190    0.658099
 2770.130860    0.605106
 2770.768070    0.555812
 2771.407230    0.509789
 2772.044680    0.467142
 2772.682130    0.427580
 2773.321780    0.390826
 2773.959720    0.356953
 2774.599370    0.325627
 2775.237550    0.296863
 2775.877690    0.270367
 2776.516360    0.246149
 2777.155030    0.224019
 2777.795170    0.203810
 2778.434330    0.185487
 2779.074950    0.168873
 2779.714360    0.153939
 2780.355470    0.140524
 2780.995120    0.128610
 2781.634770    0.118086
 2782.276120    0.108859
 2782.916260    0.100911
 2783.558110    0.094154
 2784.198490    0.088574
 2784.840330    0.084110
 2785.480960    0.080751
 2786.121830    0.078468
 2786.764400    0.077249
 2787.405270    0.077097
 2788.048100    0.078019
 2788.689450    0.080028
 2789.332520    0.083159
 2789.974370    0.087435
 2790.615970    0.092903
 2791.259770    0.099646
 2791.901610    0.107685
 2792.545410    0.117148
 2793.187990    0.128078
 2793.832030    0.140619
 2794.474850    0.154834
 2795.117680    0.170865
 2795.762210    0.188899
 2796.405520    0.209004
 2797.050290    0.231427
 2797.693600    0.256241
 2798.338870    0.283769
 2798.982420    0.314057
 2799.626460    0.347419
 2800.272220    0.384163
 2800.916260    0.424341
 2801.562260    0.468445
 2802.206790    0.516519
 2802.852780    0.569071
 2803.497560    0.626191
 2804.142580    0.688313
 2804.789310    0.755938
 2805.434330    0.829050
 2806.081300    0.908429
 2806.726810    0.994034
 2807.374020    1.086674
 2808.020020    1.186329
 2808.666020    1.293571
 2809.313480    1.409081
 2809.959960    1.532852
 2810.607910    1.665786
 2811.254390    1.807709
 2811.902830    1.959813
 2812.549560    2.121674
 2813.198240    2.294640
 2813.845210    2.478164
 2814.492680    2.673247
 2815.141600    2.880644
 2815.789310    3.099890
 2816.438720    3.332366
 2817.086430    3.577202
 2817.736080    3.836118
 2818.384520    4.108180
 2819.032710    4.394020
 2819.682620    4.694792
 2820.331300    5.009355
 2820.981930    5.339435
 2821.630620    5.683169
 2822.281490    6.042835
 2822.930660    6.416307
 2823.580080    6.804619
 2824.231200    7.208617
 2824.880860    7.626183
 2825.532230    8.059140
 2826.182370    8.505271
 2826.833980    8.966062
 2827.484380    9.439190
 2828.134770    9.925000
 2828.786870    10.424238
 2829.437740    10.934018
 2830.090090    11.455713
 2830.741210    11.986372
 2831.394040    12.527501
 2832.045410    13.075512
 2832.697020    13.630788
 2833.350100    14.193281
 2834.001950    14.759501
 2834.655520    15.330750
 2835.307620    15.902947
 2835.961180    16.477289
 2836.613770    17.050207
 2837.266360    17.621092
 2837.920410    18.189693
 2838.573490    18.752340
 2839.228030    19.309530
 2839.881100    19.857168
 2840.535890    20.396278
 2841.189450    20.922810
 2841.843020    21.436142
 2842.498540    21.936123
 2843.152340    22.418343
 2843.807860    22.883730
 2844.462160    23.328640
 2845.118160    23.753527
 2845.772710    24.154865
 2846.427250    24.532234
 2847.083740    24.885319
 2847.738770    25.210999
 2848.395260    25.509548
 2849.050540    25.778656
 2849.707760    26.018585
 2850.363280    26.227097
 2851.018800    26.404083
 2851.676270    26.549271
 2852.332280    26.661324
 2852.989990    26.740343
 2853.646480    26.785641
 2854.304440    26.797214
 2854.960940    26.774967
 2855.617920    26.718990
 2856.276370    26.629269
 2856.933350    26.506533
 2857.592290    26.350576
 2858.249760    26.162754
 2858.908940    25.942850
 2859.566650    25.692722
 2860.224370    25.412842
 2860.883790    25.103399
 2861.541750    24.766994
 2862.201900    24.402931
 2862.860350    24.014641
 2863.520510    23.601490
 2864.179200    23.166899
 2864.839840    22.710100
 2865.498780    22.235170
 2866.157960    21.742367
 2866.818850    21.232153
 2867.478520    20.708429
 2868.139650    20.170738
 2868.799320    19.623140
 2869.460940    19.064474
 2870.121090    18.499283
 2870.781490    17.927774
 2871.443360    17.350502
 2872.103760    16.771606
 2872.766360    16.189434
 2873.427000    15.609137
 2874.089600    15.028738
 2874.750730    14.452630
 2875.412110    13.880644
 2876.075440    13.312593
 2876.736820    12.753014
 2877.400390    12.199522
 2878.062260    11.656427
 2878.725830    11.121889
 2879.388180    10.599164
 2880.050540    10.088057
 2880.714600    9.588016
 2881.377440    9.101904
 2882.041750    8.628314
 2882.704830    8.169650
 2883.369380    7.724464
 2884.032960    7.294734
 2884.696530    6.880047
 2885.361330    6.479865
 2886.025390    6.095494
 2886.690920    5.725737
 2887.354980    5.372211
 2888.020510    5.033290
 2888.685060    4.710110
 2889.349610    4.401993
 2890.015870    4.107988
 2890.680910    3.829146
 2891.347410    3.564051
 2892.012700    3.313448
 2892.679200    3.076061
 2893.344970    2.852214
 2894.010500    2.641306
 2894.677730    2.442333
 2895.343510    2.255809
 2896.011470    2.080273
 2896.677490    1.916360
 2897.345460    1.762639
 2898.011960    1.619440
 2898.678960    1.485848
 2899.347170    1.361285
 2900.014160    1.245742
 2900.682860    1.138258
 2901.350100    1.038900
 2902.019530    0.946690
 2902.687010    0.861773
 2903.354740    0.783425
 2904.024410    0.711069
 2904.692380    0.644713
 2905.361820    0.583659
 2906.030520    0.527754
 2906.700680    0.476472
 2907.369140    0.429724
 2908.038090    0.387026
 2908.708500    0.348034
 2909.377930    0.312608
 2910.048830    0.280354
 2910.718260    0.251157
 2911.389650    0.224633
 2912.059330    0.200704
 2912.729250    0.179081
 2913.400630    0.159538
 2914.070800    0.141971
 2914.742920    0.126128
 2915.413570    0.111936
 2916.085690    0.099182
 2916.756590    0.087786
 2917.429200    0.077573
 2918.100340    0.068476
 2918.771730    0.060363
 2919.444580    0.053126
 2920.116210    0.046707
 2920.789550    0.040995
 2921.461670    0.035943
 2922.135500    0.031461
 2922.807370    0.027512
 2923.479740    0.024025
 2924.154050    0.020944
 2924.826660    0.018239
 2925.500980    0.015858
 2926.174070    0.013773
 2926.848880    0.011941
 2927.522220    0.010343
 2928.195800    0.008946
 2928.870850    0.007726
 2929.544920    0.006663
 2930.220460    0.005738
 2930.894530    0.004936
 2931.570310    0.004240
 2932.244630    0.003637
 2932.919190    0.003117
 2933.595700    0.002666
 2934.270260    0.002277
 2934.947270    0.001943
 2935.622310    0.001655
 2936.299070    0.001408
 2936.974850    0.001196
 2937.650390    0.001015
 2938.327880    0.000860
 2939.003660    0.000728
 2939.681400    0.000615
 2940.357670    0.000519
 2941.035640    0.000437
 2941.712160    0.000368
 2942.389160    0.000309
 2943.067630    0.000259
 2943.744630    0.000217
 2944.423580    0.000182
 2945.100830    0.000152
 2945.780030    0.000127
 2946.457760    0.000106
 2947.135500    0.000088
 2947.815190    0.000073
 2948.493410    0.000061
 2949.173100    0.000051
 2949.851560    0.000042
 2950.531980    0.000034
 2951.210450    0.000029
 2951.889650    0.000024
 2952.570070    0.000019
 2953.249270    0.000016
 2953.930660    0.000013
 2954.610110    0.000010
 2955.291500    0.000009
 2955.971190    0.000007
 2956.651120    0.000006
 2957.333010    0.000005
 2958.013180    0.000004
 2958.695560    0.000003
 2959.376220    0.000003
 2960.058350    0.000002
 2960.739500    0.000002
 2961.420410    0.000001
 2962.103520    0.000001
 2962.784910    0.000001
 2963.468020    0.000001
 2964.149900    0.000001
 2964.833500    0.000000
 2965.515380    0.000000
 2966.197750    0.000000
 2966.881590    0.000000
 2967.564210    0.000000
 2968.248540    0.000000
 2968.931150    0.000000
 2969.615720    0.000000
 2970.299070    0.000000
 2970.984130    0.000000
 2971.667480    0.000000
 2972.351070    0.000000
 2973.036620    0.000000
 2973.720700    0.000000
 2974.406250    0.000000
 2975.090580    0.000000
 2975.776610    0.000000
 2976.461180    0.000000
 2977.146000    0.000000
 2977.832280    0.000000
 2978.517580    0.000000
 2979.204350    0.000000
 2979.889650    0.000000
 2980.576660    0.000000
 2981.262210    0.000000
 2981.948240    0.000000
 2982.635990    0.000000
 2983.322020    0.000000
 2984.010010    0.000000
 2984.696530    0.000000
 2985.384770    0.000000
 2986.071530    0.000000
 2986.758540    0.000000
 2987.447270    0.000000
 2988.134770    0.000000
 2988.823490    0.000000
 2989.510990    0.000000
 2990.200440    0.000000
 2990.888180    0.000000
 2991.576170    0.000000
 2992.266360    0.000000
 2992.954830    0.000000
 2993.644780    0.000000
 2994.333500    0.000000
 2995.023930    0.000000
 2995.713130    0.000000
 2996.402100    0.000000
 2997.093020    0.000000
 2997.782710    0.000000
 2998.473880    0.000000
 2999.163570    0.000000
 2999.855470    0.000000
 3000.545410    0.000000
 3001.235600    0.000000
 3001.927730    0.000000
 3002.618410    0.000000
 3003.310550    0.000000
 3004.001710    0.000000
 3004.694340    0.000000
 3005.385740    0.000000
 3006.076900    0.000000
 3006.770020    0.000000
 3007.461670    0.000000
 3008.155270    0.000000
 3008.847410    0.000000
 3009.541260    0.000000
 3010.233400    0.000000
 3010.926270    0.000000
 3011.620360    0.000000
 3012.313230    0.000000
 3013.007810    0.000000
 3013.700930    0.000000
 3014.395750    0.000000
 3015.089360    0.000000
 3015.783200    0.000000
 3016.478270    0.000000
 3017.172610    0.000000
 3017.868160    0.000000
 3018.562260    0.000000
 3019.258540    0.000000
 3019.952880    0.000000
 3020.647950    0.000000
 3021.344480    0.000000
 3022.039310    0.000000
 3022.736330    0.000000
 3023.431640    0.000000
 3024.128660    0.000000
 3024.824460    0.000000
 3025.522220    0.000000
 3026.218020    0.000000
 3026.914310    0.000000
 3027.612300    0.000000
 3028.308840    0.000000
 3029.007080    0.000000
 3029.703860    0.000000
 3030.402590    0.000000
 3031.099850    0.000000
 3031.797120    0.000000
 3032.496090    0.000000
 3033.193600    0.000000
 3033.893310    0.000000
 3034.591060    0.000000
 3035.290770    0.000000
 3035.989010    0.000000
 3036.687740    0.000000
 3037.387700    0.000000
 3038.086670    0.000000
 3038.787350    0.000000
 3039.486080    0.000000
 3040.187260    0.000000
 3040.886470    0.000000
 3041.586180    0.000000
 3042.287350    0.000000
 3042.987550    0.000000
 3043.689210    0.000000
 3044.389160    0.000000
 3045.091060    0.000000
 3045.791750    0.000000
 3046.492430    0.000000
 3047.194820    0.000000
 3047.896000    0.000000
 3048.598880    0.000000
 3049.300050    0.000000
