 2653.384280    0.007119
 2653.996340    0.007910
 2654.606690    0.008778
 2655.217290    0.009731
 2655.829830    0.010783
 2656.440670    0.011932
 2657.053220    0.013196
 2657.664550    0.014577
 2658.277340    0.016091
 2658.888920    0.017743
 2659.500730    0.019547
 2660.114010    0.021518
 2660.725830    0.023662
 2661.339360    0.026002
 2661.951660    0.028543
 2662.565430    0.031310
 2663.177980    0.034309
 2663.790530    0.037561
 2664.404790    0.041097
 2665.017820    0.044916
 2665.632320    0.049059
 2666.245610    0.053528
 2666.860350    0.058366
 2667.473880    0.063576
 2668.089110    0.069208
 2668.702880    0.075261
 2669.316890    0.081779
 2669.932370    0.088804
 2670.546630    0.096338
 2671.162350    0.104447
 2671.776860    0.113129
 2672.393070    0.122461
 2673.007810    0.132434
 2673.622560    0.143106
 2674.239260    0.154556
 2674.854490    0.166762
 2675.471190    0.179829
 2676.086670    0.193743
 2676.703860    0.208619
 2677.319580    0.224432
 2677.935550    0.241274
 2678.552980    0.259233
 2679.169190    0.278290
 2679.786870    0.298584
 2680.403560    0.320095
 2681.021480    0.342961
 2681.638430    0.367166
 2682.255370    0.392807
 2682.873780    0.420018
 2683.490970    0.448751
 2684.109860    0.479214
 2684.727290    0.511322
 2685.346440    0.545318
 2685.964110    0.581103
 2686.582030    0.618847
 2687.201660    0.658729
 2687.819820    0.700624
 2688.439450    0.744812
 2689.057860    0.791187
 2689.677980    0.840054
 2690.296880    0.891266
 2690.915770    0.945004
 2691.536380    1.001513
 2692.155270    1.060562
 2692.776370    1.122614
 2693.395750    1.187366
 2694.016850    1.255257
 2694.636720    1.326053
 2695.256590    1.399962
 2695.877930    1.477249
 2696.498050    1.557656
 2697.119870    1.641641
 2697.740480    1.728877
 2698.362550    1.819810
 2698.983400    1.914109
 2699.604250    2.012003
 2700.226810    2.113826
 2700.847900    2.219102
 2701.470700    2.328406
 2702.092040    2.441213
 2702.715330    2.558166
 2703.337160    2.678637
 2703.958980    2.802900
 2704.582520    2.931301
 2705.204830    3.063220
 2705.828370    3.199144
 2706.450930    3.338551
 2707.074950    3.481935
 2707.697750    3.628611
 2708.320800    3.778831
 2708.945310    3.932805
 2709.568360    4.089698
 2710.193360    4.250244
 2710.816650    4.413361
 2711.441890    4.579847
 2712.065670    4.748621
 2712.689450    4.919876
 2713.314940    5.093883
 2713.939210    5.269603
 2714.565190    5.447622
 2715.189450    5.626709
 2715.815670    5.807644
 2716.440430    5.989150
 2717.066890    6.171844
 2717.691890    6.354486
 2718.317140    6.537241
 2718.943850    6.720119
 2719.569340    6.901983
 2720.196530    7.083315
 2720.822270    7.262817
 2721.449710    7.441014
 2722.075680    7.616609
 2722.702150    7.789756
 2723.329830    7.960241
 2723.956300    8.126994
 2724.584470    8.290383
 2725.211430    8.449229
 2725.839600    8.603746
 2726.466800    8.752987
 2727.093990    8.896797
 2727.722900    9.035153
 2728.350340    9.166974
 2728.979490    9.292551
 2729.607420    9.410933
 2730.236820    9.522275
 2730.864750    9.625731
 2731.493160    9.721329
 2732.122800    9.808858
 2732.751460    9.887735
 2733.381590    9.958007
 2734.010500    10.019147
 2734.640870    10.071206
 2735.270020    10.113783
 2735.899410    10.146853
 2736.530270    10.170323
 2737.159670    10.183992
 2737.790770    10.187858
 2738.420650    10.181861
 2739.052250    10.165959
 2739.682370    10.140256
 2740.312500    10.104780
 2740.944340    10.059485
 2741.575200    10.004663
 2742.207280    9.940264
 2742.838130    9.866709
 2743.470460    9.783881
 2744.101560    9.692359
 2744.732910    9.592199
 2745.365970    9.483413
 2745.997310    9.366884
 2746.630860    9.242209
 2747.262700    9.110488
 2747.896000    8.971431
 2748.528080    8.825993
 2749.160640    8.674189
 2749.794430    8.516224
 2750.427000    8.353127
 2751.061280    8.184560
 2751.694090    8.011798
 2752.328610    7.834413
 2752.961910    7.653664
 2753.595210    7.469656
 2754.230220    7.282326
 2754.863770    7.093049
 2755.499020    6.901321
 2756.132810    6.708527
 2756.768550    6.514055
 2757.402590    6.319443
 2758.036870    6.124502
 2758.673100    5.929101
 2759.307620    5.734748
 2759.943850    5.540768
 2760.578860    5.348411
 2761.215330    5.157201
 2761.850590    4.968269
 2762.487550    4.781052
 2763.123050    4.596770
 2763.758790    4.415187
 2764.396000    4.236217
 2765.031980    4.060842
 2765.669430    3.888537
 2766.305910    3.720156
 2766.943600    3.555290
 2767.580320    3.394665
 2768.216800    3.238214
 2768.855220    3.085531
 2769.492190    2.937535
 2770.130860    2.793568
 2770.768070    2.654410
 2771.407230    2.519366
 2772.044680    2.389239
 2772.682130    2.263679
 2773.321780    2.142272
 2773.959720    2.025754
 2774.599370    1.913472
 2775.237550    1.805946
 2775.877690    1.702557
 2776.516360    1.603799
 2777.155030    1.509361
 2777.795170    1.418963
 2778.434330    1.332869
 2779.074950    1.250658
 2779.714360    1.172581
 2780.355470    1.098177
 2780.995120    1.027709
 2781.634770    0.960888
 2782.276120    0.897433
 2782.916260    0.837522
 2783.558110    0.780759
 2784.198490    0.727307
 2784.840330    0.676800
 2785.480960    0.629325
 2786.121830    0.584646
 2786.764400    0.542552
 2787.405270    0.503146
 2788.048100    0.466085
 2788.689450    0.431454
 2789.332520    0.398965
 2789.974370    0.368658
 2790.615970    0.340371
 2791.259770    0.313897
 2791.901610    0.289307
 2792.545410    0.266348
 2793.187990    0.245042
 2793.832030    0.225205
 2794.474850    0.206834
 2795.117680    0.189801
 2795.762210    0.173985
 2796.405520    0.159380
 2797.050290    0.145850
 2797.693600    0.133385
 2798.338870    0.121850
 2798.982420    0.111248
 2799.626460    0.101478
 2800.272220    0.092466
 2800.916260    0.084208
 2801.562260    0.076601
 2802.206790    0.069639
 2802.852780    0.063246
 2803.497560    0.057402
 2804.142580    0.052054
 2804.789310    0.047153
 2805.434330    0.042691
 2806.081300    0.038608
 2806.726810    0.034894
 2807.374020    0.031504
 2808.020020    0.028425
 2808.666020    0.025626
 2809.313480    0.023079
 2809.959960    0.020771
 2810.607910    0.018675
 2811.254390    0.016780
 2811.902830    0.015059
 2812.549560    0.013509
 2813.198240    0.012104
 2813.845210    0.010839
 2814.492680    0.009697
 2815.141600    0.008667
 2815.789310    0.007741
 2816.438720    0.006906
 2817.086430    0.006158
 2817.736080    0.005484
 2818.384520    0.004881
 2819.032710    0.004341
 2819.682620    0.003856
 2820.331300    0.003423
 2820.981930    0.003035
 2821.630620    0.002689
 2822.281490    0.002380
 2822.930660    0.002106
 2823.580080    0.001861
 2824.231200    0.001642
 2824.880860    0.001449
 2825.532230    0.001277
 2826.182370    0.001124
 2826.833980    0.000989
 2827.484380    0.000869
 2828.134770    0.000763
 2828.786870    0.000669
 2829.437740    0.000587
 2830.090090    0.000513
 2830.741210    0.000449
 2831.394040    0.000392
 2832.045410    0.000342
 2832.697020    0.000298
 2833.350100    0.000260
 2834.001950    0.000226
 2834.655520    0.000196
 2835.307620    0.000171
 2835.961180    0.000149
 2836.613770    0.000129
 2837.266360    0.000112
 2837.920410    0.000096
 2838.573490    0.000083
 2839.228030    0.000072
 2839.881100    0.000062
 2840.535890    0.000053
 2841.189450    0.000046
 2841.843020    0.000039
 2842.498540    0.000034
 2843.152340    0.000030
 2843.807860    0.000025
 2844.462160    0.000021
 2845.118160    0.000018
 2845.772710    0.000015
 2846.427250    0.000013
 2847.083740    0.000011
 2847.738770    0.000010
 2848.395260    0.000009
 2849.050540    0.000007
 2849.707760    0.000006
 2850.363280    0.000005
 2851.018800    0.000004
 2851.676270    0.000004
 2852.332280    0.000003
 2852.989990    0.000003
 2853.646480    0.000002
 2854.304440    0.000002
 2854.960940    0.000002
 2855.617920    0.000001
 2856.276370    0.000001
 2856.933350    0.000001
 2857.592290    0.000001
 2858.249760    0.000001
 2858.908940    0.000001
 2859.566650    0.000000
 2860.224370    0.000000
 2860.883790    0.000000
 2861.541750    0.000000
 2862.201900    0.000000
 2862.860350    0.000000
 2863.520510    0.000000
 2864.179200    0.000000
 2864.839840    0.000000
 2865.498780    0.000000
 2866.157960    0.000000
 2866.818850    0.000000
 2867.478520    0.000000
 2868.139650    0.000000
 2868.799320    0.000000
 2869.460940    0.000000
 2870.121090    0.000000
 2870.781490    0.000000
 2871.443360    0.000000
 2872.103760    0.000000
 2872.766360    0.000000
 2873.427000    0.000000
 2874.089600    0.000000
 2874.750730    0.000000
 2875.412110    0.000000
 2876.075440    0.000000
 2876.736820    0.000000
 2877.400390    0.000000
 2878.062260    0.000000
 2878.725830    0.000000
 2879.388180    0.000000
 2880.050540    0.000000
 2880.714600    0.000000
 2881.377440    0.000000
 2882.041750    0.000000
 2882.704830    0.000000
 2883.369380    0.000000
 2884.032960    0.000000
 2884.696530    0.000000
 2885.361330    0.000000
 2886.025390    0.000000
 2886.690920    0.000000
 2887.354980    0.000000
 2888.020510    0.000000
 2888.685060    0.000000
 2889.349610    0.000000
 2890.015870    0.000000
 2890.680910    0.000000
 2891.347410    0.000000
 2892.012700    0.000000
 2892.679200    0.000000
 2893.344970    0.000000
 2894.010500    0.000000
 2894.677730    0.000000
 2895.343510    0.000000
 2896.011470    0.000000
 2896.677490    0.000000
 2897.345460    0.000000
 2898.011960    0.000000
 2898.678960    0.000000
 2899.347170    0.000000
 2900.014160    0.000000
 2900.682860    0.000000
 2901.350100    0.000000
 2902.019530    0.000000
 2902.687010    0.000000
 2903.354740    0.000000
 2904.024410    0.000000
 2904.692380    0.000000
 2905.361820    0.000000
 2906.030520    0.000000
 2906.700680    0.000000
 2907.369140    0.000000
 2908.038090    0.000000
 2908.708500    0.000000
 2909.377930    0.000000
 2910.048830    0.000000
 2910.718260    0.000000
 2911.389650    0.000000
 2912.059330    0.000000
 2912.729250    0.000000
 2913.400630    0.000000
 2914.070800    0.000000
 2914.742920    0.000000
 2915.413570    0.000000
 2916.085690    0.000000
 2916.756590    0.000000
 2917.429200    0.000000
 2918.100340    0.000000
 2918.771730    0.000000
 2919.444580    0.000000
 2920.116210    0.000000
 2920.789550    0.000000
 2921.461670    0.000000
 2922.135500    0.000000
 2922.807370    0.000000
 2923.479740    0.000000
 2924.154050    0.000000
 2924.826660    0.000000
 2925.500980    0.000000
 2926.174070    0.000000
 2926.848880    0.000000
 2927.522220    0.000000
 2928.195800    0.000000
 2928.870850    0.000000
 2929.544920    0.000000
 2930.220460    0.000000
 2930.894530    0.000000
 2931.570310    0.000000
 2932.244630    0.000000
 2932.919190    0.000000
 2933.595700    0.000000
 2934.270260    0.000000
 2934.947270    0.000000
 2935.622310    0.000000
 2936.299070    0.000000
 2936.974850    0.000000
 2937.650390    0.000000
 2938.327880    0.000000
 2939.003660    0.000000
 2939.681400    0.000000
 2940.357670    0.000000
 2941.035640    0.000000
 2941.712160    0.000000
 2942.389160    0.000000
 2943.067630    0.000000
 2943.744630    0.000000
 2944.423580    0.000000
 2945.100830    0.000000
 2945.780030    0.000000
 2946.457760    0.000000
 2947.135500    0.000000
 2947.815190    0.000000
 2948.493410    0.000000
 2949.173100    0.000000
 2949.851560    0.000000
 2950.531980    0.000000
 2951.210450    0.000000
 2951.889650    0.000000
 2952.570070    0.000000
 2953.249270    0.000000
 2953.930660    0.000000
 2954.610110    0.000000
 2955.291500    0.000000
 2955.971190    0.000000
 2956.651120    0.000000
 2957.333010    0.000000
 2958.013180    0.000000
 2958.695560    0.000000
 2959.376220    0.000000
 2960.058350    0.000000
 2960.739500    0.000000
 2961.420410    0.000000
 2962.103520    0.000000
 2962.784910    0.000000
 2963.468020    0.000000
 2964.149900    0.000000
 2964.833500    0.000000
 2965.515380    0.000000
 2966.197750    0.000000
 2966.881590    0.000000
 2967.564210    0.000000
 2968.248540    0.000000
 2968.931150    0.000000
 2969.615720    0.000000
 2970.299070    0.000000
 2970.984130    0.000000
 2971.667480    0.000000
 2972.351070    0.000000
 2973.036620    0.000000
 2973.720700    0.000000
 2974.406250    0.000000
 2975.090580    0.000000
 2975.776610    0.000000
 2976.461180    0.000000
 2977.146000    0.000000
 2977.832280    0.000000
 2978.517580    0.000000
 2979.204350    0.000000
 2979.889650    0.000000
 2980.576660    0.000000
 2981.262210    0.000000
 2981.948240    0.000000
 2982.635990    0.000000
 2983.322020    0.000000
 2984.010010    0.000000
 2984.696530    0.000000
 2985.384770    0.000000
 2986.071530    0.000000
 2986.758540    0.000000
 2987.447270    0.000000
 2988.134770    0.000000
 2988.823490    0.000000
 2989.510990    0.000000
 2990.200440    0.000000
 2990.888180    0.000000
 2991.576170    0.000000
 2992.266360    0.000000
 2992.954830    0.000000
 2993.644780    0.000000
 2994.333500    0.000000
 2995.023930    0.000000
 2995.713130    0.000000
 2996.402100    0.000000
 2997.093020    0.000000
 2997.782710    0.000000
 2998.473880    0.000000
 2999.163570    0.000000
 2999.855470    0.000000
 3000.545410    0.000000
 3001.235600    0.000000
 3001.927730    0.000000
 3002.618410    0.000000
 3003.310550    0.000000
 3004.001710    0.000000
 3004.694340    0.000000
 3005.385740    0.000000
 3006.076900    0.000000
 3006.770020    0.000000
 3007.461670    0.000000
 3008.155270    0.000000
 3008.847410    0.000000
 3009.541260    0.000000
 3010.233400    0.000000
 3010.926270    0.000000
 3011.620360    0.000000
 3012.313230    0.000000
 3013.007810    0.000000
 3013.700930    0.000000
 3014.395750    0.000000
 3015.089360    0.000000
 3015.783200    0.000000
 3016.478270    0.000000
 3017.172610    0.000000
 3017.868160    0.000000
 3018.562260    0.000000
 3019.258540    0.000000
 3019.952880    0.000000
 3020.647950    0.000000
 3021.344480    0.000000
 3022.039310    0.000000
 3022.736330    0.000000
 3023.431640    0.000000
 3024.128660    0.000000
 3024.824460    0.000000
 3025.522220    0.000000
 3026.218020    0.000000
 3026.914310    0.000000
 3027.612300    0.000000
 3028.308840    0.000000
 3029.007080    0.000000
 3029.703860    0.000000
 3030.402590    0.000000
 3031.099850    0.000000
 3031.797120    0.000000
 3032.496090    0.000000
 3033.193600    0.000000
 3033.893310    0.000000
 3034.591060    0.000000
 3035.290770    0.000000
 3035.989010    0.000000
 3036.687740    0.000000
 3037.387700    0.000000
 3038.086670    0.000000
 3038.787350    0.000000
 3039.486080    0.000000
 3040.187260    0.000000
 3040.886470    0.000000
 3041.586180    0.000000
 3042.287350    0.000000
 3042.987550    0.000000
 3043.689210    0.000000
 3044.389160    0.000000
 3045.091060    0.000000
 3045.791750    0.000000
 3046.492430    0.000000
 3047.194820    0.000000
 3047.896000    0.000000
 3048.598880    0.000000
 3049.300050    0.000000
