 2653.384280    0.000000
 2653.996340    0.000000
 2654.606690    0.000000
 2655.217290    0.000000
 2655.829830    0.000000
 2656.440670    0.000000
 2657.053220    0.000000
 2657.664550    0.000000
 2658.277340    0.000000
 2658.888920    0.000000
 2659.500730    0.000000
 2660.114010    0.000000
 2660.725830    0.000000
 2661.339360    0.000000
 2661.951660    0.000000
 2662.565430    0.000000
 2663.177980    0.000000
 2663.790530    0.000000
 2664.404790    0.000000
 2665.017820    0.000000
 2665.632320    0.000000
 2666.245610    0.000000
 2666.860350    0.000000
 2667.473880    0.000000
 2668.089110    0.000000
 2668.702880    0.000000
 2669.316890    0.000000
 2669.932370    0.000000
 2670.546630    0.000000
 2671.162350    0.000000
 2671.776860    0.000000
 2672.393070    0.000000
 2673.007810    0.000000
 2673.622560    0.000000
 2674.239260    0.000000
 2674.854490    0.000000
 2675.471190    0.000000
 2676.086670    0.000000
 2676.703860    0.000000
 2677.319580    0.000000
 2677.935550    0.000000
 2678.552980    0.000000
 2679.169190    0.000000
 2679.786870    0.000000
 2680.403560    0.000000
 2681.021480    0.000000
 2681.638430    0.000000
 2682.255370    0.000000
 2682.873780    0.000000
 2683.490970    0.000000
 2684.109860    0.000000
 2684.727290    0.000000
 2685.346440    0.000000
 2685.964110    0.000000
 2686.582030    0.000000
 2687.201660    0.000000
 2687.819820    0.000000
 2688.439450    0.000000
 2689.057860    0.000000
 2689.677980    0.000000
 2690.296880    0.000000
 2690.915770    0.000000
 2691.536380    0.000000
 2692.155270    0.000000
 2692.776370    0.000000
 2693.395750    0.000000
 2694.016850    0.000000
 2694.636720    0.000000
 2695.256590    0.000000
 2695.877930    0.000000
 2696.498050    0.000000
 2697.119870    0.000000
 2697.740480    0.000000
 2698.362550    0.000000
 2698.983400    0.000000
 2699.604250    0.000000
 2700.226810    0.000000
 2700.847900    0.000000
 2701.470700    0.000000
 2702.092040    0.000000
 2702.715330    0.000000
 2703.337160    0.000000
 2703.958980    0.000000
 2704.582520    0.000000
 2705.204830    0.000000
 2705.828370    0.000000
 2706.450930    0.000000
 2707.074950    0.000000
 2707.697750    0.000000
 2708.320800    0.000000
 2708.945310    0.000000
 2709.568360    0.000000
 2710.193360    0.000000
 2710.816650    0.000000
 2711.441890    0.000000
 2712.065670    0.000000
 2712.689450    0.000000
 2713.314940    0.000000
 2713.939210    0.000000
 2714.565190    0.000000
 2715.189450    0.000000
 2715.815670    0.000000
 2716.440430    0.000000
 2717.066890    0.000000
 2717.691890    0.000000
 2718.317140    0.000000
 2718.943850    0.000000
 2719.569340    0.000000
 2720.196530    0.000000
 2720.822270    0.000000
 2721.449710    0.000000
 2722.075680    0.000000
 2722.702150    0.000000
 2723.329830    0.000000
 2723.956300    0.000000
 2724.584470    0.000000
 2725.211430    0.000000
 2725.839600    0.000000
 2726.466800    0.000000
 2727.093990    0.000000
 2727.722900    0.000000
 2728.350340    0.000000
 2728.979490    0.000000
 2729.607420    0.000000
 2730.236820    0.000000
 2730.864750    0.000000
 2731.493160    0.000001
 2732.122800    0.000001
 2732.751460    0.000001
 2733.381590    0.000001
 2734.010500    0.000001
 2734.640870    0.000001
 2735.270020    0.000001
 2735.899410    0.000002
 2736.530270    0.000002
 2737.159670    0.000002
 2737.790770    0.000003
 2738.420650    0.000003
 2739.052250    0.000004
 2739.682370    0.000004
 2740.312500    0.000005
 2740.944340    0.000006
 2741.575200    0.000006
 2742.207280    0.000007
 2742.838130    0.000009
 2743.470460    0.000010
 2744.101560    0.000011
 2744.732910    0.000012
 2745.365970    0.000014
 2745.997310    0.000017
 2746.630860    0.000020
 2747.262700    0.000023
 2747.896000    0.000026
 2748.528080    0.000030
 2749.160640    0.000034
 2749.794430    0.000039
 2750.427000    0.000045
 2751.061280    0.000051
 2751.694090    0.000058
 2752.328610    0.000067
 2752.961910    0.000075
 2753.595210    0.000086
 2754.230220    0.000098
 2754.863770    0.000112
 2755.499020    0.000126
 2756.132810    0.000143
 2756.768550    0.000162
 2757.402590    0.000183
 2758.036870    0.000207
 2758.673100    0.000235
 2759.307620    0.000264
 2759.943850    0.000298
 2760.578860    0.000335
 2761.215330    0.000377
 2761.850590    0.000423
 2762.487550    0.000475
 2763.123050    0.000533
 2763.758790    0.000596
 2764.396000    0.000668
 2765.031980    0.000746
 2765.669430    0.000834
 2766.305910    0.000929
 2766.943600    0.001036
 2767.580320    0.001153
 2768.216800    0.001283
 2768.855220    0.001425
 2769.492190    0.001582
 2770.130860    0.001755
 2770.768070    0.001944
 2771.407230    0.002152
 2772.044680    0.002379
 2772.682130    0.002629
 2773.321780    0.002902
 2773.959720    0.003201
 2774.599370    0.003527
 2775.237550    0.003881
 2775.877690    0.004270
 2776.516360    0.004690
 2777.155030    0.005149
 2777.795170    0.005648
 2778.434330    0.006189
 2779.074950    0.006778
 2779.714360    0.007415
 2780.355470    0.008106
 2780.995120    0.008853
 2781.634770    0.009661
 2782.276120    0.010536
 2782.916260    0.011480
 2783.558110    0.012502
 2784.198490    0.013601
 2784.840330    0.014789
 2785.480960    0.016067
 2786.121830    0.017442
 2786.764400    0.018927
 2787.405270    0.020519
 2788.048100    0.022237
 2788.689450    0.024079
 2789.332520    0.026063
 2789.974370    0.028190
 2790.615970    0.030472
 2791.259770    0.032929
 2791.901610    0.035558
 2792.545410    0.038387
 2793.187990    0.041415
 2793.832030    0.044670
 2794.474850    0.048153
 2795.117680    0.051887
 2795.762210    0.055901
 2796.405520    0.060196
 2797.050290    0.064810
 2797.693600    0.069746
 2798.338870    0.075053
 2798.982420    0.080728
 2799.626460    0.086817
 2800.272220    0.093363
 2800.916260    0.100364
 2801.562260    0.107896
 2802.206790    0.115956
 2802.852780    0.124623
 2803.497560    0.133904
 2804.142580    0.143864
 2804.789310    0.154580
 2805.434330    0.166050
 2806.081300    0.178397
 2806.726810    0.191620
 2807.374020    0.205849
 2808.020020    0.221093
 2808.666020    0.237455
 2809.313480    0.255055
 2809.959960    0.273916
 2810.607910    0.294203
 2811.254390    0.315921
 2811.902830    0.339291
 2812.549560    0.364291
 2813.198240    0.391183
 2813.845210    0.419937
 2814.492680    0.450775
 2815.141600    0.483891
 2815.789310    0.519293
 2816.438720    0.557293
 2817.086430    0.597851
 2817.736080    0.641363
 2818.384520    0.687794
 2819.032710    0.737382
 2819.682620    0.790474
 2820.331300    0.847029
 2820.981930    0.907530
 2821.630620    0.971820
 2822.281490    1.040525
 2822.930660    1.113457
 2823.580080    1.191043
 2824.231200    1.273708
 2824.880860    1.361284
 2825.532230    1.454439
 2826.182370    1.552999
 2826.833980    1.657615
 2827.484380    1.768101
 2828.134770    1.884890
 2828.786870    2.008554
 2829.437740    2.138786
 2830.090090    2.276363
 2830.741210    2.420954
 2831.394040    2.573445
 2832.045410    2.733317
 2832.697020    2.901178
 2833.350100    3.077576
 2834.001950    3.261975
 2834.655520    3.455390
 2835.307620    3.657048
 2835.961180    3.867996
 2836.613770    4.087582
 2837.266360    4.316219
 2837.920410    4.554533
 2838.573490    4.801704
 2839.228030    5.058701
 2839.881100    5.324378
 2840.535890    5.600012
 2841.189450    5.884325
 2841.843020    6.177740
 2842.498540    6.481056
 2843.152340    6.792430
 2843.807860    7.113305
 2844.462160    7.442029
 2845.118160    7.779821
 2845.772710    8.124750
 2846.427250    8.477219
 2847.083740    8.837934
 2847.738770    9.204606
 2848.395260    9.578406
 2849.050540    9.957315
 2849.707760    10.342629
 2850.363280    10.731630
 2851.018800    11.124690
 2851.676270    11.522345
 2852.332280    11.921841
 2852.989990    12.324379
 2853.646480    12.727411
 2854.304440    13.131795
 2854.960940    13.534913
 2855.617920    13.937117
 2856.276370    14.338134
 2856.933350    14.735291
 2857.592290    15.129739
 2858.249760    15.518515
 2858.908940    15.902551
 2859.566650    16.279064
 2860.224370    16.647978
 2860.883790    17.009277
 2861.541750    17.360291
 2862.201900    17.702023
 2862.860350    18.031530
 2863.520510    18.349628
 2864.179200    18.653912
 2864.839840    18.945089
 2865.498780    19.220730
 2866.157960    19.480915
 2866.818850    19.725405
 2867.478520    19.952400
 2868.139650    20.162155
 2868.799320    20.353130
 2869.460940    20.525734
 2870.121090    20.678555
 2870.781490    20.811594
 2871.443360    20.924639
 2872.103760    21.016863
 2872.766360    21.088488
 2873.427000    21.138857
 2874.089600    21.168144
 2874.750730    21.176109
 2875.412110    21.162846
 2876.075440    21.128286
 2876.736820    21.072781
 2877.400390    20.996178
 2878.062260    20.899183
 2878.725830    20.781630
 2879.388180    20.644426
 2880.050540    20.487833
 2880.714600    20.311894
 2881.377440    20.117941
 2882.041750    19.905809
 2882.704830    19.677027
 2883.369380    19.431377
 2884.032960    19.170517
 2884.696530    18.894897
 2885.361330    18.604813
 2886.025390    18.301968
 2886.690920    17.986229
 2887.354980    17.659904
 2888.020510    17.322491
 2888.685060    16.976152
 2889.349610    16.621357
 2890.015870    16.258114
 2890.680910    15.888968
 2891.347410    15.513379
 2892.012700    15.133797
 2892.679200    14.749760
 2893.344970    14.363300
 2894.010500    13.975031
 2894.677730    13.584677
 2895.343510    13.194937
 2896.011470    12.804482
 2896.677490    12.416518
 2897.345460    12.029519
 2898.011960    11.646178
 2898.678960    11.266038
 2899.347170    10.889328
 2900.014160    10.518015
 2900.682860    10.151028
 2901.350100    9.790618
 2902.019530    9.435286
 2902.687010    9.087657
 2903.354740    8.746943
 2904.024410    8.412643
 2904.692380    8.086888
 2905.361820    7.768377
 2906.030520    7.458385
 2906.700680    7.156083
 2907.369140    6.863036
 2908.038090    6.578359
 2908.708500    6.301742
 2909.377930    6.034236
 2910.048830    5.774882
 2910.718260    5.524784
 2911.389650    5.282625
 2912.059330    5.049654
 2912.729250    4.825061
 2913.400630    4.608351
 2914.070800    4.400255
 2914.742920    4.199644
 2915.413570    4.007375
 2916.085690    3.822424
 2916.756590    3.645337
 2917.429200    3.475144
 2918.100340    3.312441
 2918.771730    3.156573
 2919.444580    3.007063
 2920.116210    2.864282
 2920.789550    2.727388
 2921.461670    2.596756
 2922.135500    2.471593
 2922.807370    2.352351
 2923.479740    2.238359
 2924.154050    2.129176
 2924.826660    2.025184
 2925.500980    1.925645
 2926.174070    1.830791
 2926.848880    1.740019
 2927.522220    1.653564
 2928.195800    1.571011
 2928.870850    1.492047
 2929.544920    1.416793
 2930.220460    1.344814
 2930.894530    1.276267
 2931.570310    1.210680
 2932.244630    1.148221
 2932.919190    1.088589
 2933.595700    1.031515
 2934.270260    0.977209
 2934.947270    0.925202
 2935.622310    0.875725
 2936.299070    0.828403
 2936.974850    0.783329
 2937.650390    0.740355
 2938.327880    0.699259
 2939.003660    0.660181
 2939.681400    0.622829
 2940.357670    0.587320
 2941.035640    0.553413
 2941.712160    0.521202
 2942.389160    0.490522
 2943.067630    0.461275
 2943.744630    0.433527
 2944.423580    0.407082
 2945.100830    0.382029
 2945.780030    0.358179
 2946.457760    0.335605
 2947.135500    0.314203
 2947.815190    0.293872
 2948.493410    0.274667
 2949.173100    0.256462
 2949.851560    0.239286
 2950.531980    0.223021
 2951.210450    0.207717
 2951.889650    0.193273
 2952.570070    0.179644
 2953.249270    0.166842
 2953.930660    0.154768
 2954.610110    0.143461
 2955.291500    0.132822
 2955.971190    0.122875
 2956.651120    0.113557
 2957.333010    0.104816
 2958.013180    0.096670
 2958.695560    0.089042
 2959.376220    0.081948
 2960.058350    0.075328
 2960.739500    0.069178
 2961.420410    0.063465
 2962.103520    0.058146
 2962.784910    0.053227
 2963.468020    0.048662
 2964.149900    0.044447
 2964.833500    0.040543
 2965.515380    0.036950
 2966.197750    0.033637
 2966.881590    0.030581
 2967.564210    0.027776
 2968.248540    0.025194
 2968.931150    0.022832
 2969.615720    0.020662
 2970.299070    0.018682
 2970.984130    0.016867
 2971.667480    0.015215
 2972.351070    0.013709
 2973.036620    0.012334
 2973.720700    0.011087
 2974.406250    0.009953
 2975.090580    0.008925
 2975.776610    0.007993
 2976.461180    0.007151
 2977.146000    0.006391
 2977.832280    0.005702
 2978.517580    0.005083
 2979.204350    0.004525
 2979.889650    0.004025
 2980.576660    0.003574
 2981.262210    0.003171
 2981.948240    0.002810
 2982.635990    0.002486
 2983.322020    0.002198
 2984.010010    0.001941
 2984.696530    0.001712
 2985.384770    0.001507
 2986.071530    0.001326
 2986.758540    0.001165
 2987.447270    0.001022
 2988.134770    0.000896
 2988.823490    0.000784
 2989.510990    0.000686
 2990.200440    0.000599
 2990.888180    0.000523
 2991.576170    0.000455
 2992.266360    0.000396
 2992.954830    0.000344
 2993.644780    0.000298
 2994.333500    0.000258
 2995.023930    0.000224
 2995.713130    0.000194
 2996.402100    0.000167
 2997.093020    0.000144
 2997.782710    0.000124
 2998.473880    0.000107
 2999.163570    0.000092
 2999.855470    0.000079
 3000.545410    0.000068
 3001.235600    0.000058
 3001.927730    0.000050
 3002.618410    0.000042
 3003.310550    0.000036
 3004.001710    0.000031
 3004.694340    0.000026
 3005.385740    0.000022
 3006.076900    0.000019
 3006.770020    0.000016
 3007.461670    0.000013
 3008.155270    0.000011
 3008.847410    0.000010
 3009.541260    0.000009
 3010.233400    0.000007
 3010.926270    0.000006
 3011.620360    0.000005
 3012.313230    0.000004
 3013.007810    0.000004
 3013.700930    0.000003
 3014.395750    0.000003
 3015.089360    0.000002
 3015.783200    0.000002
 3016.478270    0.000001
 3017.172610    0.000001
 3017.868160    0.000001
 3018.562260    0.000001
 3019.258540    0.000001
 3019.952880    0.000001
 3020.647950    0.000000
 3021.344480    0.000000
 3022.039310    0.000000
 3022.736330    0.000000
 3023.431640    0.000000
 3024.128660    0.000000
 3024.824460    0.000000
 3025.522220    0.000000
 3026.218020    0.000000
 3026.914310    0.000000
 3027.612300    0.000000
 3028.308840    0.000000
 3029.007080    0.000000
 3029.703860    0.000000
 3030.402590    0.000000
 3031.099850    0.000000
 3031.797120    0.000000
 3032.496090    0.000000
 3033.193600    0.000000
 3033.893310    0.000000
 3034.591060    0.000000
 3035.290770    0.000000
 3035.989010    0.000000
 3036.687740    0.000000
 3037.387700    0.000000
 3038.086670    0.000000
 3038.787350    0.000000
 3039.486080    0.000000
 3040.187260    0.000000
 3040.886470    0.000000
 3041.586180    0.000000
 3042.287350    0.000000
 3042.987550    0.000000
 3043.689210    0.000000
 3044.389160    0.000000
 3045.091060    0.000000
 3045.791750    0.000000
 3046.492430    0.000000
 3047.194820    0.000000
 3047.896000    0.000000
 3048.598880    0.000000
 3049.300050    0.000000
