 2653.384280    0.079699
 2653.996340    0.088266
 2654.606690    0.097621
 2655.217290    0.107853
 2655.829830    0.119064
 2656.440670    0.131261
 2657.053220    0.144588
 2657.664550    0.159060
 2658.277340    0.174830
 2658.888920    0.191916
 2659.500730    0.210447
 2660.114010    0.230564
 2660.725830    0.252272
 2661.339360    0.275787
 2661.951660    0.301109
 2662.565430    0.328462
 2663.177980    0.357842
 2663.790530    0.389421
 2664.404790    0.423418
 2665.017820    0.459798
 2665.632320    0.498849
 2666.245610    0.540530
 2666.860350    0.585157
 2667.473880    0.632668
 2668.089110    0.683427
 2668.702880    0.737305
 2669.316890    0.794573
 2669.932370    0.855491
 2670.546630    0.919923
 2671.162350    0.988279
 2671.776860    1.060386
 2672.393070    1.136708
 2673.007810    1.216970
 2673.622560    1.301454
 2674.239260    1.390546
 2674.854490    1.483850
 2675.471190    1.581895
 2676.086670    1.684326
 2676.703860    1.791698
 2677.319580    1.903513
 2677.935550    2.020102
 2678.552980    2.141737
 2679.169190    2.267899
 2679.786870    2.399133
 2680.403560    2.534898
 2681.021480    2.675638
 2681.638430    2.820793
 2682.255370    2.970498
 2682.873780    3.125025
 2683.490970    3.283579
 2684.109860    3.446776
 2684.727290    3.613614
 2685.346440    3.784764
 2685.964110    3.959142
 2686.582030    4.136984
 2687.201660    4.318473
 2687.819820    4.502403
 2688.439450    4.689345
 2689.057860    4.878168
 2689.677980    5.069425
 2690.296880    5.261852
 2690.915770    5.455438
 2691.536380    5.650325
 2692.155270    5.845016
 2692.776370    6.040307
 2693.395750    6.234516
 2694.016850    6.428253
 2694.636720    6.620126
 2695.256590    6.810035
 2695.877930    6.997927
 2696.498050    7.182492
 2697.119870    7.364094
 2697.740480    7.541371
 2698.362550    7.714584
 2698.983400    7.882483
 2699.604250    8.044922
 2700.226810    8.201837
 2700.847900    8.351950
 2701.470700    8.495561
 2702.092040    8.631488
 2702.715330    8.760039
 2703.337160    8.880091
 2703.958980    8.991567
 2704.582520    9.094375
 2705.204830    9.187683
 2705.828370    9.271549
 2706.450930    9.345392
 2707.074950    9.409240
 2707.697750    9.462598
 2708.320800    9.505435
 2708.945310    9.537645
 2709.568360    9.558968
 2710.193360    9.569434
 2710.816650    9.568940
 2711.441890    9.557478
 2712.065670    9.535138
 2712.689450    9.501981
 2713.314940    9.457987
 2713.939210    9.403498
 2714.565190    9.338433
 2715.189450    9.263368
 2715.815670    9.178110
 2716.440430    9.083399
 2717.066890    8.979065
 2717.691890    8.865977
 2718.317140    8.744223
 2718.943850    8.613928
 2719.569340    8.476065
 2720.196530    8.330420
 2720.822270    8.178186
 2721.449710    8.019062
 2722.075680    7.854336
 2722.702150    7.684008
 2723.329830    7.508365
 2723.956300    7.328604
 2724.584470    7.144397
 2725.211430    6.957119
 2725.839600    6.766559
 2726.466800    6.573894
 2727.093990    6.379337
 2727.722900    6.182854
 2728.350340    5.985923
 2728.979490    5.788029
 2729.607420    5.590555
 2730.236820    5.393110
 2730.864750    5.197043
 2731.493160    5.002155
 2732.122800    4.808620
 2732.751460    4.617488
 2733.381590    4.428372
 2734.010500    4.242409
 2734.640870    4.059115
 2735.270020    3.879555
 2735.899410    3.703563
 2736.530270    3.531048
 2737.159670    3.363023
 2737.790770    3.198833
 2738.420650    3.039408
 2739.052250    2.884155
 2739.682370    2.733974
 2740.312500    2.588599
 2740.944340    2.447728
 2741.575200    2.312024
 2742.207280    2.181053
 2742.838130    2.055336
 2743.470460    1.934340
 2744.101560    1.818563
 2744.732910    1.707693
 2745.365970    1.601444
 2745.997310    1.500328
 2746.630860    1.403652
 2747.262700    1.311932
 2747.896000    1.224606
 2748.528080    1.141945
 2749.160640    1.063604
 2749.794430    0.989391
 2750.427000    0.919469
 2751.061280    0.853386
 2751.694090    0.791345
 2752.328610    0.732899
 2752.961910    0.678186
 2753.595210    0.626952
 2754.230220    0.578935
 2754.863770    0.534239
 2755.499020    0.492506
 2756.132810    0.453814
 2756.768550    0.417825
 2757.402590    0.384623
 2758.036870    0.353971
 2758.673100    0.325686
 2759.307620    0.299815
 2759.943850    0.276114
 2760.578860    0.254591
 2761.215330    0.235064
 2761.850590    0.217525
 2762.487550    0.201816
 2763.123050    0.187943
 2763.758790    0.175797
 2764.396000    0.165306
 2765.031980    0.156464
 2765.669430    0.149192
 2766.305910    0.143490
 2766.943600    0.139316
 2767.580320    0.136669
 2768.216800    0.135539
 2768.855220    0.135934
 2769.492190    0.137867
 2770.130860    0.141375
 2770.768070    0.146477
 2771.407230    0.153248
 2772.044680    0.161707
 2772.682130    0.171939
 2773.321780    0.184067
 2773.959720    0.198110
 2774.599370    0.214245
 2775.237550    0.232510
 2775.877690    0.253129
 2776.516360    0.276135
 2777.155030    0.301724
 2777.795170    0.330127
 2778.434330    0.361414
 2779.074950    0.395899
 2779.714360    0.433641
 2780.355470    0.475033
 2780.995120    0.520099
 2781.634770    0.569170
 2782.276120    0.622647
 2782.916260    0.680556
 2783.558110    0.743446
 2784.198490    0.811299
 2784.840330    0.884727
 2785.480960    0.963737
 2786.121830    1.048818
 2786.764400    1.140524
 2787.405270    1.238708
 2788.048100    1.344284
 2788.689450    1.457052
 2789.332520    1.577936
 2789.974370    1.706758
 2790.615970    1.844053
 2791.259770    1.990750
 2791.901610    2.146276
 2792.545410    2.311944
 2793.187990    2.487314
 2793.832030    2.673479
 2794.474850    2.870017
 2795.117680    3.077602
 2795.762210    3.297156
 2796.405520    3.527997
 2797.050290    3.771385
 2797.693600    4.026479
 2798.338870    4.294893
 2798.982420    4.575326
 2799.626460    4.868885
 2800.272220    5.176349
 2800.916260    5.496208
 2801.562260    5.830368
 2802.206790    6.177120
 2802.852780    6.538033
 2803.497560    6.911565
 2804.142580    7.298439
 2804.789310    7.699441
 2805.434330    8.112250
 2806.081300    8.538958
 2806.726810    8.977007
 2807.374020    9.428183
 2808.020020    9.890020
 2808.666020    10.362864
 2809.313480    10.847262
 2809.959960    11.340775
 2810.607910    11.844596
 2811.254390    12.355694
 2811.902830    12.875968
 2812.549560    13.401613
 2813.198240    13.934674
 2813.845210    14.471155
 2814.492680    15.011819
 2815.141600    15.556396
 2815.789310    16.101482
 2816.438720    16.648344
 2817.086430    17.192865
 2817.736080    17.736837
 2818.384520    18.276287
 2819.032710    18.810694
 2819.682620    19.340281
 2820.331300    19.861265
 2820.981930    20.374781
 2821.630620    20.876335
 2822.281490    21.367722
 2822.930660    21.844574
 2823.580080    22.306982
 2824.231200    22.754553
 2824.880860    23.183748
 2825.532230    23.595341
 2826.182370    23.986187
 2826.833980    24.356657
 2827.484380    24.704037
 2828.134770    25.027927
 2828.786870    25.328037
 2829.437740    25.602009
 2830.090090    25.850048
 2830.741210    26.070299
 2831.394040    26.262980
 2832.045410    26.426493
 2832.697020    26.560791
 2833.350100    26.665560
 2834.001950    26.739988
 2834.655520    26.784124
 2835.307620    26.797588
 2835.961180    26.780388
 2836.613770    26.732618
 2837.266360    26.654440
 2837.920410    26.545837
 2838.573490    26.407560
 2839.228030    26.239527
 2839.881100    26.043058
 2840.535890    25.817856
 2841.189450    25.565649
 2841.843020    25.286888
 2842.498540    24.981552
 2843.152340    24.652336
 2843.807860    24.298599
 2844.462160    23.923044
 2845.118160    23.525171
 2845.772710    23.108156
 2846.427250    22.672436
 2847.083740    22.217983
 2847.738770    21.748524
 2848.395260    21.263374
 2849.050540    20.765942
 2849.707760    20.255245
 2850.363280    19.735577
 2851.018800    19.207066
 2851.676270    18.669548
 2852.332280    18.127237
 2852.989990    17.578926
 2853.646480    17.028437
 2854.304440    16.474876
 2854.960940    15.922027
 2855.617920    15.369523
 2856.276370    14.817783
 2856.933350    14.270446
 2857.592290    13.725800
 2858.249760    13.187753
 2858.908940    12.654724
 2859.566650    12.130241
 2860.224370    11.613998
 2860.883790    11.105511
 2861.541750    10.607993
 2862.201900    10.119383
 2862.860350    9.643210
 2863.520510    9.177563
 2864.179200    8.725179
 2864.839840    8.284151
 2865.498780    7.857294
 2866.157960    7.443599
 2866.818850    7.042440
 2867.478520    6.655796
 2868.139650    6.282222
 2868.799320    5.923442
 2869.460940    5.577630
 2870.121090    5.246556
 2870.781490    4.929248
 2871.443360    4.625051
 2872.103760    4.335155
 2872.766360    4.057777
 2873.427000    3.794430
 2874.089600    3.543297
 2874.750730    3.305400
 2875.412110    3.079779
 2876.075440    2.865576
 2876.736820    2.663702
 2877.400390    2.472529
 2878.062260    2.292815
 2878.725830    2.123240
 2879.388180    1.964168
 2880.050540    1.814875
 2880.714600    1.674604
 2881.377440    1.543581
 2882.041750    1.420870
 2882.704830    1.306569
 2883.369380    1.199818
 2884.032960    1.100624
 2884.696530    1.008437
 2885.361330    0.922729
 2886.025390    0.843389
 2886.690920    0.769802
 2887.354980    0.701944
 2888.020510    0.639178
 2888.685060    0.581414
 2889.349610    0.528244
 2890.015870    0.479247
 2890.680910    0.434356
 2891.347410    0.393115
 2892.012700    0.355433
 2892.679200    0.320920
 2893.344970    0.289446
 2894.010500    0.260758
 2894.677730    0.234571
 2895.343510    0.210812
 2896.011470    0.189165
 2896.677490    0.169593
 2897.345460    0.151815
 2898.011960    0.135772
 2898.678960    0.121269
 2899.347170    0.108164
 2900.014160    0.096379
 2900.682860    0.085751
 2901.350100    0.076222
 2902.019530    0.067645
 2902.687010    0.059982
 2903.354740    0.053121
 2904.024410    0.046971
 2904.692380    0.041497
 2905.361820    0.036607
 2906.030520    0.032259
 2906.700680    0.028385
 2907.369140    0.024955
 2908.038090    0.021911
 2908.708500    0.019209
 2909.377930    0.016823
 2910.048830    0.014711
 2910.718260    0.012854
 2911.389650    0.011212
 2912.059330    0.009772
 2912.729250    0.008507
 2913.400630    0.007393
 2914.070800    0.006420
 2914.742920    0.005566
 2915.413570    0.004821
 2916.085690    0.004169
 2916.756590    0.003602
 2917.429200    0.003107
 2918.100340    0.002678
 2918.771730    0.002305
 2919.444580    0.001981
 2920.116210    0.001701
 2920.789550    0.001458
 2921.461670    0.001249
 2922.135500    0.001068
 2922.807370    0.000913
 2923.479740    0.000778
 2924.154050    0.000663
 2924.826660    0.000565
 2925.500980    0.000480
 2926.174070    0.000407
 2926.848880    0.000345
 2927.522220    0.000293
 2928.195800    0.000247
 2928.870850    0.000209
 2929.544920    0.000176
 2930.220460    0.000149
 2930.894530    0.000125
 2931.570310    0.000105
 2932.244630    0.000088
 2932.919190    0.000073
 2933.595700    0.000062
 2934.270260    0.000051
 2934.947270    0.000043
 2935.622310    0.000036
 2936.299070    0.000030
 2936.974850    0.000025
 2937.650390    0.000021
 2938.327880    0.000017
 2939.003660    0.000014
 2939.681400    0.000011
 2940.357670    0.000010
 2941.035640    0.000008
 2941.712160    0.000007
 2942.389160    0.000006
 2943.067630    0.000005
 2943.744630    0.000004
 2944.423580    0.000003
 2945.100830    0.000003
 2945.780030    0.000002
 2946.457760    0.000002
 2947.135500    0.000001
 2947.815190    0.000001
 2948.493410    0.000001
 2949.173100    0.000001
 2949.851560    0.000001
 2950.531980    0.000001
 2951.210450    0.000000
 2951.889650    0.000000
 2952.570070    0.000000
 2953.249270    0.000000
 2953.930660    0.000000
 2954.610110    0.000000
 2955.291500    0.000000
 2955.971190    0.000000
 2956.651120    0.000000
 2957.333010    0.000000
 2958.013180    0.000000
 2958.695560    0.000000
 2959.376220    0.000000
 2960.058350    0.000000
 2960.739500    0.000000
 2961.420410    0.000000
 2962.103520    0.000000
 2962.784910    0.000000
 2963.468020    0.000000
 2964.149900    0.000000
 2964.833500    0.000000
 2965.515380    0.000000
 2966.197750    0.000000
 2966.881590    0.000000
 2967.564210    0.000000
 2968.248540    0.000000
 2968.931150    0.000000
 2969.615720    0.000000
 2970.299070    0.000000
 2970.984130    0.000000
 2971.667480    0.000000
 2972.351070    0.000000
 2973.036620    0.000000
 2973.720700    0.000000
 2974.406250    0.000000
 2975.090580    0.000000
 2975.776610    0.000000
 2976.461180    0.000000
 2977.146000    0.000000
 2977.832280    0.000000
 2978.517580    0.000000
 2979.204350    0.000000
 2979.889650    0.000000
 2980.576660    0.000000
 2981.262210    0.000000
 2981.948240    0.000000
 2982.635990    0.000000
 2983.322020    0.000000
 2984.010010    0.000000
 2984.696530    0.000000
 2985.384770    0.000000
 2986.071530    0.000000
 2986.758540    0.000000
 2987.447270    0.000000
 2988.134770    0.000000
 2988.823490    0.000000
 2989.510990    0.000000
 2990.200440    0.000000
 2990.888180    0.000000
 2991.576170    0.000000
 2992.266360    0.000000
 2992.954830    0.000000
 2993.644780    0.000000
 2994.333500    0.000000
 2995.023930    0.000000
 2995.713130    0.000000
 2996.402100    0.000000
 2997.093020    0.000000
 2997.782710    0.000000
 2998.473880    0.000000
 2999.163570    0.000000
 2999.855470    0.000000
 3000.545410    0.000000
 3001.235600    0.000000
 3001.927730    0.000000
 3002.618410    0.000000
 3003.310550    0.000000
 3004.001710    0.000000
 3004.694340    0.000000
 3005.385740    0.000000
 3006.076900    0.000000
 3006.770020    0.000000
 3007.461670    0.000000
 3008.155270    0.000000
 3008.847410    0.000000
 3009.541260    0.000000
 3010.233400    0.000000
 3010.926270    0.000000
 3011.620360    0.000000
 3012.313230    0.000000
 3013.007810    0.000000
 3013.700930    0.000000
 3014.395750    0.000000
 3015.089360    0.000000
 3015.783200    0.000000
 3016.478270    0.000000
 3017.172610    0.000000
 3017.868160    0.000000
 3018.562260    0.000000
 3019.258540    0.000000
 3019.952880    0.000000
 3020.647950    0.000000
 3021.344480    0.000000
 3022.039310    0.000000
 3022.736330    0.000000
 3023.431640    0.000000
 3024.128660    0.000000
 3024.824460    0.000000
 3025.522220    0.000000
 3026.218020    0.000000
 3026.914310    0.000000
 3027.612300    0.000000
 3028.308840    0.000000
 3029.007080    0.000000
 3029.703860    0.000000
 3030.402590    0.000000
 3031.099850    0.000000
 3031.797120    0.000000
 3032.496090    0.000000
 3033.193600    0.000000
 3033.893310    0.000000
 3034.591060    0.000000
 3035.290770    0.000000
 3035.989010    0.000000
 3036.687740    0.000000
 3037.387700    0.000000
 3038.086670    0.000000
 3038.787350    0.000000
 3039.486080    0.000000
 3040.187260    0.000000
 3040.886470    0.000000
 3041.586180    0.000000
 3042.287350    0.000000
 3042.987550    0.000000
 3043.689210    0.000000
 3044.389160    0.000000
 3045.091060    0.000000
 3045.791750    0.000000
 3046.492430    0.000000
 3047.194820    0.000000
 3047.896000    0.000000
 3048.598880    0.000000
 3049.300050    0.000000
