 2653.384280    0.042828
 2653.996340    0.049113
 2654.606690    0.056202
 2655.217290    0.064205
 2655.829830    0.073251
 2656.440670    0.083394
 2657.053220    0.094809
 2657.664550    0.107570
 2658.277340    0.121871
 2658.888920    0.137796
 2659.500730    0.155539
 2660.114010    0.175306
 2660.725830    0.197184
 2661.339360    0.221474
 2661.951660    0.248261
 2662.565430    0.277873
 2663.177980    0.310401
 2663.790530    0.346128
 2664.404790    0.385402
 2665.017820    0.428286
 2665.632320    0.475220
 2666.245610    0.526258
 2666.860350    0.581891
 2667.473880    0.642140
 2668.089110    0.707567
 2668.702880    0.778105
 2669.316890    0.854195
 2669.932370    0.936273
 2670.546630    1.024236
 2671.162350    1.118715
 2671.776860    1.219534
 2672.393070    1.327394
 2673.007810    1.441946
 2673.622560    1.563609
 2674.239260    1.692959
 2674.854490    1.829409
 2675.471190    1.973704
 2676.086670    2.125281
 2676.703860    2.284891
 2677.319580    2.451699
 2677.935550    2.626084
 2678.552980    2.808316
 2679.169190    2.997450
 2679.786870    3.194106
 2680.403560    3.397255
 2681.021480    3.607312
 2681.638430    3.823159
 2682.255370    4.044700
 2682.873780    4.271995
 2683.490970    4.503519
 2684.109860    4.739777
 2684.727290    4.978911
 2685.346440    5.221444
 2685.964110    5.465381
 2686.582030    5.710589
 2687.201660    5.956808
 2687.819820    6.201890
 2688.439450    6.446074
 2689.057860    6.687351
 2689.677980    6.925887
 2690.296880    7.159556
 2690.915770    7.387833
 2691.536380    7.610314
 2692.155270    7.824775
 2692.776370    8.031562
 2693.395750    8.228391
 2694.016850    8.415397
 2694.636720    8.590769
 2695.256590    8.754015
 2695.877930    8.904650
 2696.498050    9.041244
 2697.119870    9.163717
 2697.740480    9.270835
 2698.362550    9.362483
 2698.983400    9.437770
 2699.604250    9.496489
 2700.226810    9.538413
 2700.847900    9.563095
 2701.470700    9.570517
 2702.092040    9.560588
 2702.715330    9.533289
 2703.337160    9.488896
 2703.958980    9.427608
 2704.582520    9.349516
 2705.204830    9.255388
 2705.828370    9.145361
 2706.450930    9.020393
 2707.074950    8.880640
 2707.697750    8.727420
 2708.320800    8.561195
 2708.945310    8.382437
 2709.568360    8.192876
 2710.193360    7.992404
 2710.816650    7.783159
 2711.441890    7.564908
 2712.065670    7.339851
 2712.689450    7.108512
 2713.314940    6.871266
 2713.939210    6.630242
 2714.565190    6.385324
 2715.189450    6.138845
 2715.815670    5.890332
 2716.440430    5.642082
 2717.066890    5.393738
 2717.691890    5.147424
 2718.317140    4.903277
 2718.943850    4.661598
 2719.569340    4.424138
 2720.196530    4.190452
 2720.822270    3.962323
 2721.449710    3.739144
 2722.075680    3.522531
 2722.702150    3.312214
 2723.329830    3.108340
 2723.956300    2.912009
 2724.584470    2.722559
 2725.211430    2.541076
 2725.839600    2.366994
 2726.466800    2.201015
 2727.093990    2.042905
 2727.722900    1.892262
 2728.350340    1.749802
 2728.979490    1.614728
 2729.607420    1.487559
 2730.236820    1.367604
 2730.864750    1.255243
 2731.493160    1.149907
 2732.122800    1.051278
 2732.751460    0.959461
 2733.381590    0.873851
 2734.010500    0.794548
 2734.640870    0.720939
 2735.270020    0.653059
 2735.899410    0.590450
 2736.530270    0.532724
 2737.159670    0.479865
 2737.790770    0.431322
 2738.420650    0.387050
 2739.052250    0.346572
 2739.682370    0.309829
 2740.312500    0.276466
 2740.944340    0.246161
 2741.575200    0.218808
 2742.207280    0.194087
 2742.838130    0.171879
 2743.470460    0.151886
 2744.101560    0.134001
 2744.732910    0.117997
 2745.365970    0.103677
 2745.997310    0.090959
 2746.630860    0.079617
 2747.262700    0.069590
 2747.896000    0.060698
 2748.528080    0.052862
 2749.160640    0.045956
 2749.794430    0.039875
 2750.427000    0.034555
 2751.061280    0.029893
 2751.694090    0.025838
 2752.328610    0.022304
 2752.961910    0.019250
 2753.595210    0.016615
 2754.230220    0.014348
 2754.863770    0.012420
 2755.499020    0.010783
 2756.132810    0.009418
 2756.768550    0.008286
 2757.402590    0.007377
 2758.036870    0.006666
 2758.673100    0.006138
 2759.307620    0.005787
 2759.943850    0.005602
 2760.578860    0.005583
 2761.215330    0.005729
 2761.850590    0.006042
 2762.487550    0.006536
 2763.123050    0.007215
 2763.758790    0.008099
 2764.396000    0.009209
 2765.031980    0.010566
 2765.669430    0.012205
 2766.305910    0.014154
 2766.943600    0.016463
 2767.580320    0.019170
 2768.216800    0.022330
 2768.855220    0.026019
 2769.492190    0.030288
 2770.130860    0.035237
 2770.768070    0.040933
 2771.407230    0.047505
 2772.044680    0.055031
 2772.682130    0.063649
 2773.321780    0.073534
 2773.959720    0.084783
 2774.599370    0.097623
 2775.237550    0.112182
 2775.877690    0.128745
 2776.516360    0.147451
 2777.155030    0.168584
 2777.795170    0.192469
 2778.434330    0.219310
 2779.074950    0.249532
 2779.714360    0.283353
 2780.355470    0.321302
 2780.995120    0.363592
 2781.634770    0.410728
 2782.276120    0.463310
 2782.916260    0.521587
 2783.558110    0.586346
 2784.198490    0.657811
 2784.840330    0.736880
 2785.480960    0.823825
 2786.121830    0.919448
 2786.764400    1.024660
 2787.405270    1.139572
 2788.048100    1.265545
 2788.689450    1.402629
 2789.332520    1.552239
 2789.974370    1.714447
 2790.615970    1.890196
 2791.259770    2.080965
 2791.901610    2.286275
 2792.545410    2.508111
 2793.187990    2.746121
 2793.832030    3.002006
 2794.474850    3.275371
 2795.117680    3.567307
 2795.762210    3.879248
 2796.405520    4.210315
 2797.050290    4.562367
 2797.693600    4.934188
 2798.338870    5.328084
 2798.982420    5.742042
 2799.626460    6.177532
 2800.272220    6.635490
 2800.916260    7.113382
 2801.562260    7.613697
 2802.206790    8.133440
 2802.852780    8.674463
 2803.497560    9.233873
 2804.142580    9.812091
 2804.789310    10.409548
 2805.434330    11.021973
 2806.081300    11.651567
 2806.726810    12.293587
 2807.374020    12.949596
 2808.020020    13.614889
 2808.666020    14.288794
 2809.313480    14.970819
 2809.959960    15.656213
 2810.607910    16.345261
 2811.254390    17.032412
 2811.902830    17.718760
 2812.549560    18.397810
 2813.198240    19.070694
 2813.845210    19.730860
 2814.492680    20.377787
 2815.141600    21.009567
 2815.789310    21.620762
 2816.438720    22.211309
 2817.086430    22.775343
 2817.736080    23.313339
 2818.384520    23.820009
 2819.032710    24.293720
 2819.682620    24.733402
 2820.331300    25.134798
 2820.981930    25.497736
 2821.630620    25.818148
 2822.281490    26.096365
 2822.930660    26.329197
 2823.580080    26.516254
 2824.231200    26.656742
 2824.880860    26.749191
 2825.532230    26.793526
 2826.182370    26.789251
 2826.833980    26.736343
 2827.484380    26.635282
 2828.134770    26.486563
 2828.786870    26.290409
 2829.437740    26.048710
 2830.090090    25.761740
 2830.741210    25.432182
 2831.394040    25.060257
 2832.045410    24.649691
 2832.697020    24.201645
 2833.350100    23.717438
 2834.001950    23.201483
 2834.655520    22.654007
 2835.307620    22.080328
 2835.961180    21.480633
 2836.613770    20.859966
 2837.266360    20.220310
 2837.920410    19.563053
 2838.573490    18.893515
 2839.228030    18.212046
 2839.881100    17.524515
 2840.535890    16.830341
 2841.189450    16.135300
 2841.843020    15.440681
 2842.498540    14.746893
 2843.152340    14.060159
 2843.807860    13.379115
 2844.462160    12.708886
 2845.118160    12.048406
 2845.772710    11.402644
 2846.427250    10.771705
 2847.083740    10.155207
 2847.738770    9.557652
 2848.395260    8.977463
 2849.050540    8.417963
 2849.707760    7.877250
 2850.363280    7.358964
 2851.018800    6.862138
 2851.676270    6.385701
 2852.332280    5.932337
 2852.989990    5.499913
 2853.646480    5.090311
 2854.304440    4.701682
 2854.960940    4.335471
 2855.617920    3.990160
 2856.276370    3.664867
 2856.933350    3.360502
 2857.592290    3.074906
 2858.249760    2.808925
 2858.908940    2.560582
 2859.566650    2.330348
 2860.224370    2.116890
 2860.883790    1.918931
 2861.541750    1.736636
 2862.201900    1.568209
 2862.860350    1.413858
 2863.520510    1.271983
 2864.179200    1.142487
 2864.839840    1.023932
 2865.498780    0.916232
 2866.157960    0.818302
 2866.818850    0.729261
 2867.478520    0.648835
 2868.139650    0.576051
 2868.799320    0.510612
 2869.460940    0.451599
 2870.121090    0.398769
 2870.781490    0.351447
 2871.443360    0.309072
 2872.103760    0.271378
 2872.766360    0.237729
 2873.427000    0.207945
 2874.089600    0.181479
 2874.750730    0.158133
 2875.412110    0.137524
 2876.075440    0.119328
 2876.736820    0.103388
 2877.400390    0.089366
 2878.062260    0.077130
 2878.725830    0.066419
 2879.388180    0.057103
 2880.050540    0.049002
 2880.714600    0.041954
 2881.377440    0.035863
 2882.041750    0.030587
 2882.704830    0.026047
 2883.369380    0.022130
 2884.032960    0.018771
 2884.696530    0.015892
 2885.361330    0.013426
 2886.025390    0.011322
 2886.690920    0.009527
 2887.354980    0.008004
 2888.020510    0.006709
 2888.685060    0.005615
 2889.349610    0.004690
 2890.015870    0.003908
 2890.680910    0.003252
 2891.347410    0.002699
 2892.012700    0.002237
 2892.679200    0.001850
 2893.344970    0.001528
 2894.010500    0.001259
 2894.677730    0.001035
 2895.343510    0.000850
 2896.011470    0.000695
 2896.677490    0.000568
 2897.345460    0.000463
 2898.011960    0.000378
 2898.678960    0.000307
 2899.347170    0.000249
 2900.014160    0.000201
 2900.682860    0.000163
 2901.350100    0.000132
 2902.019530    0.000106
 2902.687010    0.000085
 2903.354740    0.000068
 2904.024410    0.000054
 2904.692380    0.000044
 2905.361820    0.000034
 2906.030520    0.000028
 2906.700680    0.000022
 2907.369140    0.000017
 2908.038090    0.000013
 2908.708500    0.000010
 2909.377930    0.000009
 2910.048830    0.000007
 2910.718260    0.000006
 2911.389650    0.000004
 2912.059330    0.000003
 2912.729250    0.000003
 2913.400630    0.000002
 2914.070800    0.000002
 2914.742920    0.000001
 2915.413570    0.000001
 2916.085690    0.000001
 2916.756590    0.000001
 2917.429200    0.000000
 2918.100340    0.000000
 2918.771730    0.000000
 2919.444580    0.000000
 2920.116210    0.000000
 2920.789550    0.000000
 2921.461670    0.000000
 2922.135500    0.000000
 2922.807370    0.000000
 2923.479740    0.000000
 2924.154050    0.000000
 2924.826660    0.000000
 2925.500980    0.000000
 2926.174070    0.000000
 2926.848880    0.000000
 2927.522220    0.000000
 2928.195800    0.000000
 2928.870850    0.000000
 2929.544920    0.000000
 2930.220460    0.000000
 2930.894530    0.000000
 2931.570310    0.000000
 2932.244630    0.000000
 2932.919190    0.000000
 2933.595700    0.000000
 2934.270260    0.000000
 2934.947270    0.000000
 2935.622310    0.000000
 2936.299070    0.000000
 2936.974850    0.000000
 2937.650390    0.000000
 2938.327880    0.000000
 2939.003660    0.000000
 2939.681400    0.000000
 2940.357670    0.000000
 2941.035640    0.000000
 2941.712160    0.000000
 2942.389160    0.000000
 2943.067630    0.000000
 2943.744630    0.000000
 2944.423580    0.000000
 2945.100830    0.000000
 2945.780030    0.000000
 2946.457760    0.000000
 2947.135500    0.000000
 2947.815190    0.000000
 2948.493410    0.000000
 2949.173100    0.000000
 2949.851560    0.000000
 2950.531980    0.000000
 2951.210450    0.000000
 2951.889650    0.000000
 2952.570070    0.000000
 2953.249270    0.000000
 2953.930660    0.000000
 2954.610110    0.000000
 2955.291500    0.000000
 2955.971190    0.000000
 2956.651120    0.000000
 2957.333010    0.000000
 2958.013180    0.000000
 2958.695560    0.000000
 2959.376220    0.000000
 2960.058350    0.000000
 2960.739500    0.000000
 2961.420410    0.000000
 2962.103520    0.000000
 2962.784910    0.000000
 2963.468020    0.000000
 2964.149900    0.000000
 2964.833500    0.000000
 2965.515380    0.000000
 2966.197750    0.000000
 2966.881590    0.000000
 2967.564210    0.000000
 2968.248540    0.000000
 2968.931150    0.000000
 2969.615720    0.000000
 2970.299070    0.000000
 2970.984130    0.000000
 2971.667480    0.000000
 2972.351070    0.000000
 2973.036620    0.000000
 2973.720700    0.000000
 2974.406250    0.000000
 2975.090580    0.000000
 2975.776610    0.000000
 2976.461180    0.000000
 2977.146000    0.000000
 2977.832280    0.000000
 2978.517580    0.000000
 2979.204350    0.000000
 2979.889650    0.000000
 2980.576660    0.000000
 2981.262210    0.000000
 2981.948240    0.000000
 2982.635990    0.000000
 2983.322020    0.000000
 2984.010010    0.000000
 2984.696530    0.000000
 2985.384770    0.000000
 2986.071530    0.000000
 2986.758540    0.000000
 2987.447270    0.000000
 2988.134770    0.000000
 2988.823490    0.000000
 2989.510990    0.000000
 2990.200440    0.000000
 2990.888180    0.000000
 2991.576170    0.000000
 2992.266360    0.000000
 2992.954830    0.000000
 2993.644780    0.000000
 2994.333500    0.000000
 2995.023930    0.000000
 2995.713130    0.000000
 2996.402100    0.000000
 2997.093020    0.000000
 2997.782710    0.000000
 2998.473880    0.000000
 2999.163570    0.000000
 2999.855470    0.000000
 3000.545410    0.000000
 3001.235600    0.000000
 3001.927730    0.000000
 3002.618410    0.000000
 3003.310550    0.000000
 3004.001710    0.000000
 3004.694340    0.000000
 3005.385740    0.000000
 3006.076900    0.000000
 3006.770020    0.000000
 3007.461670    0.000000
 3008.155270    0.000000
 3008.847410    0.000000
 3009.541260    0.000000
 3010.233400    0.000000
 3010.926270    0.000000
 3011.620360    0.000000
 3012.313230    0.000000
 3013.007810    0.000000
 3013.700930    0.000000
 3014.395750    0.000000
 3015.089360    0.000000
 3015.783200    0.000000
 3016.478270    0.000000
 3017.172610    0.000000
 3017.868160    0.000000
 3018.562260    0.000000
 3019.258540    0.000000
 3019.952880    0.000000
 3020.647950    0.000000
 3021.344480    0.000000
 3022.039310    0.000000
 3022.736330    0.000000
 3023.431640    0.000000
 3024.128660    0.000000
 3024.824460    0.000000
 3025.522220    0.000000
 3026.218020    0.000000
 3026.914310    0.000000
 3027.612300    0.000000
 3028.308840    0.000000
 3029.007080    0.000000
 3029.703860    0.000000
 3030.402590    0.000000
 3031.099850    0.000000
 3031.797120    0.000000
 3032.496090    0.000000
 3033.193600    0.000000
 3033.893310    0.000000
 3034.591060    0.000000
 3035.290770    0.000000
 3035.989010    0.000000
 3036.687740    0.000000
 3037.387700    0.000000
 3038.086670    0.000000
 3038.787350    0.000000
 3039.486080    0.000000
 3040.187260    0.000000
 3040.886470    0.000000
 3041.586180    0.000000
 3042.287350    0.000000
 3042.987550    0.000000
 3043.689210    0.000000
 3044.389160    0.000000
 3045.091060    0.000000
 3045.791750    0.000000
 3046.492430    0.000000
 3047.194820    0.000000
 3047.896000    0.000000
 3048.598880    0.000000
 3049.300050    0.000000
