 2653.384280    0.000034
 2653.996340    0.000037
 2654.606690    0.000040
 2655.217290    0.000043
 2655.829830    0.000047
 2656.440670    0.000051
 2657.053220    0.000054
 2657.664550    0.000058
 2658.277340    0.000063
 2658.888920    0.000068
 2659.500730    0.000072
 2660.114010    0.000078
 2660.725830    0.000084
 2661.339360    0.000091
 2661.951660    0.000097
 2662.565430    0.000105
 2663.177980    0.000113
 2663.790530    0.000121
 2664.404790    0.000131
 2665.017820    0.000140
 2665.632320    0.000151
 2666.245610    0.000162
 2666.860350    0.000175
 2667.473880    0.000187
 2668.089110    0.000201
 2668.702880    0.000216
 2669.316890    0.000232
 2669.932370    0.000249
 2670.546630    0.000267
 2671.162350    0.000287
 2671.776860    0.000308
 2672.393070    0.000330
 2673.007810    0.000354
 2673.622560    0.000380
 2674.239260    0.000407
 2674.854490    0.000437
 2675.471190    0.000467
 2676.086670    0.000501
 2676.703860    0.000537
 2677.319580    0.000575
 2677.935550    0.000616
 2678.552980    0.000659
 2679.169190    0.000706
 2679.786870    0.000755
 2680.403560    0.000809
 2681.021480    0.000865
 2681.638430    0.000925
 2682.255370    0.000990
 2682.873780    0.001059
 2683.490970    0.001131
 2684.109860    0.001209
 2684.727290    0.001292
 2685.346440    0.001381
 2685.964110    0.001475
 2686.582030    0.001575
 2687.201660    0.001682
 2687.819820    0.001797
 2688.439450    0.001918
 2689.057860    0.002047
 2689.677980    0.002184
 2690.296880    0.002330
 2690.915770    0.002485
 2691.536380    0.002650
 2692.155270    0.002826
 2692.776370    0.003013
 2693.395750    0.003211
 2694.016850    0.003422
 2694.636720    0.003646
 2695.256590    0.003883
 2695.877930    0.004136
 2696.498050    0.004403
 2697.119870    0.004688
 2697.740480    0.004990
 2698.362550    0.005310
 2698.983400    0.005650
 2699.604250    0.006010
 2700.226810    0.006392
 2700.847900    0.006797
 2701.470700    0.007226
 2702.092040    0.007681
 2702.715330    0.008163
 2703.337160    0.008673
 2703.958980    0.009212
 2704.582520    0.009785
 2705.204830    0.010390
 2705.828370    0.011031
 2706.450930    0.011708
 2707.074950    0.012426
 2707.697750    0.013184
 2708.320800    0.013985
 2708.945310    0.014833
 2709.568360    0.015728
 2710.193360    0.016676
 2710.816650    0.017674
 2711.441890    0.018731
 2712.065670    0.019845
 2712.689450    0.021021
 2713.314940    0.022264
 2713.939210    0.023574
 2714.565190    0.024959
 2715.189450    0.026415
 2715.815670    0.027955
 2716.440430    0.029574
 2717.066890    0.031285
 2717.691890    0.033084
 2718.317140    0.034979
 2718.943850    0.036980
 2719.569340    0.039081
 2720.196530    0.041299
 2720.822270    0.043628
 2721.449710    0.046084
 2722.075680    0.048663
 2722.702150    0.051375
 2723.329830    0.054234
 2723.956300    0.057231
 2724.584470    0.060390
 2725.211430    0.063702
 2725.839600    0.067187
 2726.466800    0.070842
 2727.093990    0.074678
 2727.722900    0.078715
 2728.350340    0.082942
 2728.979490    0.087389
 2729.607420    0.092043
 2730.236820    0.096934
 2730.864750    0.102051
 2731.493160    0.107416
 2732.122800    0.113050
 2732.751460    0.118940
 2733.381590    0.125125
 2734.010500    0.131588
 2734.640870    0.138369
 2735.270020    0.145452
 2735.899410    0.152864
 2736.530270    0.160635
 2737.159670    0.168742
 2737.790770    0.177241
 2738.420650    0.186108
 2739.052250    0.195396
 2739.682370    0.205078
 2740.312500    0.215189
 2740.944340    0.225775
 2741.575200    0.236808
 2742.207280    0.248344
 2742.838130    0.260357
 2743.470460    0.272916
 2744.101560    0.285987
 2744.732910    0.299618
 2745.365970    0.313863
 2745.997310    0.328666
 2746.630860    0.344139
 2747.262700    0.360210
 2747.896000    0.376982
 2748.528080    0.394404
 2749.160640    0.412548
 2749.794430    0.431458
 2750.427000    0.451088
 2751.061280    0.471554
 2751.694090    0.492778
 2752.328610    0.514894
 2752.961910    0.537825
 2753.595210    0.561642
 2754.230220    0.586438
 2754.863770    0.612120
 2755.499020    0.638842
 2756.132810    0.666503
 2756.768550    0.695281
 2757.402590    0.725041
 2758.036870    0.755902
 2758.673100    0.787983
 2759.307620    0.821132
 2759.943850    0.855556
 2760.578860    0.891135
 2761.215330    0.928050
 2761.850590    0.966179
 2762.487550    1.005733
 2763.123050    1.046549
 2763.758790    1.088766
 2764.396000    1.132507
 2765.031980    1.177623
 2765.669430    1.224339
 2766.305910    1.272512
 2766.943600    1.322348
 2767.580320    1.373709
 2768.216800    1.426685
 2768.855220    1.481502
 2769.492190    1.537905
 2770.130860    1.596210
 2770.768070    1.656167
 2771.407230    1.718133
 2772.044680    1.781791
 2772.682130    1.847339
 2773.321780    1.915049
 2773.959720    1.984545
 2774.599370    2.056234
 2775.237550    2.129797
 2775.877690    2.205663
 2776.516360    2.283465
 2777.155030    2.363407
 2777.795170    2.445713
 2778.434330    2.530104
 2779.074950    2.616936
 2779.714360    2.705878
 2780.355470    2.797370
 2780.995120    2.890990
 2781.634770    2.986976
 2782.276120    3.085617
 2782.916260    3.186495
 2783.558110    3.290099
 2784.198490    3.395943
 2784.840330    3.504534
 2785.480960    3.615443
 2786.121830    3.728937
 2786.764400    3.845308
 2787.405270    3.963953
 2788.048100    4.085569
 2788.689450    4.209527
 2789.332520    4.336456
 2789.974370    4.465792
 2790.615970    4.597731
 2791.259770    4.732795
 2791.901610    4.870122
 2792.545410    5.010551
 2793.187990    5.153397
 2793.832030    5.299256
 2794.474850    5.447521
 2795.117680    5.598460
 2795.762210    5.752477
 2796.405520    5.908867
 2797.050290    6.068272
 2797.693600    6.229951
 2798.338870    6.394752
 2798.982420    6.561720
 2799.626460    6.731397
 2800.272220    6.904089
 2800.916260    7.078856
 2801.562260    7.256663
 2802.206790    7.436540
 2802.852780    7.619264
 2803.497560    7.804043
 2804.142580    7.991241
 2804.789310    8.181258
 2805.434330    8.373034
 2806.081300    8.567612
 2806.726810    8.763908
 2807.374020    8.962836
 2808.020020    9.163436
 2808.666020    9.366013
 2809.313480    9.570971
 2809.959960    9.777466
 2810.607910    9.986210
 2811.254390    10.196182
 2811.902830    10.408413
 2812.549560    10.621625
 2813.198240    10.836941
 2813.845210    11.053057
 2814.492680    11.270613
 2815.141600    11.489847
 2815.789310    11.709759
 2816.438720    11.931240
 2817.086430    12.153023
 2817.736080    12.376258
 2818.384520    12.599751
 2819.032710    12.823718
 2819.682620    13.048729
 2820.331300    13.273652
 2820.981930    13.499471
 2821.630620    13.724710
 2822.281490    13.950684
 2822.930660    14.175918
 2823.580080    14.400958
 2824.231200    14.626187
 2824.880860    14.850375
 2825.532230    15.074483
 2826.182370    15.297374
 2826.833980    15.519827
 2827.484380    15.740791
 2828.134770    15.960549
 2828.786870    16.179533
 2829.437740    16.396620
 2830.090090    16.612566
 2830.741210    16.826340
 2831.394040    17.038757
 2832.045410    17.248646
 2832.697020    17.456425
 2833.350100    17.662329
 2834.001950    17.865372
 2834.655520    18.066322
 2835.307620    18.264059
 2835.961180    18.459337
 2836.613770    18.651281
 2837.266360    18.840052
 2837.920410    19.025921
 2838.573490    19.208063
 2839.228030    19.387014
 2839.881100    19.561844
 2840.535890    19.733276
 2841.189450    19.900402
 2841.843020    20.063425
 2842.498540    20.222691
 2843.152340    20.377184
 2843.807860    20.527597
 2844.462160    20.673136
 2845.118160    20.814333
 2845.772710    20.950399
 2846.427250    21.081539
 2847.083740    21.208031
 2847.738770    21.329104
 2848.395260    21.445208
 2849.050540    21.555771
 2849.707760    21.661236
 2850.363280    21.760925
 2851.018800    21.855041
 2851.676270    21.943770
 2852.332280    22.026569
 2852.989990    22.103767
 2853.646480    22.174959
 2854.304440    22.240370
 2854.960940    22.299665
 2855.617920    22.352982
 2856.276370    22.400326
 2856.933350    22.441460
 2857.592290    22.476553
 2858.249760    22.505392
 2858.908940    22.528086
 2859.566650    22.544514
 2860.224370    22.554714
 2860.883790    22.558689
 2861.541750    22.556410
 2862.201900    22.547865
 2862.860350    22.533100
 2863.520510    22.512058
 2864.179200    22.484859
 2864.839840    22.451376
 2865.498780    22.411823
 2866.157960    22.366140
 2866.818850    22.314239
 2867.478520    22.256393
 2868.139650    22.192404
 2868.799320    22.122622
 2869.460940    22.046734
 2870.121090    21.965191
 2870.781490    21.877873
 2871.443360    21.784664
 2872.103760    21.686064
 2872.766360    21.581591
 2873.427000    21.471991
 2874.089600    21.356707
 2874.750730    21.236420
 2875.412110    21.110939
 2876.075440    20.980015
 2876.736820    20.844526
 2877.400390    20.703730
 2878.062260    20.558565
 2878.725830    20.408400
 2879.388180    20.254009
 2880.050540    20.095247
 2880.714600    19.931816
 2881.377440    19.764555
 2882.041750    19.592916
 2882.704830    19.417728
 2883.369380    19.238413
 2884.032960    19.055759
 2884.696530    18.869650
 2885.361330    18.679867
 2886.025390    18.487110
 2886.690920    18.290884
 2887.354980    18.092186
 2888.020510    17.890293
 2888.685060    17.686087
 2889.349610    17.479414
 2890.015870    17.269882
 2890.680910    17.058561
 2891.347410    16.844740
 2892.012700    16.629423
 2892.679200    16.411970
 2893.344970    16.193159
 2894.010500    15.972981
 2894.677730    15.750927
 2895.343510    15.528195
 2896.011470    15.303703
 2896.677490    15.078984
 2897.345460    14.852860
 2898.011960    14.626627
 2898.678960    14.399755
 2899.347170    14.172132
 2900.014160    13.944721
 2900.682860    13.716654
 2901.350100    13.489141
 2902.019530    13.261060
 2902.687010    13.033952
 2903.354740    12.807184
 2904.024410    12.580300
 2904.692380    12.354657
 2905.361820    12.129297
 2906.030520    11.905069
 2906.700680    11.681350
 2907.369140    11.459302
 2908.038090    11.238291
 2908.708500    11.018101
 2909.377930    10.799632
 2910.048830    10.582181
 2910.718260    10.366787
 2911.389650    10.152437
 2912.059330    9.940387
 2912.729250    9.730090
 2913.400630    9.521247
 2914.070800    9.314767
 2914.742920    9.109747
 2915.413570    8.907297
 2916.085690    8.706597
 2916.756590    8.508508
 2917.429200    8.312227
 2918.100340    8.118731
 2918.771730    7.927572
 2919.444580    7.738462
 2920.116210    7.552195
 2920.789550    7.368006
 2921.461670    7.186736
 2922.135500    7.007627
 2922.807370    6.831687
 2923.479740    6.658295
 2924.154050    6.487113
 2924.826660    6.319091
 2925.500980    6.153397
 2926.174070    5.990769
 2926.848880    5.830518
 2927.522220    5.673407
 2928.195800    5.519039
 2928.870850    5.367151
 2929.544920    5.218298
 2930.220460    5.071944
 2930.894530    4.928723
 2931.570310    4.787957
 2932.244630    4.650303
 2932.919190    4.515396
 2933.595700    4.382896
 2934.270260    4.253557
 2934.947270    4.126525
 2935.622310    4.002611
 2936.299070    3.881122
 2936.974850    3.762526
 2937.650390    3.646665
 2938.327880    3.533149
 2939.003660    3.422568
 2939.681400    3.314301
 2940.357670    3.208866
 2941.035640    3.105742
 2941.712160    3.005384
 2942.389160    2.907467
 2943.067630    2.811827
 2943.744630    2.718845
 2944.423580    2.628019
 2945.100830    2.539808
 2945.780030    2.453698
 2946.457760    2.370091
 2947.135500    2.288762
 2947.815190    2.209448
 2948.493410    2.132512
 2949.173100    2.057585
 2949.851560    1.984925
 2950.531980    1.914156
 2951.210450    1.845646
 2951.889650    1.779078
 2952.570070    1.714374
 2953.249270    1.651725
 2953.930660    1.590780
 2954.610110    1.531873
 2955.291500    1.474623
 2955.971190    1.419301
 2956.651120    1.365702
 2957.333010    1.313659
 2958.013180    1.263413
 2958.695560    1.214640
 2959.376220    1.167580
 2960.058350    1.121973
 2960.739500    1.077949
 2961.420410    1.035415
 2962.103520    0.994188
 2962.784910    0.954470
 2963.468020    0.916022
 2964.149900    0.878975
 2964.833500    0.843136
 2965.515380    0.808646
 2966.197750    0.775359
 2966.881590    0.743195
 2967.564210    0.712248
 2968.248540    0.682353
 2968.931150    0.653626
 2969.615720    0.625881
 2970.299070    0.599217
 2970.984130    0.573489
 2971.667480    0.548794
 2972.351070    0.525029
 2973.036620    0.502110
 2973.720700    0.480124
 2974.406250    0.458945
 2975.090580    0.438632
 2975.776610    0.419070
 2976.461180    0.400325
 2977.146000    0.382321
 2977.832280    0.365005
 2978.517580    0.348413
 2979.204350    0.332462
 2979.889650    0.317199
 2980.576660    0.302528
 2981.262210    0.288498
 2981.948240    0.275043
 2982.635990    0.262122
 2983.322020    0.249780
 2984.010010    0.237928
 2984.696530    0.226609
 2985.384770    0.215752
 2986.071530    0.205386
 2986.758540    0.195470
 2987.447270    0.185965
 2988.134770    0.176896
 2988.823490    0.168215
 2989.510990    0.159935
 2990.200440    0.152005
 2990.888180    0.144453
 2991.576170    0.137240
 2992.266360    0.130336
 2992.954830    0.123765
 2993.644780    0.117484
 2994.333500    0.111506
 2995.023930    0.105793
 2995.713130    0.100358
 2996.402100    0.095181
 2997.093020    0.090237
 2997.782710    0.085537
 2998.473880    0.081053
 2999.163570    0.076794
 2999.855470    0.072729
 3000.545410    0.068873
 3001.235600    0.065206
 3001.927730    0.061708
 3002.618410    0.058392
 3003.310550    0.055233
 3004.001710    0.052237
 3004.694340    0.049385
 3005.385740    0.046683
 3006.076900    0.044119
 3006.770020    0.041678
 3007.461670    0.039368
 3008.155270    0.037170
 3008.847410    0.035092
 3009.541260    0.033116
 3010.233400    0.031249
 3010.926270    0.029478
 3011.620360    0.027798
 3012.313230    0.026209
 3013.007810    0.024702
 3013.700930    0.023278
 3014.395750    0.021928
 3015.089360    0.020654
 3015.783200    0.019447
 3016.478270    0.018306
 3017.172610    0.017227
 3017.868160    0.016207
 3018.562260    0.015244
 3019.258540    0.014334
 3019.952880    0.013476
 3020.647950    0.012666
 3021.344480    0.011899
 3022.039310    0.011178
 3022.736330    0.010496
 3023.431640    0.009854
 3024.128660    0.009249
 3024.824460    0.008678
 3025.522220    0.008140
 3026.218020    0.007634
 3026.914310    0.007158
 3027.612300    0.006708
 3028.308840    0.006287
 3029.007080    0.005889
 3029.703860    0.005515
 3030.402590    0.005163
 3031.099850    0.004833
 3031.797120    0.004522
 3032.496090    0.004231
 3033.193600    0.003957
 3033.893310    0.003699
 3034.591060    0.003458
 3035.290770    0.003231
 3035.989010    0.003018
 3036.687740    0.002819
 3037.387700    0.002632
 3038.086670    0.002457
 3038.787350    0.002292
 3039.486080    0.002138
 3040.187260    0.001994
 3040.886470    0.001859
 3041.586180    0.001733
 3042.287350    0.001615
 3042.987550    0.001504
 3043.689210    0.001401
 3044.389160    0.001304
 3045.091060    0.001213
 3045.791750    0.001129
 3046.492430    0.001050
 3047.194820    0.000977
 3047.896000    0.000908
 3048.598880    0.000844
 3049.300050    0.000784
