 2653.384280    0.000000
 2653.996340    0.000000
 2654.606690    0.000000
 2655.217290    0.000000
 2655.829830    0.000000
 2656.440670    0.000000
 2657.053220    0.000000
 2657.664550    0.000000
 2658.277340    0.000000
 2658.888920    0.000000
 2659.500730    0.000000
 2660.114010    0.000000
 2660.725830    0.000000
 2661.339360    0.000000
 2661.951660    0.000000
 2662.565430    0.000000
 2663.177980    0.000000
 2663.790530    0.000000
 2664.404790    0.000000
 2665.017820    0.000000
 2665.632320    0.000000
 2666.245610    0.000000
 2666.860350    0.000000
 2667.473880    0.000000
 2668.089110    0.000000
 2668.702880    0.000000
 2669.316890    0.000000
 2669.932370    0.000000
 2670.546630    0.000000
 2671.162350    0.000000
 2671.776860    0.000000
 2672.393070    0.000000
 2673.007810    0.000000
 2673.622560    0.000000
 2674.239260    0.000000
 2674.854490    0.000000
 2675.471190    0.000000
 2676.086670    0.000000
 2676.703860    0.000000
 2677.319580    0.000000
 2677.935550    0.000000
 2678.552980    0.000000
 2679.169190    0.000000
 2679.786870    0.000000
 2680.403560    0.000000
 2681.021480    0.000000
 2681.638430    0.000000
 2682.255370    0.000000
 2682.873780    0.000000
 2683.490970    0.000000
 2684.109860    0.000000
 2684.727290    0.000000
 2685.346440    0.000000
 2685.964110    0.000000
 2686.582030    0.000000
 2687.201660    0.000000
 2687.819820    0.000000
 2688.439450    0.000000
 2689.057860    0.000000
 2689.677980    0.000000
 2690.296880    0.000000
 2690.915770    0.000000
 2691.536380    0.000000
 2692.155270    0.000000
 2692.776370    0.000000
 2693.395750    0.000000
 2694.016850    0.000000
 2694.636720    0.000000
 2695.256590    0.000000
 2695.877930    0.000000
 2696.498050    0.000000
 2697.119870    0.000000
 2697.740480    0.000000
 2698.362550    0.000000
 2698.983400    0.000000
 2699.604250    0.000000
 2700.226810    0.000000
 2700.847900    0.000000
 2701.470700    0.000000
 2702.092040    0.000000
 2702.715330    0.000000
 2703.337160    0.000000
 2703.958980    0.000000
 2704.582520    0.000000
 2705.204830    0.000000
 2705.828370    0.000000
 2706.450930    0.000000
 2707.074950    0.000000
 2707.697750    0.000000
 2708.320800    0.000000
 2708.945310    0.000000
 2709.568360    0.000000
 2710.193360    0.000000
 2710.816650    0.000000
 2711.441890    0.000000
 2712.065670    0.000000
 2712.689450    0.000000
 2713.314940    0.000000
 2713.939210    0.000000
 2714.565190    0.000000
 2715.189450    0.000000
 2715.815670    0.000000
 2716.440430    0.000000
 2717.066890    0.000000
 2717.691890    0.000000
 2718.317140    0.000000
 2718.943850    0.000000
 2719.569340    0.000000
 2720.196530    0.000000
 2720.822270    0.000000
 2721.449710    0.000000
 2722.075680    0.000000
 2722.702150    0.000000
 2723.329830    0.000000
 2723.956300    0.000000
 2724.584470    0.000000
 2725.211430    0.000000
 2725.839600    0.000000
 2726.466800    0.000000
 2727.093990    0.000000
 2727.722900    0.000000
 2728.350340    0.000000
 2728.979490    0.000000
 2729.607420    0.000000
 2730.236820    0.000000
 2730.864750    0.000000
 2731.493160    0.000000
 2732.122800    0.000000
 2732.751460    0.000000
 2733.381590    0.000000
 2734.010500    0.000000
 2734.640870    0.000000
 2735.270020    0.000000
 2735.899410    0.000000
 2736.530270    0.000000
 2737.159670    0.000000
 2737.790770    0.000000
 2738.420650    0.000000
 2739.052250    0.000000
 2739.682370    0.000000
 2740.312500    0.000000
 2740.944340    0.000000
 2741.575200    0.000000
 2742.207280    0.000000
 2742.838130    0.000000
 2743.470460    0.000000
 2744.101560    0.000000
 2744.732910    0.000000
 2745.365970    0.000000
 2745.997310    0.000000
 2746.630860    0.000000
 2747.262700    0.000000
 2747.896000    0.000000
 2748.528080    0.000000
 2749.160640    0.000000
 2749.794430    0.000000
 2750.427000    0.000000
 2751.061280    0.000000
 2751.694090    0.000000
 2752.328610    0.000001
 2752.961910    0.000001
 2753.595210    0.000001
 2754.230220    0.000001
 2754.863770    0.000001
 2755.499020    0.000001
 2756.132810    0.000001
 2756.768550    0.000001
 2757.402590    0.000001
 2758.036870    0.000002
 2758.673100    0.000002
 2759.307620    0.000002
 2759.943850    0.000002
 2760.578860    0.000003
 2761.215330    0.000003
 2761.850590    0.000004
 2762.487550    0.000004
 2763.123050    0.000004
 2763.758790    0.000005
 2764.396000    0.000006
 2765.031980    0.000007
 2765.669430    0.000007
 2766.305910    0.000008
 2766.943600    0.000009
 2767.580320    0.000010
 2768.216800    0.000011
 2768.855220    0.000012
 2769.492190    0.000014
 2770.130860    0.000016
 2770.768070    0.000018
 2771.407230    0.000021
 2772.044680    0.000023
 2772.682130    0.000026
 2773.321780    0.000030
 2773.959720    0.000032
 2774.599370    0.000037
 2775.237550    0.000041
 2775.877690    0.000046
 2776.516360    0.000051
 2777.155030    0.000058
 2777.795170    0.000065
 2778.434330    0.000072
 2779.074950    0.000081
 2779.714360    0.000091
 2780.355470    0.000101
 2780.995120    0.000113
 2781.634770    0.000127
 2782.276120    0.000141
 2782.916260    0.000157
 2783.558110    0.000175
 2784.198490    0.000196
 2784.840330    0.000217
 2785.480960    0.000242
 2786.121830    0.000269
 2786.764400    0.000299
 2787.405270    0.000333
 2788.048100    0.000369
 2788.689450    0.000410
 2789.332520    0.000455
 2789.974370    0.000504
 2790.615970    0.000559
 2791.259770    0.000619
 2791.901610    0.000686
 2792.545410    0.000758
 2793.187990    0.000839
 2793.832030    0.000928
 2794.474850    0.001025
 2795.117680    0.001132
 2795.762210    0.001249
 2796.405520    0.001379
 2797.050290    0.001520
 2797.693600    0.001676
 2798.338870    0.001846
 2798.982420    0.002033
 2799.626460    0.002237
 2800.272220    0.002461
 2800.916260    0.002706
 2801.562260    0.002974
 2802.206790    0.003265
 2802.852780    0.003585
 2803.497560    0.003932
 2804.142580    0.004312
 2804.789310    0.004726
 2805.434330    0.005178
 2806.081300    0.005670
 2806.726810    0.006204
 2807.374020    0.006786
 2808.020020    0.007419
 2808.666020    0.008105
 2809.313480    0.008853
 2809.959960    0.009663
 2810.607910    0.010544
 2811.254390    0.011496
 2811.902830    0.012530
 2812.549560    0.013648
 2813.198240    0.014861
 2813.845210    0.016169
 2814.492680    0.017585
 2815.141600    0.019117
 2815.789310    0.020768
 2816.438720    0.022555
 2817.086430    0.024478
 2817.736080    0.026557
 2818.384520    0.028792
 2819.032710    0.031198
 2819.682620    0.033793
 2820.331300    0.036579
 2820.981930    0.039583
 2821.630620    0.042801
 2822.281490    0.046268
 2822.930660    0.049977
 2823.580080    0.053958
 2824.231200    0.058235
 2824.880860    0.062806
 2825.532230    0.067714
 2826.182370    0.072955
 2826.833980    0.078572
 2827.484380    0.084565
 2828.134770    0.090965
 2828.786870    0.097816
 2829.437740    0.105112
 2830.090090    0.112909
 2830.741210    0.121203
 2831.394040    0.130061
 2832.045410    0.139468
 2832.697020    0.149478
 2833.350100    0.160146
 2834.001950    0.171460
 2834.655520    0.183507
 2835.307620    0.196264
 2835.961180    0.209827
 2836.613770    0.224184
 2837.266360    0.239393
 2837.920410    0.255535
 2838.573490    0.272591
 2839.228030    0.290670
 2839.881100    0.309737
 2840.535890    0.329932
 2841.189450    0.351213
 2841.843020    0.373665
 2842.498540    0.397411
 2843.152340    0.422372
 2843.807860    0.448730
 2844.462160    0.476422
 2845.118160    0.505630
 2845.772710    0.536270
 2846.427250    0.568461
 2847.083740    0.602366
 2847.738770    0.637868
 2848.395260    0.675187
 2849.050540    0.714231
 2849.707760    0.755253
 2850.363280    0.798088
 2851.018800    0.842903
 2851.676270    0.889904
 2852.332280    0.938910
 2852.989990    0.990225
 2853.646480    1.043684
 2854.304440    1.099572
 2854.960940    1.157703
 2855.617920    1.218307
 2856.276370    1.281548
 2856.933350    1.347205
 2857.592290    1.415685
 2858.249760    1.486695
 2858.908940    1.560639
 2859.566650    1.637220
 2860.224370    1.716657
 2860.883790    1.799219
 2861.541750    1.884566
 2862.201900    1.973228
 2862.860350    2.064735
 2863.520510    2.159605
 2864.179200    2.257430
 2864.839840    2.358762
 2865.498780    2.463082
 2866.157960    2.570722
 2866.818850    2.681968
 2867.478520    2.796361
 2868.139650    2.914393
 2868.799320    3.035563
 2869.460940    3.160521
 2870.121090    3.288637
 2870.781490    3.420246
 2871.443360    3.555608
 2872.103760    3.694123
 2872.766360    3.836563
 2873.427000    3.982028
 2874.089600    4.131364
 2874.750730    4.283784
 2875.412110    4.439651
 2876.075440    4.599353
 2876.736820    4.761915
 2877.400390    4.928318
 2878.062260    5.097543
 2878.725830    5.270409
 2879.388180    5.446099
 2880.050540    5.624867
 2880.714600    5.807117
 2881.377440    5.991973
 2882.041750    6.180109
 2882.704830    6.370675
 2883.369380    6.564356
 2884.032960    6.760348
 2884.696530    6.958828
 2885.361330    7.160062
 2886.025390    7.363347
 2886.690920    7.569244
 2887.354980    7.776719
 2888.020510    7.986561
 2888.685060    8.197869
 2889.349610    8.410810
 2890.015870    8.625798
 2890.680910    8.841741
 2891.347410    9.059359
 2892.012700    9.277621
 2892.679200    9.497173
 2893.344970    9.717208
 2894.010500    9.937719
 2894.677730    10.159190
 2895.343510    10.380392
 2896.011470    10.602372
 2896.677490    10.823575
 2897.345460    11.045120
 2898.011960    11.265694
 2898.678960    11.485760
 2899.347170    11.705379
 2900.014160    11.923566
 2900.682860    12.141094
 2901.350100    12.356746
 2902.019530    12.571519
 2902.687010    12.783898
 2903.354740    12.994408
 2904.024410    13.203394
 2904.692380    13.409534
 2905.361820    13.613626
 2906.030520    13.814822
 2906.700680    14.013604
 2907.369140    14.208853
 2908.038090    14.401054
 2908.708500    14.590303
 2909.377930    14.775744
 2910.048830    14.957887
 2910.718260    15.135776
 2911.389650    15.310160
 2912.059330    15.479936
 2912.729250    15.645465
 2913.400630    15.806887
 2914.070800    15.963417
 2914.742920    16.115656
 2915.413570    16.262691
 2916.085690    16.405045
 2916.756590    16.542019
 2917.429200    16.674091
 2918.100340    16.800531
 2918.771730    16.921568
 2919.444580    17.037298
 2920.116210    17.147165
 2920.789550    17.251553
 2921.461670    17.349913
 2922.135500    17.442602
 2922.807370    17.529032
 2923.479740    17.609480
 2924.154050    17.684027
 2924.826660    17.752201
 2925.500980    17.814310
 2926.174070    17.870028
 2926.848880    17.919550
 2927.522220    17.962608
 2928.195800    17.999304
 2928.870850    18.029659
 2929.544920    18.053541
 2930.220460    18.071016
 2930.894530    18.082008
 2931.570310    18.086567
 2932.244630    18.084669
 2932.919190    18.076347
 2933.595700    18.061562
 2934.270260    18.040422
 2934.947270    18.012814
 2935.622310    17.978945
 2936.299070    17.938669
 2936.974850    17.892185
 2937.650390    17.839510
 2938.327880    17.780502
 2939.003660    17.715538
 2939.681400    17.644329
 2940.357670    17.567295
 2941.035640    17.484150
 2941.712160    17.395361
 2942.389160    17.300768
 2943.067630    17.200296
 2943.744630    17.094475
 2944.423580    16.982868
 2945.100830    16.866173
 2945.780030    16.743868
 2946.457760    16.616669
 2947.135500    16.484440
 2947.815190    16.346895
 2948.493410    16.204847
 2949.173100    16.057806
 2949.851560    15.906489
 2950.531980    15.750313
 2951.210450    15.590312
 2951.889650    15.426011
 2952.570070    15.257414
 2953.249270    15.085278
 2953.930660    14.908878
 2954.610110    14.729441
 2955.291500    14.546097
 2955.971190    14.359983
 2956.651120    14.170734
 2957.333010    13.978028
 2958.013180    13.783062
 2958.695560    13.584876
 2959.376220    13.384776
 2960.058350    13.181995
 2960.739500    12.977427
 2961.420410    12.771032
 2962.103520    12.562227
 2962.784910    12.352382
 2963.468020    12.140615
 2964.149900    11.928002
 2964.833500    11.713801
 2965.515380    11.499255
 2966.197750    11.283843
 2966.881590    11.067425
 2967.564210    10.851018
 2968.248540    10.633856
 2968.931150    10.417191
 2969.615720    10.200022
 2970.299070    9.983518
 2970.984130    9.766908
 2971.667480    9.551430
 2972.351070    9.336615
 2973.036620    9.122080
 2973.720700    8.909046
 2974.406250    8.696739
 2975.090580    8.486134
 2975.776610    8.276464
 2976.461180    8.068832
 2977.146000    7.862845
 2977.832280    7.658265
 2978.517580    7.455938
 2979.204350    7.255264
 2979.889650    7.057206
 2980.576660    6.860956
 2981.262210    6.667520
 2981.948240    6.476439
 2982.635990    6.287473
 2983.322020    6.101649
 2984.010010    5.918057
 2984.696530    5.737686
 2985.384770    5.559777
 2986.071530    5.385214
 2986.758540    5.213615
 2987.447270    5.044683
 2988.134770    4.879189
 2988.823490    4.716590
 2989.510990    4.557502
 2990.200440    4.401229
 2990.888180    4.248633
 2991.576170    4.099294
 2992.266360    3.952825
 2992.954830    3.810075
 2993.644780    3.670393
 2994.333500    3.534330
 2995.023930    3.401313
 2995.713130    3.271907
 2996.402100    3.145909
 2997.093020    3.022920
 2997.782710    2.903493
 2998.473880    2.787148
 2999.163570    2.674354
 2999.855470    2.564490
 3000.545410    2.458190
 3001.235600    2.355069
 3001.927730    2.254851
 3002.618410    2.157996
 3003.310550    2.064052
 3004.001710    1.973309
 3004.694340    1.885405
 3005.385740    1.800631
 3006.076900    1.718810
 3006.770020    1.639640
 3007.461670    1.563459
 3008.155270    1.489840
 3008.847410    1.419088
 3009.541260    1.350826
 3010.233400    1.285329
 3010.926270    1.222300
 3011.620360    1.161643
 3012.313230    1.103511
 3013.007810    1.047599
 3013.700930    0.994100
 3014.395750    0.942707
 3015.089360    0.893578
 3015.783200    0.846539
 3016.478270    0.801469
 3017.172610    0.758434
 3017.868160    0.717253
 3018.562260    0.678020
 3019.258540    0.640472
 3019.952880    0.604772
 3020.647950    0.570716
 3021.344480    0.538218
 3022.039310    0.507367
 3022.736330    0.477933
 3023.431640    0.450025
 3024.128660    0.423450
 3024.824460    0.398269
 3025.522220    0.374312
 3026.218020    0.351664
 3026.914310    0.330188
 3027.612300    0.309804
 3028.308840    0.290555
 3029.007080    0.272306
 3029.703860    0.255097
 3030.402590    0.238797
 3031.099850    0.223445
 3031.797120    0.208961
 3032.496090    0.195275
 3033.193600    0.182408
 3033.893310    0.170257
 3034.591060    0.158854
 3035.290770    0.148104
 3035.989010    0.138021
 3036.687740    0.128547
 3037.387700    0.119639
 3038.086670    0.111297
 3038.787350    0.103458
 3039.486080    0.096136
 3040.187260    0.089258
 3040.886470    0.082842
 3041.586180    0.076838
 3042.287350    0.071218
 3042.987550    0.065978
 3043.689210    0.061077
 3044.389160    0.056520
 3045.091060    0.052259
 3045.791750    0.048299
 3046.492430    0.044613
 3047.194820    0.041176
 3047.896000    0.037988
 3048.598880    0.035018
 3049.300050    0.032269
