 2653.384280    0.000000
 2653.996340    0.000000
 2654.606690    0.000000
 2655.217290    0.000000
 2655.829830    0.000000
 2656.440670    0.000000
 2657.053220    0.000000
 2657.664550    0.000000
 2658.277340    0.000000
 2658.888920    0.000000
 2659.500730    0.000000
 2660.114010    0.000000
 2660.725830    0.000000
 2661.339360    0.000000
 2661.951660    0.000000
 2662.565430    0.000000
 2663.177980    0.000000
 2663.790530    0.000000
 2664.404790    0.000000
 2665.017820    0.000000
 2665.632320    0.000000
 2666.245610    0.000000
 2666.860350    0.000000
 2667.473880    0.000000
 2668.089110    0.000000
 2668.702880    0.000000
 2669.316890    0.000000
 2669.932370    0.000000
 2670.546630    0.000000
 2671.162350    0.000000
 2671.776860    0.000000
 2672.393070    0.000000
 2673.007810    0.000000
 2673.622560    0.000000
 2674.239260    0.000000
 2674.854490    0.000000
 2675.471190    0.000000
 2676.086670    0.000000
 2676.703860    0.000000
 2677.319580    0.000000
 2677.935550    0.000000
 2678.552980    0.000000
 2679.169190    0.000000
 2679.786870    0.000000
 2680.403560    0.000000
 2681.021480    0.000000
 2681.638430    0.000000
 2682.255370    0.000000
 2682.873780    0.000000
 2683.490970    0.000000
 2684.109860    0.000000
 2684.727290    0.000000
 2685.346440    0.000000
 2685.964110    0.000000
 2686.582030    0.000000
 2687.201660    0.000000
 2687.819820    0.000000
 2688.439450    0.000000
 2689.057860    0.000000
 2689.677980    0.000000
 2690.296880    0.000000
 2690.915770    0.000000
 2691.536380    0.000000
 2692.155270    0.000000
 2692.776370    0.000000
 2693.395750    0.000000
 2694.016850    0.000000
 2694.636720    0.000000
 2695.256590    0.000000
 2695.877930    0.000000
 2696.498050    0.000000
 2697.119870    0.000000
 2697.740480    0.000000
 2698.362550    0.000000
 2698.983400    0.000000
 2699.604250    0.000000
 2700.226810    0.000000
 2700.847900    0.000000
 2701.470700    0.000000
 2702.092040    0.000000
 2702.715330    0.000000
 2703.337160    0.000000
 2703.958980    0.000000
 2704.582520    0.000000
 2705.204830    0.000000
 2705.828370    0.000000
 2706.450930    0.000000
 2707.074950    0.000000
 2707.697750    0.000000
 2708.320800    0.000000
 2708.945310    0.000000
 2709.568360    0.000000
 2710.193360    0.000000
 2710.816650    0.000000
 2711.441890    0.000000
 2712.065670    0.000000
 2712.689450    0.000000
 2713.314940    0.000000
 2713.939210    0.000000
 2714.565190    0.000000
 2715.189450    0.000000
 2715.815670    0.000000
 2716.440430    0.000000
 2717.066890    0.000000
 2717.691890    0.000000
 2718.317140    0.000000
 2718.943850    0.000000
 2719.569340    0.000000
 2720.196530    0.000000
 2720.822270    0.000000
 2721.449710    0.000000
 2722.075680    0.000000
 2722.702150    0.000000
 2723.329830    0.000000
 2723.956300    0.000000
 2724.584470    0.000000
 2725.211430    0.000000
 2725.839600    0.000000
 2726.466800    0.000000
 2727.093990    0.000000
 2727.722900    0.000000
 2728.350340    0.000000
 2728.979490    0.000000
 2729.607420    0.000000
 2730.236820    0.000000
 2730.864750    0.000000
 2731.493160    0.000000
 2732.122800    0.000000
 2732.751460    0.000000
 2733.381590    0.000000
 2734.010500    0.000000
 2734.640870    0.000000
 2735.270020    0.000000
 2735.899410    0.000000
 2736.530270    0.000000
 2737.159670    0.000000
 2737.790770    0.000000
 2738.420650    0.000000
 2739.052250    0.000000
 2739.682370    0.000000
 2740.312500    0.000000
 2740.944340    0.000000
 2741.575200    0.000000
 2742.207280    0.000000
 2742.838130    0.000000
 2743.470460    0.000000
 2744.101560    0.000000
 2744.732910    0.000000
 2745.365970    0.000000
 2745.997310    0.000000
 2746.630860    0.000000
 2747.262700    0.000000
 2747.896000    0.000000
 2748.528080    0.000000
 2749.160640    0.000000
 2749.794430    0.000000
 2750.427000    0.000000
 2751.061280    0.000000
 2751.694090    0.000000
 2752.328610    0.000001
 2752.961910    0.000001
 2753.595210    0.000001
 2754.230220    0.000001
 2754.863770    0.000001
 2755.499020    0.000001
 2756.132810    0.000001
 2756.768550    0.000001
 2757.402590    0.000002
 2758.036870    0.000002
 2758.673100    0.000002
 2759.307620    0.000002
 2759.943850    0.000003
 2760.578860    0.000003
 2761.215330    0.000003
 2761.850590    0.000004
 2762.487550    0.000004
 2763.123050    0.000005
 2763.758790    0.000006
 2764.396000    0.000006
 2765.031980    0.000007
 2765.669430    0.000008
 2766.305910    0.000009
 2766.943600    0.000010
 2767.580320    0.000011
 2768.216800    0.000012
 2768.855220    0.000014
 2769.492190    0.000016
 2770.130860    0.000018
 2770.768070    0.000021
 2771.407230    0.000024
 2772.044680    0.000027
 2772.682130    0.000030
 2773.321780    0.000033
 2773.959720    0.000038
 2774.599370    0.000043
 2775.237550    0.000048
 2775.877690    0.000053
 2776.516360    0.000060
 2777.155030    0.000068
 2777.795170    0.000076
 2778.434330    0.000085
 2779.074950    0.000095
 2779.714360    0.000107
 2780.355470    0.000120
 2780.995120    0.000134
 2781.634770    0.000151
 2782.276120    0.000168
 2782.916260    0.000188
 2783.558110    0.000210
 2784.198490    0.000235
 2784.840330    0.000261
 2785.480960    0.000292
 2786.121830    0.000325
 2786.764400    0.000361
 2787.405270    0.000402
 2788.048100    0.000448
 2788.689450    0.000499
 2789.332520    0.000554
 2789.974370    0.000616
 2790.615970    0.000684
 2791.259770    0.000759
 2791.901610    0.000842
 2792.545410    0.000935
 2793.187990    0.001035
 2793.832030    0.001146
 2794.474850    0.001269
 2795.117680    0.001404
 2795.762210    0.001553
 2796.405520    0.001716
 2797.050290    0.001896
 2797.693600    0.002092
 2798.338870    0.002310
 2798.982420    0.002546
 2799.626460    0.002807
 2800.272220    0.003093
 2800.916260    0.003405
 2801.562260    0.003747
 2802.206790    0.004121
 2802.852780    0.004530
 2803.497560    0.004976
 2804.142580    0.005464
 2804.789310    0.005998
 2805.434330    0.006577
 2806.081300    0.007212
 2806.726810    0.007900
 2807.374020    0.008653
 2808.020020    0.009470
 2808.666020    0.010358
 2809.313480    0.011325
 2809.959960    0.012373
 2810.607910    0.013515
 2811.254390    0.014749
 2811.902830    0.016091
 2812.549560    0.017543
 2813.198240    0.019118
 2813.845210    0.020819
 2814.492680    0.022659
 2815.141600    0.024653
 2815.789310    0.026803
 2816.438720    0.029130
 2817.086430    0.031634
 2817.736080    0.034343
 2818.384520    0.037256
 2819.032710    0.040392
 2819.682620    0.043777
 2820.331300    0.047410
 2820.981930    0.051328
 2821.630620    0.055525
 2822.281490    0.060047
 2822.930660    0.064886
 2823.580080    0.070078
 2824.231200    0.075656
 2824.880860    0.081618
 2825.532230    0.088017
 2826.182370    0.094851
 2826.833980    0.102172
 2827.484380    0.109981
 2828.134770    0.118319
 2828.786870    0.127240
 2829.437740    0.136738
 2830.090090    0.146883
 2830.741210    0.157670
 2831.394040    0.169184
 2832.045410    0.181405
 2832.697020    0.194404
 2833.350100    0.208246
 2834.001950    0.222918
 2834.655520    0.238529
 2835.307620    0.255049
 2835.961180    0.272597
 2836.613770    0.291158
 2837.266360    0.310803
 2837.920410    0.331635
 2838.573490    0.353624
 2839.228030    0.376911
 2839.881100    0.401444
 2840.535890    0.427400
 2841.189450    0.454721
 2841.843020    0.483513
 2842.498540    0.513928
 2843.152340    0.545859
 2843.807860    0.579534
 2844.462160    0.614867
 2845.118160    0.652082
 2845.772710    0.691067
 2846.427250    0.731966
 2847.083740    0.774978
 2847.738770    0.819946
 2848.395260    0.867141
 2849.050540    0.916436
 2849.707760    0.968143
 2850.363280    1.022045
 2851.018800    1.078338
 2851.676270    1.137268
 2852.332280    1.198602
 2852.989990    1.262701
 2853.646480    1.329352
 2854.304440    1.398891
 2854.960940    1.471077
 2855.617920    1.546178
 2856.276370    1.624380
 2856.933350    1.705396
 2857.592290    1.789709
 2858.249760    1.876940
 2858.908940    1.967567
 2859.566650    2.061207
 2860.224370    2.158106
 2860.883790    2.258574
 2861.541750    2.362175
 2862.201900    2.469527
 2862.860350    2.580038
 2863.520510    2.694313
 2864.179200    2.811832
 2864.839840    2.933236
 2865.498780    3.057873
 2866.157960    3.186117
 2866.818850    3.318281
 2867.478520    3.453786
 2868.139650    3.593192
 2868.799320    3.735875
 2869.460940    3.882568
 2870.121090    4.032507
 2870.781490    4.186048
 2871.443360    4.343461
 2872.103760    4.504022
 2872.766360    4.668584
 2873.427000    4.836081
 2874.089600    5.007449
 2874.750730    5.181755
 2875.412110    5.359376
 2876.075440    5.540724
 2876.736820    5.724650
 2877.400390    5.912235
 2878.062260    6.102289
 2878.725830    6.295700
 2879.388180    6.491521
 2880.050540    6.689997
 2880.714600    6.891543
 2881.377440    7.095153
 2882.041750    7.301530
 2882.704830    7.509715
 2883.369380    7.720418
 2884.032960    7.932726
 2884.696530    8.146808
 2885.361330    8.362909
 2886.025390    8.580242
 2886.690920    8.799376
 2887.354980    9.019181
 2888.020510    9.240457
 2888.685060    9.462224
 2889.349610    9.684635
 2890.015870    9.908087
 2890.680910    10.131419
 2891.347410    10.355346
 2892.012700    10.578784
 2892.679200    10.802368
 2893.344970    11.025251
 2894.010500    11.247408
 2894.677730    11.469301
 2895.343510    11.689678
 2896.011470    11.909562
 2896.677490    12.127387
 2897.345460    12.344247
 2898.011960    12.558836
 2898.678960    12.771592
 2899.347170    12.982555
 2900.014160    13.190768
 2900.682860    13.396955
 2901.350100    13.599952
 2902.019530    13.800685
 2902.687010    13.997728
 2903.354740    14.191569
 2904.024410    14.382514
 2904.692380    14.569345
 2905.361820    14.752786
 2906.030520    14.932067
 2906.700680    15.107612
 2907.369140    15.278436
 2908.038090    15.444962
 2908.708500    15.607271
 2909.377930    15.764625
 2910.048830    15.917457
 2910.718260    16.064972
 2911.389650    16.207785
 2912.059330    16.344997
 2912.729250    16.476913
 2913.400630    16.603640
 2914.070800    16.724569
 2914.742920    16.840160
 2915.413570    16.949724
 2916.085690    17.053663
 2916.756590    17.151466
 2917.429200    17.243481
 2918.100340    17.329205
 2918.771730    17.408804
 2919.444580    17.482338
 2920.116210    17.549465
 2920.789550    17.610422
 2921.461670    17.664894
 2922.135500    17.713076
 2922.807370    17.754681
 2923.479740    17.789856
 2924.154050    17.818626
 2924.826660    17.840818
 2925.500980    17.856539
 2926.174070    17.865711
 2926.848880    17.868368
 2927.522220    17.864511
 2928.195800    17.854156
 2928.870850    17.837282
 2929.544920    17.813972
 2930.220460    17.784163
 2930.894530    17.748020
 2931.570310    17.705414
 2932.244630    17.656586
 2932.919190    17.601482
 2933.595700    17.539991
 2934.270260    17.472530
 2934.947270    17.398716
 2935.622310    17.319103
 2936.299070    17.233332
 2936.974850    17.141815
 2937.650390    17.044563
 2938.327880    16.941324
 2939.003660    16.832748
 2939.681400    16.718348
 2940.357670    16.598799
 2941.035640    16.473648
 2941.712160    16.343594
 2942.389160    16.208389
 2943.067630    16.067938
 2943.744630    15.922976
 2944.423580    15.772896
 2945.100830    15.618641
 2945.780030    15.459514
 2946.457760    15.296451
 2947.135500    15.129260
 2947.815190    14.957591
 2948.493410    14.782456
 2949.173100    14.603254
 2949.851560    14.420847
 2950.531980    14.234539
 2951.210450    14.045567
 2951.889650    13.853350
 2952.570070    13.657909
 2953.249270    13.460117
 2953.930660    13.259143
 2954.610110    13.056384
 2955.291500    12.850847
 2955.971190    12.643816
 2956.651120    12.434875
 2957.333010    12.223668
 2958.013180    12.011510
 2958.695560    11.797356
 2959.376220    11.582607
 2960.058350    11.366446
 2960.739500    11.149817
 2961.420410    10.932666
 2962.103520    10.714388
 2962.784910    10.496404
 2963.468020    10.277793
 2964.149900    10.059662
 2964.833500    9.841243
 2965.515380    9.623791
 2966.197750    9.406773
 2966.881590    9.190035
 2967.564210    8.974590
 2968.248540    8.759665
 2968.931150    8.546485
 2969.615720    8.334055
 2970.299070    8.123504
 2970.984130    7.914068
 2971.667480    7.706928
 2972.351070    7.501617
 2973.036620    7.297754
 2973.720700    7.096478
 2974.406250    6.897044
 2975.090580    6.700343
 2975.776610    6.505644
 2976.461180    6.313947
 2977.146000    6.124861
 2977.832280    5.938149
 2978.517580    5.754562
 2979.204350    5.573528
 2979.889650    5.395892
 2980.576660    5.220900
 2981.262210    5.049423
 2981.948240    4.881022
 2982.635990    4.715465
 2983.322020    4.553617
 2984.010010    4.394658
 2984.696530    4.239415
 2985.384770    4.087199
 2986.071530    3.938740
 2986.758540    3.793675
 2987.447270    3.651725
 2988.134770    3.513504
 2988.823490    3.378525
 2989.510990    3.247266
 2990.200440    3.119119
 2990.888180    2.994757
 2991.576170    2.873801
 2992.266360    2.755907
 2992.954830    2.641723
 2993.644780    2.530693
 2994.333500    2.423222
 2995.023930    2.318820
 2995.713130    2.217898
 2996.402100    2.120263
 2997.093020    2.025571
 2997.782710    1.934216
 2998.473880    1.845795
 2999.163570    1.760632
 2999.855470    1.678225
 3000.545410    1.599016
 3001.235600    1.522684
 3001.927730    1.448995
 3002.618410    1.378255
 3003.310550    1.310102
 3004.001710    1.244717
 3004.694340    1.181807
 3005.385740    1.121552
 3006.076900    1.063794
 3006.770020    1.008293
 3007.461670    0.955258
 3008.155270    0.904365
 3008.847410    0.855796
 3009.541260    0.809266
 3010.233400    0.764936
 3010.926270    0.722582
 3011.620360    0.682113
 3012.313230    0.643607
 3013.007810    0.606839
 3013.700930    0.571914
 3014.395750    0.538609
 3015.089360    0.507005
 3015.783200    0.476968
 3016.478270    0.448402
 3017.172610    0.421330
 3017.868160    0.395618
 3018.562260    0.371307
 3019.258540    0.348217
 3019.952880    0.326429
 3020.647950    0.305805
 3021.344480    0.286275
 3022.039310    0.267879
 3022.736330    0.250463
 3023.431640    0.234079
 3024.128660    0.218601
 3024.824460    0.204050
 3025.522220    0.190316
 3026.218020    0.177436
 3026.914310    0.165320
 3027.612300    0.153913
 3028.308840    0.143229
 3029.007080    0.133183
 3029.703860    0.123785
 3030.402590    0.114958
 3031.099850    0.106711
 3031.797120    0.098997
 3032.496090    0.091768
 3033.193600    0.085029
 3033.893310    0.078717
 3034.591060    0.072845
 3035.290770    0.067356
 3035.989010    0.062252
 3036.687740    0.057497
 3037.387700    0.053064
 3038.086670    0.048950
 3038.787350    0.045117
 3039.486080    0.041569
 3040.187260    0.038264
 3040.886470    0.035209
 3041.586180    0.032375
 3042.287350    0.029747
 3042.987550    0.027318
 3043.689210    0.025066
 3044.389160    0.022992
 3045.091060    0.021070
 3045.791750    0.019300
 3046.492430    0.017668
 3047.194820    0.016160
 3047.896000    0.014774
 3048.598880    0.013495
 3049.300050    0.012322
