 2653.384280    0.000000
 2653.996340    0.000000
 2654.606690    0.000000
 2655.217290    0.000000
 2655.829830    0.000000
 2656.440670    0.000000
 2657.053220    0.000000
 2657.664550    0.000000
 2658.277340    0.000000
 2658.888920    0.000000
 2659.500730    0.000000
 2660.114010    0.000000
 2660.725830    0.000000
 2661.339360    0.000000
 2661.951660    0.000000
 2662.565430    0.000000
 2663.177980    0.000000
 2663.790530    0.000000
 2664.404790    0.000000
 2665.017820    0.000000
 2665.632320    0.000000
 2666.245610    0.000000
 2666.860350    0.000000
 2667.473880    0.000000
 2668.089110    0.000000
 2668.702880    0.000000
 2669.316890    0.000000
 2669.932370    0.000000
 2670.546630    0.000000
 2671.162350    0.000000
 2671.776860    0.000000
 2672.393070    0.000000
 2673.007810    0.000000
 2673.622560    0.000000
 2674.239260    0.000000
 2674.854490    0.000000
 2675.471190    0.000000
 2676.086670    0.000000
 2676.703860    0.000000
 2677.319580    0.000000
 2677.935550    0.000000
 2678.552980    0.000000
 2679.169190    0.000000
 2679.786870    0.000000
 2680.403560    0.000000
 2681.021480    0.000000
 2681.638430    0.000000
 2682.255370    0.000000
 2682.873780    0.000000
 2683.490970    0.000000
 2684.109860    0.000000
 2684.727290    0.000000
 2685.346440    0.000000
 2685.964110    0.000000
 2686.582030    0.000000
 2687.201660    0.000000
 2687.819820    0.000000
 2688.439450    0.000000
 2689.057860    0.000000
 2689.677980    0.000000
 2690.296880    0.000000
 2690.915770    0.000000
 2691.536380    0.000000
 2692.155270    0.000000
 2692.776370    0.000000
 2693.395750    0.000000
 2694.016850    0.000000
 2694.636720    0.000000
 2695.256590    0.000000
 2695.877930    0.000000
 2696.498050    0.000000
 2697.119870    0.000000
 2697.740480    0.000000
 2698.362550    0.000000
 2698.983400    0.000000
 2699.604250    0.000000
 2700.226810    0.000000
 2700.847900    0.000000
 2701.470700    0.000000
 2702.092040    0.000000
 2702.715330    0.000000
 2703.337160    0.000000
 2703.958980    0.000000
 2704.582520    0.000000
 2705.204830    0.000000
 2705.828370    0.000000
 2706.450930    0.000000
 2707.074950    0.000000
 2707.697750    0.000000
 2708.320800    0.000000
 2708.945310    0.000000
 2709.568360    0.000000
 2710.193360    0.000000
 2710.816650    0.000000
 2711.441890    0.000000
 2712.065670    0.000000
 2712.689450    0.000000
 2713.314940    0.000000
 2713.939210    0.000000
 2714.565190    0.000000
 2715.189450    0.000000
 2715.815670    0.000000
 2716.440430    0.000000
 2717.066890    0.000000
 2717.691890    0.000000
 2718.317140    0.000000
 2718.943850    0.000000
 2719.569340    0.000000
 2720.196530    0.000000
 2720.822270    0.000000
 2721.449710    0.000000
 2722.075680    0.000001
 2722.702150    0.000001
 2723.329830    0.000001
 2723.956300    0.000001
 2724.584470    0.000001
 2725.211430    0.000001
 2725.839600    0.000001
 2726.466800    0.000001
 2727.093990    0.000001
 2727.722900    0.000001
 2728.350340    0.000001
 2728.979490    0.000001
 2729.607420    0.000001
 2730.236820    0.000002
 2730.864750    0.000002
 2731.493160    0.000002
 2732.122800    0.000002
 2732.751460    0.000002
 2733.381590    0.000002
 2734.010500    0.000002
 2734.640870    0.000003
 2735.270020    0.000003
 2735.899410    0.000003
 2736.530270    0.000003
 2737.159670    0.000004
 2737.790770    0.000004
 2738.420650    0.000004
 2739.052250    0.000005
 2739.682370    0.000005
 2740.312500    0.000005
 2740.944340    0.000006
 2741.575200    0.000006
 2742.207280    0.000007
 2742.838130    0.000007
 2743.470460    0.000008
 2744.101560    0.000009
 2744.732910    0.000009
 2745.365970    0.000010
 2745.997310    0.000010
 2746.630860    0.000011
 2747.262700    0.000012
 2747.896000    0.000013
 2748.528080    0.000014
 2749.160640    0.000015
 2749.794430    0.000016
 2750.427000    0.000017
 2751.061280    0.000019
 2751.694090    0.000020
 2752.328610    0.000022
 2752.961910    0.000023
 2753.595210    0.000025
 2754.230220    0.000027
 2754.863770    0.000029
 2755.499020    0.000031
 2756.132810    0.000033
 2756.768550    0.000036
 2757.402590    0.000039
 2758.036870    0.000042
 2758.673100    0.000045
 2759.307620    0.000048
 2759.943850    0.000051
 2760.578860    0.000055
 2761.215330    0.000059
 2761.850590    0.000064
 2762.487550    0.000069
 2763.123050    0.000073
 2763.758790    0.000078
 2764.396000    0.000084
 2765.031980    0.000091
 2765.669430    0.000096
 2766.305910    0.000104
 2766.943600    0.000111
 2767.580320    0.000119
 2768.216800    0.000127
 2768.855220    0.000136
 2769.492190    0.000146
 2770.130860    0.000156
 2770.768070    0.000167
 2771.407230    0.000178
 2772.044680    0.000191
 2772.682130    0.000204
 2773.321780    0.000218
 2773.959720    0.000234
 2774.599370    0.000250
 2775.237550    0.000267
 2775.877690    0.000285
 2776.516360    0.000304
 2777.155030    0.000324
 2777.795170    0.000346
 2778.434330    0.000370
 2779.074950    0.000395
 2779.714360    0.000422
 2780.355470    0.000449
 2780.995120    0.000479
 2781.634770    0.000511
 2782.276120    0.000545
 2782.916260    0.000581
 2783.558110    0.000618
 2784.198490    0.000659
 2784.840330    0.000702
 2785.480960    0.000748
 2786.121830    0.000795
 2786.764400    0.000847
 2787.405270    0.000901
 2788.048100    0.000959
 2788.689450    0.001020
 2789.332520    0.001085
 2789.974370    0.001154
 2790.615970    0.001226
 2791.259770    0.001304
 2791.901610    0.001386
 2792.545410    0.001472
 2793.187990    0.001564
 2793.832030    0.001661
 2794.474850    0.001764
 2795.117680    0.001873
 2795.762210    0.001987
 2796.405520    0.002110
 2797.050290    0.002238
 2797.693600    0.002374
 2798.338870    0.002518
 2798.982420    0.002669
 2799.626460    0.002831
 2800.272220    0.003000
 2800.916260    0.003179
 2801.562260    0.003368
 2802.206790    0.003568
 2802.852780    0.003778
 2803.497560    0.004001
 2804.142580    0.004234
 2804.789310    0.004482
 2805.434330    0.004743
 2806.081300    0.005017
 2806.726810    0.005307
 2807.374020    0.005612
 2808.020020    0.005934
 2808.666020    0.006272
 2809.313480    0.006630
 2809.959960    0.007005
 2810.607910    0.007401
 2811.254390    0.007816
 2811.902830    0.008255
 2812.549560    0.008716
 2813.198240    0.009201
 2813.845210    0.009709
 2814.492680    0.010244
 2815.141600    0.010808
 2815.789310    0.011399
 2816.438720    0.012021
 2817.086430    0.012673
 2817.736080    0.013360
 2818.384520    0.014079
 2819.032710    0.014833
 2819.682620    0.015627
 2820.331300    0.016459
 2820.981930    0.017332
 2821.630620    0.018246
 2822.281490    0.019207
 2822.930660    0.020212
 2823.580080    0.021266
 2824.231200    0.022372
 2824.880860    0.023528
 2825.532230    0.024742
 2826.182370    0.026011
 2826.833980    0.027342
 2827.484380    0.028732
 2828.134770    0.030187
 2828.786870    0.031712
 2829.437740    0.033304
 2830.090090    0.034973
 2830.741210    0.036715
 2831.394040    0.038539
 2832.045410    0.040442
 2832.697020    0.042429
 2833.350100    0.044510
 2834.001950    0.046679
 2834.655520    0.048950
 2835.307620    0.051314
 2835.961180    0.053787
 2836.613770    0.056364
 2837.266360    0.059052
 2837.920410    0.061861
 2838.573490    0.064785
 2839.228030    0.067841
 2839.881100    0.071018
 2840.535890    0.074338
 2841.189450    0.077789
 2841.843020    0.081385
 2842.498540    0.085139
 2843.152340    0.089038
 2843.807860    0.093106
 2844.462160    0.097332
 2845.118160    0.101741
 2845.772710    0.106316
 2846.427250    0.111073
 2847.083740    0.116035
 2847.738770    0.121181
 2848.395260    0.126541
 2849.050540    0.132101
 2849.707760    0.137893
 2850.363280    0.143893
 2851.018800    0.150124
 2851.676270    0.156610
 2852.332280    0.163328
 2852.989990    0.170318
 2853.646480    0.177556
 2854.304440    0.185081
 2854.960940    0.192866
 2855.617920    0.200944
 2856.276370    0.209335
 2856.933350    0.218013
 2857.592290    0.227030
 2858.249760    0.236350
 2858.908940    0.246028
 2859.566650    0.256027
 2860.224370    0.266376
 2860.883790    0.277117
 2861.541750    0.288205
 2862.201900    0.299715
 2862.860350    0.311588
 2863.520510    0.323898
 2864.179200    0.336596
 2864.839840    0.349760
 2865.498780    0.363329
 2866.157960    0.377352
 2866.818850    0.391874
 2867.478520    0.406843
 2868.139650    0.422333
 2868.799320    0.438287
 2869.460940    0.454800
 2870.121090    0.471801
 2870.781490    0.489344
 2871.443360    0.507476
 2872.103760    0.526131
 2872.766360    0.545424
 2873.427000    0.565251
 2874.089600    0.585742
 2874.750730    0.606803
 2875.412110    0.628503
 2876.075440    0.650912
 2876.736820    0.673915
 2877.400390    0.697669
 2878.062260    0.722050
 2878.725830    0.747195
 2879.388180    0.773012
 2880.050540    0.799559
 2880.714600    0.826921
 2881.377440    0.854993
 2882.041750    0.883904
 2882.704830    0.913551
 2883.369380    0.944071
 2884.032960    0.975365
 2884.696530    1.007492
 2885.361330    1.040528
 2886.025390    1.074392
 2886.690920    1.109212
 2887.354980    1.144848
 2888.020510    1.181472
 2888.685060    1.218964
 2889.349610    1.257392
 2890.015870    1.296872
 2890.680910    1.337246
 2891.347410    1.378690
 2892.012700    1.421051
 2892.679200    1.464499
 2893.344970    1.508921
 2894.010500    1.554358
 2894.677730    1.600961
 2895.343510    1.648520
 2896.011470    1.697314
 2896.677490    1.747048
 2897.345460    1.798028
 2898.011960    1.850004
 2898.678960    1.903138
 2899.347170    1.957502
 2900.014160    2.012909
 2900.682860    2.069612
 2901.350100    2.127351
 2902.019530    2.186455
 2902.687010    2.246567
 2903.354740    2.307887
 2904.024410    2.370584
 2904.692380    2.434327
 2905.361820    2.499420
 2906.030520    2.565659
 2906.700680    2.633268
 2907.369140    2.701931
 2908.038090    2.771873
 2908.708500    2.843208
 2909.377930    2.915676
 2910.048830    2.989546
 2910.718260    3.064497
 2911.389650    3.140912
 2912.059330    3.218374
 2912.729250    3.297106
 2913.400630    3.377252
 2914.070800    3.458489
 2914.742920    3.541201
 2915.413570    3.624962
 2916.085690    3.710134
 2916.756590    3.796370
 2917.429200    3.884041
 2918.100340    3.972724
 2918.771730    4.062634
 2919.444580    4.153927
 2920.116210    4.246228
 2920.789550    4.339930
 2921.461670    4.434611
 2922.135500    4.530670
 2922.807370    4.627571
 2923.479740    4.725643
 2924.154050    4.825090
 2924.826660    4.925352
 2925.500980    5.026918
 2926.174070    5.129329
 2926.848880    5.233006
 2927.522220    5.337441
 2928.195800    5.442872
 2928.870850    5.549466
 2929.544920    5.656811
 2930.220460    5.765271
 2930.894530    5.874344
 2931.570310    5.984515
 2932.244630    6.095233
 2932.919190    6.206747
 2933.595700    6.319307
 2934.270260    6.432228
 2934.947270    6.546210
 2935.622310    6.660477
 2936.299070    6.775609
 2936.974850    6.891110
 2937.650390    7.007064
 2938.327880    7.123807
 2939.003660    7.240666
 2939.681400    7.358230
 2940.357670    7.475860
 2941.035640    7.594062
 2941.712160    7.712238
 2942.389160    7.830678
 2943.067630    7.949506
 2943.744630    8.068157
 2944.423580    8.187180
 2945.100830    8.305881
 2945.780030    8.424849
 2946.457760    8.543430
 2947.135500    8.661828
 2947.815190    8.780328
 2948.493410    8.898277
 2949.173100    9.016129
 2949.851560    9.133360
 2950.531980    9.250460
 2951.210450    9.366697
 2951.889650    9.482477
 2952.570070    9.597818
 2953.249270    9.712248
 2953.930660    9.826279
 2954.610110    9.939159
 2955.291500    10.051472
 2955.971190    10.162557
 2956.651120    10.272671
 2957.333010    10.382027
 2958.013180    10.489974
 2958.695560    10.597072
 2959.376220    10.702642
 2960.058350    10.807117
 2960.739500    10.910063
 2961.420410    11.011530
 2962.103520    11.111815
 2962.784910    11.210285
 2963.468020    11.307373
 2964.149900    11.402599
 2964.833500    11.496316
 2965.515380    11.587993
 2966.197750    11.677875
 2966.881590    11.766026
 2967.564210    11.852038
 2968.248540    11.936227
 2968.931150    12.018118
 2969.615720    12.098094
 2970.299070    12.175726
 2970.984130    12.251297
 2971.667480    12.324379
 2972.351070    12.395137
 2973.036620    12.463688
 2973.720700    12.529644
 2974.406250    12.593239
 2975.090580    12.654181
 2975.776610    12.712683
 2976.461180    12.768434
 2977.146000    12.821539
 2977.832280    12.872046
 2978.517580    12.919737
 2979.204350    12.964744
 2979.889650    13.006840
 2980.576660    13.046188
 2981.262210    13.082579
 2981.948240    13.116091
 2982.635990    13.146747
 2983.322020    13.174371
 2984.010010    13.199086
 2984.696530    13.220747
 2985.384770    13.239435
 2986.071530    13.255049
 2986.758540    13.267619
 2987.447270    13.277149
 2988.134770    13.283587
 2988.823490    13.286948
 2989.510990    13.287214
 2990.200440    13.284382
 2990.888180    13.278462
 2991.576170    13.269450
 2992.266360    13.257308
 2992.954830    13.242106
 2993.644780    13.223785
 2994.333500    13.202427
 2995.023930    13.177947
 2995.713130    13.150463
 2996.402100    13.119961
 2997.093020    13.086353
 2997.782710    13.049809
 2998.473880    13.010208
 2999.163570    12.967745
 2999.855470    12.922216
 3000.545410    12.873923
 3001.235600    12.822754
 3001.927730    12.768602
 3002.618410    12.711769
 3003.310550    12.652048
 3004.001710    12.589687
 3004.694340    12.524508
 3005.385740    12.456799
 3006.076900    12.386521
 3006.770020    12.313487
 3007.461670    12.238101
 3008.155270    12.160040
 3008.847410    12.079736
 3009.541260    11.996870
 3010.233400    11.911909
 3010.926270    11.824610
 3011.620360    11.734959
 3012.313230    11.643330
 3013.007810    11.549393
 3013.700930    11.453636
 3014.395750    11.355680
 3015.089360    11.256001
 3015.783200    11.154453
 3016.478270    11.050954
 3017.172610    10.945855
 3017.868160    10.838928
 3018.562260    10.730650
 3019.258540    10.620518
 3019.952880    10.509251
 3020.647950    10.396491
 3021.344480    10.282185
 3022.039310    10.166917
 3022.736330    10.050114
 3023.431640    9.932492
 3024.128660    9.813548
 3024.824460    9.693846
 3025.522220    9.572908
 3026.218020    9.451483
 3026.914310    9.329214
 3027.612300    9.205953
 3028.308840    9.082328
 3029.007080    8.957844
 3029.703860    8.833135
 3030.402590    8.707655
 3031.099850    8.582085
 3031.797120    8.456226
 3032.496090    8.329839
 3033.193600    8.203558
 3033.893310    8.076785
 3034.591060    7.950336
 3035.290770    7.823566
 3035.989010    7.697154
 3036.687740    7.570807
 3037.387700    7.444453
 3038.086670    7.318548
 3038.787350    7.192665
 3039.486080    7.067517
 3040.187260    6.942374
 3040.886470    6.818074
 3041.586180    6.694234
 3042.287350    6.570735
 3042.987550    6.448057
 3043.689210    6.325822
 3044.389160    6.204630
 3045.091060    6.083892
 3045.791750    5.964200
 3046.492430    5.845387
 3047.194820    5.727208
 3047.896000    5.610197
 3048.598880    5.493904
 3049.300050    5.378932
