 2653.384280    0.000000
 2653.996340    0.000000
 2654.606690    0.000000
 2655.217290    0.000000
 2655.829830    0.000000
 2656.440670    0.000000
 2657.053220    0.000000
 2657.664550    0.000000
 2658.277340    0.000000
 2658.888920    0.000000
 2659.500730    0.000000
 2660.114010    0.000000
 2660.725830    0.000000
 2661.339360    0.000000
 2661.951660    0.000000
 2662.565430    0.000000
 2663.177980    0.000000
 2663.790530    0.000000
 2664.404790    0.000000
 2665.017820    0.000000
 2665.632320    0.000000
 2666.245610    0.000000
 2666.860350    0.000000
 2667.473880    0.000000
 2668.089110    0.000000
 2668.702880    0.000000
 2669.316890    0.000000
 2669.932370    0.000000
 2670.546630    0.000000
 2671.162350    0.000000
 2671.776860    0.000000
 2672.393070    0.000000
 2673.007810    0.000000
 2673.622560    0.000000
 2674.239260    0.000000
 2674.854490    0.000000
 2675.471190    0.000000
 2676.086670    0.000000
 2676.703860    0.000000
 2677.319580    0.000000
 2677.935550    0.000000
 2678.552980    0.000000
 2679.169190    0.000000
 2679.786870    0.000000
 2680.403560    0.000000
 2681.021480    0.000000
 2681.638430    0.000000
 2682.255370    0.000000
 2682.873780    0.000000
 2683.490970    0.000000
 2684.109860    0.000000
 2684.727290    0.000000
 2685.346440    0.000000
 2685.964110    0.000000
 2686.582030    0.000000
 2687.201660    0.000000
 2687.819820    0.000000
 2688.439450    0.000000
 2689.057860    0.000000
 2689.677980    0.000000
 2690.296880    0.000000
 2690.915770    0.000000
 2691.536380    0.000000
 2692.155270    0.000000
 2692.776370    0.000000
 2693.395750    0.000000
 2694.016850    0.000000
 2694.636720    0.000000
 2695.256590    0.000000
 2695.877930    0.000000
 2696.498050    0.000000
 2697.119870    0.000000
 2697.740480    0.000000
 2698.362550    0.000000
 2698.983400    0.000000
 2699.604250    0.000000
 2700.226810    0.000000
 2700.847900    0.000000
 2701.470700    0.000000
 2702.092040    0.000000
 2702.715330    0.000000
 2703.337160    0.000000
 2703.958980    0.000000
 2704.582520    0.000000
 2705.204830    0.000000
 2705.828370    0.000000
 2706.450930    0.000000
 2707.074950    0.000000
 2707.697750    0.000000
 2708.320800    0.000000
 2708.945310    0.000000
 2709.568360    0.000000
 2710.193360    0.000000
 2710.816650    0.000000
 2711.441890    0.000000
 2712.065670    0.000000
 2712.689450    0.000000
 2713.314940    0.000000
 2713.939210    0.000000
 2714.565190    0.000000
 2715.189450    0.000000
 2715.815670    0.000000
 2716.440430    0.000000
 2717.066890    0.000000
 2717.691890    0.000000
 2718.317140    0.000000
 2718.943850    0.000000
 2719.569340    0.000000
 2720.196530    0.000000
 2720.822270    0.000000
 2721.449710    0.000000
 2722.075680    0.000000
 2722.702150    0.000000
 2723.329830    0.000000
 2723.956300    0.000000
 2724.584470    0.000000
 2725.211430    0.000000
 2725.839600    0.000000
 2726.466800    0.000000
 2727.093990    0.000000
 2727.722900    0.000000
 2728.350340    0.000000
 2728.979490    0.000000
 2729.607420    0.000000
 2730.236820    0.000000
 2730.864750    0.000000
 2731.493160    0.000000
 2732.122800    0.000000
 2732.751460    0.000000
 2733.381590    0.000000
 2734.010500    0.000000
 2734.640870    0.000000
 2735.270020    0.000000
 2735.899410    0.000000
 2736.530270    0.000000
 2737.159670    0.000000
 2737.790770    0.000000
 2738.420650    0.000000
 2739.052250    0.000000
 2739.682370    0.000000
 2740.312500    0.000000
 2740.944340    0.000000
 2741.575200    0.000000
 2742.207280    0.000000
 2742.838130    0.000000
 2743.470460    0.000000
 2744.101560    0.000000
 2744.732910    0.000000
 2745.365970    0.000000
 2745.997310    0.000000
 2746.630860    0.000000
 2747.262700    0.000000
 2747.896000    0.000000
 2748.528080    0.000000
 2749.160640    0.000000
 2749.794430    0.000000
 2750.427000    0.000000
 2751.061280    0.000000
 2751.694090    0.000000
 2752.328610    0.000000
 2752.961910    0.000000
 2753.595210    0.000000
 2754.230220    0.000000
 2754.863770    0.000000
 2755.499020    0.000000
 2756.132810    0.000000
 2756.768550    0.000000
 2757.402590    0.000000
 2758.036870    0.000000
 2758.673100    0.000000
 2759.307620    0.000000
 2759.943850    0.000000
 2760.578860    0.000000
 2761.215330    0.000000
 2761.850590    0.000000
 2762.487550    0.000000
 2763.123050    0.000000
 2763.758790    0.000000
 2764.396000    0.000000
 2765.031980    0.000000
 2765.669430    0.000000
 2766.305910    0.000000
 2766.943600    0.000000
 2767.580320    0.000000
 2768.216800    0.000000
 2768.855220    0.000000
 2769.492190    0.000000
 2770.130860    0.000000
 2770.768070    0.000000
 2771.407230    0.000000
 2772.044680    0.000000
 2772.682130    0.000000
 2773.321780    0.000000
 2773.959720    0.000000
 2774.599370    0.000000
 2775.237550    0.000000
 2775.877690    0.000000
 2776.516360    0.000000
 2777.155030    0.000000
 2777.795170    0.000000
 2778.434330    0.000000
 2779.074950    0.000000
 2779.714360    0.000000
 2780.355470    0.000000
 2780.995120    0.000000
 2781.634770    0.000000
 2782.276120    0.000000
 2782.916260    0.000000
 2783.558110    0.000000
 2784.198490    0.000000
 2784.840330    0.000000
 2785.480960    0.000000
 2786.121830    0.000000
 2786.764400    0.000000
 2787.405270    0.000000
 2788.048100    0.000000
 2788.689450    0.000000
 2789.332520    0.000000
 2789.974370    0.000000
 2790.615970    0.000000
 2791.259770    0.000000
 2791.901610    0.000000
 2792.545410    0.000000
 2793.187990    0.000000
 2793.832030    0.000000
 2794.474850    0.000000
 2795.117680    0.000000
 2795.762210    0.000000
 2796.405520    0.000000
 2797.050290    0.000000
 2797.693600    0.000000
 2798.338870    0.000000
 2798.982420    0.000000
 2799.626460    0.000000
 2800.272220    0.000000
 2800.916260    0.000000
 2801.562260    0.000000
 2802.206790    0.000000
 2802.852780    0.000000
 2803.497560    0.000000
 2804.142580    0.000000
 2804.789310    0.000000
 2805.434330    0.000000
 2806.081300    0.000000
 2806.726810    0.000000
 2807.374020    0.000000
 2808.020020    0.000000
 2808.666020    0.000000
 2809.313480    0.000000
 2809.959960    0.000000
 2810.607910    0.000000
 2811.254390    0.000000
 2811.902830    0.000000
 2812.549560    0.000000
 2813.198240    0.000000
 2813.845210    0.000000
 2814.492680    0.000000
 2815.141600    0.000000
 2815.789310    0.000000
 2816.438720    0.000000
 2817.086430    0.000000
 2817.736080    0.000000
 2818.384520    0.000000
 2819.032710    0.000000
 2819.682620    0.000000
 2820.331300    0.000000
 2820.981930    0.000000
 2821.630620    0.000000
 2822.281490    0.000000
 2822.930660    0.000000
 2823.580080    0.000000
 2824.231200    0.000000
 2824.880860    0.000000
 2825.532230    0.000000
 2826.182370    0.000000
 2826.833980    0.000000
 2827.484380    0.000000
 2828.134770    0.000000
 2828.786870    0.000000
 2829.437740    0.000000
 2830.090090    0.000000
 2830.741210    0.000000
 2831.394040    0.000000
 2832.045410    0.000000
 2832.697020    0.000000
 2833.350100    0.000000
 2834.001950    0.000000
 2834.655520    0.000000
 2835.307620    0.000000
 2835.961180    0.000000
 2836.613770    0.000001
 2837.266360    0.000001
 2837.920410    0.000001
 2838.573490    0.000002
 2839.228030    0.000002
 2839.881100    0.000003
 2840.535890    0.000004
 2841.189450    0.000005
 2841.843020    0.000006
 2842.498540    0.000008
 2843.152340    0.000010
 2843.807860    0.000013
 2844.462160    0.000017
 2845.118160    0.000022
 2845.772710    0.000029
 2846.427250    0.000037
 2847.083740    0.000047
 2847.738770    0.000060
 2848.395260    0.000075
 2849.050540    0.000095
 2849.707760    0.000120
 2850.363280    0.000151
 2851.018800    0.000189
 2851.676270    0.000236
 2852.332280    0.000293
 2852.989990    0.000363
 2853.646480    0.000449
 2854.304440    0.000554
 2854.960940    0.000681
 2855.617920    0.000835
 2856.276370    0.001022
 2856.933350    0.001247
 2857.592290    0.001518
 2858.249760    0.001844
 2858.908940    0.002235
 2859.566650    0.002703
 2860.224370    0.003261
 2860.883790    0.003928
 2861.541750    0.004722
 2862.201900    0.005669
 2862.860350    0.006791
 2863.520510    0.008126
 2864.179200    0.009706
 2864.839840    0.011580
 2865.498780    0.013793
 2866.157960    0.016408
 2866.818850    0.019503
 2867.478520    0.023144
 2868.139650    0.027443
 2868.799320    0.032489
 2869.460940    0.038435
 2870.121090    0.045397
 2870.781490    0.053555
 2871.443360    0.063123
 2872.103760    0.074271
 2872.766360    0.087314
 2873.427000    0.102447
 2874.089600    0.120072
 2874.750730    0.140450
 2875.412110    0.164011
 2876.075440    0.191262
 2876.736820    0.222513
 2877.400390    0.258474
 2878.062260    0.299497
 2878.725830    0.346390
 2879.388180    0.399590
 2880.050540    0.459849
 2880.714600    0.528060
 2881.377440    0.604662
 2882.041750    0.690723
 2882.704830    0.786661
 2883.369380    0.893634
 2884.032960    1.012005
 2884.696530    1.142642
 2885.361330    1.286494
 2886.025390    1.443768
 2886.690920    1.615544
 2887.354980    1.801503
 2888.020510    2.002785
 2888.685060    2.218850
 2889.349610    2.450009
 2890.015870    2.696768
 2890.680910    2.957715
 2891.347410    3.233366
 2892.012700    3.521854
 2892.679200    3.823248
 2893.344970    4.135458
 2894.010500    4.457240
 2894.677730    4.787890
 2895.343510    5.123951
 2896.011470    5.465178
 2896.677490    5.807183
 2897.345460    6.149538
 2898.011960    6.487944
 2898.678960    6.820761
 2899.347170    7.145648
 2900.014160    7.458735
 2900.682860    7.758739
 2901.350100    8.041685
 2902.019530    8.306686
 2902.687010    8.549877
 2903.354740    8.770165
 2904.024410    8.966305
 2904.692380    9.135841
 2905.361820    9.278569
 2906.030520    9.393346
 2906.700680    9.480278
 2907.369140    9.539150
 2908.038090    9.570849
 2908.708500    9.576327
 2909.377930    9.556968
 2910.048830    9.514492
 2910.718260    9.451250
 2911.389650    9.369378
 2912.059330    9.272049
 2912.729250    9.161984
 2913.400630    9.042046
 2914.070800    8.915909
 2914.742920    8.786220
 2915.413570    8.656835
 2916.085690    8.530313
 2916.756590    8.410120
 2917.429200    8.298488
 2918.100340    8.198426
 2918.771730    8.111815
 2919.444580    8.040377
 2920.116210    7.985835
 2920.789550    7.949007
 2921.461670    7.930694
 2922.135500    7.931031
 2922.807370    7.949790
 2923.479740    7.986359
 2924.154050    8.039918
 2924.826660    8.108843
 2925.500980    8.191828
 2926.174070    8.286612
 2926.848880    8.391479
 2927.522220    8.503649
 2928.195800    8.620979
 2928.870850    8.741229
 2929.544920    8.861511
 2930.220460    8.979834
 2930.894530    9.093377
 2931.570310    9.200493
 2932.244630    9.298698
 2932.919190    9.386500
 2933.595700    9.462543
 2934.270260    9.525126
 2934.947270    9.573659
 2935.622310    9.607097
 2936.299070    9.625199
 2936.974850    9.627703
 2937.650390    9.614733
 2938.327880    9.586495
 2939.003660    9.543649
 2939.681400    9.486633
 2940.357670    9.416540
 2941.035640    9.333962
 2941.712160    9.240274
 2942.389160    9.136265
 2943.067630    9.022779
 2943.744630    8.901329
 2944.423580    8.772261
 2945.100830    8.637166
 2945.780030    8.496128
 2946.457760    8.350560
 2947.135500    8.200767
 2947.815190    8.046791
 2948.493410    7.889787
 2949.173100    7.729355
 2949.851560    7.566309
 2950.531980    7.399982
 2951.210450    7.231358
 2951.889650    7.059751
 2952.570070    6.884968
 2953.249270    6.707558
 2953.930660    6.526541
 2954.610110    6.342956
 2955.291500    6.155714
 2955.971190    5.965828
 2956.651120    5.772830
 2957.333010    5.576345
 2958.013180    5.377625
 2958.695560    5.175792
 2959.376220    4.972340
 2960.058350    4.766731
 2960.739500    4.560175
 2961.420410    4.352986
 2962.103520    4.145005
 2962.784910    3.938047
 2963.468020    3.731733
 2964.149900    3.527624
 2964.833500    3.325531
 2965.515380    3.127141
 2966.197750    2.932469
 2966.881590    2.741890
 2967.564210    2.556755
 2968.248540    2.376829
 2968.931150    2.203512
 2969.615720    2.036323
 2970.299070    1.876425
 2970.984130    1.723453
 2971.667480    1.578414
 2972.351070    1.441042
 2973.036620    1.311138
 2973.720700    1.189397
 2974.406250    1.075273
 2975.090580    0.969134
 2975.776610    0.870397
 2976.461180    0.779335
 2977.146000    0.695470
 2977.832280    0.618412
 2978.517580    0.548142
 2979.204350    0.484094
 2979.889650    0.426193
 2980.576660    0.373818
 2981.262210    0.326849
 2981.948240    0.284770
 2982.635990    0.247163
 2983.322020    0.213851
 2984.010010    0.184304
 2984.696530    0.158333
 2985.384770    0.135489
 2986.071530    0.115568
 2986.758540    0.098221
 2987.447270    0.083144
 2988.134770    0.070150
 2988.823490    0.058956
 2989.510990    0.049384
 2990.200440    0.041195
 2990.888180    0.034254
 2991.576170    0.028378
 2992.266360    0.023408
 2992.954830    0.019247
 2993.644780    0.015760
 2994.333500    0.012863
 2995.023930    0.010453
 2995.713130    0.008467
 2996.402100    0.006832
 2997.093020    0.005489
 2997.782710    0.004396
 2998.473880    0.003505
 2999.163570    0.002786
 2999.855470    0.002204
 3000.545410    0.001739
 3001.235600    0.001366
 3001.927730    0.001068
 3002.618410    0.000833
 3003.310550    0.000647
 3004.001710    0.000500
 3004.694340    0.000384
 3005.385740    0.000296
 3006.076900    0.000226
 3006.770020    0.000172
 3007.461670    0.000131
 3008.155270    0.000098
 3008.847410    0.000074
 3009.541260    0.000055
 3010.233400    0.000041
 3010.926270    0.000031
 3011.620360    0.000023
 3012.313230    0.000017
 3013.007810    0.000012
 3013.700930    0.000009
 3014.395750    0.000007
 3015.089360    0.000005
 3015.783200    0.000004
 3016.478270    0.000003
 3017.172610    0.000002
 3017.868160    0.000001
 3018.562260    0.000001
 3019.258540    0.000001
 3019.952880    0.000000
 3020.647950    0.000000
 3021.344480    0.000000
 3022.039310    0.000000
 3022.736330    0.000000
 3023.431640    0.000000
 3024.128660    0.000000
 3024.824460    0.000000
 3025.522220    0.000000
 3026.218020    0.000000
 3026.914310    0.000000
 3027.612300    0.000000
 3028.308840    0.000000
 3029.007080    0.000000
 3029.703860    0.000000
 3030.402590    0.000000
 3031.099850    0.000000
 3031.797120    0.000000
 3032.496090    0.000000
 3033.193600    0.000000
 3033.893310    0.000000
 3034.591060    0.000000
 3035.290770    0.000000
 3035.989010    0.000000
 3036.687740    0.000000
 3037.387700    0.000000
 3038.086670    0.000000
 3038.787350    0.000000
 3039.486080    0.000000
 3040.187260    0.000000
 3040.886470    0.000000
 3041.586180    0.000000
 3042.287350    0.000000
 3042.987550    0.000000
 3043.689210    0.000000
 3044.389160    0.000000
 3045.091060    0.000000
 3045.791750    0.000000
 3046.492430    0.000000
 3047.194820    0.000000
 3047.896000    0.000000
 3048.598880    0.000000
 3049.300050    0.000000
