 2653.384280    0.001981
 2653.996340    0.002261
 2654.606690    0.002570
 2655.217290    0.002911
 2655.829830    0.003284
 2656.440670    0.003692
 2657.053220    0.004135
 2657.664550    0.004613
 2658.277340    0.005128
 2658.888920    0.005678
 2659.500730    0.006263
 2660.114010    0.006885
 2660.725830    0.007537
 2661.339360    0.008222
 2661.951660    0.008935
 2662.565430    0.009674
 2663.177980    0.010435
 2663.790530    0.011213
 2664.404790    0.012007
 2665.017820    0.012808
 2665.632320    0.013615
 2666.245610    0.014418
 2666.860350    0.015215
 2667.473880    0.015998
 2668.089110    0.016763
 2668.702880    0.017503
 2669.316890    0.018213
 2669.932370    0.018892
 2670.546630    0.019532
 2671.162350    0.020133
 2671.776860    0.020690
 2672.393070    0.021205
 2673.007810    0.021675
 2673.622560    0.022105
 2674.239260    0.022500
 2674.854490    0.022861
 2675.471190    0.023201
 2676.086670    0.023525
 2676.703860    0.023849
 2677.319580    0.024183
 2677.935550    0.024549
 2678.552980    0.024964
 2679.169190    0.025452
 2679.786870    0.026039
 2680.403560    0.026753
 2681.021480    0.027631
 2681.638430    0.028703
 2682.255370    0.030012
 2682.873780    0.031606
 2683.490970    0.033527
 2684.109860    0.035839
 2684.727290    0.038589
 2685.346440    0.041857
 2685.964110    0.045696
 2686.582030    0.050197
 2687.201660    0.055459
 2687.819820    0.061552
 2688.439450    0.068613
 2689.057860    0.076731
 2689.677980    0.086078
 2690.296880    0.096761
 2690.915770    0.108962
 2691.536380    0.122909
 2692.155270    0.138734
 2692.776370    0.156775
 2693.395750    0.177188
 2694.016850    0.200382
 2694.636720    0.226588
 2695.256590    0.256224
 2695.877930    0.289793
 2696.498050    0.327624
 2697.119870    0.370428
 2697.740480    0.418591
 2698.362550    0.472975
 2698.983400    0.534060
 2699.604250    0.602727
 2700.226810    0.680051
 2700.847900    0.766569
 2701.470700    0.863732
 2702.092040    0.972124
 2702.715330    1.093498
 2703.337160    1.228413
 2703.958980    1.378401
 2704.582520    1.545255
 2705.204830    1.729565
 2705.828370    1.933436
 2706.450930    2.157549
 2707.074950    2.404187
 2707.697750    2.673648
 2708.320800    2.967797
 2708.945310    3.288526
 2709.568360    3.635425
 2710.193360    4.011394
 2710.816650    4.415034
 2711.441890    4.849325
 2712.065670    5.312283
 2712.689450    5.804985
 2713.314940    6.328705
 2713.939210    6.880511
 2714.565190    7.462164
 2715.189450    8.069270
 2715.815670    8.703800
 2716.440430    9.360334
 2717.066890    10.039831
 2717.691890    10.736085
 2718.317140    11.447789
 2718.943850    12.172857
 2719.569340    12.904310
 2720.196530    13.641367
 2720.822270    14.375816
 2721.449710    15.106642
 2722.075680    15.825220
 2722.702150    16.528763
 2723.329830    17.212870
 2723.956300    17.869717
 2724.584470    18.497208
 2725.211430    19.087364
 2725.839600    19.637634
 2726.466800    20.141476
 2727.093990    20.595489
 2727.722900    20.996775
 2728.350340    21.339764
 2728.979490    21.623116
 2729.607420    21.842907
 2730.236820    21.998060
 2730.864750    22.086460
 2731.493160    22.107731
 2732.122800    22.061432
 2732.751460    21.948105
 2733.381590    21.768259
 2734.010500    21.524233
 2734.640870    21.217131
 2735.270020    20.850937
 2735.899410    20.428139
 2736.530270    19.951351
 2737.159670    19.426834
 2737.790770    18.856318
 2738.420650    18.247074
 2739.052250    17.601131
 2739.682370    16.926773
 2740.312500    16.227663
 2740.944340    15.506994
 2741.575200    14.772936
 2742.207280    14.027994
 2742.838130    13.279951
 2743.470460    12.530346
 2744.101560    11.786827
 2744.732910    11.051846
 2745.365970    10.327623
 2745.997310    9.621598
 2746.630860    8.932600
 2747.262700    8.267692
 2747.896000    7.625926
 2748.528080    7.012049
 2749.160640    6.425980
 2749.794430    5.868404
 2750.427000    5.342354
 2751.061280    4.845968
 2751.694090    4.381962
 2752.328610    3.947937
 2752.961910    3.545576
 2753.595210    3.173412
 2754.230220    2.829741
 2754.863770    2.515299
 2755.499020    2.227366
 2756.132810    1.966118
 2756.768550    1.728796
 2757.402590    1.515335
 2758.036870    1.323513
 2758.673100    1.151408
 2759.307620    0.998514
 2759.943850    0.862510
 2760.578860    0.742581
 2761.215330    0.636814
 2761.850590    0.544311
 2762.487550    0.463366
 2763.123050    0.393176
 2763.758790    0.332386
 2764.396000    0.279860
 2765.031980    0.234851
 2765.669430    0.196277
 2766.305910    0.163479
 2766.943600    0.135610
 2767.580320    0.112107
 2768.216800    0.092341
 2768.855220    0.075731
 2769.492190    0.061905
 2770.130860    0.050385
 2770.768070    0.040875
 2771.407230    0.033013
 2772.044680    0.026579
 2772.682130    0.021317
 2773.321780    0.017019
 2773.959720    0.013544
 2774.599370    0.010732
 2775.237550    0.008474
 2775.877690    0.006662
 2776.516360    0.005220
 2777.155030    0.004074
 2777.795170    0.003166
 2778.434330    0.002452
 2779.074950    0.001890
 2779.714360    0.001452
 2780.355470    0.001111
 2780.995120    0.000847
 2781.634770    0.000643
 2782.276120    0.000486
 2782.916260    0.000366
 2783.558110    0.000275
 2784.198490    0.000205
 2784.840330    0.000153
 2785.480960    0.000113
 2786.121830    0.000084
 2786.764400    0.000061
 2787.405270    0.000045
 2788.048100    0.000032
 2788.689450    0.000024
 2789.332520    0.000017
 2789.974370    0.000012
 2790.615970    0.000009
 2791.259770    0.000007
 2791.901610    0.000005
 2792.545410    0.000003
 2793.187990    0.000002
 2793.832030    0.000002
 2794.474850    0.000001
 2795.117680    0.000001
 2795.762210    0.000001
 2796.405520    0.000000
 2797.050290    0.000000
 2797.693600    0.000000
 2798.338870    0.000000
 2798.982420    0.000000
 2799.626460    0.000000
 2800.272220    0.000000
 2800.916260    0.000000
 2801.562260    0.000000
 2802.206790    0.000000
 2802.852780    0.000000
 2803.497560    0.000000
 2804.142580    0.000000
 2804.789310    0.000000
 2805.434330    0.000000
 2806.081300    0.000000
 2806.726810    0.000000
 2807.374020    0.000000
 2808.020020    0.000000
 2808.666020    0.000000
 2809.313480    0.000000
 2809.959960    0.000000
 2810.607910    0.000000
 2811.254390    0.000000
 2811.902830    0.000000
 2812.549560    0.000000
 2813.198240    0.000000
 2813.845210    0.000000
 2814.492680    0.000000
 2815.141600    0.000000
 2815.789310    0.000000
 2816.438720    0.000000
 2817.086430    0.000000
 2817.736080    0.000000
 2818.384520    0.000000
 2819.032710    0.000000
 2819.682620    0.000000
 2820.331300    0.000000
 2820.981930    0.000000
 2821.630620    0.000000
 2822.281490    0.000000
 2822.930660    0.000000
 2823.580080    0.000000
 2824.231200    0.000000
 2824.880860    0.000000
 2825.532230    0.000000
 2826.182370    0.000000
 2826.833980    0.000000
 2827.484380    0.000000
 2828.134770    0.000000
 2828.786870    0.000000
 2829.437740    0.000000
 2830.090090    0.000000
 2830.741210    0.000000
 2831.394040    0.000000
 2832.045410    0.000000
 2832.697020    0.000000
 2833.350100    0.000000
 2834.001950    0.000000
 2834.655520    0.000000
 2835.307620    0.000000
 2835.961180    0.000000
 2836.613770    0.000000
 2837.266360    0.000000
 2837.920410    0.000000
 2838.573490    0.000000
 2839.228030    0.000000
 2839.881100    0.000000
 2840.535890    0.000000
 2841.189450    0.000000
 2841.843020    0.000000
 2842.498540    0.000000
 2843.152340    0.000000
 2843.807860    0.000000
 2844.462160    0.000000
 2845.118160    0.000000
 2845.772710    0.000000
 2846.427250    0.000000
 2847.083740    0.000000
 2847.738770    0.000000
 2848.395260    0.000000
 2849.050540    0.000000
 2849.707760    0.000000
 2850.363280    0.000000
 2851.018800    0.000000
 2851.676270    0.000000
 2852.332280    0.000000
 2852.989990    0.000000
 2853.646480    0.000000
 2854.304440    0.000000
 2854.960940    0.000000
 2855.617920    0.000000
 2856.276370    0.000000
 2856.933350    0.000000
 2857.592290    0.000000
 2858.249760    0.000000
 2858.908940    0.000000
 2859.566650    0.000000
 2860.224370    0.000000
 2860.883790    0.000000
 2861.541750    0.000000
 2862.201900    0.000000
 2862.860350    0.000000
 2863.520510    0.000000
 2864.179200    0.000000
 2864.839840    0.000000
 2865.498780    0.000000
 2866.157960    0.000000
 2866.818850    0.000000
 2867.478520    0.000000
 2868.139650    0.000000
 2868.799320    0.000000
 2869.460940    0.000000
 2870.121090    0.000000
 2870.781490    0.000000
 2871.443360    0.000000
 2872.103760    0.000000
 2872.766360    0.000000
 2873.427000    0.000000
 2874.089600    0.000000
 2874.750730    0.000000
 2875.412110    0.000000
 2876.075440    0.000000
 2876.736820    0.000000
 2877.400390    0.000000
 2878.062260    0.000000
 2878.725830    0.000000
 2879.388180    0.000000
 2880.050540    0.000000
 2880.714600    0.000000
 2881.377440    0.000000
 2882.041750    0.000000
 2882.704830    0.000000
 2883.369380    0.000000
 2884.032960    0.000000
 2884.696530    0.000000
 2885.361330    0.000000
 2886.025390    0.000000
 2886.690920    0.000000
 2887.354980    0.000000
 2888.020510    0.000000
 2888.685060    0.000000
 2889.349610    0.000000
 2890.015870    0.000000
 2890.680910    0.000000
 2891.347410    0.000000
 2892.012700    0.000000
 2892.679200    0.000000
 2893.344970    0.000000
 2894.010500    0.000000
 2894.677730    0.000000
 2895.343510    0.000000
 2896.011470    0.000000
 2896.677490    0.000000
 2897.345460    0.000000
 2898.011960    0.000000
 2898.678960    0.000000
 2899.347170    0.000000
 2900.014160    0.000000
 2900.682860    0.000000
 2901.350100    0.000000
 2902.019530    0.000000
 2902.687010    0.000000
 2903.354740    0.000000
 2904.024410    0.000000
 2904.692380    0.000000
 2905.361820    0.000000
 2906.030520    0.000000
 2906.700680    0.000000
 2907.369140    0.000000
 2908.038090    0.000000
 2908.708500    0.000000
 2909.377930    0.000000
 2910.048830    0.000000
 2910.718260    0.000000
 2911.389650    0.000000
 2912.059330    0.000000
 2912.729250    0.000000
 2913.400630    0.000000
 2914.070800    0.000000
 2914.742920    0.000000
 2915.413570    0.000000
 2916.085690    0.000000
 2916.756590    0.000000
 2917.429200    0.000000
 2918.100340    0.000000
 2918.771730    0.000000
 2919.444580    0.000000
 2920.116210    0.000000
 2920.789550    0.000000
 2921.461670    0.000000
 2922.135500    0.000000
 2922.807370    0.000000
 2923.479740    0.000000
 2924.154050    0.000000
 2924.826660    0.000000
 2925.500980    0.000000
 2926.174070    0.000000
 2926.848880    0.000000
 2927.522220    0.000000
 2928.195800    0.000000
 2928.870850    0.000000
 2929.544920    0.000000
 2930.220460    0.000000
 2930.894530    0.000000
 2931.570310    0.000000
 2932.244630    0.000000
 2932.919190    0.000000
 2933.595700    0.000000
 2934.270260    0.000000
 2934.947270    0.000000
 2935.622310    0.000000
 2936.299070    0.000000
 2936.974850    0.000000
 2937.650390    0.000000
 2938.327880    0.000000
 2939.003660    0.000000
 2939.681400    0.000000
 2940.357670    0.000000
 2941.035640    0.000000
 2941.712160    0.000000
 2942.389160    0.000000
 2943.067630    0.000000
 2943.744630    0.000000
 2944.423580    0.000000
 2945.100830    0.000000
 2945.780030    0.000000
 2946.457760    0.000000
 2947.135500    0.000000
 2947.815190    0.000000
 2948.493410    0.000000
 2949.173100    0.000000
 2949.851560    0.000000
 2950.531980    0.000000
 2951.210450    0.000000
 2951.889650    0.000000
 2952.570070    0.000000
 2953.249270    0.000000
 2953.930660    0.000000
 2954.610110    0.000000
 2955.291500    0.000000
 2955.971190    0.000000
 2956.651120    0.000000
 2957.333010    0.000000
 2958.013180    0.000000
 2958.695560    0.000000
 2959.376220    0.000000
 2960.058350    0.000000
 2960.739500    0.000000
 2961.420410    0.000000
 2962.103520    0.000000
 2962.784910    0.000000
 2963.468020    0.000000
 2964.149900    0.000000
 2964.833500    0.000000
 2965.515380    0.000000
 2966.197750    0.000000
 2966.881590    0.000000
 2967.564210    0.000000
 2968.248540    0.000000
 2968.931150    0.000000
 2969.615720    0.000000
 2970.299070    0.000000
 2970.984130    0.000000
 2971.667480    0.000000
 2972.351070    0.000000
 2973.036620    0.000000
 2973.720700    0.000000
 2974.406250    0.000000
 2975.090580    0.000000
 2975.776610    0.000000
 2976.461180    0.000000
 2977.146000    0.000000
 2977.832280    0.000000
 2978.517580    0.000000
 2979.204350    0.000000
 2979.889650    0.000000
 2980.576660    0.000000
 2981.262210    0.000000
 2981.948240    0.000000
 2982.635990    0.000000
 2983.322020    0.000000
 2984.010010    0.000000
 2984.696530    0.000000
 2985.384770    0.000000
 2986.071530    0.000000
 2986.758540    0.000000
 2987.447270    0.000000
 2988.134770    0.000000
 2988.823490    0.000000
 2989.510990    0.000000
 2990.200440    0.000000
 2990.888180    0.000000
 2991.576170    0.000000
 2992.266360    0.000000
 2992.954830    0.000000
 2993.644780    0.000000
 2994.333500    0.000000
 2995.023930    0.000000
 2995.713130    0.000000
 2996.402100    0.000000
 2997.093020    0.000000
 2997.782710    0.000000
 2998.473880    0.000000
 2999.163570    0.000000
 2999.855470    0.000000
 3000.545410    0.000000
 3001.235600    0.000000
 3001.927730    0.000000
 3002.618410    0.000000
 3003.310550    0.000000
 3004.001710    0.000000
 3004.694340    0.000000
 3005.385740    0.000000
 3006.076900    0.000000
 3006.770020    0.000000
 3007.461670    0.000000
 3008.155270    0.000000
 3008.847410    0.000000
 3009.541260    0.000000
 3010.233400    0.000000
 3010.926270    0.000000
 3011.620360    0.000000
 3012.313230    0.000000
 3013.007810    0.000000
 3013.700930    0.000000
 3014.395750    0.000000
 3015.089360    0.000000
 3015.783200    0.000000
 3016.478270    0.000000
 3017.172610    0.000000
 3017.868160    0.000000
 3018.562260    0.000000
 3019.258540    0.000000
 3019.952880    0.000000
 3020.647950    0.000000
 3021.344480    0.000000
 3022.039310    0.000000
 3022.736330    0.000000
 3023.431640    0.000000
 3024.128660    0.000000
 3024.824460    0.000000
 3025.522220    0.000000
 3026.218020    0.000000
 3026.914310    0.000000
 3027.612300    0.000000
 3028.308840    0.000000
 3029.007080    0.000000
 3029.703860    0.000000
 3030.402590    0.000000
 3031.099850    0.000000
 3031.797120    0.000000
 3032.496090    0.000000
 3033.193600    0.000000
 3033.893310    0.000000
 3034.591060    0.000000
 3035.290770    0.000000
 3035.989010    0.000000
 3036.687740    0.000000
 3037.387700    0.000000
 3038.086670    0.000000
 3038.787350    0.000000
 3039.486080    0.000000
 3040.187260    0.000000
 3040.886470    0.000000
 3041.586180    0.000000
 3042.287350    0.000000
 3042.987550    0.000000
 3043.689210    0.000000
 3044.389160    0.000000
 3045.091060    0.000000
 3045.791750    0.000000
 3046.492430    0.000000
 3047.194820    0.000000
 3047.896000    0.000000
 3048.598880    0.000000
 3049.300050    0.000000
