 2653.384280    0.252156
 2653.996340    0.266011
 2654.606690    0.280481
 2655.217290    0.295634
 2655.829830    0.311542
 2656.440670    0.328135
 2657.053220    0.345533
 2657.664550    0.363680
 2658.277340    0.382684
 2658.888920    0.402490
 2659.500730    0.423171
 2660.114010    0.444801
 2660.725830    0.467306
 2661.339360    0.490833
 2661.951660    0.515302
 2662.565430    0.540849
 2663.177980    0.567395
 2663.790530    0.595021
 2664.404790    0.623840
 2665.017820    0.653747
 2665.632320    0.684905
 2666.245610    0.717213
 2666.860350    0.750842
 2667.473880    0.785681
 2668.089110    0.821927
 2668.702880    0.859429
 2669.316890    0.898318
 2669.932370    0.938709
 2670.546630    0.980458
 2671.162350    1.023781
 2671.776860    1.068520
 2672.393070    1.114920
 2673.007810    1.162775
 2673.622560    1.212222
 2674.239260    1.263454
 2674.854490    1.316220
 2675.471190    1.370796
 2676.086670    1.426973
 2676.703860    1.485046
 2677.319580    1.544743
 2677.935550    1.606247
 2678.552980    1.669709
 2679.169190    1.734877
 2679.786870    1.802053
 2680.403560    1.870995
 2681.021480    1.941964
 2681.638430    2.014724
 2682.255370    2.089399
 2682.873780    2.166185
 2683.490970    2.244758
 2684.109860    2.325500
 2684.727290    2.408005
 2685.346440    2.492700
 2685.964110    2.579151
 2686.582030    2.667591
 2687.201660    2.758234
 2687.819820    2.850609
 2688.439450    2.945145
 2689.057860    3.041420
 2689.677980    3.139876
 2690.296880    3.240033
 2690.915770    3.342061
 2691.536380    3.446225
 2692.155270    3.551921
 2692.776370    3.659791
 2693.395750    3.769121
 2694.016850    3.880480
 2694.636720    3.993299
 2695.256590    4.107755
 2695.877930    4.224074
 2696.498050    4.341704
 2697.119870    4.461146
 2697.740480    4.581781
 2698.362550    4.704070
 2698.983400    4.827419
 2699.604250    4.951999
 2700.226810    5.078084
 2700.847900    5.204955
 2701.470700    5.333184
 2702.092040    5.462032
 2702.715330    5.592123
 2703.337160    5.722654
 2703.958980    5.853839
 2704.582520    5.985942
 2705.204830    6.118247
 2705.828370    6.251165
 2706.450930    6.384127
 2707.074950    6.517544
 2707.697750    6.650731
 2708.320800    6.783888
 2708.945310    6.917161
 2709.568360    7.049804
 2710.193360    7.182425
 2710.816650    7.314124
 2711.441890    7.445550
 2712.065670    7.575857
 2712.689450    7.705229
 2713.314940    7.833886
 2713.939210    7.961097
 2714.565190    8.087325
 2715.189450    8.211749
 2715.815670    8.334970
 2716.440430    8.456181
 2717.066890    8.575860
 2717.691890    8.693274
 2718.317140    8.808620
 2718.943850    8.921980
 2719.569340    9.032741
 2720.196530    9.141290
 2720.822270    9.246951
 2721.449710    9.350132
 2722.075680    9.450191
 2722.702150    9.547323
 2723.329830    9.641513
 2723.956300    9.732279
 2724.584470    9.819929
 2725.211430    9.903945
 2725.839600    9.984543
 2726.466800    10.061339
 2727.093990    10.134367
 2727.722900    10.203712
 2728.350340    10.268933
 2728.979490    10.330276
 2729.607420    10.387368
 2730.236820    10.440374
 2730.864750    10.488976
 2731.493160    10.533274
 2732.122800    10.573236
 2732.751460    10.608675
 2733.381590    10.639663
 2734.010500    10.666028
 2734.640870    10.687845
 2735.270020    10.704985
 2735.899410    10.717473
 2736.530270    10.725295
 2737.159670    10.728403
 2737.790770    10.726805
 2738.420650    10.720498
 2739.052250    10.709456
 2739.682370    10.693745
 2740.312500    10.673363
 2740.944340    10.648257
 2741.575200    10.618560
 2742.207280    10.584201
 2742.838130    10.545358
 2743.470460    10.501913
 2744.101560    10.454097
 2744.732910    10.401876
 2745.365970    10.345174
 2745.997310    10.284367
 2746.630860    10.219152
 2747.262700    10.150014
 2747.896000    10.076687
 2748.528080    9.999578
 2749.160640    9.918580
 2749.794430    9.833689
 2750.427000    9.745333
 2751.061280    9.653214
 2751.694090    9.557901
 2752.328610    9.459035
 2752.961910    9.357187
 2753.595210    9.252294
 2754.230220    9.144191
 2754.863770    9.033540
 2755.499020    8.919923
 2756.132810    8.804037
 2756.768550    8.685392
 2757.402590    8.564807
 2758.036870    8.442057
 2758.673100    8.316939
 2759.307620    8.190313
 2759.943850    8.061641
 2760.578860    7.931651
 2761.215330    7.799937
 2761.850590    7.667194
 2762.487550    7.532949
 2763.123050    7.398010
 2763.758790    7.262156
 2764.396000    7.125263
 2765.031980    6.988039
 2765.669430    6.850044
 2766.305910    6.711935
 2766.943600    6.573366
 2767.580320    6.434945
 2768.216800    6.296637
 2768.855220    6.158089
 2769.492190    6.020163
 2770.130860    5.882288
 2770.768070    5.745266
 2771.407230    5.608474
 2772.044680    5.472803
 2772.682130    5.337988
 2773.321780    5.203672
 2773.959720    5.070772
 2774.599370    4.938669
 2775.237550    4.808108
 2775.877690    4.678479
 2776.516360    4.550553
 2777.155030    4.424110
 2777.795170    4.298938
 2778.434330    4.175586
 2779.074950    4.053648
 2779.714360    3.933699
 2780.355470    3.815245
 2780.995120    3.698927
 2781.634770    3.584521
 2782.276120    3.471772
 2782.916260    3.361238
 2783.558110    3.252453
 2784.198490    3.145987
 2784.840330    3.041380
 2785.480960    2.939097
 2786.121830    2.838921
 2786.764400    2.740649
 2787.405270    2.644816
 2788.048100    2.550890
 2788.689450    2.459375
 2789.332520    2.369827
 2789.974370    2.282656
 2790.615970    2.197719
 2791.259770    2.114696
 2791.901610    2.034117
 2792.545410    1.955481
 2793.187990    1.879165
 2793.832030    1.804835
 2794.474850    1.732785
 2795.117680    1.662851
 2795.762210    1.594833
 2796.405520    1.529019
 2797.050290    1.465109
 2797.693600    1.403363
 2798.338870    1.343429
 2798.982420    1.285614
 2799.626460    1.229685
 2800.272220    1.175509
 2800.916260    1.123343
 2801.562260    1.072850
 2802.206790    1.024266
 2802.852780    0.977331
 2803.497560    0.932204
 2804.142580    0.888739
 2804.789310    0.846805
 2805.434330    0.806583
 2806.081300    0.767808
 2806.726810    0.730644
 2807.374020    0.694870
 2808.020020    0.660608
 2808.666020    0.627749
 2809.313480    0.596184
 2809.959960    0.565990
 2810.607910    0.537018
 2811.254390    0.509357
 2811.902830    0.482821
 2812.549560    0.457525
 2813.198240    0.433286
 2813.845210    0.410202
 2814.492680    0.388156
 2815.141600    0.367081
 2815.789310    0.347029
 2816.438720    0.327874
 2817.086430    0.309681
 2817.736080    0.292315
 2818.384520    0.275826
 2819.032710    0.260156
 2819.682620    0.245226
 2820.331300    0.231073
 2820.981930    0.217600
 2821.630620    0.204856
 2822.281490    0.192731
 2822.930660    0.181271
 2823.580080    0.170410
 2824.231200    0.160102
 2824.880860    0.150371
 2825.532230    0.141143
 2826.182370    0.132438
 2826.833980    0.124194
 2827.484380    0.116426
 2828.134770    0.109094
 2828.786870    0.102160
 2829.437740    0.095635
 2830.090090    0.089474
 2830.741210    0.083682
 2831.394040    0.078216
 2832.045410    0.073084
 2832.697020    0.068257
 2833.350100    0.063710
 2834.001950    0.059447
 2834.655520    0.055434
 2835.307620    0.051677
 2835.961180    0.048145
 2836.613770    0.044840
 2837.266360    0.041741
 2837.920410    0.038835
 2838.573490    0.036117
 2839.228030    0.033569
 2839.881100    0.031193
 2840.535890    0.028965
 2841.189450    0.026889
 2841.843020    0.024950
 2842.498540    0.023135
 2843.152340    0.021447
 2843.807860    0.019870
 2844.462160    0.018402
 2845.118160    0.017033
 2845.772710    0.015760
 2846.427250    0.014576
 2847.083740    0.013473
 2847.738770    0.012448
 2848.395260    0.011496
 2849.050540    0.010612
 2849.707760    0.009789
 2850.363280    0.009029
 2851.018800    0.008324
 2851.676270    0.007668
 2852.332280    0.007063
 2852.989990    0.006500
 2853.646480    0.005981
 2854.304440    0.005500
 2854.960940    0.005056
 2855.617920    0.004646
 2856.276370    0.004267
 2856.933350    0.003917
 2857.592290    0.003593
 2858.249760    0.003295
 2858.908940    0.003020
 2859.566650    0.002768
 2860.224370    0.002535
 2860.883790    0.002320
 2861.541750    0.002123
 2862.201900    0.001942
 2862.860350    0.001775
 2863.520510    0.001621
 2864.179200    0.001481
 2864.839840    0.001351
 2865.498780    0.001233
 2866.157960    0.001124
 2866.818850    0.001025
 2867.478520    0.000935
 2868.139650    0.000851
 2868.799320    0.000774
 2869.460940    0.000705
 2870.121090    0.000641
 2870.781490    0.000583
 2871.443360    0.000529
 2872.103760    0.000481
 2872.766360    0.000436
 2873.427000    0.000396
 2874.089600    0.000359
 2874.750730    0.000325
 2875.412110    0.000295
 2876.075440    0.000267
 2876.736820    0.000241
 2877.400390    0.000218
 2878.062260    0.000197
 2878.725830    0.000178
 2879.388180    0.000161
 2880.050540    0.000146
 2880.714600    0.000132
 2881.377440    0.000119
 2882.041750    0.000107
 2882.704830    0.000096
 2883.369380    0.000087
 2884.032960    0.000078
 2884.696530    0.000071
 2885.361330    0.000064
 2886.025390    0.000057
 2886.690920    0.000051
 2887.354980    0.000046
 2888.020510    0.000041
 2888.685060    0.000037
 2889.349610    0.000033
 2890.015870    0.000030
 2890.680910    0.000027
 2891.347410    0.000024
 2892.012700    0.000022
 2892.679200    0.000019
 2893.344970    0.000017
 2894.010500    0.000015
 2894.677730    0.000013
 2895.343510    0.000012
 2896.011470    0.000010
 2896.677490    0.000010
 2897.345460    0.000009
 2898.011960    0.000008
 2898.678960    0.000007
 2899.347170    0.000006
 2900.014160    0.000006
 2900.682860    0.000005
 2901.350100    0.000005
 2902.019530    0.000004
 2902.687010    0.000004
 2903.354740    0.000003
 2904.024410    0.000003
 2904.692380    0.000003
 2905.361820    0.000002
 2906.030520    0.000002
 2906.700680    0.000002
 2907.369140    0.000002
 2908.038090    0.000001
 2908.708500    0.000001
 2909.377930    0.000001
 2910.048830    0.000001
 2910.718260    0.000001
 2911.389650    0.000001
 2912.059330    0.000001
 2912.729250    0.000001
 2913.400630    0.000001
 2914.070800    0.000000
 2914.742920    0.000000
 2915.413570    0.000000
 2916.085690    0.000000
 2916.756590    0.000000
 2917.429200    0.000000
 2918.100340    0.000000
 2918.771730    0.000000
 2919.444580    0.000000
 2920.116210    0.000000
 2920.789550    0.000000
 2921.461670    0.000000
 2922.135500    0.000000
 2922.807370    0.000000
 2923.479740    0.000000
 2924.154050    0.000000
 2924.826660    0.000000
 2925.500980    0.000000
 2926.174070    0.000000
 2926.848880    0.000000
 2927.522220    0.000000
 2928.195800    0.000000
 2928.870850    0.000000
 2929.544920    0.000000
 2930.220460    0.000000
 2930.894530    0.000000
 2931.570310    0.000000
 2932.244630    0.000000
 2932.919190    0.000000
 2933.595700    0.000000
 2934.270260    0.000000
 2934.947270    0.000000
 2935.622310    0.000000
 2936.299070    0.000000
 2936.974850    0.000000
 2937.650390    0.000000
 2938.327880    0.000000
 2939.003660    0.000000
 2939.681400    0.000000
 2940.357670    0.000000
 2941.035640    0.000000
 2941.712160    0.000000
 2942.389160    0.000000
 2943.067630    0.000000
 2943.744630    0.000000
 2944.423580    0.000000
 2945.100830    0.000000
 2945.780030    0.000000
 2946.457760    0.000000
 2947.135500    0.000000
 2947.815190    0.000000
 2948.493410    0.000000
 2949.173100    0.000000
 2949.851560    0.000000
 2950.531980    0.000000
 2951.210450    0.000000
 2951.889650    0.000000
 2952.570070    0.000000
 2953.249270    0.000000
 2953.930660    0.000000
 2954.610110    0.000000
 2955.291500    0.000000
 2955.971190    0.000000
 2956.651120    0.000000
 2957.333010    0.000000
 2958.013180    0.000000
 2958.695560    0.000000
 2959.376220    0.000000
 2960.058350    0.000000
 2960.739500    0.000000
 2961.420410    0.000000
 2962.103520    0.000000
 2962.784910    0.000000
 2963.468020    0.000000
 2964.149900    0.000000
 2964.833500    0.000000
 2965.515380    0.000000
 2966.197750    0.000000
 2966.881590    0.000000
 2967.564210    0.000000
 2968.248540    0.000000
 2968.931150    0.000000
 2969.615720    0.000000
 2970.299070    0.000000
 2970.984130    0.000000
 2971.667480    0.000000
 2972.351070    0.000000
 2973.036620    0.000000
 2973.720700    0.000000
 2974.406250    0.000000
 2975.090580    0.000000
 2975.776610    0.000000
 2976.461180    0.000000
 2977.146000    0.000000
 2977.832280    0.000000
 2978.517580    0.000000
 2979.204350    0.000000
 2979.889650    0.000000
 2980.576660    0.000000
 2981.262210    0.000000
 2981.948240    0.000000
 2982.635990    0.000000
 2983.322020    0.000000
 2984.010010    0.000000
 2984.696530    0.000000
 2985.384770    0.000000
 2986.071530    0.000000
 2986.758540    0.000000
 2987.447270    0.000000
 2988.134770    0.000000
 2988.823490    0.000000
 2989.510990    0.000000
 2990.200440    0.000000
 2990.888180    0.000000
 2991.576170    0.000000
 2992.266360    0.000000
 2992.954830    0.000000
 2993.644780    0.000000
 2994.333500    0.000000
 2995.023930    0.000000
 2995.713130    0.000000
 2996.402100    0.000000
 2997.093020    0.000000
 2997.782710    0.000000
 2998.473880    0.000000
 2999.163570    0.000000
 2999.855470    0.000000
 3000.545410    0.000000
 3001.235600    0.000000
 3001.927730    0.000000
 3002.618410    0.000000
 3003.310550    0.000000
 3004.001710    0.000000
 3004.694340    0.000000
 3005.385740    0.000000
 3006.076900    0.000000
 3006.770020    0.000000
 3007.461670    0.000000
 3008.155270    0.000000
 3008.847410    0.000000
 3009.541260    0.000000
 3010.233400    0.000000
 3010.926270    0.000000
 3011.620360    0.000000
 3012.313230    0.000000
 3013.007810    0.000000
 3013.700930    0.000000
 3014.395750    0.000000
 3015.089360    0.000000
 3015.783200    0.000000
 3016.478270    0.000000
 3017.172610    0.000000
 3017.868160    0.000000
 3018.562260    0.000000
 3019.258540    0.000000
 3019.952880    0.000000
 3020.647950    0.000000
 3021.344480    0.000000
 3022.039310    0.000000
 3022.736330    0.000000
 3023.431640    0.000000
 3024.128660    0.000000
 3024.824460    0.000000
 3025.522220    0.000000
 3026.218020    0.000000
 3026.914310    0.000000
 3027.612300    0.000000
 3028.308840    0.000000
 3029.007080    0.000000
 3029.703860    0.000000
 3030.402590    0.000000
 3031.099850    0.000000
 3031.797120    0.000000
 3032.496090    0.000000
 3033.193600    0.000000
 3033.893310    0.000000
 3034.591060    0.000000
 3035.290770    0.000000
 3035.989010    0.000000
 3036.687740    0.000000
 3037.387700    0.000000
 3038.086670    0.000000
 3038.787350    0.000000
 3039.486080    0.000000
 3040.187260    0.000000
 3040.886470    0.000000
 3041.586180    0.000000
 3042.287350    0.000000
 3042.987550    0.000000
 3043.689210    0.000000
 3044.389160    0.000000
 3045.091060    0.000000
 3045.791750    0.000000
 3046.492430    0.000000
 3047.194820    0.000000
 3047.896000    0.000000
 3048.598880    0.000000
 3049.300050    0.000000
