 2653.384280    0.000003
 2653.996340    0.000004
 2654.606690    0.000005
 2655.217290    0.000006
 2655.829830    0.000007
 2656.440670    0.000009
 2657.053220    0.000010
 2657.664550    0.000011
 2658.277340    0.000014
 2658.888920    0.000016
 2659.500730    0.000019
 2660.114010    0.000023
 2660.725830    0.000027
 2661.339360    0.000031
 2661.951660    0.000037
 2662.565430    0.000044
 2663.177980    0.000051
 2663.790530    0.000060
 2664.404790    0.000070
 2665.017820    0.000081
 2665.632320    0.000093
 2666.245610    0.000109
 2666.860350    0.000125
 2667.473880    0.000144
 2668.089110    0.000166
 2668.702880    0.000191
 2669.316890    0.000218
 2669.932370    0.000250
 2670.546630    0.000285
 2671.162350    0.000325
 2671.776860    0.000370
 2672.393070    0.000420
 2673.007810    0.000476
 2673.622560    0.000538
 2674.239260    0.000607
 2674.854490    0.000683
 2675.471190    0.000768
 2676.086670    0.000861
 2676.703860    0.000964
 2677.319580    0.001077
 2677.935550    0.001201
 2678.552980    0.001337
 2679.169190    0.001485
 2679.786870    0.001646
 2680.403560    0.001822
 2681.021480    0.002011
 2681.638430    0.002217
 2682.255370    0.002439
 2682.873780    0.002678
 2683.490970    0.002934
 2684.109860    0.003210
 2684.727290    0.003504
 2685.346440    0.003819
 2685.964110    0.004153
 2686.582030    0.004509
 2687.201660    0.004887
 2687.819820    0.005285
 2688.439450    0.005708
 2689.057860    0.006151
 2689.677980    0.006619
 2690.296880    0.007110
 2690.915770    0.007624
 2691.536380    0.008162
 2692.155270    0.008723
 2692.776370    0.009311
 2693.395750    0.009920
 2694.016850    0.010557
 2694.636720    0.011217
 2695.256590    0.011904
 2695.877930    0.012617
 2696.498050    0.013357
 2697.119870    0.014129
 2697.740480    0.014928
 2698.362550    0.015762
 2698.983400    0.016630
 2699.604250    0.017536
 2700.226810    0.018486
 2700.847900    0.019482
 2701.470700    0.020533
 2702.092040    0.021641
 2702.715330    0.022820
 2703.337160    0.024075
 2703.958980    0.025416
 2704.582520    0.026865
 2705.204830    0.028427
 2705.828370    0.030127
 2706.450930    0.031978
 2707.074950    0.034010
 2707.697750    0.036242
 2708.320800    0.038708
 2708.945310    0.041445
 2709.568360    0.044480
 2710.193360    0.047872
 2710.816650    0.051648
 2711.441890    0.055885
 2712.065670    0.060619
 2712.689450    0.065926
 2713.314940    0.071896
 2713.939210    0.078585
 2714.565190    0.086114
 2715.189450    0.094543
 2715.815670    0.104033
 2716.440430    0.114656
 2717.066890    0.126598
 2717.691890    0.139948
 2718.317140    0.154898
 2718.943850    0.171658
 2719.569340    0.190348
 2720.196530    0.211267
 2720.822270    0.234534
 2721.449710    0.260515
 2722.075680    0.289342
 2722.702150    0.321382
 2723.329830    0.356992
 2723.956300    0.396358
 2724.584470    0.440023
 2725.211430    0.488160
 2725.839600    0.541354
 2726.466800    0.599843
 2727.093990    0.664148
 2727.722900    0.734941
 2728.350340    0.812356
 2728.979490    0.897307
 2729.607420    0.989943
 2730.236820    1.091221
 2730.864750    1.201245
 2731.493160    1.320927
 2732.122800    1.451050
 2732.751460    1.591784
 2733.381590    1.744311
 2734.010500    1.908617
 2734.640870    2.086038
 2735.270020    2.276445
 2735.899410    2.480862
 2736.530270    2.700336
 2737.159670    2.934419
 2737.790770    3.184844
 2738.420650    3.450973
 2739.052250    3.734526
 2739.682370    4.034499
 2740.312500    4.351884
 2740.944340    4.687899
 2741.575200    5.041359
 2742.207280    5.413637
 2742.838130    5.803334
 2743.470460    6.212061
 2744.101560    6.637931
 2744.732910    7.081614
 2745.365970    7.543832
 2745.997310    8.021569
 2746.630860    8.517156
 2747.262700    9.026774
 2747.896000    9.552062
 2748.528080    10.089749
 2749.160640    10.640078
 2749.794430    11.202403
 2750.427000    11.773097
 2751.061280    12.353212
 2751.694090    12.938128
 2752.328610    13.528929
 2752.961910    14.120932
 2753.595210    14.713207
 2754.230220    15.305186
 2754.863770    15.891665
 2755.499020    16.473261
 2756.132810    17.044693
 2756.768550    17.606609
 2757.402590    18.153337
 2758.036870    18.684172
 2758.673100    19.198013
 2759.307620    19.689497
 2759.943850    20.158909
 2760.578860    20.601770
 2761.215330    21.017731
 2761.850590    21.402924
 2762.487550    21.757099
 2763.123050    22.076637
 2763.758790    22.360813
 2764.396000    22.608505
 2765.031980    22.817314
 2765.669430    22.986958
 2766.305910    23.115810
 2766.943600    23.203569
 2767.580320    23.249412
 2768.216800    23.253239
 2768.855220    23.214851
 2769.492190    23.134590
 2770.130860    23.012453
 2770.768070    22.849659
 2771.407230    22.646154
 2772.044680    22.404152
 2772.682130    22.124432
 2773.321780    21.807310
 2773.959720    21.456327
 2774.599370    21.071421
 2775.237550    20.656444
 2775.877690    20.211245
 2776.516360    19.740376
 2777.155030    19.245163
 2777.795170    18.726772
 2778.434330    18.189610
 2779.074950    17.634098
 2779.714360    17.065071
 2780.355470    16.482428
 2780.995120    15.891547
 2781.634770    15.293577
 2782.276120    14.689314
 2782.916260    14.083869
 2783.558110    13.476755
 2784.198490    12.873157
 2784.840330    12.272402
 2785.480960    11.678970
 2786.121830    11.093329
 2786.764400    10.515896
 2787.405270    9.951311
 2788.048100    9.397795
 2788.689450    8.859591
 2789.332520    8.335187
 2789.974370    7.827989
 2790.615970    7.338016
 2791.259770    6.864189
 2791.901610    6.410141
 2792.545410    5.973544
 2793.187990    5.556885
 2793.832030    5.158612
 2794.474850    4.780462
 2795.117680    4.421616
 2795.762210    4.081052
 2796.405520    3.760100
 2797.050290    3.457108
 2797.693600    3.173054
 2798.338870    2.905985
 2798.982420    2.656905
 2799.626460    2.424341
 2800.272220    2.207323
 2800.916260    2.006351
 2801.562260    1.819617
 2802.206790    1.647430
 2802.852780    1.488303
 2803.497560    1.342192
 2804.142580    1.208025
 2804.789310    1.084841
 2805.434330    0.972593
 2806.081300    0.869963
 2806.726810    0.776833
 2807.374020    0.692101
 2808.020020    0.615533
 2808.666020    0.546359
 2809.313480    0.483870
 2809.959960    0.427759
 2810.607910    0.377299
 2811.254390    0.332228
 2811.902830    0.291844
 2812.549560    0.255949
 2813.198240    0.223930
 2813.845210    0.195596
 2814.492680    0.170488
 2815.141600    0.148259
 2815.789310    0.128704
 2816.438720    0.111462
 2817.086430    0.096372
 2817.736080    0.083120
 2818.384520    0.071566
 2819.032710    0.061497
 2819.682620    0.052716
 2820.331300    0.045111
 2820.981930    0.038506
 2821.630620    0.032817
 2822.281490    0.027897
 2822.930660    0.023676
 2823.580080    0.020051
 2824.231200    0.016939
 2824.880860    0.014286
 2825.532230    0.012019
 2826.182370    0.010094
 2826.833980    0.008456
 2827.484380    0.007072
 2828.134770    0.005902
 2828.786870    0.004913
 2829.437740    0.004084
 2830.090090    0.003386
 2830.741210    0.002801
 2831.394040    0.002313
 2832.045410    0.001905
 2832.697020    0.001567
 2833.350100    0.001286
 2834.001950    0.001052
 2834.655520    0.000859
 2835.307620    0.000701
 2835.961180    0.000570
 2836.613770    0.000463
 2837.266360    0.000375
 2837.920410    0.000303
 2838.573490    0.000244
 2839.228030    0.000196
 2839.881100    0.000157
 2840.535890    0.000127
 2841.189450    0.000101
 2841.843020    0.000081
 2842.498540    0.000064
 2843.152340    0.000051
 2843.807860    0.000040
 2844.462160    0.000032
 2845.118160    0.000025
 2845.772710    0.000020
 2846.427250    0.000015
 2847.083740    0.000012
 2847.738770    0.000010
 2848.395260    0.000008
 2849.050540    0.000006
 2849.707760    0.000005
 2850.363280    0.000004
 2851.018800    0.000003
 2851.676270    0.000002
 2852.332280    0.000002
 2852.989990    0.000001
 2853.646480    0.000001
 2854.304440    0.000001
 2854.960940    0.000001
 2855.617920    0.000000
 2856.276370    0.000000
 2856.933350    0.000000
 2857.592290    0.000000
 2858.249760    0.000000
 2858.908940    0.000000
 2859.566650    0.000000
 2860.224370    0.000000
 2860.883790    0.000000
 2861.541750    0.000000
 2862.201900    0.000000
 2862.860350    0.000000
 2863.520510    0.000000
 2864.179200    0.000000
 2864.839840    0.000000
 2865.498780    0.000000
 2866.157960    0.000000
 2866.818850    0.000000
 2867.478520    0.000000
 2868.139650    0.000000
 2868.799320    0.000000
 2869.460940    0.000000
 2870.121090    0.000000
 2870.781490    0.000000
 2871.443360    0.000000
 2872.103760    0.000000
 2872.766360    0.000000
 2873.427000    0.000000
 2874.089600    0.000000
 2874.750730    0.000000
 2875.412110    0.000000
 2876.075440    0.000000
 2876.736820    0.000000
 2877.400390    0.000000
 2878.062260    0.000000
 2878.725830    0.000000
 2879.388180    0.000000
 2880.050540    0.000000
 2880.714600    0.000000
 2881.377440    0.000000
 2882.041750    0.000000
 2882.704830    0.000000
 2883.369380    0.000000
 2884.032960    0.000000
 2884.696530    0.000000
 2885.361330    0.000000
 2886.025390    0.000000
 2886.690920    0.000000
 2887.354980    0.000000
 2888.020510    0.000000
 2888.685060    0.000000
 2889.349610    0.000000
 2890.015870    0.000000
 2890.680910    0.000000
 2891.347410    0.000000
 2892.012700    0.000000
 2892.679200    0.000000
 2893.344970    0.000000
 2894.010500    0.000000
 2894.677730    0.000000
 2895.343510    0.000000
 2896.011470    0.000000
 2896.677490    0.000000
 2897.345460    0.000000
 2898.011960    0.000000
 2898.678960    0.000000
 2899.347170    0.000000
 2900.014160    0.000000
 2900.682860    0.000000
 2901.350100    0.000000
 2902.019530    0.000000
 2902.687010    0.000000
 2903.354740    0.000000
 2904.024410    0.000000
 2904.692380    0.000000
 2905.361820    0.000000
 2906.030520    0.000000
 2906.700680    0.000000
 2907.369140    0.000000
 2908.038090    0.000000
 2908.708500    0.000000
 2909.377930    0.000000
 2910.048830    0.000000
 2910.718260    0.000000
 2911.389650    0.000000
 2912.059330    0.000000
 2912.729250    0.000000
 2913.400630    0.000000
 2914.070800    0.000000
 2914.742920    0.000000
 2915.413570    0.000000
 2916.085690    0.000000
 2916.756590    0.000000
 2917.429200    0.000000
 2918.100340    0.000000
 2918.771730    0.000000
 2919.444580    0.000000
 2920.116210    0.000000
 2920.789550    0.000000
 2921.461670    0.000000
 2922.135500    0.000000
 2922.807370    0.000000
 2923.479740    0.000000
 2924.154050    0.000000
 2924.826660    0.000000
 2925.500980    0.000000
 2926.174070    0.000000
 2926.848880    0.000000
 2927.522220    0.000000
 2928.195800    0.000000
 2928.870850    0.000000
 2929.544920    0.000000
 2930.220460    0.000000
 2930.894530    0.000000
 2931.570310    0.000000
 2932.244630    0.000000
 2932.919190    0.000000
 2933.595700    0.000000
 2934.270260    0.000000
 2934.947270    0.000000
 2935.622310    0.000000
 2936.299070    0.000000
 2936.974850    0.000000
 2937.650390    0.000000
 2938.327880    0.000000
 2939.003660    0.000000
 2939.681400    0.000000
 2940.357670    0.000000
 2941.035640    0.000000
 2941.712160    0.000000
 2942.389160    0.000000
 2943.067630    0.000000
 2943.744630    0.000000
 2944.423580    0.000000
 2945.100830    0.000000
 2945.780030    0.000000
 2946.457760    0.000000
 2947.135500    0.000000
 2947.815190    0.000000
 2948.493410    0.000000
 2949.173100    0.000000
 2949.851560    0.000000
 2950.531980    0.000000
 2951.210450    0.000000
 2951.889650    0.000000
 2952.570070    0.000000
 2953.249270    0.000000
 2953.930660    0.000000
 2954.610110    0.000000
 2955.291500    0.000000
 2955.971190    0.000000
 2956.651120    0.000000
 2957.333010    0.000000
 2958.013180    0.000000
 2958.695560    0.000000
 2959.376220    0.000000
 2960.058350    0.000000
 2960.739500    0.000000
 2961.420410    0.000000
 2962.103520    0.000000
 2962.784910    0.000000
 2963.468020    0.000000
 2964.149900    0.000000
 2964.833500    0.000000
 2965.515380    0.000000
 2966.197750    0.000000
 2966.881590    0.000000
 2967.564210    0.000000
 2968.248540    0.000000
 2968.931150    0.000000
 2969.615720    0.000000
 2970.299070    0.000000
 2970.984130    0.000000
 2971.667480    0.000000
 2972.351070    0.000000
 2973.036620    0.000000
 2973.720700    0.000000
 2974.406250    0.000000
 2975.090580    0.000000
 2975.776610    0.000000
 2976.461180    0.000000
 2977.146000    0.000000
 2977.832280    0.000000
 2978.517580    0.000000
 2979.204350    0.000000
 2979.889650    0.000000
 2980.576660    0.000000
 2981.262210    0.000000
 2981.948240    0.000000
 2982.635990    0.000000
 2983.322020    0.000000
 2984.010010    0.000000
 2984.696530    0.000000
 2985.384770    0.000000
 2986.071530    0.000000
 2986.758540    0.000000
 2987.447270    0.000000
 2988.134770    0.000000
 2988.823490    0.000000
 2989.510990    0.000000
 2990.200440    0.000000
 2990.888180    0.000000
 2991.576170    0.000000
 2992.266360    0.000000
 2992.954830    0.000000
 2993.644780    0.000000
 2994.333500    0.000000
 2995.023930    0.000000
 2995.713130    0.000000
 2996.402100    0.000000
 2997.093020    0.000000
 2997.782710    0.000000
 2998.473880    0.000000
 2999.163570    0.000000
 2999.855470    0.000000
 3000.545410    0.000000
 3001.235600    0.000000
 3001.927730    0.000000
 3002.618410    0.000000
 3003.310550    0.000000
 3004.001710    0.000000
 3004.694340    0.000000
 3005.385740    0.000000
 3006.076900    0.000000
 3006.770020    0.000000
 3007.461670    0.000000
 3008.155270    0.000000
 3008.847410    0.000000
 3009.541260    0.000000
 3010.233400    0.000000
 3010.926270    0.000000
 3011.620360    0.000000
 3012.313230    0.000000
 3013.007810    0.000000
 3013.700930    0.000000
 3014.395750    0.000000
 3015.089360    0.000000
 3015.783200    0.000000
 3016.478270    0.000000
 3017.172610    0.000000
 3017.868160    0.000000
 3018.562260    0.000000
 3019.258540    0.000000
 3019.952880    0.000000
 3020.647950    0.000000
 3021.344480    0.000000
 3022.039310    0.000000
 3022.736330    0.000000
 3023.431640    0.000000
 3024.128660    0.000000
 3024.824460    0.000000
 3025.522220    0.000000
 3026.218020    0.000000
 3026.914310    0.000000
 3027.612300    0.000000
 3028.308840    0.000000
 3029.007080    0.000000
 3029.703860    0.000000
 3030.402590    0.000000
 3031.099850    0.000000
 3031.797120    0.000000
 3032.496090    0.000000
 3033.193600    0.000000
 3033.893310    0.000000
 3034.591060    0.000000
 3035.290770    0.000000
 3035.989010    0.000000
 3036.687740    0.000000
 3037.387700    0.000000
 3038.086670    0.000000
 3038.787350    0.000000
 3039.486080    0.000000
 3040.187260    0.000000
 3040.886470    0.000000
 3041.586180    0.000000
 3042.287350    0.000000
 3042.987550    0.000000
 3043.689210    0.000000
 3044.389160    0.000000
 3045.091060    0.000000
 3045.791750    0.000000
 3046.492430    0.000000
 3047.194820    0.000000
 3047.896000    0.000000
 3048.598880    0.000000
 3049.300050    0.000000
