 2653.384280    0.000000
 2653.996340    0.000000
 2654.606690    0.000000
 2655.217290    0.000000
 2655.829830    0.000000
 2656.440670    0.000000
 2657.053220    0.000000
 2657.664550    0.000000
 2658.277340    0.000000
 2658.888920    0.000000
 2659.500730    0.000000
 2660.114010    0.000000
 2660.725830    0.000000
 2661.339360    0.000000
 2661.951660    0.000000
 2662.565430    0.000000
 2663.177980    0.000000
 2663.790530    0.000000
 2664.404790    0.000000
 2665.017820    0.000000
 2665.632320    0.000000
 2666.245610    0.000000
 2666.860350    0.000000
 2667.473880    0.000000
 2668.089110    0.000000
 2668.702880    0.000000
 2669.316890    0.000000
 2669.932370    0.000000
 2670.546630    0.000000
 2671.162350    0.000000
 2671.776860    0.000000
 2672.393070    0.000000
 2673.007810    0.000000
 2673.622560    0.000000
 2674.239260    0.000000
 2674.854490    0.000000
 2675.471190    0.000000
 2676.086670    0.000000
 2676.703860    0.000000
 2677.319580    0.000000
 2677.935550    0.000000
 2678.552980    0.000000
 2679.169190    0.000000
 2679.786870    0.000000
 2680.403560    0.000000
 2681.021480    0.000000
 2681.638430    0.000000
 2682.255370    0.000000
 2682.873780    0.000000
 2683.490970    0.000000
 2684.109860    0.000000
 2684.727290    0.000000
 2685.346440    0.000000
 2685.964110    0.000000
 2686.582030    0.000000
 2687.201660    0.000000
 2687.819820    0.000000
 2688.439450    0.000000
 2689.057860    0.000000
 2689.677980    0.000000
 2690.296880    0.000000
 2690.915770    0.000000
 2691.536380    0.000000
 2692.155270    0.000000
 2692.776370    0.000000
 2693.395750    0.000000
 2694.016850    0.000000
 2694.636720    0.000000
 2695.256590    0.000000
 2695.877930    0.000000
 2696.498050    0.000000
 2697.119870    0.000000
 2697.740480    0.000000
 2698.362550    0.000000
 2698.983400    0.000000
 2699.604250    0.000000
 2700.226810    0.000000
 2700.847900    0.000000
 2701.470700    0.000000
 2702.092040    0.000000
 2702.715330    0.000000
 2703.337160    0.000000
 2703.958980    0.000000
 2704.582520    0.000000
 2705.204830    0.000000
 2705.828370    0.000000
 2706.450930    0.000000
 2707.074950    0.000000
 2707.697750    0.000000
 2708.320800    0.000000
 2708.945310    0.000000
 2709.568360    0.000000
 2710.193360    0.000000
 2710.816650    0.000000
 2711.441890    0.000000
 2712.065670    0.000000
 2712.689450    0.000000
 2713.314940    0.000000
 2713.939210    0.000000
 2714.565190    0.000000
 2715.189450    0.000000
 2715.815670    0.000000
 2716.440430    0.000000
 2717.066890    0.000000
 2717.691890    0.000000
 2718.317140    0.000000
 2718.943850    0.000000
 2719.569340    0.000000
 2720.196530    0.000000
 2720.822270    0.000000
 2721.449710    0.000000
 2722.075680    0.000000
 2722.702150    0.000000
 2723.329830    0.000000
 2723.956300    0.000000
 2724.584470    0.000000
 2725.211430    0.000000
 2725.839600    0.000000
 2726.466800    0.000000
 2727.093990    0.000000
 2727.722900    0.000000
 2728.350340    0.000000
 2728.979490    0.000000
 2729.607420    0.000000
 2730.236820    0.000000
 2730.864750    0.000000
 2731.493160    0.000000
 2732.122800    0.000000
 2732.751460    0.000000
 2733.381590    0.000000
 2734.010500    0.000000
 2734.640870    0.000000
 2735.270020    0.000000
 2735.899410    0.000000
 2736.530270    0.000000
 2737.159670    0.000000
 2737.790770    0.000000
 2738.420650    0.000000
 2739.052250    0.000000
 2739.682370    0.000000
 2740.312500    0.000000
 2740.944340    0.000000
 2741.575200    0.000000
 2742.207280    0.000000
 2742.838130    0.000000
 2743.470460    0.000000
 2744.101560    0.000000
 2744.732910    0.000000
 2745.365970    0.000000
 2745.997310    0.000000
 2746.630860    0.000000
 2747.262700    0.000000
 2747.896000    0.000000
 2748.528080    0.000000
 2749.160640    0.000000
 2749.794430    0.000000
 2750.427000    0.000000
 2751.061280    0.000000
 2751.694090    0.000000
 2752.328610    0.000000
 2752.961910    0.000000
 2753.595210    0.000000
 2754.230220    0.000000
 2754.863770    0.000000
 2755.499020    0.000000
 2756.132810    0.000000
 2756.768550    0.000000
 2757.402590    0.000000
 2758.036870    0.000000
 2758.673100    0.000000
 2759.307620    0.000000
 2759.943850    0.000000
 2760.578860    0.000000
 2761.215330    0.000000
 2761.850590    0.000000
 2762.487550    0.000000
 2763.123050    0.000000
 2763.758790    0.000000
 2764.396000    0.000000
 2765.031980    0.000000
 2765.669430    0.000000
 2766.305910    0.000000
 2766.943600    0.000000
 2767.580320    0.000000
 2768.216800    0.000000
 2768.855220    0.000000
 2769.492190    0.000000
 2770.130860    0.000000
 2770.768070    0.000000
 2771.407230    0.000000
 2772.044680    0.000000
 2772.682130    0.000000
 2773.321780    0.000000
 2773.959720    0.000000
 2774.599370    0.000000
 2775.237550    0.000000
 2775.877690    0.000000
 2776.516360    0.000000
 2777.155030    0.000000
 2777.795170    0.000000
 2778.434330    0.000000
 2779.074950    0.000000
 2779.714360    0.000000
 2780.355470    0.000000
 2780.995120    0.000000
 2781.634770    0.000000
 2782.276120    0.000000
 2782.916260    0.000000
 2783.558110    0.000000
 2784.198490    0.000000
 2784.840330    0.000000
 2785.480960    0.000000
 2786.121830    0.000000
 2786.764400    0.000000
 2787.405270    0.000000
 2788.048100    0.000000
 2788.689450    0.000000
 2789.332520    0.000000
 2789.974370    0.000000
 2790.615970    0.000000
 2791.259770    0.000000
 2791.901610    0.000000
 2792.545410    0.000000
 2793.187990    0.000000
 2793.832030    0.000000
 2794.474850    0.000000
 2795.117680    0.000000
 2795.762210    0.000000
 2796.405520    0.000000
 2797.050290    0.000000
 2797.693600    0.000000
 2798.338870    0.000000
 2798.982420    0.000000
 2799.626460    0.000000
 2800.272220    0.000000
 2800.916260    0.000000
 2801.562260    0.000000
 2802.206790    0.000000
 2802.852780    0.000000
 2803.497560    0.000000
 2804.142580    0.000000
 2804.789310    0.000000
 2805.434330    0.000000
 2806.081300    0.000000
 2806.726810    0.000000
 2807.374020    0.000000
 2808.020020    0.000000
 2808.666020    0.000000
 2809.313480    0.000000
 2809.959960    0.000000
 2810.607910    0.000000
 2811.254390    0.000000
 2811.902830    0.000000
 2812.549560    0.000000
 2813.198240    0.000000
 2813.845210    0.000000
 2814.492680    0.000000
 2815.141600    0.000000
 2815.789310    0.000000
 2816.438720    0.000000
 2817.086430    0.000000
 2817.736080    0.000000
 2818.384520    0.000000
 2819.032710    0.000000
 2819.682620    0.000000
 2820.331300    0.000000
 2820.981930    0.000000
 2821.630620    0.000000
 2822.281490    0.000000
 2822.930660    0.000000
 2823.580080    0.000000
 2824.231200    0.000000
 2824.880860    0.000000
 2825.532230    0.000000
 2826.182370    0.000000
 2826.833980    0.000000
 2827.484380    0.000000
 2828.134770    0.000000
 2828.786870    0.000000
 2829.437740    0.000000
 2830.090090    0.000000
 2830.741210    0.000000
 2831.394040    0.000000
 2832.045410    0.000000
 2832.697020    0.000000
 2833.350100    0.000000
 2834.001950    0.000000
 2834.655520    0.000000
 2835.307620    0.000000
 2835.961180    0.000000
 2836.613770    0.000000
 2837.266360    0.000000
 2837.920410    0.000000
 2838.573490    0.000000
 2839.228030    0.000000
 2839.881100    0.000000
 2840.535890    0.000000
 2841.189450    0.000000
 2841.843020    0.000000
 2842.498540    0.000000
 2843.152340    0.000000
 2843.807860    0.000000
 2844.462160    0.000000
 2845.118160    0.000000
 2845.772710    0.000000
 2846.427250    0.000000
 2847.083740    0.000000
 2847.738770    0.000000
 2848.395260    0.000000
 2849.050540    0.000000
 2849.707760    0.000000
 2850.363280    0.000000
 2851.018800    0.000000
 2851.676270    0.000000
 2852.332280    0.000000
 2852.989990    0.000000
 2853.646480    0.000000
 2854.304440    0.000001
 2854.960940    0.000001
 2855.617920    0.000001
 2856.276370    0.000001
 2856.933350    0.000001
 2857.592290    0.000002
 2858.249760    0.000002
 2858.908940    0.000002
 2859.566650    0.000003
 2860.224370    0.000004
 2860.883790    0.000005
 2861.541750    0.000006
 2862.201900    0.000007
 2862.860350    0.000009
 2863.520510    0.000010
 2864.179200    0.000012
 2864.839840    0.000015
 2865.498780    0.000018
 2866.157960    0.000022
 2866.818850    0.000028
 2867.478520    0.000033
 2868.139650    0.000040
 2868.799320    0.000049
 2869.460940    0.000059
 2870.121090    0.000072
 2870.781490    0.000086
 2871.443360    0.000104
 2872.103760    0.000125
 2872.766360    0.000150
 2873.427000    0.000180
 2874.089600    0.000216
 2874.750730    0.000258
 2875.412110    0.000309
 2876.075440    0.000369
 2876.736820    0.000441
 2877.400390    0.000525
 2878.062260    0.000625
 2878.725830    0.000743
 2879.388180    0.000882
 2880.050540    0.001045
 2880.714600    0.001238
 2881.377440    0.001464
 2882.041750    0.001730
 2882.704830    0.002041
 2883.369380    0.002405
 2884.032960    0.002830
 2884.696530    0.003325
 2885.361330    0.003904
 2886.025390    0.004577
 2886.690920    0.005360
 2887.354980    0.006266
 2888.020510    0.007319
 2888.685060    0.008535
 2889.349610    0.009940
 2890.015870    0.011564
 2890.680910    0.013433
 2891.347410    0.015586
 2892.012700    0.018054
 2892.679200    0.020888
 2893.344970    0.024131
 2894.010500    0.027834
 2894.677730    0.032070
 2895.343510    0.036886
 2896.011470    0.042381
 2896.677490    0.048602
 2897.345460    0.055674
 2898.011960    0.063659
 2898.678960    0.072683
 2899.347170    0.082879
 2900.014160    0.094333
 2900.682860    0.107234
 2901.350100    0.121672
 2902.019530    0.137886
 2902.687010    0.155950
 2903.354740    0.176099
 2904.024410    0.198591
 2904.692380    0.223516
 2905.361820    0.251208
 2906.030520    0.281818
 2906.700680    0.315698
 2907.369140    0.352940
 2908.038090    0.393927
 2908.708500    0.439012
 2909.377930    0.488323
 2910.048830    0.542341
 2910.718260    0.601131
 2911.389650    0.665304
 2912.059330    0.734822
 2912.729250    0.810176
 2913.400630    0.891832
 2914.070800    0.979769
 2914.742920    1.074707
 2915.413570    1.176453
 2916.085690    1.285719
 2916.756590    1.402325
 2917.429200    1.527015
 2918.100340    1.659410
 2918.771730    1.800001
 2919.444580    1.949215
 2920.116210    2.106568
 2920.789550    2.272820
 2921.461670    2.447279
 2922.135500    2.630690
 2922.807370    2.821977
 2923.479740    3.021677
 2924.154050    3.230088
 2924.826660    3.445841
 2925.500980    3.669734
 2926.174070    3.900444
 2926.848880    4.138565
 2927.522220    4.382496
 2928.195800    4.632314
 2928.870850    4.887894
 2929.544920    5.147675
 2930.220460    5.411901
 2930.894530    5.678689
 2931.570310    5.948510
 2932.244630    6.219274
 2932.919190    6.490818
 2933.595700    6.762959
 2934.270260    7.033237
 2934.947270    7.302509
 2935.622310    7.568131
 2936.299070    7.830657
 2936.974850    8.088163
 2937.650390    8.340099
 2938.327880    8.586451
 2939.003660    8.825114
 2939.681400    9.056656
 2940.357670    9.279243
 2941.035640    9.493323
 2941.712160    9.697356
 2942.389160    9.891509
 2943.067630    10.075657
 2943.744630    10.248717
 2944.423580    10.411364
 2945.100830    10.562611
 2945.780030    10.703249
 2946.457760    10.832640
 2947.135500    10.951256
 2947.815190    11.059635
 2948.493410    11.157544
 2949.173100    11.245800
 2949.851560    11.324513
 2950.531980    11.394556
 2951.210450    11.456098
 2951.889650    11.510020
 2952.570070    11.556976
 2953.249270    11.597466
 2953.930660    11.632369
 2954.610110    11.662154
 2955.291500    11.687674
 2955.971190    11.709457
 2956.651120    11.728210
 2957.333010    11.744573
 2958.013180    11.759019
 2958.695560    11.772140
 2959.376220    11.784317
 2960.058350    11.796003
 2960.739500    11.807481
 2961.420410    11.819020
 2962.103520    11.830854
 2962.784910    11.843028
 2963.468020    11.855644
 2964.149900    11.868624
 2964.833500    11.881920
 2965.515380    11.895307
 2966.197750    11.908599
 2966.881590    11.921536
 2967.564210    11.933737
 2968.248540    11.944870
 2968.931150    11.954473
 2969.615720    11.962142
 2970.299070    11.967379
 2970.984130    11.969710
 2971.667480    11.968634
 2972.351070    11.963664
 2973.036620    11.954281
 2973.720700    11.940043
 2974.406250    11.920431
 2975.090580    11.895084
 2975.776610    11.863476
 2976.461180    11.825375
 2977.146000    11.780364
 2977.832280    11.728041
 2978.517580    11.668323
 2979.204350    11.600776
 2979.889650    11.525521
 2980.576660    11.442080
 2981.262210    11.350756
 2981.948240    11.251269
 2982.635990    11.143418
 2983.322020    11.027787
 2984.010010    10.903848
 2984.696530    10.772334
 2985.384770    10.632799
 2986.071530    10.486084
 2986.758540    10.332068
 2987.447270    10.170651
 2988.134770    10.002795
 2988.823490    9.828208
 2989.510990    9.647834
 2990.200440    9.461176
 2990.888180    9.269581
 2991.576170    9.072891
 2992.266360    8.870910
 2992.954830    8.665167
 2993.644780    8.455121
 2994.333500    8.241993
 2995.023930    8.025290
 2995.713130    7.806343
 2996.402100    7.585270
 2997.093020    7.361779
 2997.782710    7.137315
 2998.473880    6.911422
 2999.163570    6.685477
 2999.855470    6.458696
 3000.545410    6.232849
 3001.235600    6.007620
 3001.927730    5.782854
 3002.618410    5.560053
 3003.310550    5.338655
 3004.001710    5.119816
 3004.694340    4.903125
 3005.385740    4.689774
 3006.076900    4.479783
 3006.770020    4.272819
 3007.461670    4.070208
 3008.155270    3.871237
 3008.847410    3.677159
 3009.541260    3.487333
 3010.233400    3.302920
 3010.926270    3.123464
 3011.620360    2.949041
 3012.313230    2.780424
 3013.007810    2.617043
 3013.700930    2.459759
 3014.395750    2.307944
 3015.089360    2.162310
 3015.783200    2.022578
 3016.478270    1.888589
 3017.172610    1.760722
 3017.868160    1.638599
 3018.562260    1.522644
 3019.258540    1.412186
 3019.952880    1.307804
 3020.647950    1.208975
 3021.344480    1.115506
 3022.039310    1.027686
 3022.736330    0.944881
 3023.431640    0.867403
 3024.128660    0.794702
 3024.824460    0.726912
 3025.522220    0.663547
 3026.218020    0.604772
 3026.914310    0.550171
 3027.612300    0.499473
 3028.308840    0.452709
 3029.007080    0.409472
 3029.703860    0.369758
 3030.402590    0.333181
 3031.099850    0.299729
 3031.797120    0.269133
 3032.496090    0.241142
 3033.193600    0.215706
 3033.893310    0.192519
 3034.591060    0.171554
 3035.290770    0.152531
 3035.989010    0.135391
 3036.687740    0.119938
 3037.387700    0.106021
 3038.086670    0.093554
 3038.787350    0.082369
 3039.486080    0.072406
 3040.187260    0.063495
 3040.886470    0.055593
 3041.586180    0.048574
 3042.287350    0.042347
 3042.987550    0.036852
 3043.689210    0.031998
 3044.389160    0.027738
 3045.091060    0.023988
 3045.791750    0.020709
 3046.492430    0.017842
 3047.194820    0.015337
 3047.896000    0.013160
 3048.598880    0.011266
 3049.300050    0.009627
