 2653.384280    0.001204
 2653.996340    0.001306
 2654.606690    0.001415
 2655.217290    0.001534
 2655.829830    0.001662
 2656.440670    0.001801
 2657.053220    0.001950
 2657.664550    0.002111
 2658.277340    0.002286
 2658.888920    0.002475
 2659.500730    0.002678
 2660.114010    0.002899
 2660.725830    0.003137
 2661.339360    0.003394
 2661.951660    0.003673
 2662.565430    0.003974
 2663.177980    0.004299
 2663.790530    0.004650
 2664.404790    0.005033
 2665.017820    0.005445
 2665.632320    0.005892
 2666.245610    0.006375
 2666.860350    0.006901
 2667.473880    0.007468
 2668.089110    0.008085
 2668.702880    0.008753
 2669.316890    0.009477
 2669.932370    0.010263
 2670.546630    0.011115
 2671.162350    0.012042
 2671.776860    0.013045
 2672.393070    0.014138
 2673.007810    0.015321
 2673.622560    0.016605
 2674.239260    0.018004
 2674.854490    0.019521
 2675.471190    0.021172
 2676.086670    0.022961
 2676.703860    0.024909
 2677.319580    0.027021
 2677.935550    0.029315
 2678.552980    0.031813
 2679.169190    0.034520
 2679.786870    0.037466
 2680.403560    0.040660
 2681.021480    0.044134
 2681.638430    0.047898
 2682.255370    0.051982
 2682.873780    0.056423
 2683.490970    0.061230
 2684.109860    0.066456
 2684.727290    0.072106
 2685.346440    0.078245
 2685.964110    0.084879
 2686.582030    0.092063
 2687.201660    0.099859
 2687.819820    0.108273
 2688.439450    0.117391
 2689.057860    0.127226
 2689.677980    0.137879
 2690.296880    0.149359
 2690.915770    0.161746
 2691.536380    0.175142
 2692.155270    0.189542
 2692.776370    0.205110
 2693.395750    0.221826
 2694.016850    0.239861
 2694.636720    0.259217
 2695.256590    0.280018
 2695.877930    0.302409
 2696.498050    0.326394
 2697.119870    0.352190
 2697.740480    0.379785
 2698.362550    0.409411
 2698.983400    0.441060
 2699.604250    0.474910
 2700.226810    0.511188
 2700.847900    0.549843
 2701.470700    0.591211
 2702.092040    0.635226
 2702.715330    0.682278
 2703.337160    0.732265
 2703.958980    0.785448
 2704.582520    0.842148
 2705.204830    0.902267
 2705.828370    0.966211
 2706.450930    1.033929
 2707.074950    1.105867
 2707.697750    1.181899
 2708.320800    1.262375
 2708.945310    1.347658
 2709.568360    1.437534
 2710.193360    1.532695
 2710.816650    1.632774
 2711.441890    1.738555
 2712.065670    1.849659
 2712.689450    1.966517
 2713.314940    2.089666
 2713.939210    2.218723
 2714.565190    2.354490
 2715.189450    2.496407
 2715.815670    2.645491
 2716.440430    2.801111
 2717.066890    2.964231
 2717.691890    3.134190
 2718.317140    3.311587
 2718.943850    3.496945
 2719.569340    3.689612
 2720.196530    3.890625
 2720.822270    4.099086
 2721.449710    4.316161
 2722.075680    4.540844
 2722.702150    4.773894
 2723.329830    5.015674
 2723.956300    5.265285
 2724.584470    5.523930
 2725.211430    5.790417
 2725.839600    6.065771
 2726.466800    6.348997
 2727.093990    6.640462
 2727.722900    6.940914
 2728.350340    7.248741
 2728.979490    7.565377
 2729.607420    7.889206
 2730.236820    8.221439
 2730.864750    8.560329
 2731.493160    8.906684
 2732.122800    9.260678
 2732.751460    9.620799
 2733.381590    9.988139
 2734.010500    10.360800
 2734.640870    10.740005
 2735.270020    11.123751
 2735.899410    11.512495
 2736.530270    11.906563
 2737.159670    12.303648
 2737.790770    12.705254
 2738.420650    13.108991
 2739.052250    13.516186
 2739.682370    13.924219
 2740.312500    14.333435
 2740.944340    14.744330
 2741.575200    15.154515
 2742.207280    15.564760
 2742.838130    15.972802
 2743.470460    16.379688
 2744.101560    16.782982
 2744.732910    17.182911
 2745.365970    17.579659
 2745.997310    17.970348
 2746.630860    18.356653
 2747.262700    18.735437
 2747.896000    19.107861
 2748.528080    19.471607
 2749.160640    19.826929
 2749.794430    20.173469
 2750.427000    20.509174
 2751.061280    20.834871
 2751.694090    21.148228
 2752.328610    21.450123
 2752.961910    21.738491
 2753.595210    22.013285
 2754.230220    22.274567
 2754.863770    22.520439
 2755.499020    22.751556
 2756.132810    22.966227
 2756.768550    23.165083
 2757.402590    23.346510
 2758.036870    23.510696
 2758.673100    23.657602
 2759.307620    23.786024
 2759.943850    23.896339
 2760.578860    23.987761
 2761.215330    24.060432
 2761.850590    24.113861
 2762.487550    24.148142
 2763.123050    24.163002
 2763.758790    24.158501
 2764.396000    24.134558
 2765.031980    24.091314
 2765.669430    24.028679
 2766.305910    23.947016
 2766.943600    23.846228
 2767.580320    23.726887
 2768.216800    23.589191
 2768.855220    23.432918
 2769.492190    23.259255
 2770.130860    23.067728
 2770.768070    22.859734
 2771.407230    22.634619
 2772.044680    22.394188
 2772.682130    22.138409
 2773.321780    21.866913
 2773.959720    21.581953
 2774.599370    21.282646
 2775.237550    20.971140
 2775.877690    20.646441
 2776.516360    20.310974
 2777.155030    19.964741
 2777.795170    19.607647
 2778.434330    19.241800
 2779.074950    18.866550
 2779.714360    18.484243
 2780.355470    18.093889
 2780.995120    17.698191
 2781.634770    17.297039
 2782.276120    16.890110
 2782.916260    16.480024
 2783.558110    16.065659
 2784.198490    15.649807
 2784.840330    15.231301
 2785.480960    14.812614
 2786.121830    14.393488
 2786.764400    13.973654
 2787.405270    13.556007
 2788.048100    13.138807
 2788.689450    12.724894
 2789.332520    12.312817
 2789.974370    11.905026
 2790.615970    11.501432
 2791.259770    11.101034
 2791.901610    10.706904
 2792.545410    10.317102
 2793.187990    9.933987
 2793.832030    9.556361
 2794.474850    9.186173
 2795.117680    8.823038
 2795.762210    8.466329
 2796.405520    8.117953
 2797.050290    7.776711
 2797.693600    7.444371
 2798.338870    7.119370
 2798.982420    6.803720
 2799.626460    6.496451
 2800.272220    6.197136
 2800.916260    5.907439
 2801.562260    5.625775
 2802.206790    5.353679
 2802.852780    5.089921
 2803.497560    4.835591
 2804.142580    4.590057
 2804.789310    4.352748
 2805.434330    4.124845
 2806.081300    3.904968
 2806.726810    3.694183
 2807.374020    3.491336
 2808.020020    3.297218
 2808.666020    3.111292
 2809.313480    2.933001
 2809.959960    2.762856
 2810.607910    2.600041
 2811.254390    2.445106
 2811.902830    2.297042
 2812.549560    2.156488
 2813.198240    2.022442
 2813.845210    1.895456
 2814.492680    1.774862
 2815.141600    1.660293
 2815.789310    1.552006
 2816.438720    1.449296
 2817.086430    1.352488
 2817.736080    1.260815
 2818.384520    1.174517
 2819.032710    1.093232
 2819.682620    1.016519
 2820.331300    0.944518
 2820.981930    0.876678
 2821.630620    0.813203
 2822.281490    0.753491
 2822.930660    0.697712
 2823.580080    0.645495
 2824.231200    0.596556
 2824.880860    0.550957
 2825.532230    0.508303
 2826.182370    0.468622
 2826.833980    0.431592
 2827.484380    0.397210
 2828.134770    0.365256
 2828.786870    0.335511
 2829.437740    0.307975
 2830.090090    0.282402
 2830.741210    0.258774
 2831.394040    0.236864
 2832.045410    0.216667
 2832.697020    0.198016
 2833.350100    0.180779
 2834.001950    0.164928
 2834.655520    0.150302
 2835.307620    0.136884
 2835.961180    0.124530
 2836.613770    0.113210
 2837.266360    0.102830
 2837.920410    0.093301
 2838.573490    0.084595
 2839.228030    0.076617
 2839.881100    0.069348
 2840.535890    0.062697
 2841.189450    0.056647
 2841.843020    0.051136
 2842.498540    0.046106
 2843.152340    0.041548
 2843.807860    0.037396
 2844.462160    0.033638
 2845.118160    0.030222
 2845.772710    0.027136
 2846.427250    0.024343
 2847.083740    0.021813
 2847.738770    0.019533
 2848.395260    0.017472
 2849.050540    0.015618
 2849.707760    0.013944
 2850.363280    0.012442
 2851.018800    0.011092
 2851.676270    0.009876
 2852.332280    0.008789
 2852.989990    0.007812
 2853.646480    0.006939
 2854.304440    0.006156
 2854.960940    0.005459
 2855.617920    0.004836
 2856.276370    0.004279
 2856.933350    0.003783
 2857.592290    0.003342
 2858.249760    0.002950
 2858.908940    0.002600
 2859.566650    0.002291
 2860.224370    0.002017
 2860.883790    0.001773
 2861.541750    0.001558
 2862.201900    0.001368
 2862.860350    0.001199
 2863.520510    0.001050
 2864.179200    0.000919
 2864.839840    0.000804
 2865.498780    0.000703
 2866.157960    0.000613
 2866.818850    0.000535
 2867.478520    0.000466
 2868.139650    0.000405
 2868.799320    0.000353
 2869.460940    0.000306
 2870.121090    0.000266
 2870.781490    0.000231
 2871.443360    0.000200
 2872.103760    0.000174
 2872.766360    0.000150
 2873.427000    0.000130
 2874.089600    0.000112
 2874.750730    0.000096
 2875.412110    0.000083
 2876.075440    0.000072
 2876.736820    0.000061
 2877.400390    0.000052
 2878.062260    0.000046
 2878.725830    0.000039
 2879.388180    0.000033
 2880.050540    0.000029
 2880.714600    0.000025
 2881.377440    0.000021
 2882.041750    0.000018
 2882.704830    0.000015
 2883.369380    0.000013
 2884.032960    0.000011
 2884.696530    0.000010
 2885.361330    0.000008
 2886.025390    0.000007
 2886.690920    0.000006
 2887.354980    0.000005
 2888.020510    0.000004
 2888.685060    0.000004
 2889.349610    0.000003
 2890.015870    0.000003
 2890.680910    0.000002
 2891.347410    0.000002
 2892.012700    0.000002
 2892.679200    0.000001
 2893.344970    0.000001
 2894.010500    0.000001
 2894.677730    0.000001
 2895.343510    0.000001
 2896.011470    0.000001
 2896.677490    0.000000
 2897.345460    0.000000
 2898.011960    0.000000
 2898.678960    0.000000
 2899.347170    0.000000
 2900.014160    0.000000
 2900.682860    0.000000
 2901.350100    0.000000
 2902.019530    0.000000
 2902.687010    0.000000
 2903.354740    0.000000
 2904.024410    0.000000
 2904.692380    0.000000
 2905.361820    0.000000
 2906.030520    0.000000
 2906.700680    0.000000
 2907.369140    0.000000
 2908.038090    0.000000
 2908.708500    0.000000
 2909.377930    0.000000
 2910.048830    0.000000
 2910.718260    0.000000
 2911.389650    0.000000
 2912.059330    0.000000
 2912.729250    0.000000
 2913.400630    0.000000
 2914.070800    0.000000
 2914.742920    0.000000
 2915.413570    0.000000
 2916.085690    0.000000
 2916.756590    0.000000
 2917.429200    0.000000
 2918.100340    0.000000
 2918.771730    0.000000
 2919.444580    0.000000
 2920.116210    0.000000
 2920.789550    0.000000
 2921.461670    0.000000
 2922.135500    0.000000
 2922.807370    0.000000
 2923.479740    0.000000
 2924.154050    0.000000
 2924.826660    0.000000
 2925.500980    0.000000
 2926.174070    0.000000
 2926.848880    0.000000
 2927.522220    0.000000
 2928.195800    0.000000
 2928.870850    0.000000
 2929.544920    0.000000
 2930.220460    0.000000
 2930.894530    0.000000
 2931.570310    0.000000
 2932.244630    0.000000
 2932.919190    0.000000
 2933.595700    0.000000
 2934.270260    0.000000
 2934.947270    0.000000
 2935.622310    0.000000
 2936.299070    0.000000
 2936.974850    0.000000
 2937.650390    0.000000
 2938.327880    0.000000
 2939.003660    0.000000
 2939.681400    0.000000
 2940.357670    0.000000
 2941.035640    0.000000
 2941.712160    0.000000
 2942.389160    0.000000
 2943.067630    0.000000
 2943.744630    0.000000
 2944.423580    0.000000
 2945.100830    0.000000
 2945.780030    0.000000
 2946.457760    0.000000
 2947.135500    0.000000
 2947.815190    0.000000
 2948.493410    0.000000
 2949.173100    0.000000
 2949.851560    0.000000
 2950.531980    0.000000
 2951.210450    0.000000
 2951.889650    0.000000
 2952.570070    0.000000
 2953.249270    0.000000
 2953.930660    0.000000
 2954.610110    0.000000
 2955.291500    0.000000
 2955.971190    0.000000
 2956.651120    0.000000
 2957.333010    0.000000
 2958.013180    0.000000
 2958.695560    0.000000
 2959.376220    0.000000
 2960.058350    0.000000
 2960.739500    0.000000
 2961.420410    0.000000
 2962.103520    0.000000
 2962.784910    0.000000
 2963.468020    0.000000
 2964.149900    0.000000
 2964.833500    0.000000
 2965.515380    0.000000
 2966.197750    0.000000
 2966.881590    0.000000
 2967.564210    0.000000
 2968.248540    0.000000
 2968.931150    0.000000
 2969.615720    0.000000
 2970.299070    0.000000
 2970.984130    0.000000
 2971.667480    0.000000
 2972.351070    0.000000
 2973.036620    0.000000
 2973.720700    0.000000
 2974.406250    0.000000
 2975.090580    0.000000
 2975.776610    0.000000
 2976.461180    0.000000
 2977.146000    0.000000
 2977.832280    0.000000
 2978.517580    0.000000
 2979.204350    0.000000
 2979.889650    0.000000
 2980.576660    0.000000
 2981.262210    0.000000
 2981.948240    0.000000
 2982.635990    0.000000
 2983.322020    0.000000
 2984.010010    0.000000
 2984.696530    0.000000
 2985.384770    0.000000
 2986.071530    0.000000
 2986.758540    0.000000
 2987.447270    0.000000
 2988.134770    0.000000
 2988.823490    0.000000
 2989.510990    0.000000
 2990.200440    0.000000
 2990.888180    0.000000
 2991.576170    0.000000
 2992.266360    0.000000
 2992.954830    0.000000
 2993.644780    0.000000
 2994.333500    0.000000
 2995.023930    0.000000
 2995.713130    0.000000
 2996.402100    0.000000
 2997.093020    0.000000
 2997.782710    0.000000
 2998.473880    0.000000
 2999.163570    0.000000
 2999.855470    0.000000
 3000.545410    0.000000
 3001.235600    0.000000
 3001.927730    0.000000
 3002.618410    0.000000
 3003.310550    0.000000
 3004.001710    0.000000
 3004.694340    0.000000
 3005.385740    0.000000
 3006.076900    0.000000
 3006.770020    0.000000
 3007.461670    0.000000
 3008.155270    0.000000
 3008.847410    0.000000
 3009.541260    0.000000
 3010.233400    0.000000
 3010.926270    0.000000
 3011.620360    0.000000
 3012.313230    0.000000
 3013.007810    0.000000
 3013.700930    0.000000
 3014.395750    0.000000
 3015.089360    0.000000
 3015.783200    0.000000
 3016.478270    0.000000
 3017.172610    0.000000
 3017.868160    0.000000
 3018.562260    0.000000
 3019.258540    0.000000
 3019.952880    0.000000
 3020.647950    0.000000
 3021.344480    0.000000
 3022.039310    0.000000
 3022.736330    0.000000
 3023.431640    0.000000
 3024.128660    0.000000
 3024.824460    0.000000
 3025.522220    0.000000
 3026.218020    0.000000
 3026.914310    0.000000
 3027.612300    0.000000
 3028.308840    0.000000
 3029.007080    0.000000
 3029.703860    0.000000
 3030.402590    0.000000
 3031.099850    0.000000
 3031.797120    0.000000
 3032.496090    0.000000
 3033.193600    0.000000
 3033.893310    0.000000
 3034.591060    0.000000
 3035.290770    0.000000
 3035.989010    0.000000
 3036.687740    0.000000
 3037.387700    0.000000
 3038.086670    0.000000
 3038.787350    0.000000
 3039.486080    0.000000
 3040.187260    0.000000
 3040.886470    0.000000
 3041.586180    0.000000
 3042.287350    0.000000
 3042.987550    0.000000
 3043.689210    0.000000
 3044.389160    0.000000
 3045.091060    0.000000
 3045.791750    0.000000
 3046.492430    0.000000
 3047.194820    0.000000
 3047.896000    0.000000
 3048.598880    0.000000
 3049.300050    0.000000
