 2653.384280    0.000000
 2653.996340    0.000000
 2654.606690    0.000000
 2655.217290    0.000000
 2655.829830    0.000000
 2656.440670    0.000000
 2657.053220    0.000000
 2657.664550    0.000000
 2658.277340    0.000000
 2658.888920    0.000000
 2659.500730    0.000000
 2660.114010    0.000000
 2660.725830    0.000000
 2661.339360    0.000000
 2661.951660    0.000000
 2662.565430    0.000000
 2663.177980    0.000000
 2663.790530    0.000000
 2664.404790    0.000000
 2665.017820    0.000000
 2665.632320    0.000000
 2666.245610    0.000000
 2666.860350    0.000000
 2667.473880    0.000000
 2668.089110    0.000000
 2668.702880    0.000000
 2669.316890    0.000000
 2669.932370    0.000000
 2670.546630    0.000000
 2671.162350    0.000000
 2671.776860    0.000000
 2672.393070    0.000000
 2673.007810    0.000000
 2673.622560    0.000000
 2674.239260    0.000000
 2674.854490    0.000000
 2675.471190    0.000000
 2676.086670    0.000000
 2676.703860    0.000000
 2677.319580    0.000000
 2677.935550    0.000000
 2678.552980    0.000000
 2679.169190    0.000000
 2679.786870    0.000000
 2680.403560    0.000000
 2681.021480    0.000000
 2681.638430    0.000000
 2682.255370    0.000000
 2682.873780    0.000000
 2683.490970    0.000000
 2684.109860    0.000000
 2684.727290    0.000000
 2685.346440    0.000000
 2685.964110    0.000000
 2686.582030    0.000000
 2687.201660    0.000000
 2687.819820    0.000000
 2688.439450    0.000000
 2689.057860    0.000000
 2689.677980    0.000000
 2690.296880    0.000000
 2690.915770    0.000000
 2691.536380    0.000000
 2692.155270    0.000000
 2692.776370    0.000000
 2693.395750    0.000000
 2694.016850    0.000000
 2694.636720    0.000000
 2695.256590    0.000000
 2695.877930    0.000000
 2696.498050    0.000000
 2697.119870    0.000000
 2697.740480    0.000000
 2698.362550    0.000000
 2698.983400    0.000000
 2699.604250    0.000000
 2700.226810    0.000000
 2700.847900    0.000000
 2701.470700    0.000000
 2702.092040    0.000000
 2702.715330    0.000000
 2703.337160    0.000000
 2703.958980    0.000000
 2704.582520    0.000000
 2705.204830    0.000000
 2705.828370    0.000000
 2706.450930    0.000000
 2707.074950    0.000000
 2707.697750    0.000000
 2708.320800    0.000000
 2708.945310    0.000000
 2709.568360    0.000000
 2710.193360    0.000000
 2710.816650    0.000000
 2711.441890    0.000000
 2712.065670    0.000000
 2712.689450    0.000000
 2713.314940    0.000000
 2713.939210    0.000000
 2714.565190    0.000000
 2715.189450    0.000000
 2715.815670    0.000000
 2716.440430    0.000000
 2717.066890    0.000000
 2717.691890    0.000000
 2718.317140    0.000000
 2718.943850    0.000000
 2719.569340    0.000000
 2720.196530    0.000000
 2720.822270    0.000000
 2721.449710    0.000000
 2722.075680    0.000000
 2722.702150    0.000000
 2723.329830    0.000000
 2723.956300    0.000000
 2724.584470    0.000000
 2725.211430    0.000000
 2725.839600    0.000000
 2726.466800    0.000000
 2727.093990    0.000000
 2727.722900    0.000000
 2728.350340    0.000000
 2728.979490    0.000000
 2729.607420    0.000000
 2730.236820    0.000000
 2730.864750    0.000000
 2731.493160    0.000000
 2732.122800    0.000000
 2732.751460    0.000000
 2733.381590    0.000000
 2734.010500    0.000001
 2734.640870    0.000001
 2735.270020    0.000001
 2735.899410    0.000001
 2736.530270    0.000001
 2737.159670    0.000001
 2737.790770    0.000001
 2738.420650    0.000001
 2739.052250    0.000002
 2739.682370    0.000002
 2740.312500    0.000002
 2740.944340    0.000002
 2741.575200    0.000003
 2742.207280    0.000003
 2742.838130    0.000003
 2743.470460    0.000004
 2744.101560    0.000004
 2744.732910    0.000005
 2745.365970    0.000006
 2745.997310    0.000007
 2746.630860    0.000008
 2747.262700    0.000009
 2747.896000    0.000010
 2748.528080    0.000010
 2749.160640    0.000011
 2749.794430    0.000013
 2750.427000    0.000015
 2751.061280    0.000017
 2751.694090    0.000019
 2752.328610    0.000022
 2752.961910    0.000025
 2753.595210    0.000028
 2754.230220    0.000031
 2754.863770    0.000035
 2755.499020    0.000040
 2756.132810    0.000045
 2756.768550    0.000050
 2757.402590    0.000056
 2758.036870    0.000063
 2758.673100    0.000071
 2759.307620    0.000079
 2759.943850    0.000089
 2760.578860    0.000098
 2761.215330    0.000111
 2761.850590    0.000123
 2762.487550    0.000137
 2763.123050    0.000153
 2763.758790    0.000171
 2764.396000    0.000190
 2765.031980    0.000211
 2765.669430    0.000235
 2766.305910    0.000260
 2766.943600    0.000289
 2767.580320    0.000321
 2768.216800    0.000356
 2768.855220    0.000394
 2769.492190    0.000437
 2770.130860    0.000483
 2770.768070    0.000534
 2771.407230    0.000589
 2772.044680    0.000651
 2772.682130    0.000718
 2773.321780    0.000792
 2773.959720    0.000873
 2774.599370    0.000961
 2775.237550    0.001058
 2775.877690    0.001163
 2776.516360    0.001279
 2777.155030    0.001404
 2777.795170    0.001541
 2778.434330    0.001691
 2779.074950    0.001854
 2779.714360    0.002031
 2780.355470    0.002225
 2780.995120    0.002435
 2781.634770    0.002663
 2782.276120    0.002911
 2782.916260    0.003180
 2783.558110    0.003471
 2784.198490    0.003788
 2784.840330    0.004132
 2785.480960    0.004503
 2786.121830    0.004906
 2786.764400    0.005342
 2787.405270    0.005814
 2788.048100    0.006325
 2788.689450    0.006876
 2789.332520    0.007473
 2789.974370    0.008117
 2790.615970    0.008811
 2791.259770    0.009562
 2791.901610    0.010371
 2792.545410    0.011245
 2793.187990    0.012186
 2793.832030    0.013202
 2794.474850    0.014294
 2795.117680    0.015470
 2795.762210    0.016739
 2796.405520    0.018103
 2797.050290    0.019573
 2797.693600    0.021152
 2798.338870    0.022855
 2798.982420    0.024680
 2799.626460    0.026644
 2800.272220    0.028759
 2800.916260    0.031026
 2801.562260    0.033469
 2802.206790    0.036086
 2802.852780    0.038903
 2803.497560    0.041922
 2804.142580    0.045162
 2804.789310    0.048649
 2805.434330    0.052381
 2806.081300    0.056396
 2806.726810    0.060693
 2807.374020    0.065312
 2808.020020    0.070257
 2808.666020    0.075558
 2809.313480    0.081251
 2809.959960    0.087344
 2810.607910    0.093886
 2811.254390    0.100879
 2811.902830    0.108391
 2812.549560    0.116413
 2813.198240    0.125028
 2813.845210    0.134223
 2814.492680    0.144070
 2815.141600    0.154629
 2815.789310    0.165900
 2816.438720    0.177984
 2817.086430    0.190868
 2817.736080    0.204679
 2818.384520    0.219407
 2819.032710    0.235129
 2819.682620    0.251960
 2820.331300    0.269891
 2820.981930    0.289080
 2821.630620    0.309485
 2822.281490    0.331315
 2822.930660    0.354520
 2823.580080    0.379249
 2824.231200    0.405651
 2824.880860    0.433692
 2825.532230    0.463604
 2826.182370    0.495356
 2826.833980    0.529182
 2827.484380    0.565053
 2828.134770    0.603142
 2828.786870    0.643674
 2829.437740    0.686588
 2830.090090    0.732189
 2830.741210    0.780418
 2831.394040    0.831626
 2832.045410    0.885702
 2832.697020    0.942918
 2833.350100    1.003536
 2834.001950    1.067453
 2834.655520    1.135112
 2835.307620    1.206335
 2835.961180    1.281598
 2836.613770    1.360779
 2837.266360    1.444143
 2837.920410    1.532055
 2838.573490    1.624349
 2839.228030    1.721537
 2839.881100    1.823343
 2840.535890    1.930428
 2841.189450    2.042477
 2841.843020    2.159841
 2842.498540    2.283052
 2843.152340    2.411577
 2843.807860    2.546239
 2844.462160    2.686586
 2845.118160    2.833395
 2845.772710    2.986094
 2846.427250    3.145130
 2847.083740    3.311130
 2847.738770    3.483347
 2848.395260    3.662657
 2849.050540    3.848424
 2849.707760    4.041642
 2850.363280    4.241313
 2851.018800    4.447986
 2851.676270    4.662355
 2852.332280    4.883348
 2852.989990    5.112052
 2853.646480    5.347460
 2854.304440    5.590520
 2854.960940    5.840121
 2855.617920    6.096935
 2856.276370    6.361305
 2856.933350    6.631966
 2857.592290    6.910220
 2858.249760    7.194502
 2858.908940    7.486034
 2859.566650    7.783239
 2860.224370    8.086563
 2860.883790    8.396597
 2861.541750    8.711609
 2862.201900    9.033093
 2862.860350    9.358863
 2863.520510    9.690296
 2864.179200    10.025467
 2864.839840    10.365757
 2865.498780    10.708899
 2866.157960    11.055497
 2866.818850    11.405906
 2867.478520    11.758127
 2868.139650    12.113127
 2868.799320    12.468844
 2869.460940    12.826615
 2870.121090    13.184068
 2870.781490    13.541582
 2871.443360    13.899264
 2872.103760    14.254956
 2872.766360    14.610044
 2873.427000    14.961707
 2874.089600    15.311416
 2874.750730    15.656754
 2875.412110    15.998002
 2876.075440    16.335396
 2876.736820    16.666323
 2877.400390    16.992231
 2878.062260    17.310566
 2878.725830    17.622355
 2879.388180    17.925589
 2880.050540    18.220247
 2880.714600    18.506454
 2881.377440    18.782354
 2882.041750    19.048483
 2882.704830    19.303205
 2883.369380    19.547005
 2884.032960    19.778456
 2884.696530    19.997435
 2885.361330    20.203829
 2886.025390    20.396580
 2886.690920    20.575874
 2887.354980    20.740541
 2888.020510    20.890947
 2888.685060    21.026192
 2889.349610    21.146219
 2890.015870    21.251019
 2890.680910    21.339888
 2891.347410    21.412993
 2892.012700    21.469877
 2892.679200    21.510645
 2893.344970    21.535076
 2894.010500    21.543198
 2894.677730    21.534985
 2895.343510    21.510506
 2896.011470    21.469692
 2896.677490    21.412901
 2897.345460    21.339962
 2898.011960    21.251425
 2898.678960    21.147299
 2899.347170    21.027681
 2900.014160    20.893313
 2900.682860    20.743921
 2901.350100    20.580572
 2902.019530    20.402756
 2902.687010    20.211992
 2903.354740    20.008154
 2904.024410    19.791145
 2904.692380    19.562647
 2905.361820    19.322109
 2906.030520    19.070848
 2906.700680    18.808588
 2907.369140    18.537159
 2908.038090    18.256283
 2908.708500    17.966118
 2909.377930    17.668325
 2910.048830    17.362434
 2910.718260    17.050407
 2911.389650    16.731277
 2912.059330    16.407406
 2912.729250    16.078499
 2913.400630    15.744562
 2914.070800    15.407549
 2914.742920    15.066471
 2915.413570    14.723664
 2916.085690    14.378226
 2916.756590    14.032115
 2917.429200    13.684386
 2918.100340    13.337233
 2918.771730    12.990301
 2919.444580    12.643483
 2920.116210    12.298659
 2920.789550    11.954808
 2921.461670    11.613880
 2922.135500    11.274833
 2922.807370    10.939918
 2923.479740    10.608294
 2924.154050    10.279632
 2924.826660    9.956058
 2925.500980    9.636246
 2926.174070    9.321890
 2926.848880    9.011895
 2927.522220    8.707973
 2928.195800    8.409562
 2928.870850    8.116342
 2929.544920    7.829561
 2930.220460    7.548341
 2930.894530    7.274036
 2931.570310    7.005473
 2932.244630    6.744007
 2932.919190    6.489032
 2933.595700    6.239987
 2934.270260    5.998345
 2934.947270    5.762559
 2935.622310    5.534165
 2936.299070    5.311909
 2936.974850    5.096653
 2937.650390    4.888104
 2938.327880    4.685553
 2939.003660    4.490031
 2939.681400    4.300404
 2940.357670    4.117544
 2941.035640    3.940501
 2941.712160    3.770001
 2942.389160    3.605424
 2943.067630    3.446441
 2943.744630    3.293610
 2944.423580    3.146036
 2945.100830    3.004383
 2945.780030    2.867751
 2946.457760    2.736690
 2947.135500    2.610757
 2947.815190    2.489469
 2948.493410    2.373292
 2949.173100    2.261581
 2949.851560    2.154633
 2950.531980    2.051808
 2951.210450    1.953553
 2951.889650    1.859325
 2952.570070    1.768933
 2953.249270    1.682560
 2953.930660    1.599644
 2954.610110    1.520556
 2955.291500    1.444711
 2955.971190    1.372387
 2956.651120    1.303242
 2957.333010    1.236992
 2958.013180    1.173878
 2958.695560    1.113421
 2959.376220    1.055861
 2960.058350    1.000815
 2960.739500    0.948380
 2961.420410    0.898387
 2962.103520    0.850571
 2962.784910    0.805109
 2963.468020    0.761683
 2964.149900    0.720391
 2964.833500    0.680971
 2965.515380    0.643539
 2966.197750    0.607888
 2966.881590    0.573898
 2967.564210    0.541631
 2968.248540    0.510877
 2968.931150    0.481721
 2969.615720    0.453943
 2970.299070    0.427610
 2970.984130    0.402551
 2971.667480    0.378830
 2972.351070    0.356320
 2973.036620    0.334917
 2973.720700    0.314677
 2974.406250    0.295464
 2975.090580    0.277304
 2975.776610    0.260074
 2976.461180    0.243812
 2977.146000    0.228430
 2977.832280    0.213864
 2978.517580    0.200127
 2979.204350    0.187134
 2979.889650    0.174901
 2980.576660    0.163340
 2981.262210    0.152470
 2981.948240    0.142224
 2982.635990    0.132559
 2983.322020    0.123491
 2984.010010    0.114944
 2984.696530    0.106934
 2985.384770    0.099396
 2986.071530    0.092340
 2986.758540    0.085723
 2987.447270    0.079510
 2988.134770    0.073705
 2988.823490    0.068265
 2989.510990    0.063190
 2990.200440    0.058436
 2990.888180    0.054012
 2991.576170    0.049884
 2992.266360    0.046024
 2992.954830    0.042440
 2993.644780    0.039100
 2994.333500    0.035999
 2995.023930    0.033112
 2995.713130    0.030437
 2996.402100    0.027958
 2997.093020    0.025654
 2997.782710    0.023525
 2998.473880    0.021552
 2999.163570    0.019732
 2999.855470    0.018045
 3000.545410    0.016495
 3001.235600    0.015064
 3001.927730    0.013743
 3002.618410    0.012530
 3003.310550    0.011413
 3004.001710    0.010388
 3004.694340    0.009445
 3005.385740    0.008582
 3006.076900    0.007792
 3006.770020    0.007067
 3007.461670    0.006405
 3008.155270    0.005798
 3008.847410    0.005246
 3009.541260    0.004741
 3010.233400    0.004282
 3010.926270    0.003864
 3011.620360    0.003483
 3012.313230    0.003138
 3013.007810    0.002823
 3013.700930    0.002539
 3014.395750    0.002280
 3015.089360    0.002047
 3015.783200    0.001836
 3016.478270    0.001644
 3017.172610    0.001472
 3017.868160    0.001316
 3018.562260    0.001176
 3019.258540    0.001050
 3019.952880    0.000937
 3020.647950    0.000834
 3021.344480    0.000743
 3022.039310    0.000661
 3022.736330    0.000587
 3023.431640    0.000522
 3024.128660    0.000463
 3024.824460    0.000410
 3025.522220    0.000362
 3026.218020    0.000321
 3026.914310    0.000284
 3027.612300    0.000251
 3028.308840    0.000221
 3029.007080    0.000195
 3029.703860    0.000172
 3030.402590    0.000151
 3031.099850    0.000133
 3031.797120    0.000116
 3032.496090    0.000102
 3033.193600    0.000090
 3033.893310    0.000078
 3034.591060    0.000069
 3035.290770    0.000060
 3035.989010    0.000052
 3036.687740    0.000046
 3037.387700    0.000040
 3038.086670    0.000034
 3038.787350    0.000031
 3039.486080    0.000026
 3040.187260    0.000023
 3040.886470    0.000020
 3041.586180    0.000017
 3042.287350    0.000015
 3042.987550    0.000012
 3043.689210    0.000011
 3044.389160    0.000010
 3045.091060    0.000009
 3045.791750    0.000007
 3046.492430    0.000006
 3047.194820    0.000006
 3047.896000    0.000005
 3048.598880    0.000004
 3049.300050    0.000003
