 2653.384280    2.235978
 2653.996340    2.298407
 2654.606690    2.361835
 2655.217290    2.426463
 2655.829830    2.492480
 2656.440670    2.559492
 2657.053220    2.627873
 2657.664550    2.697296
 2658.277340    2.768063
 2658.888920    2.839862
 2659.500730    2.912858
 2660.114010    2.987194
 2660.725830    3.062510
 2661.339360    3.139192
 2661.951660    3.216862
 2662.565430    3.295854
 2663.177980    3.375813
 2663.790530    3.456882
 2664.404790    3.539281
 2665.017820    3.622601
 2665.632320    3.707194
 2666.245610    3.792676
 2666.860350    3.879402
 2667.473880    3.966976
 2668.089110    4.055797
 2668.702880    4.145386
 2669.316890    4.235968
 2669.932370    4.327703
 2670.546630    4.420167
 2671.162350    4.513739
 2671.776860    4.607980
 2672.393070    4.703316
 2673.007810    4.799226
 2673.622560    4.895904
 2674.239260    4.993628
 2674.854490    5.091825
 2675.471190    5.190926
 2676.086670    5.290464
 2676.703860    5.390878
 2677.319580    5.491613
 2677.935550    5.592906
 2678.552980    5.694921
 2679.169190    5.797170
 2679.786870    5.900060
 2680.403560    6.003136
 2681.021480    6.106723
 2681.638430    6.210406
 2682.255370    6.314301
 2682.873780    6.418608
 2683.490970    6.522823
 2684.109860    6.627391
 2684.727290    6.731726
 2685.346440    6.836310
 2685.964110    6.940557
 2686.582030    7.044698
 2687.201660    7.148928
 2687.819820    7.252657
 2688.439450    7.356321
 2689.057860    7.459413
 2689.677980    7.562364
 2690.296880    7.664629
 2690.915770    7.766356
 2691.536380    7.867762
 2692.155270    7.968231
 2692.776370    8.068336
 2693.395750    8.167389
 2694.016850    8.265876
 2694.636720    8.363269
 2695.256590    8.459707
 2695.877930    8.555351
 2696.498050    8.649730
 2697.119870    8.743226
 2697.740480    8.835340
 2698.362550    8.926408
 2698.983400    9.015977
 2699.604250    9.104171
 2700.226810    9.191166
 2700.847900    9.276461
 2701.470700    9.360431
 2702.092040    9.442594
 2702.715330    9.523339
 2703.337160    9.602172
 2703.958980    9.679226
 2704.582520    9.754652
 2705.204830    9.828041
 2705.828370    9.899630
 2706.450930    9.969112
 2707.074950    10.036710
 2707.697750    10.102081
 2708.320800    10.165342
 2708.945310    10.226554
 2709.568360    10.285391
 2710.193360    10.342125
 2710.816650    10.396385
 2711.441890    10.448447
 2712.065670    10.497984
 2712.689450    10.545081
 2713.314940    10.589827
 2713.939210    10.631972
 2714.565190    10.671679
 2715.189450    10.708705
 2715.815670    10.743232
 2716.440430    10.775043
 2717.066890    10.804276
 2717.691890    10.830757
 2718.317140    10.854547
 2718.943850    10.875661
 2719.569340    10.893991
 2720.196530    10.909604
 2720.822270    10.922411
 2721.449710    10.932460
 2722.075680    10.939693
 2722.702150    10.944136
 2723.329830    10.945773
 2723.956300    10.944598
 2724.584470    10.940604
 2725.211430    10.933807
 2725.839600    10.924191
 2726.466800    10.911787
 2727.093990    10.896597
 2727.722900    10.878574
 2728.350340    10.857828
 2728.979490    10.834265
 2729.607420    10.808008
 2730.236820    10.778961
 2730.864750    10.747289
 2731.493160    10.712914
 2732.122800    10.675818
 2732.751460    10.636155
 2733.381590    10.593796
 2734.010500    10.548955
 2734.640870    10.501469
 2735.270020    10.451577
 2735.899410    10.399206
 2736.530270    10.344285
 2737.159670    10.287107
 2737.790770    10.227427
 2738.420650    10.165561
 2739.052250    10.101270
 2739.682370    10.034916
 2740.312500    9.966406
 2740.944340    9.895594
 2741.575200    9.822829
 2742.207280    9.747910
 2742.838130    9.671181
 2743.470460    9.592366
 2744.101560    9.511857
 2744.732910    9.429530
 2745.365970    9.345243
 2745.997310    9.259509
 2746.630860    9.171860
 2747.262700    9.082891
 2747.896000    8.992215
 2748.528080    8.900285
 2749.160640    8.806913
 2749.794430    8.712049
 2750.427000    8.616122
 2751.061280    8.518752
 2751.694090    8.420486
 2752.328610    8.320899
 2752.961910    8.220512
 2753.595210    8.119198
 2754.230220    8.016747
 2754.863770    7.913732
 2755.499020    7.809702
 2756.132810    7.705241
 2756.768550    7.599849
 2757.402590    7.494195
 2758.036870    7.388019
 2758.673100    7.281095
 2759.307620    7.174100
 2759.943850    7.066522
 2760.578860    6.958913
 2761.215330    6.850880
 2761.850590    6.742938
 2762.487550    6.634649
 2763.123050    6.526608
 2763.758790    6.418584
 2764.396000    6.310423
 2765.031980    6.202640
 2765.669430    6.094831
 2766.305910    5.987461
 2766.943600    5.880214
 2767.580320    5.773510
 2768.216800    5.667274
 2768.855220    5.561190
 2769.492190    5.455872
 2770.130860    5.350843
 2770.768070    5.246670
 2771.407230    5.142837
 2772.044680    5.039982
 2772.682130    4.937867
 2773.321780    4.836182
 2773.959720    4.735587
 2774.599370    4.635580
 2775.237550    4.536692
 2775.877690    4.438429
 2776.516360    4.341348
 2777.155030    4.245253
 2777.795170    4.149956
 2778.434330    4.055851
 2779.074950    3.962605
 2779.714360    3.870636
 2780.355470    3.779545
 2780.995120    3.689806
 2781.634770    3.601232
 2782.276120    3.513608
 2782.916260    3.427354
 2783.558110    3.342093
 2784.198490    3.258264
 2784.840330    3.175495
 2785.480960    3.094146
 2786.121830    3.014039
 2786.764400    2.935007
 2787.405270    2.857479
 2788.048100    2.781018
 2788.689450    2.706040
 2789.332520    2.632180
 2789.974370    2.559777
 2790.615970    2.488720
 2791.259770    2.418747
 2791.901610    2.350309
 2792.545410    2.282988
 2793.187990    2.217117
 2793.832030    2.152419
 2794.474850    2.089159
 2795.117680    2.027210
 2795.762210    1.966406
 2796.405520    1.907019
 2797.050290    1.848792
 2797.693600    1.791984
 2798.338870    1.736283
 2798.982420    1.681998
 2799.626460    1.628929
 2800.272220    1.576971
 2800.916260    1.526385
 2801.562260    1.476873
 2802.206790    1.428685
 2802.852780    1.381589
 2803.497560    1.335766
 2804.142580    1.291095
 2804.789310    1.247464
 2805.434330    1.205090
 2806.081300    1.163714
 2806.726810    1.123542
 2807.374020    1.084359
 2808.020020    1.046328
 2808.666020    1.009354
 2809.313480    0.973341
 2809.959960    0.938409
 2810.607910    0.904407
 2811.254390    0.871472
 2811.902830    0.839412
 2812.549560    0.808391
 2813.198240    0.778213
 2813.845210    0.749032
 2814.492680    0.720728
 2815.141600    0.693243
 2815.789310    0.666672
 2816.438720    0.640877
 2817.086430    0.615975
 2817.736080    0.591808
 2818.384520    0.568476
 2819.032710    0.545922
 2819.682620    0.524063
 2820.331300    0.502980
 2820.981930    0.482553
 2821.630620    0.462886
 2822.281490    0.443835
 2822.930660    0.425499
 2823.580080    0.407802
 2824.231200    0.390689
 2824.880860    0.374228
 2825.532230    0.358321
 2826.182370    0.343023
 2826.833980    0.328257
 2827.484380    0.314065
 2828.134770    0.300404
 2828.786870    0.287225
 2829.437740    0.274570
 2830.090090    0.262375
 2830.741210    0.250673
 2831.394040    0.239399
 2832.045410    0.228592
 2832.697020    0.218209
 2833.350100    0.208219
 2834.001950    0.198648
 2834.655520    0.189442
 2835.307620    0.180632
 2835.961180    0.172165
 2836.613770    0.164062
 2837.266360    0.156297
 2837.920410    0.148842
 2838.573490    0.141713
 2839.228030    0.134874
 2839.881100    0.128345
 2840.535890    0.122081
 2841.189450    0.116101
 2841.843020    0.110384
 2842.498540    0.104904
 2843.152340    0.099681
 2843.807860    0.094680
 2844.462160    0.089913
 2845.118160    0.085351
 2845.772710    0.081007
 2846.427250    0.076863
 2847.083740    0.072900
 2847.738770    0.069130
 2848.395260    0.065529
 2849.050540    0.062104
 2849.707760    0.058833
 2850.363280    0.055726
 2851.018800    0.052770
 2851.676270    0.049947
 2852.332280    0.047268
 2852.989990    0.044715
 2853.646480    0.042292
 2854.304440    0.039983
 2854.960940    0.037795
 2855.617920    0.035716
 2856.276370    0.033737
 2856.933350    0.031863
 2857.592290    0.030080
 2858.249760    0.028392
 2858.908940    0.026788
 2859.566650    0.025270
 2860.224370    0.023831
 2860.883790    0.022466
 2861.541750    0.021174
 2862.201900    0.019949
 2862.860350    0.018791
 2863.520510    0.017694
 2864.179200    0.016657
 2864.839840    0.015674
 2865.498780    0.014748
 2866.157960    0.013871
 2866.818850    0.013041
 2867.478520    0.012259
 2868.139650    0.011520
 2868.799320    0.010823
 2869.460940    0.010163
 2870.121090    0.009543
 2870.781490    0.008958
 2871.443360    0.008405
 2872.103760    0.007885
 2872.766360    0.007394
 2873.427000    0.006932
 2874.089600    0.006496
 2874.750730    0.006087
 2875.412110    0.005702
 2876.075440    0.005340
 2876.736820    0.004999
 2877.400390    0.004678
 2878.062260    0.004376
 2878.725830    0.004093
 2879.388180    0.003827
 2880.050540    0.003578
 2880.714600    0.003344
 2881.377440    0.003123
 2882.041750    0.002917
 2882.704830    0.002724
 2883.369380    0.002542
 2884.032960    0.002372
 2884.696530    0.002213
 2885.361330    0.002064
 2886.025390    0.001924
 2886.690920    0.001793
 2887.354980    0.001671
 2888.020510    0.001556
 2888.685060    0.001449
 2889.349610    0.001349
 2890.015870    0.001255
 2890.680910    0.001168
 2891.347410    0.001086
 2892.012700    0.001010
 2892.679200    0.000938
 2893.344970    0.000873
 2894.010500    0.000811
 2894.677730    0.000752
 2895.343510    0.000699
 2896.011470    0.000649
 2896.677490    0.000602
 2897.345460    0.000558
 2898.011960    0.000518
 2898.678960    0.000480
 2899.347170    0.000444
 2900.014160    0.000412
 2900.682860    0.000381
 2901.350100    0.000354
 2902.019530    0.000327
 2902.687010    0.000302
 2903.354740    0.000280
 2904.024410    0.000259
 2904.692380    0.000239
 2905.361820    0.000221
 2906.030520    0.000204
 2906.700680    0.000189
 2907.369140    0.000175
 2908.038090    0.000161
 2908.708500    0.000149
 2909.377930    0.000137
 2910.048830    0.000127
 2910.718260    0.000116
 2911.389650    0.000108
 2912.059330    0.000099
 2912.729250    0.000092
 2913.400630    0.000084
 2914.070800    0.000077
 2914.742920    0.000072
 2915.413570    0.000066
 2916.085690    0.000060
 2916.756590    0.000055
 2917.429200    0.000051
 2918.100340    0.000047
 2918.771730    0.000043
 2919.444580    0.000039
 2920.116210    0.000036
 2920.789550    0.000033
 2921.461670    0.000031
 2922.135500    0.000028
 2922.807370    0.000026
 2923.479740    0.000024
 2924.154050    0.000022
 2924.826660    0.000020
 2925.500980    0.000018
 2926.174070    0.000016
 2926.848880    0.000015
 2927.522220    0.000014
 2928.195800    0.000012
 2928.870850    0.000011
 2929.544920    0.000010
 2930.220460    0.000010
 2930.894530    0.000009
 2931.570310    0.000009
 2932.244630    0.000008
 2932.919190    0.000007
 2933.595700    0.000006
 2934.270260    0.000006
 2934.947270    0.000005
 2935.622310    0.000005
 2936.299070    0.000004
 2936.974850    0.000004
 2937.650390    0.000004
 2938.327880    0.000003
 2939.003660    0.000003
 2939.681400    0.000003
 2940.357670    0.000003
 2941.035640    0.000002
 2941.712160    0.000002
 2942.389160    0.000002
 2943.067630    0.000002
 2943.744630    0.000002
 2944.423580    0.000001
 2945.100830    0.000001
 2945.780030    0.000001
 2946.457760    0.000001
 2947.135500    0.000001
 2947.815190    0.000001
 2948.493410    0.000001
 2949.173100    0.000001
 2949.851560    0.000001
 2950.531980    0.000001
 2951.210450    0.000001
 2951.889650    0.000000
 2952.570070    0.000000
 2953.249270    0.000000
 2953.930660    0.000000
 2954.610110    0.000000
 2955.291500    0.000000
 2955.971190    0.000000
 2956.651120    0.000000
 2957.333010    0.000000
 2958.013180    0.000000
 2958.695560    0.000000
 2959.376220    0.000000
 2960.058350    0.000000
 2960.739500    0.000000
 2961.420410    0.000000
 2962.103520    0.000000
 2962.784910    0.000000
 2963.468020    0.000000
 2964.149900    0.000000
 2964.833500    0.000000
 2965.515380    0.000000
 2966.197750    0.000000
 2966.881590    0.000000
 2967.564210    0.000000
 2968.248540    0.000000
 2968.931150    0.000000
 2969.615720    0.000000
 2970.299070    0.000000
 2970.984130    0.000000
 2971.667480    0.000000
 2972.351070    0.000000
 2973.036620    0.000000
 2973.720700    0.000000
 2974.406250    0.000000
 2975.090580    0.000000
 2975.776610    0.000000
 2976.461180    0.000000
 2977.146000    0.000000
 2977.832280    0.000000
 2978.517580    0.000000
 2979.204350    0.000000
 2979.889650    0.000000
 2980.576660    0.000000
 2981.262210    0.000000
 2981.948240    0.000000
 2982.635990    0.000000
 2983.322020    0.000000
 2984.010010    0.000000
 2984.696530    0.000000
 2985.384770    0.000000
 2986.071530    0.000000
 2986.758540    0.000000
 2987.447270    0.000000
 2988.134770    0.000000
 2988.823490    0.000000
 2989.510990    0.000000
 2990.200440    0.000000
 2990.888180    0.000000
 2991.576170    0.000000
 2992.266360    0.000000
 2992.954830    0.000000
 2993.644780    0.000000
 2994.333500    0.000000
 2995.023930    0.000000
 2995.713130    0.000000
 2996.402100    0.000000
 2997.093020    0.000000
 2997.782710    0.000000
 2998.473880    0.000000
 2999.163570    0.000000
 2999.855470    0.000000
 3000.545410    0.000000
 3001.235600    0.000000
 3001.927730    0.000000
 3002.618410    0.000000
 3003.310550    0.000000
 3004.001710    0.000000
 3004.694340    0.000000
 3005.385740    0.000000
 3006.076900    0.000000
 3006.770020    0.000000
 3007.461670    0.000000
 3008.155270    0.000000
 3008.847410    0.000000
 3009.541260    0.000000
 3010.233400    0.000000
 3010.926270    0.000000
 3011.620360    0.000000
 3012.313230    0.000000
 3013.007810    0.000000
 3013.700930    0.000000
 3014.395750    0.000000
 3015.089360    0.000000
 3015.783200    0.000000
 3016.478270    0.000000
 3017.172610    0.000000
 3017.868160    0.000000
 3018.562260    0.000000
 3019.258540    0.000000
 3019.952880    0.000000
 3020.647950    0.000000
 3021.344480    0.000000
 3022.039310    0.000000
 3022.736330    0.000000
 3023.431640    0.000000
 3024.128660    0.000000
 3024.824460    0.000000
 3025.522220    0.000000
 3026.218020    0.000000
 3026.914310    0.000000
 3027.612300    0.000000
 3028.308840    0.000000
 3029.007080    0.000000
 3029.703860    0.000000
 3030.402590    0.000000
 3031.099850    0.000000
 3031.797120    0.000000
 3032.496090    0.000000
 3033.193600    0.000000
 3033.893310    0.000000
 3034.591060    0.000000
 3035.290770    0.000000
 3035.989010    0.000000
 3036.687740    0.000000
 3037.387700    0.000000
 3038.086670    0.000000
 3038.787350    0.000000
 3039.486080    0.000000
 3040.187260    0.000000
 3040.886470    0.000000
 3041.586180    0.000000
 3042.287350    0.000000
 3042.987550    0.000000
 3043.689210    0.000000
 3044.389160    0.000000
 3045.091060    0.000000
 3045.791750    0.000000
 3046.492430    0.000000
 3047.194820    0.000000
 3047.896000    0.000000
 3048.598880    0.000000
 3049.300050    0.000000
