 2653.384280    0.000012
 2653.996340    0.000014
 2654.606690    0.000017
 2655.217290    0.000020
 2655.829830    0.000024
 2656.440670    0.000029
 2657.053220    0.000033
 2657.664550    0.000039
 2658.277340    0.000046
 2658.888920    0.000053
 2659.500730    0.000062
 2660.114010    0.000072
 2660.725830    0.000084
 2661.339360    0.000097
 2661.951660    0.000113
 2662.565430    0.000131
 2663.177980    0.000151
 2663.790530    0.000173
 2664.404790    0.000198
 2665.017820    0.000227
 2665.632320    0.000259
 2666.245610    0.000296
 2666.860350    0.000337
 2667.473880    0.000383
 2668.089110    0.000434
 2668.702880    0.000491
 2669.316890    0.000555
 2669.932370    0.000627
 2670.546630    0.000705
 2671.162350    0.000792
 2671.776860    0.000887
 2672.393070    0.000993
 2673.007810    0.001108
 2673.622560    0.001234
 2674.239260    0.001373
 2674.854490    0.001524
 2675.471190    0.001689
 2676.086670    0.001867
 2676.703860    0.002061
 2677.319580    0.002270
 2677.935550    0.002496
 2678.552980    0.002739
 2679.169190    0.002999
 2679.786870    0.003279
 2680.403560    0.003577
 2681.021480    0.003897
 2681.638430    0.004235
 2682.255370    0.004596
 2682.873780    0.004978
 2683.490970    0.005382
 2684.109860    0.005809
 2684.727290    0.006257
 2685.346440    0.006730
 2685.964110    0.007225
 2686.582030    0.007744
 2687.201660    0.008287
 2687.819820    0.008854
 2688.439450    0.009446
 2689.057860    0.010062
 2689.677980    0.010704
 2690.296880    0.011371
 2690.915770    0.012063
 2691.536380    0.012784
 2692.155270    0.013531
 2692.776370    0.014310
 2693.395750    0.015118
 2694.016850    0.015962
 2694.636720    0.016840
 2695.256590    0.017757
 2695.877930    0.018721
 2696.498050    0.019732
 2697.119870    0.020800
 2697.740480    0.021928
 2698.362550    0.023129
 2698.983400    0.024409
 2699.604250    0.025782
 2700.226810    0.027264
 2700.847900    0.028864
 2701.470700    0.030608
 2702.092040    0.032510
 2702.715330    0.034601
 2703.337160    0.036899
 2703.958980    0.039438
 2704.582520    0.042261
 2705.204830    0.045393
 2705.828370    0.048891
 2706.450930    0.052793
 2707.074950    0.057166
 2707.697750    0.062056
 2708.320800    0.067539
 2708.945310    0.073707
 2709.568360    0.080611
 2710.193360    0.088387
 2710.816650    0.097089
 2711.441890    0.106883
 2712.065670    0.117843
 2712.689450    0.130125
 2713.314940    0.143920
 2713.939210    0.159327
 2714.565190    0.176600
 2715.189450    0.195838
 2715.815670    0.217370
 2716.440430    0.241308
 2717.066890    0.268025
 2717.691890    0.297656
 2718.317140    0.330560
 2718.943850    0.367125
 2719.569340    0.407528
 2720.196530    0.452320
 2720.822270    0.501654
 2721.449710    0.556186
 2722.075680    0.616068
 2722.702150    0.681924
 2723.329830    0.754327
 2723.956300    0.833492
 2724.584470    0.920318
 2725.211430    1.014946
 2725.839600    1.118306
 2726.466800    1.230618
 2727.093990    1.352627
 2727.722900    1.485312
 2728.350340    1.628625
 2728.979490    1.783920
 2729.607420    1.951114
 2730.236820    2.131553
 2730.864750    2.325013
 2731.493160    2.532668
 2732.122800    2.755404
 2732.751460    2.993016
 2733.381590    3.246978
 2734.010500    3.516708
 2734.640870    3.803821
 2735.270020    4.107498
 2735.899410    4.428746
 2736.530270    4.768526
 2737.159670    5.125453
 2737.790770    5.501448
 2738.420650    5.894805
 2739.052250    6.307292
 2739.682370    6.736661
 2740.312500    7.183550
 2740.944340    7.648821
 2741.575200    8.129985
 2742.207280    8.628054
 2742.838130    9.140301
 2743.470460    9.667973
 2744.101560    10.207761
 2744.732910    10.759676
 2745.365970    11.323701
 2745.997310    11.895303
 2746.630860    12.476408
 2747.262700    13.061700
 2747.896000    13.652247
 2748.528080    14.243574
 2749.160640    14.835201
 2749.794430    15.425635
 2750.427000    16.010357
 2751.061280    16.589739
 2751.694090    17.158516
 2752.328610    17.717113
 2752.961910    18.260513
 2753.595210    18.787378
 2754.230220    19.296637
 2754.863770    19.783348
 2755.499020    20.247601
 2756.132810    20.684793
 2756.768550    21.095076
 2757.402590    21.473995
 2758.036870    21.820885
 2758.673100    22.134695
 2759.307620    22.411955
 2759.943850    22.652672
 2760.578860    22.854402
 2761.215330    23.016872
 2761.850590    23.138481
 2762.487550    23.219063
 2763.123050    23.257732
 2763.758790    23.254482
 2764.396000    23.209135
 2765.031980    23.122080
 2765.669430    22.993378
 2766.305910    22.824143
 2766.943600    22.614670
 2767.580320    22.366756
 2768.216800    22.081528
 2768.855220    21.759340
 2769.492190    21.403545
 2770.130860    21.014191
 2770.768070    20.595165
 2771.407230    20.146297
 2772.044680    19.672367
 2772.682130    19.174515
 2773.321780    18.653297
 2773.959720    18.114323
 2774.599370    17.557192
 2775.237550    16.987164
 2775.877690    16.403685
 2776.516360    15.812344
 2777.155030    15.214266
 2777.795170    14.610462
 2778.434330    14.005568
 2779.074950    13.399532
 2779.714360    12.797058
 2780.355470    12.197453
 2780.995120    11.605631
 2781.634770    11.022028
 2782.276120    10.446810
 2782.916260    9.884163
 2783.558110    9.332942
 2784.198490    8.797144
 2784.840330    8.275438
 2785.480960    7.770989
 2786.121830    7.283435
 2786.764400    6.812429
 2787.405270    6.361026
 2788.048100    5.927072
 2788.689450    5.513185
 2789.332520    5.117494
 2789.974370    4.741873
 2790.615970    4.385631
 2791.259770    4.047342
 2791.901610    3.728952
 2792.545410    3.428192
 2793.187990    3.146175
 2793.832030    2.881260
 2794.474850    2.634038
 2795.117680    2.403414
 2795.762210    2.188227
 2796.405520    1.988826
 2797.050290    1.803709
 2797.693600    1.633028
 2798.338870    1.475187
 2798.982420    1.330379
 2799.626460    1.197367
 2800.272220    1.075253
 2800.916260    0.963986
 2801.562260    0.862260
 2802.206790    0.769956
 2802.852780    0.686008
 2803.497560    0.610148
 2804.142580    0.541589
 2804.789310    0.479634
 2805.434330    0.424067
 2806.081300    0.374056
 2806.726810    0.329385
 2807.374020    0.289375
 2808.020020    0.253784
 2808.666020    0.222129
 2809.313480    0.193975
 2809.959960    0.169087
 2810.607910    0.147053
 2811.254390    0.127674
 2811.902830    0.110579
 2812.549560    0.095617
 2813.198240    0.082478
 2813.845210    0.071029
 2814.492680    0.061038
 2815.141600    0.052329
 2815.789310    0.044785
 2816.438720    0.038236
 2817.086430    0.032591
 2817.736080    0.027710
 2818.384520    0.023520
 2819.032710    0.019923
 2819.682620    0.016835
 2820.331300    0.014201
 2820.981930    0.011949
 2821.630620    0.010037
 2822.281490    0.008410
 2822.930660    0.007035
 2823.580080    0.005873
 2824.231200    0.004890
 2824.880860    0.004066
 2825.532230    0.003370
 2826.182370    0.002790
 2826.833980    0.002304
 2827.484380    0.001899
 2828.134770    0.001562
 2828.786870    0.001282
 2829.437740    0.001049
 2830.090090    0.000857
 2830.741210    0.000699
 2831.394040    0.000568
 2832.045410    0.000462
 2832.697020    0.000374
 2833.350100    0.000302
 2834.001950    0.000244
 2834.655520    0.000196
 2835.307620    0.000157
 2835.961180    0.000127
 2836.613770    0.000101
 2837.266360    0.000081
 2837.920410    0.000064
 2838.573490    0.000051
 2839.228030    0.000040
 2839.881100    0.000032
 2840.535890    0.000026
 2841.189450    0.000020
 2841.843020    0.000015
 2842.498540    0.000012
 2843.152340    0.000010
 2843.807860    0.000008
 2844.462160    0.000006
 2845.118160    0.000005
 2845.772710    0.000004
 2846.427250    0.000003
 2847.083740    0.000002
 2847.738770    0.000002
 2848.395260    0.000001
 2849.050540    0.000001
 2849.707760    0.000001
 2850.363280    0.000001
 2851.018800    0.000000
 2851.676270    0.000000
 2852.332280    0.000000
 2852.989990    0.000000
 2853.646480    0.000000
 2854.304440    0.000000
 2854.960940    0.000000
 2855.617920    0.000000
 2856.276370    0.000000
 2856.933350    0.000000
 2857.592290    0.000000
 2858.249760    0.000000
 2858.908940    0.000000
 2859.566650    0.000000
 2860.224370    0.000000
 2860.883790    0.000000
 2861.541750    0.000000
 2862.201900    0.000000
 2862.860350    0.000000
 2863.520510    0.000000
 2864.179200    0.000000
 2864.839840    0.000000
 2865.498780    0.000000
 2866.157960    0.000000
 2866.818850    0.000000
 2867.478520    0.000000
 2868.139650    0.000000
 2868.799320    0.000000
 2869.460940    0.000000
 2870.121090    0.000000
 2870.781490    0.000000
 2871.443360    0.000000
 2872.103760    0.000000
 2872.766360    0.000000
 2873.427000    0.000000
 2874.089600    0.000000
 2874.750730    0.000000
 2875.412110    0.000000
 2876.075440    0.000000
 2876.736820    0.000000
 2877.400390    0.000000
 2878.062260    0.000000
 2878.725830    0.000000
 2879.388180    0.000000
 2880.050540    0.000000
 2880.714600    0.000000
 2881.377440    0.000000
 2882.041750    0.000000
 2882.704830    0.000000
 2883.369380    0.000000
 2884.032960    0.000000
 2884.696530    0.000000
 2885.361330    0.000000
 2886.025390    0.000000
 2886.690920    0.000000
 2887.354980    0.000000
 2888.020510    0.000000
 2888.685060    0.000000
 2889.349610    0.000000
 2890.015870    0.000000
 2890.680910    0.000000
 2891.347410    0.000000
 2892.012700    0.000000
 2892.679200    0.000000
 2893.344970    0.000000
 2894.010500    0.000000
 2894.677730    0.000000
 2895.343510    0.000000
 2896.011470    0.000000
 2896.677490    0.000000
 2897.345460    0.000000
 2898.011960    0.000000
 2898.678960    0.000000
 2899.347170    0.000000
 2900.014160    0.000000
 2900.682860    0.000000
 2901.350100    0.000000
 2902.019530    0.000000
 2902.687010    0.000000
 2903.354740    0.000000
 2904.024410    0.000000
 2904.692380    0.000000
 2905.361820    0.000000
 2906.030520    0.000000
 2906.700680    0.000000
 2907.369140    0.000000
 2908.038090    0.000000
 2908.708500    0.000000
 2909.377930    0.000000
 2910.048830    0.000000
 2910.718260    0.000000
 2911.389650    0.000000
 2912.059330    0.000000
 2912.729250    0.000000
 2913.400630    0.000000
 2914.070800    0.000000
 2914.742920    0.000000
 2915.413570    0.000000
 2916.085690    0.000000
 2916.756590    0.000000
 2917.429200    0.000000
 2918.100340    0.000000
 2918.771730    0.000000
 2919.444580    0.000000
 2920.116210    0.000000
 2920.789550    0.000000
 2921.461670    0.000000
 2922.135500    0.000000
 2922.807370    0.000000
 2923.479740    0.000000
 2924.154050    0.000000
 2924.826660    0.000000
 2925.500980    0.000000
 2926.174070    0.000000
 2926.848880    0.000000
 2927.522220    0.000000
 2928.195800    0.000000
 2928.870850    0.000000
 2929.544920    0.000000
 2930.220460    0.000000
 2930.894530    0.000000
 2931.570310    0.000000
 2932.244630    0.000000
 2932.919190    0.000000
 2933.595700    0.000000
 2934.270260    0.000000
 2934.947270    0.000000
 2935.622310    0.000000
 2936.299070    0.000000
 2936.974850    0.000000
 2937.650390    0.000000
 2938.327880    0.000000
 2939.003660    0.000000
 2939.681400    0.000000
 2940.357670    0.000000
 2941.035640    0.000000
 2941.712160    0.000000
 2942.389160    0.000000
 2943.067630    0.000000
 2943.744630    0.000000
 2944.423580    0.000000
 2945.100830    0.000000
 2945.780030    0.000000
 2946.457760    0.000000
 2947.135500    0.000000
 2947.815190    0.000000
 2948.493410    0.000000
 2949.173100    0.000000
 2949.851560    0.000000
 2950.531980    0.000000
 2951.210450    0.000000
 2951.889650    0.000000
 2952.570070    0.000000
 2953.249270    0.000000
 2953.930660    0.000000
 2954.610110    0.000000
 2955.291500    0.000000
 2955.971190    0.000000
 2956.651120    0.000000
 2957.333010    0.000000
 2958.013180    0.000000
 2958.695560    0.000000
 2959.376220    0.000000
 2960.058350    0.000000
 2960.739500    0.000000
 2961.420410    0.000000
 2962.103520    0.000000
 2962.784910    0.000000
 2963.468020    0.000000
 2964.149900    0.000000
 2964.833500    0.000000
 2965.515380    0.000000
 2966.197750    0.000000
 2966.881590    0.000000
 2967.564210    0.000000
 2968.248540    0.000000
 2968.931150    0.000000
 2969.615720    0.000000
 2970.299070    0.000000
 2970.984130    0.000000
 2971.667480    0.000000
 2972.351070    0.000000
 2973.036620    0.000000
 2973.720700    0.000000
 2974.406250    0.000000
 2975.090580    0.000000
 2975.776610    0.000000
 2976.461180    0.000000
 2977.146000    0.000000
 2977.832280    0.000000
 2978.517580    0.000000
 2979.204350    0.000000
 2979.889650    0.000000
 2980.576660    0.000000
 2981.262210    0.000000
 2981.948240    0.000000
 2982.635990    0.000000
 2983.322020    0.000000
 2984.010010    0.000000
 2984.696530    0.000000
 2985.384770    0.000000
 2986.071530    0.000000
 2986.758540    0.000000
 2987.447270    0.000000
 2988.134770    0.000000
 2988.823490    0.000000
 2989.510990    0.000000
 2990.200440    0.000000
 2990.888180    0.000000
 2991.576170    0.000000
 2992.266360    0.000000
 2992.954830    0.000000
 2993.644780    0.000000
 2994.333500    0.000000
 2995.023930    0.000000
 2995.713130    0.000000
 2996.402100    0.000000
 2997.093020    0.000000
 2997.782710    0.000000
 2998.473880    0.000000
 2999.163570    0.000000
 2999.855470    0.000000
 3000.545410    0.000000
 3001.235600    0.000000
 3001.927730    0.000000
 3002.618410    0.000000
 3003.310550    0.000000
 3004.001710    0.000000
 3004.694340    0.000000
 3005.385740    0.000000
 3006.076900    0.000000
 3006.770020    0.000000
 3007.461670    0.000000
 3008.155270    0.000000
 3008.847410    0.000000
 3009.541260    0.000000
 3010.233400    0.000000
 3010.926270    0.000000
 3011.620360    0.000000
 3012.313230    0.000000
 3013.007810    0.000000
 3013.700930    0.000000
 3014.395750    0.000000
 3015.089360    0.000000
 3015.783200    0.000000
 3016.478270    0.000000
 3017.172610    0.000000
 3017.868160    0.000000
 3018.562260    0.000000
 3019.258540    0.000000
 3019.952880    0.000000
 3020.647950    0.000000
 3021.344480    0.000000
 3022.039310    0.000000
 3022.736330    0.000000
 3023.431640    0.000000
 3024.128660    0.000000
 3024.824460    0.000000
 3025.522220    0.000000
 3026.218020    0.000000
 3026.914310    0.000000
 3027.612300    0.000000
 3028.308840    0.000000
 3029.007080    0.000000
 3029.703860    0.000000
 3030.402590    0.000000
 3031.099850    0.000000
 3031.797120    0.000000
 3032.496090    0.000000
 3033.193600    0.000000
 3033.893310    0.000000
 3034.591060    0.000000
 3035.290770    0.000000
 3035.989010    0.000000
 3036.687740    0.000000
 3037.387700    0.000000
 3038.086670    0.000000
 3038.787350    0.000000
 3039.486080    0.000000
 3040.187260    0.000000
 3040.886470    0.000000
 3041.586180    0.000000
 3042.287350    0.000000
 3042.987550    0.000000
 3043.689210    0.000000
 3044.389160    0.000000
 3045.091060    0.000000
 3045.791750    0.000000
 3046.492430    0.000000
 3047.194820    0.000000
 3047.896000    0.000000
 3048.598880    0.000000
 3049.300050    0.000000
