 2653.384280    0.000000
 2653.996340    0.000000
 2654.606690    0.000000
 2655.217290    0.000000
 2655.829830    0.000000
 2656.440670    0.000000
 2657.053220    0.000000
 2657.664550    0.000000
 2658.277340    0.000000
 2658.888920    0.000000
 2659.500730    0.000000
 2660.114010    0.000000
 2660.725830    0.000000
 2661.339360    0.000000
 2661.951660    0.000000
 2662.565430    0.000000
 2663.177980    0.000000
 2663.790530    0.000000
 2664.404790    0.000000
 2665.017820    0.000000
 2665.632320    0.000000
 2666.245610    0.000000
 2666.860350    0.000000
 2667.473880    0.000000
 2668.089110    0.000000
 2668.702880    0.000000
 2669.316890    0.000000
 2669.932370    0.000000
 2670.546630    0.000000
 2671.162350    0.000000
 2671.776860    0.000000
 2672.393070    0.000000
 2673.007810    0.000000
 2673.622560    0.000000
 2674.239260    0.000000
 2674.854490    0.000000
 2675.471190    0.000000
 2676.086670    0.000000
 2676.703860    0.000000
 2677.319580    0.000000
 2677.935550    0.000000
 2678.552980    0.000000
 2679.169190    0.000000
 2679.786870    0.000000
 2680.403560    0.000000
 2681.021480    0.000000
 2681.638430    0.000000
 2682.255370    0.000000
 2682.873780    0.000000
 2683.490970    0.000000
 2684.109860    0.000000
 2684.727290    0.000000
 2685.346440    0.000000
 2685.964110    0.000000
 2686.582030    0.000000
 2687.201660    0.000000
 2687.819820    0.000000
 2688.439450    0.000000
 2689.057860    0.000000
 2689.677980    0.000000
 2690.296880    0.000000
 2690.915770    0.000000
 2691.536380    0.000000
 2692.155270    0.000000
 2692.776370    0.000000
 2693.395750    0.000000
 2694.016850    0.000000
 2694.636720    0.000000
 2695.256590    0.000000
 2695.877930    0.000000
 2696.498050    0.000000
 2697.119870    0.000000
 2697.740480    0.000000
 2698.362550    0.000000
 2698.983400    0.000000
 2699.604250    0.000000
 2700.226810    0.000000
 2700.847900    0.000000
 2701.470700    0.000000
 2702.092040    0.000000
 2702.715330    0.000000
 2703.337160    0.000000
 2703.958980    0.000000
 2704.582520    0.000000
 2705.204830    0.000000
 2705.828370    0.000000
 2706.450930    0.000000
 2707.074950    0.000000
 2707.697750    0.000000
 2708.320800    0.000000
 2708.945310    0.000000
 2709.568360    0.000000
 2710.193360    0.000000
 2710.816650    0.000000
 2711.441890    0.000000
 2712.065670    0.000000
 2712.689450    0.000000
 2713.314940    0.000000
 2713.939210    0.000000
 2714.565190    0.000000
 2715.189450    0.000000
 2715.815670    0.000000
 2716.440430    0.000000
 2717.066890    0.000000
 2717.691890    0.000000
 2718.317140    0.000000
 2718.943850    0.000000
 2719.569340    0.000000
 2720.196530    0.000000
 2720.822270    0.000000
 2721.449710    0.000000
 2722.075680    0.000000
 2722.702150    0.000000
 2723.329830    0.000000
 2723.956300    0.000000
 2724.584470    0.000000
 2725.211430    0.000000
 2725.839600    0.000000
 2726.466800    0.000000
 2727.093990    0.000000
 2727.722900    0.000000
 2728.350340    0.000000
 2728.979490    0.000000
 2729.607420    0.000000
 2730.236820    0.000000
 2730.864750    0.000000
 2731.493160    0.000000
 2732.122800    0.000000
 2732.751460    0.000000
 2733.381590    0.000000
 2734.010500    0.000000
 2734.640870    0.000000
 2735.270020    0.000000
 2735.899410    0.000000
 2736.530270    0.000000
 2737.159670    0.000000
 2737.790770    0.000000
 2738.420650    0.000000
 2739.052250    0.000000
 2739.682370    0.000000
 2740.312500    0.000000
 2740.944340    0.000000
 2741.575200    0.000000
 2742.207280    0.000000
 2742.838130    0.000000
 2743.470460    0.000000
 2744.101560    0.000000
 2744.732910    0.000000
 2745.365970    0.000000
 2745.997310    0.000000
 2746.630860    0.000000
 2747.262700    0.000000
 2747.896000    0.000000
 2748.528080    0.000000
 2749.160640    0.000000
 2749.794430    0.000000
 2750.427000    0.000000
 2751.061280    0.000000
 2751.694090    0.000000
 2752.328610    0.000000
 2752.961910    0.000000
 2753.595210    0.000000
 2754.230220    0.000000
 2754.863770    0.000000
 2755.499020    0.000000
 2756.132810    0.000000
 2756.768550    0.000000
 2757.402590    0.000000
 2758.036870    0.000000
 2758.673100    0.000000
 2759.307620    0.000000
 2759.943850    0.000000
 2760.578860    0.000000
 2761.215330    0.000000
 2761.850590    0.000000
 2762.487550    0.000000
 2763.123050    0.000000
 2763.758790    0.000000
 2764.396000    0.000000
 2765.031980    0.000000
 2765.669430    0.000000
 2766.305910    0.000000
 2766.943600    0.000000
 2767.580320    0.000000
 2768.216800    0.000000
 2768.855220    0.000000
 2769.492190    0.000000
 2770.130860    0.000000
 2770.768070    0.000000
 2771.407230    0.000000
 2772.044680    0.000000
 2772.682130    0.000000
 2773.321780    0.000000
 2773.959720    0.000000
 2774.599370    0.000000
 2775.237550    0.000000
 2775.877690    0.000000
 2776.516360    0.000000
 2777.155030    0.000000
 2777.795170    0.000000
 2778.434330    0.000000
 2779.074950    0.000000
 2779.714360    0.000000
 2780.355470    0.000000
 2780.995120    0.000000
 2781.634770    0.000000
 2782.276120    0.000000
 2782.916260    0.000000
 2783.558110    0.000000
 2784.198490    0.000000
 2784.840330    0.000000
 2785.480960    0.000000
 2786.121830    0.000000
 2786.764400    0.000000
 2787.405270    0.000000
 2788.048100    0.000000
 2788.689450    0.000000
 2789.332520    0.000000
 2789.974370    0.000000
 2790.615970    0.000000
 2791.259770    0.000000
 2791.901610    0.000000
 2792.545410    0.000000
 2793.187990    0.000000
 2793.832030    0.000000
 2794.474850    0.000000
 2795.117680    0.000000
 2795.762210    0.000000
 2796.405520    0.000000
 2797.050290    0.000000
 2797.693600    0.000000
 2798.338870    0.000000
 2798.982420    0.000000
 2799.626460    0.000000
 2800.272220    0.000000
 2800.916260    0.000000
 2801.562260    0.000000
 2802.206790    0.000000
 2802.852780    0.000000
 2803.497560    0.000000
 2804.142580    0.000000
 2804.789310    0.000000
 2805.434330    0.000000
 2806.081300    0.000000
 2806.726810    0.000000
 2807.374020    0.000000
 2808.020020    0.000000
 2808.666020    0.000000
 2809.313480    0.000000
 2809.959960    0.000001
 2810.607910    0.000001
 2811.254390    0.000001
 2811.902830    0.000001
 2812.549560    0.000001
 2813.198240    0.000001
 2813.845210    0.000001
 2814.492680    0.000002
 2815.141600    0.000002
 2815.789310    0.000002
 2816.438720    0.000002
 2817.086430    0.000003
 2817.736080    0.000003
 2818.384520    0.000004
 2819.032710    0.000004
 2819.682620    0.000005
 2820.331300    0.000006
 2820.981930    0.000007
 2821.630620    0.000008
 2822.281490    0.000009
 2822.930660    0.000010
 2823.580080    0.000011
 2824.231200    0.000013
 2824.880860    0.000015
 2825.532230    0.000018
 2826.182370    0.000020
 2826.833980    0.000024
 2827.484380    0.000027
 2828.134770    0.000031
 2828.786870    0.000035
 2829.437740    0.000040
 2830.090090    0.000047
 2830.741210    0.000053
 2831.394040    0.000061
 2832.045410    0.000070
 2832.697020    0.000079
 2833.350100    0.000091
 2834.001950    0.000103
 2834.655520    0.000117
 2835.307620    0.000134
 2835.961180    0.000153
 2836.613770    0.000173
 2837.266360    0.000196
 2837.920410    0.000223
 2838.573490    0.000254
 2839.228030    0.000287
 2839.881100    0.000326
 2840.535890    0.000369
 2841.189450    0.000418
 2841.843020    0.000472
 2842.498540    0.000533
 2843.152340    0.000603
 2843.807860    0.000680
 2844.462160    0.000767
 2845.118160    0.000864
 2845.772710    0.000974
 2846.427250    0.001095
 2847.083740    0.001232
 2847.738770    0.001384
 2848.395260    0.001554
 2849.050540    0.001744
 2849.707760    0.001956
 2850.363280    0.002192
 2851.018800    0.002455
 2851.676270    0.002747
 2852.332280    0.003071
 2852.989990    0.003432
 2853.646480    0.003832
 2854.304440    0.004276
 2854.960940    0.004767
 2855.617920    0.005312
 2856.276370    0.005915
 2856.933350    0.006580
 2857.592290    0.007317
 2858.249760    0.008128
 2858.908940    0.009025
 2859.566650    0.010011
 2860.224370    0.011096
 2860.883790    0.012293
 2861.541750    0.013606
 2862.201900    0.015052
 2862.860350    0.016636
 2863.520510    0.018377
 2864.179200    0.020281
 2864.839840    0.022370
 2865.498780    0.024652
 2866.157960    0.027145
 2866.818850    0.029876
 2867.478520    0.032850
 2868.139650    0.036100
 2868.799320    0.039635
 2869.460940    0.043493
 2870.121090    0.047682
 2870.781490    0.052235
 2871.443360    0.057191
 2872.103760    0.062557
 2872.766360    0.068395
 2873.427000    0.074699
 2874.089600    0.081545
 2874.750730    0.088932
 2875.412110    0.096917
 2876.075440    0.105564
 2876.736820    0.114866
 2877.400390    0.124928
 2878.062260    0.135736
 2878.725830    0.147397
 2879.388180    0.159913
 2880.050540    0.173358
 2880.714600    0.187829
 2881.377440    0.203320
 2882.041750    0.219958
 2882.704830    0.237740
 2883.369380    0.256804
 2884.032960    0.277154
 2884.696530    0.298885
 2885.361330    0.322116
 2886.025390    0.346857
 2886.690920    0.373270
 2887.354980    0.401320
 2888.020510    0.431214
 2888.685060    0.462931
 2889.349610    0.496596
 2890.015870    0.532395
 2890.680910    0.570263
 2891.347410    0.610445
 2892.012700    0.652874
 2892.679200    0.697801
 2893.344970    0.745191
 2894.010500    0.795170
 2894.677730    0.847989
 2895.343510    0.903497
 2896.011470    0.962098
 2896.677490    1.023528
 2897.345460    1.088243
 2898.011960    1.156008
 2898.678960    1.227110
 2899.347170    1.301731
 2900.014160    1.379688
 2900.682860    1.461415
 2901.350100    1.546612
 2902.019530    1.635833
 2902.687010    1.728606
 2903.354740    1.825295
 2904.024410    1.926239
 2904.692380    2.030951
 2905.361820    2.139987
 2906.030520    2.253051
 2906.700680    2.370570
 2907.369140    2.492028
 2908.038090    2.617848
 2908.708500    2.748261
 2909.377930    2.882818
 2910.048830    3.022028
 2910.718260    3.165289
 2911.389650    3.313333
 2912.059330    3.465343
 2912.729250    3.621728
 2913.400630    3.782760
 2914.070800    3.947755
 2914.742920    4.117455
 2915.413570    4.290941
 2916.085690    4.468903
 2916.756590    4.650552
 2917.429200    4.836597
 2918.100340    5.026064
 2918.771730    5.219316
 2919.444580    5.416596
 2920.116210    5.616995
 2920.789550    5.821249
 2921.461670    6.028326
 2922.135500    6.238973
 2922.807370    6.451879
 2923.479740    6.667631
 2924.154050    6.886531
 2924.826660    7.107201
 2925.500980    7.330561
 2926.174070    7.555438
 2926.848880    7.782597
 2927.522220    8.010754
 2928.195800    8.240257
 2928.870850    8.471300
 2929.544920    8.702809
 2930.220460    8.935387
 2930.894530    9.167786
 2931.570310    9.400851
 2932.244630    9.633242
 2932.919190    9.865305
 2933.595700    10.097374
 2934.270260    10.327860
 2934.947270    10.558016
 2935.622310    10.786101
 2936.299070    11.013106
 2936.974850    11.237886
 2937.650390    11.460448
 2938.327880    11.681276
 2939.003660    11.898939
 2939.681400    12.114389
 2940.357670    12.326316
 2941.035640    12.535495
 2941.712160    12.740732
 2942.389160    12.942424
 2943.067630    13.140650
 2943.744630    13.334363
 2944.423580    13.524354
 2945.100830    13.709414
 2945.780030    13.890380
 2946.457760    14.066174
 2947.135500    14.237038
 2947.815190    14.403301
 2948.493410    14.563981
 2949.173100    14.719652
 2949.851560    14.869566
 2950.531980    15.014312
 2951.210450    15.152950
 2951.889650    15.285948
 2952.570070    15.413287
 2953.249270    15.534431
 2953.930660    15.649899
 2954.610110    15.758920
 2955.291500    15.862057
 2955.971190    15.958700
 2956.651120    16.049101
 2957.333010    16.133408
 2958.013180    16.211132
 2958.695560    16.282681
 2959.376220    16.347612
 2960.058350    16.406212
 2960.739500    16.458246
 2961.420410    16.503775
 2962.103520    16.542927
 2962.784910    16.575466
 2963.468020    16.601557
 2964.149900    16.621082
 2964.833500    16.634127
 2965.515380    16.640638
 2966.197750    16.640663
 2966.881590    16.634195
 2967.564210    16.621273
 2968.248540    16.601860
 2968.931150    16.576077
 2969.615720    16.543812
 2970.299070    16.505236
 2970.984130    16.460215
 2971.667480    16.409012
 2972.351070    16.351542
 2973.036620    16.287674
 2973.720700    16.217775
 2974.406250    16.141600
 2975.090580    16.059494
 2975.776610    15.971166
 2976.461180    15.877086
 2977.146000    15.777105
 2977.832280    15.671099
 2978.517580    15.559519
 2979.204350    15.442043
 2979.889650    15.319266
 2980.576660    15.190708
 2981.262210    15.057064
 2981.948240    14.918072
 2982.635990    14.773565
 2983.322020    14.624385
 2984.010010    14.469856
 2984.696530    14.310865
 2985.384770    14.146820
 2986.071530    13.978606
 2986.758540    13.805967
 2987.447270    13.628671
 2988.134770    13.447628
 2988.823490    13.262354
 2989.510990    13.073680
 2990.200440    12.880903
 2990.888180    12.685226
 2991.576170    12.486289
 2992.266360    12.283699
 2992.954830    12.078794
 2993.644780    11.870831
 2994.333500    11.660816
 2995.023930    11.448065
 2995.713130    11.233679
 2996.402100    11.017577
 2997.093020    10.799274
 2997.782710    10.579985
 2998.473880    10.359072
 2999.163570    10.137689
 2999.855470    9.914874
 3000.545410    9.692183
 3001.235600    9.469122
 3001.927730    9.245357
 3002.618410    9.022202
 3003.310550    8.798926
 3004.001710    8.576526
 3004.694340    8.354423
 3005.385740    8.133680
 3006.076900    7.914184
 3006.770020    7.695435
 3007.461670    7.478703
 3008.155270    7.263105
 3008.847410    7.049884
 3009.541260    6.838237
 3010.233400    6.629375
 3010.926270    6.422718
 3011.620360    6.218283
 3012.313230    6.016936
 3013.007810    5.817971
 3013.700930    5.622427
 3014.395750    5.429539
 3015.089360    5.240238
 3015.783200    5.054226
 3016.478270    4.871353
 3017.172610    4.692228
 3017.868160    4.516436
 3018.562260    4.344728
 3019.258540    4.176273
 3019.952880    4.012136
 3020.647950    3.851723
 3021.344480    3.694925
 3022.039310    3.542491
 3022.736330    3.393595
 3023.431640    3.249094
 3024.128660    3.108291
 3024.824460    2.971786
 3025.522220    2.838959
 3026.218020    2.710545
 3026.914310    2.586064
 3027.612300    2.465294
 3028.308840    2.348759
 3029.007080    2.235892
 3029.703860    2.127171
 3030.402590    2.022019
 3031.099850    1.920905
 3031.797120    1.823549
 3032.496090    1.729666
 3033.193600    1.639622
 3033.893310    1.552880
 3034.591060    1.469888
 3035.290770    1.390105
 3035.989010    1.313850
 3036.687740    1.240823
 3037.387700    1.170877
 3038.086670    1.104151
 3038.787350    1.040307
 3039.486080    0.979592
 3040.187260    0.921541
 3040.886470    0.866431
 3041.586180    0.813974
 3042.287350    0.764019
 3042.987550    0.716653
 3043.689210    0.671625
 3044.389160    0.629050
 3045.091060    0.588619
 3045.791750    0.550431
 3046.492430    0.514328
 3047.194820    0.480145
 3047.896000    0.447944
 3048.598880    0.417509
 3049.300050    0.388908
