 2653.384280    0.000000
 2653.996340    0.000000
 2654.606690    0.000000
 2655.217290    0.000000
 2655.829830    0.000000
 2656.440670    0.000000
 2657.053220    0.000000
 2657.664550    0.000000
 2658.277340    0.000000
 2658.888920    0.000000
 2659.500730    0.000000
 2660.114010    0.000000
 2660.725830    0.000000
 2661.339360    0.000000
 2661.951660    0.000000
 2662.565430    0.000000
 2663.177980    0.000000
 2663.790530    0.000000
 2664.404790    0.000000
 2665.017820    0.000000
 2665.632320    0.000000
 2666.245610    0.000000
 2666.860350    0.000000
 2667.473880    0.000000
 2668.089110    0.000000
 2668.702880    0.000000
 2669.316890    0.000000
 2669.932370    0.000000
 2670.546630    0.000000
 2671.162350    0.000000
 2671.776860    0.000000
 2672.393070    0.000000
 2673.007810    0.000000
 2673.622560    0.000000
 2674.239260    0.000000
 2674.854490    0.000000
 2675.471190    0.000000
 2676.086670    0.000000
 2676.703860    0.000000
 2677.319580    0.000000
 2677.935550    0.000000
 2678.552980    0.000000
 2679.169190    0.000000
 2679.786870    0.000000
 2680.403560    0.000000
 2681.021480    0.000000
 2681.638430    0.000000
 2682.255370    0.000000
 2682.873780    0.000000
 2683.490970    0.000000
 2684.109860    0.000000
 2684.727290    0.000000
 2685.346440    0.000000
 2685.964110    0.000000
 2686.582030    0.000000
 2687.201660    0.000000
 2687.819820    0.000000
 2688.439450    0.000000
 2689.057860    0.000000
 2689.677980    0.000000
 2690.296880    0.000000
 2690.915770    0.000000
 2691.536380    0.000000
 2692.155270    0.000000
 2692.776370    0.000000
 2693.395750    0.000000
 2694.016850    0.000000
 2694.636720    0.000000
 2695.256590    0.000000
 2695.877930    0.000000
 2696.498050    0.000000
 2697.119870    0.000000
 2697.740480    0.000000
 2698.362550    0.000000
 2698.983400    0.000000
 2699.604250    0.000000
 2700.226810    0.000000
 2700.847900    0.000000
 2701.470700    0.000000
 2702.092040    0.000000
 2702.715330    0.000000
 2703.337160    0.000000
 2703.958980    0.000000
 2704.582520    0.000000
 2705.204830    0.000000
 2705.828370    0.000000
 2706.450930    0.000000
 2707.074950    0.000000
 2707.697750    0.000000
 2708.320800    0.000000
 2708.945310    0.000000
 2709.568360    0.000000
 2710.193360    0.000000
 2710.816650    0.000000
 2711.441890    0.000000
 2712.065670    0.000000
 2712.689450    0.000000
 2713.314940    0.000000
 2713.939210    0.000000
 2714.565190    0.000000
 2715.189450    0.000000
 2715.815670    0.000000
 2716.440430    0.000000
 2717.066890    0.000000
 2717.691890    0.000000
 2718.317140    0.000000
 2718.943850    0.000000
 2719.569340    0.000000
 2720.196530    0.000000
 2720.822270    0.000000
 2721.449710    0.000000
 2722.075680    0.000000
 2722.702150    0.000000
 2723.329830    0.000000
 2723.956300    0.000000
 2724.584470    0.000000
 2725.211430    0.000000
 2725.839600    0.000000
 2726.466800    0.000000
 2727.093990    0.000000
 2727.722900    0.000000
 2728.350340    0.000000
 2728.979490    0.000000
 2729.607420    0.000000
 2730.236820    0.000000
 2730.864750    0.000000
 2731.493160    0.000000
 2732.122800    0.000000
 2732.751460    0.000000
 2733.381590    0.000000
 2734.010500    0.000000
 2734.640870    0.000000
 2735.270020    0.000000
 2735.899410    0.000000
 2736.530270    0.000000
 2737.159670    0.000000
 2737.790770    0.000000
 2738.420650    0.000000
 2739.052250    0.000000
 2739.682370    0.000000
 2740.312500    0.000000
 2740.944340    0.000000
 2741.575200    0.000000
 2742.207280    0.000000
 2742.838130    0.000000
 2743.470460    0.000000
 2744.101560    0.000000
 2744.732910    0.000000
 2745.365970    0.000000
 2745.997310    0.000000
 2746.630860    0.000000
 2747.262700    0.000000
 2747.896000    0.000000
 2748.528080    0.000000
 2749.160640    0.000000
 2749.794430    0.000000
 2750.427000    0.000000
 2751.061280    0.000000
 2751.694090    0.000000
 2752.328610    0.000000
 2752.961910    0.000000
 2753.595210    0.000000
 2754.230220    0.000000
 2754.863770    0.000000
 2755.499020    0.000000
 2756.132810    0.000000
 2756.768550    0.000000
 2757.402590    0.000000
 2758.036870    0.000000
 2758.673100    0.000001
 2759.307620    0.000001
 2759.943850    0.000001
 2760.578860    0.000001
 2761.215330    0.000001
 2761.850590    0.000001
 2762.487550    0.000001
 2763.123050    0.000001
 2763.758790    0.000001
 2764.396000    0.000001
 2765.031980    0.000001
 2765.669430    0.000002
 2766.305910    0.000002
 2766.943600    0.000002
 2767.580320    0.000002
 2768.216800    0.000002
 2768.855220    0.000003
 2769.492190    0.000003
 2770.130860    0.000003
 2770.768070    0.000003
 2771.407230    0.000004
 2772.044680    0.000004
 2772.682130    0.000005
 2773.321780    0.000005
 2773.959720    0.000006
 2774.599370    0.000006
 2775.237550    0.000007
 2775.877690    0.000007
 2776.516360    0.000008
 2777.155030    0.000009
 2777.795170    0.000010
 2778.434330    0.000010
 2779.074950    0.000011
 2779.714360    0.000012
 2780.355470    0.000013
 2780.995120    0.000015
 2781.634770    0.000016
 2782.276120    0.000018
 2782.916260    0.000019
 2783.558110    0.000021
 2784.198490    0.000023
 2784.840330    0.000026
 2785.480960    0.000028
 2786.121830    0.000031
 2786.764400    0.000033
 2787.405270    0.000036
 2788.048100    0.000040
 2788.689450    0.000043
 2789.332520    0.000048
 2789.974370    0.000051
 2790.615970    0.000056
 2791.259770    0.000061
 2791.901610    0.000067
 2792.545410    0.000072
 2793.187990    0.000079
 2793.832030    0.000086
 2794.474850    0.000093
 2795.117680    0.000102
 2795.762210    0.000111
 2796.405520    0.000120
 2797.050290    0.000131
 2797.693600    0.000142
 2798.338870    0.000155
 2798.982420    0.000168
 2799.626460    0.000182
 2800.272220    0.000197
 2800.916260    0.000215
 2801.562260    0.000233
 2802.206790    0.000252
 2802.852780    0.000273
 2803.497560    0.000296
 2804.142580    0.000320
 2804.789310    0.000347
 2805.434330    0.000376
 2806.081300    0.000406
 2806.726810    0.000439
 2807.374020    0.000475
 2808.020020    0.000513
 2808.666020    0.000554
 2809.313480    0.000599
 2809.959960    0.000647
 2810.607910    0.000698
 2811.254390    0.000753
 2811.902830    0.000813
 2812.549560    0.000876
 2813.198240    0.000945
 2813.845210    0.001019
 2814.492680    0.001097
 2815.141600    0.001182
 2815.789310    0.001272
 2816.438720    0.001369
 2817.086430    0.001472
 2817.736080    0.001584
 2818.384520    0.001703
 2819.032710    0.001831
 2819.682620    0.001968
 2820.331300    0.002114
 2820.981930    0.002271
 2821.630620    0.002438
 2822.281490    0.002616
 2822.930660    0.002807
 2823.580080    0.003010
 2824.231200    0.003227
 2824.880860    0.003459
 2825.532230    0.003707
 2826.182370    0.003970
 2826.833980    0.004251
 2827.484380    0.004551
 2828.134770    0.004870
 2828.786870    0.005211
 2829.437740    0.005572
 2830.090090    0.005958
 2830.741210    0.006368
 2831.394040    0.006804
 2832.045410    0.007267
 2832.697020    0.007759
 2833.350100    0.008283
 2834.001950    0.008838
 2834.655520    0.009429
 2835.307620    0.010055
 2835.961180    0.010719
 2836.613770    0.011424
 2837.266360    0.012171
 2837.920410    0.012963
 2838.573490    0.013803
 2839.228030    0.014692
 2839.881100    0.015633
 2840.535890    0.016631
 2841.189450    0.017685
 2841.843020    0.018799
 2842.498540    0.019980
 2843.152340    0.021227
 2843.807860    0.022546
 2844.462160    0.023937
 2845.118160    0.025410
 2845.772710    0.026960
 2846.427250    0.028597
 2847.083740    0.030329
 2847.738770    0.032150
 2848.395260    0.034074
 2849.050540    0.036098
 2849.707760    0.038237
 2850.363280    0.040483
 2851.018800    0.042848
 2851.676270    0.045342
 2852.332280    0.047962
 2852.989990    0.050725
 2853.646480    0.053623
 2854.304440    0.056677
 2854.960940    0.059877
 2855.617920    0.063242
 2856.276370    0.066782
 2856.933350    0.070490
 2857.592290    0.074391
 2858.249760    0.078476
 2858.908940    0.082769
 2859.566650    0.087260
 2860.224370    0.091966
 2860.883790    0.096909
 2861.541750    0.102074
 2862.201900    0.107498
 2862.860350    0.113162
 2863.520510    0.119102
 2864.179200    0.125302
 2864.839840    0.131804
 2865.498780    0.138581
 2866.157960    0.145666
 2866.818850    0.153086
 2867.478520    0.160819
 2868.139650    0.168911
 2868.799320    0.177336
 2869.460940    0.186151
 2870.121090    0.195326
 2870.781490    0.204893
 2871.443360    0.214888
 2872.103760    0.225279
 2872.766360    0.236137
 2873.427000    0.247412
 2874.089600    0.259182
 2874.750730    0.271403
 2875.412110    0.284122
 2876.075440    0.297388
 2876.736820    0.311140
 2877.400390    0.325480
 2878.062260    0.340342
 2878.725830    0.355818
 2879.388180    0.371859
 2880.050540    0.388508
 2880.714600    0.405831
 2881.377440    0.423769
 2882.041750    0.442413
 2882.704830    0.461708
 2883.369380    0.481750
 2884.032960    0.502484
 2884.696530    0.523961
 2885.361330    0.546241
 2886.025390    0.569279
 2886.690920    0.593173
 2887.354980    0.617838
 2888.020510    0.643402
 2888.685060    0.669795
 2889.349610    0.697073
 2890.015870    0.725330
 2890.680910    0.754466
 2891.347410    0.784618
 2892.012700    0.815689
 2892.679200    0.847812
 2893.344970    0.880917
 2894.010500    0.915045
 2894.677730    0.950324
 2895.343510    0.986608
 2896.011470    1.024117
 2896.677490    1.062643
 2897.345460    1.102433
 2898.011960    1.143305
 2898.678960    1.185398
 2899.347170    1.228784
 2900.014160    1.273324
 2900.682860    1.319238
 2901.350100    1.366327
 2902.019530    1.414873
 2902.687010    1.464596
 2903.354740    1.515674
 2904.024410    1.568262
 2904.692380    1.622094
 2905.361820    1.677443
 2906.030520    1.734147
 2906.700680    1.792413
 2907.369140    1.851979
 2908.038090    1.913056
 2908.708500    1.975755
 2909.377930    2.039863
 2910.048830    2.105630
 2910.718260    2.172783
 2911.389650    2.241679
 2912.059330    2.311956
 2912.729250    2.383824
 2913.400630    2.457432
 2914.070800    2.532493
 2914.742920    2.609375
 2915.413570    2.687697
 2916.085690    2.767806
 2916.756590    2.849388
 2917.429200    2.932804
 2918.100340    3.017667
 2918.771730    3.104187
 2919.444580    3.192528
 2920.116210    3.282337
 2920.789550    3.374007
 2921.461670    3.467134
 2922.135500    3.562120
 2922.807370    3.658443
 2923.479740    3.756438
 2924.154050    3.856316
 2924.826660    3.957522
 2925.500980    4.060559
 2926.174070    4.164964
 2926.848880    4.271176
 2927.522220    4.378676
 2928.195800    4.487714
 2928.870850    4.598468
 2929.544920    4.710514
 2930.220460    4.824234
 2930.894530    4.939103
 2931.570310    5.055634
 2932.244630    5.173246
 2932.919190    5.292199
 2933.595700    5.412762
 2934.270260    5.534202
 2934.947270    5.657267
 2935.622310    5.781116
 2936.299070    5.906375
 2936.974850    6.032501
 2937.650390    6.159576
 2938.327880    6.287967
 2939.003660    6.416923
 2939.681400    6.547087
 2940.357670    6.677746
 2941.035640    6.809451
 2941.712160    6.941522
 2942.389160    7.074275
 2943.067630    7.207835
 2943.744630    7.341555
 2944.423580    7.476041
 2945.100830    7.610493
 2945.780030    7.745562
 2946.457760    7.880491
 2947.135500    8.015493
 2947.815190    8.150875
 2948.493410    8.285873
 2949.173100    8.420987
 2949.851560    8.555595
 2950.531980    8.690240
 2951.210450    8.824058
 2951.889650    8.957490
 2952.570070    9.090538
 2953.249270    9.222632
 2953.930660    9.354340
 2954.610110    9.484764
 2955.291500    9.614557
 2955.971190    9.742925
 2956.651120    9.870144
 2957.333010    9.996427
 2958.013180    10.120998
 2958.695560    10.244471
 2959.376220    10.366038
 2960.058350    10.486169
 2960.739500    10.604331
 2961.420410    10.720559
 2962.103520    10.835159
 2962.784910    10.947378
 2963.468020    11.057682
 2964.149900    11.165494
 2964.833500    11.271183
 2965.515380    11.374123
 2966.197750    11.474558
 2966.881590    11.572529
 2967.564210    11.667557
 2968.248540    11.759958
 2968.931150    11.849182
 2969.615720    11.935620
 2970.299070    12.018783
 2970.984130    12.098938
 2971.667480    12.175611
 2972.351070    12.248950
 2973.036620    12.319049
 2973.720700    12.385482
 2974.406250    12.448464
 2975.090580    12.507682
 2975.776610    12.563319
 2976.461180    12.615057
 2977.146000    12.662979
 2977.832280    12.707101
 2978.517580    12.747212
 2979.204350    12.783407
 2979.889650    12.815486
 2980.576660    12.843557
 2981.262210    12.867455
 2981.948240    12.887224
 2982.635990    12.902852
 2983.322020    12.914240
 2984.010010    12.921428
 2984.696530    12.924357
 2985.384770    12.923035
 2986.071530    12.917454
 2986.758540    12.907612
 2987.447270    12.893473
 2988.134770    12.875098
 2988.823490    12.852435
 2989.510990    12.825578
 2990.200440    12.794418
 2990.888180    12.759142
 2991.576170    12.719691
 2992.266360    12.675966
 2992.954830    12.628244
 2993.644780    12.576351
 2994.333500    12.520534
 2995.023930    12.460597
 2995.713130    12.396847
 2996.402100    12.329261
 2997.093020    12.257672
 2997.782710    12.182467
 2998.473880    12.103422
 2999.163570    12.020945
 2999.855470    11.934664
 3000.545410    11.845177
 3001.235600    11.752293
 3001.927730    11.655852
 3002.618410    11.556416
 3003.310550    11.453652
 3004.001710    11.348016
 3004.694340    11.239227
 3005.385740    11.127805
 3006.076900    11.013700
 3006.770020    10.896646
 3007.461670    10.777319
 3008.155270    10.655236
 3008.847410    10.531104
 3009.541260    10.404463
 3010.233400    10.276046
 3010.926270    10.145519
 3011.620360    10.012893
 3012.313230    9.878750
 3013.007810    9.742635
 3013.700930    9.605284
 3014.395750    9.466183
 3015.089360    9.326032
 3015.783200    9.184652
 3016.478270    9.041957
 3017.172610    8.898461
 3017.868160    8.753873
 3018.562260    8.608866
 3019.258540    8.462786
 3019.952880    8.316613
 3020.647950    8.169897
 3021.344480    8.022588
 3022.039310    7.875466
 3022.736330    7.727809
 3023.431640    7.580551
 3024.128660    7.433068
 3024.824460    7.286084
 3025.522220    7.139025
 3026.218020    6.992811
 3026.914310    6.847024
 3027.612300    6.701500
 3028.308840    6.556993
 3029.007080    6.412931
 3029.703860    6.270054
 3030.402590    6.127743
 3031.099850    5.986775
 3031.797120    5.846927
 3032.496090    5.707933
 3033.193600    5.570497
 3033.893310    5.433965
 3034.591060    5.299213
 3035.290770    5.165549
 3035.989010    5.033686
 3036.687740    4.903307
 3037.387700    4.774334
 3038.086670    4.647223
 3038.787350    4.521534
 3039.486080    4.397967
 3040.187260    4.275786
 3040.886470    4.155800
 3041.586180    4.037614
 3042.287350    3.921106
 3042.987550    3.806710
 3043.689210    3.694057
 3044.389160    3.583677
 3045.091060    3.475015
 3045.791750    3.368581
 3046.492430    3.264200
 3047.194820    3.161637
 3047.896000    3.061332
 3048.598880    2.962874
 3049.300050    2.866747
