 2653.384280    0.332913
 2653.996340    0.349080
 2654.606690    0.365869
 2655.217290    0.383349
 2655.829830    0.401598
 2656.440670    0.420526
 2657.053220    0.440265
 2657.664550    0.460740
 2658.277340    0.482066
 2658.888920    0.504174
 2659.500730    0.527138
 2660.114010    0.551029
 2660.725830    0.575759
 2661.339360    0.601480
 2661.951660    0.628094
 2662.565430    0.655744
 2663.177980    0.684333
 2663.790530    0.713941
 2664.404790    0.744678
 2665.017820    0.776423
 2665.632320    0.809343
 2666.245610    0.843318
 2666.860350    0.878522
 2667.473880    0.914827
 2668.089110    0.952432
 2668.702880    0.991167
 2669.316890    1.031162
 2669.932370    1.072525
 2670.546630    1.115099
 2671.162350    1.159095
 2671.776860    1.204343
 2672.393070    1.251085
 2673.007810    1.299101
 2673.622560    1.348523
 2674.239260    1.399534
 2674.854490    1.451875
 2675.471190    1.505813
 2676.086670    1.561131
 2676.703860    1.618116
 2677.319580    1.676489
 2677.935550    1.736425
 2678.552980    1.798064
 2679.169190    1.861153
 2679.786870    1.925979
 2680.403560    1.992300
 2681.021480    2.060365
 2681.638430    2.129940
 2682.255370    2.201139
 2682.873780    2.274145
 2683.490970    2.348644
 2684.109860    2.424997
 2684.727290    2.502815
 2685.346440    2.582497
 2685.964110    2.663634
 2686.582030    2.746445
 2687.201660    2.831124
 2687.819820    2.917235
 2688.439450    3.005176
 2689.057860    3.094553
 2689.677980    3.185781
 2690.296880    3.278415
 2690.915770    3.372615
 2691.536380    3.468628
 2692.155270    3.565903
 2692.776370    3.665031
 2693.395750    3.765367
 2694.016850    3.867432
 2694.636720    3.970716
 2695.256590    4.075387
 2695.877930    4.181660
 2696.498050    4.289036
 2697.119870    4.397986
 2697.740480    4.507955
 2698.362550    4.619370
 2698.983400    4.731706
 2699.604250    4.845129
 2700.226810    4.959903
 2700.847900    5.075387
 2701.470700    5.192113
 2702.092040    5.309428
 2702.715330    5.427915
 2703.337160    5.546859
 2703.958980    5.666472
 2704.582520    5.787014
 2705.204830    5.907847
 2705.828370    6.029371
 2706.450930    6.151083
 2707.074950    6.273382
 2707.697750    6.395659
 2708.320800    6.518121
 2708.945310    6.640923
 2709.568360    6.763404
 2710.193360    6.886146
 2710.816650    7.008344
 2711.441890    7.130620
 2712.065670    7.252216
 2712.689450    7.373324
 2713.314940    7.494181
 2713.939210    7.614122
 2714.565190    7.733613
 2715.189450    7.851903
 2715.815670    7.969587
 2716.440430    8.085924
 2717.066890    8.201403
 2717.691890    8.315338
 2718.317140    8.427948
 2718.943850    8.539341
 2719.569340    8.648943
 2720.196530    8.757167
 2720.822270    8.863361
 2721.449710    8.967966
 2722.075680    9.070354
 2722.702150    9.170751
 2723.329830    9.269170
 2723.956300    9.365132
 2724.584470    9.458991
 2725.211430    9.550214
 2725.839600    9.639065
 2726.466800    9.725142
 2727.093990    9.808502
 2727.722900    9.889271
 2728.350340    9.966963
 2728.979490    10.041883
 2729.607420    10.113603
 2730.236820    10.182356
 2730.864750    10.247745
 2731.493160    10.309913
 2732.122800    10.368855
 2732.751460    10.424297
 2733.381590    10.476394
 2734.010500    10.524861
 2734.640870    10.569855
 2735.270020    10.611129
 2735.899410    10.648744
 2736.530270    10.682712
 2737.159670    10.712843
 2737.790770    10.739250
 2738.420650    10.761777
 2739.052250    10.780499
 2739.682370    10.795294
 2740.312500    10.806196
 2740.944340    10.813203
 2741.575200    10.816274
 2742.207280    10.815407
 2742.838130    10.810606
 2743.470460    10.801858
 2744.101560    10.789198
 2744.732910    10.772624
 2745.365970    10.752093
 2745.997310    10.727740
 2746.630860    10.699432
 2747.262700    10.667372
 2747.896000    10.631433
 2748.528080    10.591804
 2749.160640    10.548424
 2749.794430    10.501278
 2750.427000    10.450595
 2751.061280    10.396188
 2751.694090    10.338387
 2752.328610    10.276964
 2752.961910    10.212258
 2753.595210    10.144224
 2754.230220    10.072741
 2754.863770    9.998234
 2755.499020    9.920403
 2756.132810    9.839724
 2756.768550    9.755836
 2757.402590    9.669309
 2758.036870    9.579972
 2758.673100    9.487665
 2759.307620    9.393009
 2759.943850    9.295591
 2760.578860    9.195953
 2761.215330    9.093770
 2761.850590    8.989577
 2762.487550    8.882987
 2763.123050    8.774638
 2763.758790    8.664345
 2764.396000    8.551995
 2765.031980    8.438170
 2765.669430    8.322491
 2766.305910    8.205507
 2766.943600    8.086924
 2767.580320    7.967254
 2768.216800    7.846470
 2768.855220    7.724260
 2769.492190    7.601383
 2770.130860    7.477332
 2770.768070    7.352829
 2771.407230    7.227311
 2772.044680    7.101600
 2772.682130    6.975462
 2773.321780    6.848565
 2773.959720    6.721781
 2774.599370    6.594532
 2775.237550    6.467543
 2775.877690    6.340233
 2776.516360    6.213373
 2777.155030    6.086762
 2777.795170    5.960202
 2778.434330    5.834263
 2779.074950    5.708549
 2779.714360    5.583670
 2780.355470    5.459134
 2780.995120    5.335638
 2781.634770    5.212971
 2782.276120    5.090880
 2782.916260    4.969994
 2783.558110    4.849832
 2784.198490    4.731048
 2784.840330    4.613163
 2785.480960    4.496733
 2786.121830    4.381540
 2786.764400    4.267383
 2787.405270    4.154918
 2788.048100    4.043552
 2788.689450    3.933925
 2789.332520    3.825535
 2789.974370    3.718917
 2790.615970    3.613941
 2791.259770    3.510248
 2791.901610    3.408538
 2792.545410    3.308220
 2793.187990    3.209816
 2793.832030    3.112940
 2794.474850    3.018014
 2795.117680    2.924873
 2795.762210    2.833292
 2796.405520    2.743698
 2797.050290    2.655730
 2797.693600    2.569796
 2798.338870    2.485445
 2798.982420    2.403161
 2799.626460    2.322658
 2800.272220    2.243791
 2800.916260    2.166975
 2801.562260    2.091769
 2802.206790    2.018564
 2802.852780    1.947021
 2803.497560    1.877425
 2804.142580    1.809603
 2804.789310    1.743393
 2805.434330    1.679132
 2806.081300    1.616436
 2806.726810    1.555622
 2807.374020    1.496372
 2808.020020    1.438934
 2808.666020    1.383173
 2809.313480    1.328946
 2809.959960    1.276433
 2810.607910    1.225415
 2811.254390    1.176095
 2811.902830    1.128187
 2812.549560    1.081936
 2813.198240    1.037053
 2813.845210    0.993763
 2814.492680    0.951886
 2815.141600    0.911336
 2815.789310    0.872252
 2816.438720    0.834426
 2817.086430    0.798029
 2817.736080    0.762825
 2818.384520    0.728957
 2819.032710    0.696338
 2819.682620    0.664844
 2820.331300    0.634586
 2820.981930    0.605390
 2821.630620    0.577396
 2822.281490    0.550398
 2822.930660    0.524528
 2823.580080    0.499673
 2824.231200    0.475753
 2824.880860    0.452855
 2825.532230    0.430838
 2826.182370    0.409773
 2826.833980    0.389544
 2827.484380    0.370208
 2828.134770    0.351697
 2828.786870    0.333939
 2829.437740    0.316986
 2830.090090    0.300743
 2830.741210    0.285253
 2831.394040    0.270418
 2832.045410    0.256288
 2832.697020    0.242798
 2833.350100    0.229902
 2834.001950    0.217630
 2834.655520    0.205905
 2835.307620    0.194761
 2835.961180    0.184127
 2836.613770    0.174022
 2837.266360    0.164408
 2837.920410    0.155246
 2838.573490    0.146551
 2839.228030    0.138272
 2839.881100    0.130428
 2840.535890    0.122964
 2841.189450    0.115894
 2841.843020    0.109190
 2842.498540    0.102816
 2843.152340    0.096792
 2843.807860    0.091072
 2844.462160    0.085667
 2845.118160    0.080539
 2845.772710    0.075699
 2846.427250    0.071123
 2847.083740    0.066786
 2847.738770    0.062698
 2848.395260    0.058829
 2849.050540    0.055185
 2849.707760    0.051737
 2850.363280    0.048493
 2851.018800    0.045437
 2851.676270    0.042548
 2852.332280    0.039833
 2852.989990    0.037271
 2853.646480    0.034865
 2854.304440    0.032597
 2854.960940    0.030469
 2855.617920    0.028468
 2856.276370    0.026585
 2856.933350    0.024819
 2857.592290    0.023158
 2858.249760    0.021604
 2858.908940    0.020142
 2859.566650    0.018774
 2860.224370    0.017493
 2860.883790    0.016291
 2861.541750    0.015167
 2862.201900    0.014112
 2862.860350    0.013128
 2863.520510    0.012206
 2864.179200    0.011346
 2864.839840    0.010540
 2865.498780    0.009789
 2866.157960    0.009089
 2866.818850    0.008434
 2867.478520    0.007824
 2868.139650    0.007255
 2868.799320    0.006724
 2869.460940    0.006229
 2870.121090    0.005770
 2870.781490    0.005342
 2871.443360    0.004943
 2872.103760    0.004573
 2872.766360    0.004229
 2873.427000    0.003908
 2874.089600    0.003611
 2874.750730    0.003335
 2875.412110    0.003079
 2876.075440    0.002841
 2876.736820    0.002622
 2877.400390    0.002417
 2878.062260    0.002228
 2878.725830    0.002052
 2879.388180    0.001890
 2880.050540    0.001740
 2880.714600    0.001602
 2881.377440    0.001473
 2882.041750    0.001355
 2882.704830    0.001245
 2883.369380    0.001144
 2884.032960    0.001051
 2884.696530    0.000965
 2885.361330    0.000885
 2886.025390    0.000813
 2886.690920    0.000745
 2887.354980    0.000683
 2888.020510    0.000626
 2888.685060    0.000573
 2889.349610    0.000525
 2890.015870    0.000480
 2890.680910    0.000439
 2891.347410    0.000402
 2892.012700    0.000367
 2892.679200    0.000336
 2893.344970    0.000306
 2894.010500    0.000279
 2894.677730    0.000256
 2895.343510    0.000233
 2896.011470    0.000213
 2896.677490    0.000194
 2897.345460    0.000176
 2898.011960    0.000160
 2898.678960    0.000146
 2899.347170    0.000133
 2900.014160    0.000121
 2900.682860    0.000110
 2901.350100    0.000100
 2902.019530    0.000091
 2902.687010    0.000083
 2903.354740    0.000075
 2904.024410    0.000068
 2904.692380    0.000062
 2905.361820    0.000056
 2906.030520    0.000051
 2906.700680    0.000046
 2907.369140    0.000042
 2908.038090    0.000037
 2908.708500    0.000034
 2909.377930    0.000031
 2910.048830    0.000028
 2910.718260    0.000025
 2911.389650    0.000023
 2912.059330    0.000021
 2912.729250    0.000018
 2913.400630    0.000017
 2914.070800    0.000015
 2914.742920    0.000013
 2915.413570    0.000012
 2916.085690    0.000011
 2916.756590    0.000010
 2917.429200    0.000009
 2918.100340    0.000008
 2918.771730    0.000008
 2919.444580    0.000007
 2920.116210    0.000006
 2920.789550    0.000006
 2921.461670    0.000005
 2922.135500    0.000004
 2922.807370    0.000004
 2923.479740    0.000004
 2924.154050    0.000003
 2924.826660    0.000003
 2925.500980    0.000003
 2926.174070    0.000002
 2926.848880    0.000002
 2927.522220    0.000002
 2928.195800    0.000002
 2928.870850    0.000001
 2929.544920    0.000001
 2930.220460    0.000001
 2930.894530    0.000001
 2931.570310    0.000001
 2932.244630    0.000001
 2932.919190    0.000001
 2933.595700    0.000001
 2934.270260    0.000001
 2934.947270    0.000001
 2935.622310    0.000000
 2936.299070    0.000000
 2936.974850    0.000000
 2937.650390    0.000000
 2938.327880    0.000000
 2939.003660    0.000000
 2939.681400    0.000000
 2940.357670    0.000000
 2941.035640    0.000000
 2941.712160    0.000000
 2942.389160    0.000000
 2943.067630    0.000000
 2943.744630    0.000000
 2944.423580    0.000000
 2945.100830    0.000000
 2945.780030    0.000000
 2946.457760    0.000000
 2947.135500    0.000000
 2947.815190    0.000000
 2948.493410    0.000000
 2949.173100    0.000000
 2949.851560    0.000000
 2950.531980    0.000000
 2951.210450    0.000000
 2951.889650    0.000000
 2952.570070    0.000000
 2953.249270    0.000000
 2953.930660    0.000000
 2954.610110    0.000000
 2955.291500    0.000000
 2955.971190    0.000000
 2956.651120    0.000000
 2957.333010    0.000000
 2958.013180    0.000000
 2958.695560    0.000000
 2959.376220    0.000000
 2960.058350    0.000000
 2960.739500    0.000000
 2961.420410    0.000000
 2962.103520    0.000000
 2962.784910    0.000000
 2963.468020    0.000000
 2964.149900    0.000000
 2964.833500    0.000000
 2965.515380    0.000000
 2966.197750    0.000000
 2966.881590    0.000000
 2967.564210    0.000000
 2968.248540    0.000000
 2968.931150    0.000000
 2969.615720    0.000000
 2970.299070    0.000000
 2970.984130    0.000000
 2971.667480    0.000000
 2972.351070    0.000000
 2973.036620    0.000000
 2973.720700    0.000000
 2974.406250    0.000000
 2975.090580    0.000000
 2975.776610    0.000000
 2976.461180    0.000000
 2977.146000    0.000000
 2977.832280    0.000000
 2978.517580    0.000000
 2979.204350    0.000000
 2979.889650    0.000000
 2980.576660    0.000000
 2981.262210    0.000000
 2981.948240    0.000000
 2982.635990    0.000000
 2983.322020    0.000000
 2984.010010    0.000000
 2984.696530    0.000000
 2985.384770    0.000000
 2986.071530    0.000000
 2986.758540    0.000000
 2987.447270    0.000000
 2988.134770    0.000000
 2988.823490    0.000000
 2989.510990    0.000000
 2990.200440    0.000000
 2990.888180    0.000000
 2991.576170    0.000000
 2992.266360    0.000000
 2992.954830    0.000000
 2993.644780    0.000000
 2994.333500    0.000000
 2995.023930    0.000000
 2995.713130    0.000000
 2996.402100    0.000000
 2997.093020    0.000000
 2997.782710    0.000000
 2998.473880    0.000000
 2999.163570    0.000000
 2999.855470    0.000000
 3000.545410    0.000000
 3001.235600    0.000000
 3001.927730    0.000000
 3002.618410    0.000000
 3003.310550    0.000000
 3004.001710    0.000000
 3004.694340    0.000000
 3005.385740    0.000000
 3006.076900    0.000000
 3006.770020    0.000000
 3007.461670    0.000000
 3008.155270    0.000000
 3008.847410    0.000000
 3009.541260    0.000000
 3010.233400    0.000000
 3010.926270    0.000000
 3011.620360    0.000000
 3012.313230    0.000000
 3013.007810    0.000000
 3013.700930    0.000000
 3014.395750    0.000000
 3015.089360    0.000000
 3015.783200    0.000000
 3016.478270    0.000000
 3017.172610    0.000000
 3017.868160    0.000000
 3018.562260    0.000000
 3019.258540    0.000000
 3019.952880    0.000000
 3020.647950    0.000000
 3021.344480    0.000000
 3022.039310    0.000000
 3022.736330    0.000000
 3023.431640    0.000000
 3024.128660    0.000000
 3024.824460    0.000000
 3025.522220    0.000000
 3026.218020    0.000000
 3026.914310    0.000000
 3027.612300    0.000000
 3028.308840    0.000000
 3029.007080    0.000000
 3029.703860    0.000000
 3030.402590    0.000000
 3031.099850    0.000000
 3031.797120    0.000000
 3032.496090    0.000000
 3033.193600    0.000000
 3033.893310    0.000000
 3034.591060    0.000000
 3035.290770    0.000000
 3035.989010    0.000000
 3036.687740    0.000000
 3037.387700    0.000000
 3038.086670    0.000000
 3038.787350    0.000000
 3039.486080    0.000000
 3040.187260    0.000000
 3040.886470    0.000000
 3041.586180    0.000000
 3042.287350    0.000000
 3042.987550    0.000000
 3043.689210    0.000000
 3044.389160    0.000000
 3045.091060    0.000000
 3045.791750    0.000000
 3046.492430    0.000000
 3047.194820    0.000000
 3047.896000    0.000000
 3048.598880    0.000000
 3049.300050    0.000000
