 2653.384280    0.007682
 2653.996340    0.009374
 2654.606690    0.011399
 2655.217290    0.013824
 2655.829830    0.016729
 2656.440670    0.020177
 2657.053220    0.024280
 2657.664550    0.029123
 2658.277340    0.034850
 2658.888920    0.041571
 2659.500730    0.049452
 2660.114010    0.058684
 2660.725830    0.069418
 2661.339360    0.081921
 2661.951660    0.096371
 2662.565430    0.113092
 2663.177980    0.132300
 2663.790530    0.154334
 2664.404790    0.179605
 2665.017820    0.208361
 2665.632320    0.241120
 2666.245610    0.278162
 2666.860350    0.320092
 2667.473880    0.367199
 2668.089110    0.420203
 2668.702880    0.479342
 2669.316890    0.545284
 2669.932370    0.618726
 2670.546630    0.699892
 2671.162350    0.789685
 2671.776860    0.888257
 2672.393070    0.996613
 2673.007810    1.114704
 2673.622560    1.243249
 2674.239260    1.383142
 2674.854490    1.534009
 2675.471190    1.696895
 2676.086670    1.871355
 2676.703860    2.058416
 2677.319580    2.257211
 2677.935550    2.468242
 2678.552980    2.691854
 2679.169190    2.926844
 2679.786870    3.173869
 2680.403560    3.431465
 2681.021480    3.699909
 2681.638430    3.977467
 2682.255370    4.263622
 2682.873780    4.558003
 2683.490970    4.858115
 2684.109860    5.164023
 2684.727290    5.472666
 2685.346440    5.784009
 2685.964110    6.094729
 2686.582030    6.403860
 2687.201660    6.710210
 2687.819820    7.010236
 2688.439450    7.303340
 2689.057860    7.586210
 2689.677980    7.858133
 2690.296880    8.115799
 2690.915770    8.357800
 2691.536380    8.582849
 2692.155270    8.787922
 2692.776370    8.972623
 2693.395750    9.134250
 2694.016850    9.272339
 2694.636720    9.385048
 2695.256590    9.471713
 2695.877930    9.531698
 2696.498050    9.564215
 2697.119870    9.569098
 2697.740480    9.546251
 2698.362550    9.495758
 2698.983400    9.418259
 2699.604250    9.314346
 2700.226810    9.184522
 2700.847900    9.030534
 2701.470700    8.852884
 2702.092040    8.653938
 2702.715330    8.434216
 2703.337160    8.196667
 2703.958980    7.942674
 2704.582520    7.673443
 2705.204830    7.392252
 2705.828370    7.100071
 2706.450930    6.800001
 2707.074950    6.492927
 2707.697750    6.182199
 2708.320800    5.869071
 2708.945310    5.554820
 2709.568360    5.242727
 2710.193360    4.932778
 2710.816650    4.628365
 2711.441890    4.329142
 2712.065670    4.038049
 2712.689450    3.755521
 2713.314940    3.481819
 2713.939210    3.219083
 2714.565190    2.966787
 2715.189450    2.726859
 2715.815670    2.498304
 2716.440430    2.282656
 2717.066890    2.078969
 2717.691890    1.888309
 2718.317140    1.710034
 2718.943850    1.543669
 2719.569340    1.389668
 2720.196530    1.246981
 2720.822270    1.115932
 2721.449710    0.995405
 2722.075680    0.885515
 2722.702150    0.785365
 2723.329830    0.694320
 2723.956300    0.612165
 2724.584470    0.537949
 2725.211430    0.471451
 2725.839600    0.411844
 2726.466800    0.358786
 2727.093990    0.311640
 2727.722900    0.269781
 2728.350340    0.232933
 2728.979490    0.200439
 2729.607420    0.172018
 2730.236820    0.147136
 2730.864750    0.125525
 2731.493160    0.106757
 2732.122800    0.090497
 2732.751460    0.076506
 2733.381590    0.064459
 2734.010500    0.054166
 2734.640870    0.045362
 2735.270020    0.037889
 2735.899410    0.031551
 2736.530270    0.026184
 2737.159670    0.021674
 2737.790770    0.017879
 2738.420650    0.014709
 2739.052250    0.012059
 2739.682370    0.009861
 2740.312500    0.008040
 2740.944340    0.006532
 2741.575200    0.005293
 2742.207280    0.004273
 2742.838130    0.003442
 2743.470460    0.002763
 2744.101560    0.002212
 2744.732910    0.001765
 2745.365970    0.001404
 2745.997310    0.001114
 2746.630860    0.000880
 2747.262700    0.000694
 2747.896000    0.000545
 2748.528080    0.000427
 2749.160640    0.000334
 2749.794430    0.000260
 2750.427000    0.000202
 2751.061280    0.000157
 2751.694090    0.000122
 2752.328610    0.000094
 2752.961910    0.000074
 2753.595210    0.000058
 2754.230220    0.000047
 2754.863770    0.000039
 2755.499020    0.000034
 2756.132810    0.000031
 2756.768550    0.000031
 2757.402590    0.000033
 2758.036870    0.000039
 2758.673100    0.000047
 2759.307620    0.000058
 2759.943850    0.000073
 2760.578860    0.000094
 2761.215330    0.000121
 2761.850590    0.000156
 2762.487550    0.000201
 2763.123050    0.000259
 2763.758790    0.000334
 2764.396000    0.000428
 2765.031980    0.000547
 2765.669430    0.000698
 2766.305910    0.000889
 2766.943600    0.001128
 2767.580320    0.001428
 2768.216800    0.001802
 2768.855220    0.002270
 2769.492190    0.002849
 2770.130860    0.003568
 2770.768070    0.004454
 2771.407230    0.005548
 2772.044680    0.006888
 2772.682130    0.008528
 2773.321780    0.010535
 2773.959720    0.012972
 2774.599370    0.015936
 2775.237550    0.019514
 2775.877690    0.023843
 2776.516360    0.029037
 2777.155030    0.035262
 2777.795170    0.042723
 2778.434330    0.051600
 2779.074950    0.062175
 2779.714360    0.074678
 2780.355470    0.089488
 2780.995120    0.106890
 2781.634770    0.127316
 2782.276120    0.151288
 2782.916260    0.179210
 2783.558110    0.211781
 2784.198490    0.249471
 2784.840330    0.293148
 2785.480960    0.343396
 2786.121830    0.401148
 2786.764400    0.467478
 2787.405270    0.543017
 2788.048100    0.629264
 2788.689450    0.726903
 2789.332520    0.837635
 2789.974370    0.962242
 2790.615970    1.102204
 2791.259770    1.259524
 2791.901610    1.434642
 2792.545410    1.630110
 2793.187990    1.846508
 2793.832030    2.086277
 2794.474850    2.349944
 2795.117680    2.639425
 2795.762210    2.957038
 2796.405520    3.302738
 2797.050290    3.679265
 2797.693600    4.086059
 2798.338870    4.526319
 2798.982420    4.998387
 2799.626460    5.504394
 2800.272220    6.045845
 2800.916260    6.619981
 2801.562260    7.229894
 2802.206790    7.871883
 2802.852780    8.548010
 2803.497560    9.254252
 2804.142580    9.990538
 2804.789310    10.756661
 2805.434330    11.546159
 2806.081300    12.360699
 2806.726810    13.192774
 2807.374020    14.042848
 2808.020020    14.903083
 2808.666020    15.770707
 2809.313480    16.643007
 2809.959960    17.511709
 2810.607910    18.374830
 2811.254390    19.223026
 2811.902830    20.055155
 2812.549560    20.860823
 2813.198240    21.638849
 2813.845210    22.379156
 2814.492680    23.078802
 2815.141600    23.733254
 2815.789310    24.334635
 2816.438720    24.880760
 2817.086430    25.364307
 2817.736080    25.783947
 2818.384520    26.134007
 2819.032710    26.412273
 2819.682620    26.616957
 2820.331300    26.745287
 2820.981930    26.796652
 2821.630620    26.770296
 2822.281490    26.666239
 2822.930660    26.485914
 2823.580080    26.230604
 2824.231200    25.901590
 2824.880860    25.503250
 2825.532230    25.036976
 2826.182370    24.508694
 2826.833980    23.920565
 2827.484380    23.279753
 2828.134770    22.590324
 2828.786870    21.855684
 2829.437740    21.084694
 2830.090090    20.279911
 2830.741210    19.450445
 2831.394040    18.598362
 2832.045410    17.733541
 2832.697020    16.859360
 2833.350100    15.979586
 2834.001950    15.103015
 2834.655520    14.230626
 2835.307620    13.371232
 2835.961180    12.525187
 2836.613770    11.699494
 2837.266360    10.896287
 2837.920410    10.116841
 2838.573490    9.366670
 2839.228030    8.645157
 2839.881100    7.957263
 2840.535890    7.300993
 2841.189450    6.680263
 2841.843020    6.094386
 2842.498540    5.541995
 2843.152340    5.026111
 2843.807860    4.543663
 2844.462160    4.096211
 2845.118160    3.680933
 2845.772710    3.298805
 2846.427250    2.947654
 2847.083740    2.625219
 2847.738770    2.331763
 2848.395260    2.064445
 2849.050540    1.822792
 2849.707760    1.604066
 2850.363280    1.407885
 2851.018800    1.232052
 2851.676270    1.074558
 2852.332280    0.934710
 2852.989990    0.810358
 2853.646480    0.700654
 2854.304440    0.603807
 2854.960940    0.518978
 2855.617920    0.444695
 2856.276370    0.379781
 2856.933350    0.323494
 2857.592290    0.274599
 2858.249760    0.232486
 2858.908940    0.196160
 2859.566650    0.165081
 2860.224370    0.138514
 2860.883790    0.115822
 2861.541750    0.096599
 2862.201900    0.080276
 2862.860350    0.066545
 2863.520510    0.054971
 2864.179200    0.045294
 2864.839840    0.037188
 2865.498780    0.030456
 2866.157960    0.024867
 2866.818850    0.020232
 2867.478520    0.016418
 2868.139650    0.013277
 2868.799320    0.010710
 2869.460940    0.008608
 2870.121090    0.006901
 2870.781490    0.005515
 2871.443360    0.004393
 2872.103760    0.003489
 2872.766360    0.002762
 2873.427000    0.002181
 2874.089600    0.001716
 2874.750730    0.001347
 2875.412110    0.001053
 2876.075440    0.000821
 2876.736820    0.000638
 2877.400390    0.000495
 2878.062260    0.000382
 2878.725830    0.000295
 2879.388180    0.000226
 2880.050540    0.000173
 2880.714600    0.000132
 2881.377440    0.000100
 2882.041750    0.000076
 2882.704830    0.000057
 2883.369380    0.000044
 2884.032960    0.000032
 2884.696530    0.000025
 2885.361330    0.000018
 2886.025390    0.000013
 2886.690920    0.000010
 2887.354980    0.000008
 2888.020510    0.000006
 2888.685060    0.000004
 2889.349610    0.000003
 2890.015870    0.000002
 2890.680910    0.000002
 2891.347410    0.000001
 2892.012700    0.000001
 2892.679200    0.000001
 2893.344970    0.000000
 2894.010500    0.000000
 2894.677730    0.000000
 2895.343510    0.000000
 2896.011470    0.000000
 2896.677490    0.000000
 2897.345460    0.000000
 2898.011960    0.000000
 2898.678960    0.000000
 2899.347170    0.000000
 2900.014160    0.000000
 2900.682860    0.000000
 2901.350100    0.000000
 2902.019530    0.000000
 2902.687010    0.000000
 2903.354740    0.000000
 2904.024410    0.000000
 2904.692380    0.000000
 2905.361820    0.000000
 2906.030520    0.000000
 2906.700680    0.000000
 2907.369140    0.000000
 2908.038090    0.000000
 2908.708500    0.000000
 2909.377930    0.000000
 2910.048830    0.000000
 2910.718260    0.000000
 2911.389650    0.000000
 2912.059330    0.000000
 2912.729250    0.000000
 2913.400630    0.000000
 2914.070800    0.000000
 2914.742920    0.000000
 2915.413570    0.000000
 2916.085690    0.000000
 2916.756590    0.000000
 2917.429200    0.000000
 2918.100340    0.000000
 2918.771730    0.000000
 2919.444580    0.000000
 2920.116210    0.000000
 2920.789550    0.000000
 2921.461670    0.000000
 2922.135500    0.000000
 2922.807370    0.000000
 2923.479740    0.000000
 2924.154050    0.000000
 2924.826660    0.000000
 2925.500980    0.000000
 2926.174070    0.000000
 2926.848880    0.000000
 2927.522220    0.000000
 2928.195800    0.000000
 2928.870850    0.000000
 2929.544920    0.000000
 2930.220460    0.000000
 2930.894530    0.000000
 2931.570310    0.000000
 2932.244630    0.000000
 2932.919190    0.000000
 2933.595700    0.000000
 2934.270260    0.000000
 2934.947270    0.000000
 2935.622310    0.000000
 2936.299070    0.000000
 2936.974850    0.000000
 2937.650390    0.000000
 2938.327880    0.000000
 2939.003660    0.000000
 2939.681400    0.000000
 2940.357670    0.000000
 2941.035640    0.000000
 2941.712160    0.000000
 2942.389160    0.000000
 2943.067630    0.000000
 2943.744630    0.000000
 2944.423580    0.000000
 2945.100830    0.000000
 2945.780030    0.000000
 2946.457760    0.000000
 2947.135500    0.000000
 2947.815190    0.000000
 2948.493410    0.000000
 2949.173100    0.000000
 2949.851560    0.000000
 2950.531980    0.000000
 2951.210450    0.000000
 2951.889650    0.000000
 2952.570070    0.000000
 2953.249270    0.000000
 2953.930660    0.000000
 2954.610110    0.000000
 2955.291500    0.000000
 2955.971190    0.000000
 2956.651120    0.000000
 2957.333010    0.000000
 2958.013180    0.000000
 2958.695560    0.000000
 2959.376220    0.000000
 2960.058350    0.000000
 2960.739500    0.000000
 2961.420410    0.000000
 2962.103520    0.000000
 2962.784910    0.000000
 2963.468020    0.000000
 2964.149900    0.000000
 2964.833500    0.000000
 2965.515380    0.000000
 2966.197750    0.000000
 2966.881590    0.000000
 2967.564210    0.000000
 2968.248540    0.000000
 2968.931150    0.000000
 2969.615720    0.000000
 2970.299070    0.000000
 2970.984130    0.000000
 2971.667480    0.000000
 2972.351070    0.000000
 2973.036620    0.000000
 2973.720700    0.000000
 2974.406250    0.000000
 2975.090580    0.000000
 2975.776610    0.000000
 2976.461180    0.000000
 2977.146000    0.000000
 2977.832280    0.000000
 2978.517580    0.000000
 2979.204350    0.000000
 2979.889650    0.000000
 2980.576660    0.000000
 2981.262210    0.000000
 2981.948240    0.000000
 2982.635990    0.000000
 2983.322020    0.000000
 2984.010010    0.000000
 2984.696530    0.000000
 2985.384770    0.000000
 2986.071530    0.000000
 2986.758540    0.000000
 2987.447270    0.000000
 2988.134770    0.000000
 2988.823490    0.000000
 2989.510990    0.000000
 2990.200440    0.000000
 2990.888180    0.000000
 2991.576170    0.000000
 2992.266360    0.000000
 2992.954830    0.000000
 2993.644780    0.000000
 2994.333500    0.000000
 2995.023930    0.000000
 2995.713130    0.000000
 2996.402100    0.000000
 2997.093020    0.000000
 2997.782710    0.000000
 2998.473880    0.000000
 2999.163570    0.000000
 2999.855470    0.000000
 3000.545410    0.000000
 3001.235600    0.000000
 3001.927730    0.000000
 3002.618410    0.000000
 3003.310550    0.000000
 3004.001710    0.000000
 3004.694340    0.000000
 3005.385740    0.000000
 3006.076900    0.000000
 3006.770020    0.000000
 3007.461670    0.000000
 3008.155270    0.000000
 3008.847410    0.000000
 3009.541260    0.000000
 3010.233400    0.000000
 3010.926270    0.000000
 3011.620360    0.000000
 3012.313230    0.000000
 3013.007810    0.000000
 3013.700930    0.000000
 3014.395750    0.000000
 3015.089360    0.000000
 3015.783200    0.000000
 3016.478270    0.000000
 3017.172610    0.000000
 3017.868160    0.000000
 3018.562260    0.000000
 3019.258540    0.000000
 3019.952880    0.000000
 3020.647950    0.000000
 3021.344480    0.000000
 3022.039310    0.000000
 3022.736330    0.000000
 3023.431640    0.000000
 3024.128660    0.000000
 3024.824460    0.000000
 3025.522220    0.000000
 3026.218020    0.000000
 3026.914310    0.000000
 3027.612300    0.000000
 3028.308840    0.000000
 3029.007080    0.000000
 3029.703860    0.000000
 3030.402590    0.000000
 3031.099850    0.000000
 3031.797120    0.000000
 3032.496090    0.000000
 3033.193600    0.000000
 3033.893310    0.000000
 3034.591060    0.000000
 3035.290770    0.000000
 3035.989010    0.000000
 3036.687740    0.000000
 3037.387700    0.000000
 3038.086670    0.000000
 3038.787350    0.000000
 3039.486080    0.000000
 3040.187260    0.000000
 3040.886470    0.000000
 3041.586180    0.000000
 3042.287350    0.000000
 3042.987550    0.000000
 3043.689210    0.000000
 3044.389160    0.000000
 3045.091060    0.000000
 3045.791750    0.000000
 3046.492430    0.000000
 3047.194820    0.000000
 3047.896000    0.000000
 3048.598880    0.000000
 3049.300050    0.000000
