 2653.384280    0.000000
 2653.996340    0.000000
 2654.606690    0.000000
 2655.217290    0.000000
 2655.829830    0.000000
 2656.440670    0.000000
 2657.053220    0.000000
 2657.664550    0.000000
 2658.277340    0.000000
 2658.888920    0.000000
 2659.500730    0.000000
 2660.114010    0.000000
 2660.725830    0.000000
 2661.339360    0.000000
 2661.951660    0.000000
 2662.565430    0.000000
 2663.177980    0.000000
 2663.790530    0.000000
 2664.404790    0.000000
 2665.017820    0.000000
 2665.632320    0.000000
 2666.245610    0.000000
 2666.860350    0.000000
 2667.473880    0.000000
 2668.089110    0.000000
 2668.702880    0.000000
 2669.316890    0.000000
 2669.932370    0.000000
 2670.546630    0.000000
 2671.162350    0.000000
 2671.776860    0.000000
 2672.393070    0.000000
 2673.007810    0.000000
 2673.622560    0.000000
 2674.239260    0.000000
 2674.854490    0.000000
 2675.471190    0.000000
 2676.086670    0.000000
 2676.703860    0.000000
 2677.319580    0.000000
 2677.935550    0.000000
 2678.552980    0.000000
 2679.169190    0.000000
 2679.786870    0.000000
 2680.403560    0.000000
 2681.021480    0.000000
 2681.638430    0.000000
 2682.255370    0.000000
 2682.873780    0.000000
 2683.490970    0.000000
 2684.109860    0.000000
 2684.727290    0.000000
 2685.346440    0.000000
 2685.964110    0.000000
 2686.582030    0.000000
 2687.201660    0.000000
 2687.819820    0.000000
 2688.439450    0.000000
 2689.057860    0.000000
 2689.677980    0.000000
 2690.296880    0.000000
 2690.915770    0.000000
 2691.536380    0.000000
 2692.155270    0.000000
 2692.776370    0.000000
 2693.395750    0.000000
 2694.016850    0.000000
 2694.636720    0.000000
 2695.256590    0.000000
 2695.877930    0.000000
 2696.498050    0.000000
 2697.119870    0.000000
 2697.740480    0.000000
 2698.362550    0.000000
 2698.983400    0.000000
 2699.604250    0.000000
 2700.226810    0.000000
 2700.847900    0.000000
 2701.470700    0.000000
 2702.092040    0.000000
 2702.715330    0.000000
 2703.337160    0.000000
 2703.958980    0.000000
 2704.582520    0.000000
 2705.204830    0.000000
 2705.828370    0.000000
 2706.450930    0.000000
 2707.074950    0.000000
 2707.697750    0.000000
 2708.320800    0.000000
 2708.945310    0.000000
 2709.568360    0.000000
 2710.193360    0.000000
 2710.816650    0.000000
 2711.441890    0.000000
 2712.065670    0.000000
 2712.689450    0.000000
 2713.314940    0.000000
 2713.939210    0.000000
 2714.565190    0.000000
 2715.189450    0.000000
 2715.815670    0.000000
 2716.440430    0.000000
 2717.066890    0.000000
 2717.691890    0.000000
 2718.317140    0.000000
 2718.943850    0.000000
 2719.569340    0.000000
 2720.196530    0.000000
 2720.822270    0.000000
 2721.449710    0.000000
 2722.075680    0.000000
 2722.702150    0.000000
 2723.329830    0.000000
 2723.956300    0.000000
 2724.584470    0.000000
 2725.211430    0.000000
 2725.839600    0.000000
 2726.466800    0.000000
 2727.093990    0.000000
 2727.722900    0.000000
 2728.350340    0.000000
 2728.979490    0.000000
 2729.607420    0.000000
 2730.236820    0.000000
 2730.864750    0.000000
 2731.493160    0.000000
 2732.122800    0.000000
 2732.751460    0.000000
 2733.381590    0.000000
 2734.010500    0.000000
 2734.640870    0.000000
 2735.270020    0.000000
 2735.899410    0.000000
 2736.530270    0.000000
 2737.159670    0.000000
 2737.790770    0.000000
 2738.420650    0.000000
 2739.052250    0.000000
 2739.682370    0.000000
 2740.312500    0.000000
 2740.944340    0.000000
 2741.575200    0.000000
 2742.207280    0.000000
 2742.838130    0.000000
 2743.470460    0.000000
 2744.101560    0.000000
 2744.732910    0.000000
 2745.365970    0.000000
 2745.997310    0.000000
 2746.630860    0.000000
 2747.262700    0.000000
 2747.896000    0.000000
 2748.528080    0.000000
 2749.160640    0.000000
 2749.794430    0.000000
 2750.427000    0.000000
 2751.061280    0.000000
 2751.694090    0.000000
 2752.328610    0.000000
 2752.961910    0.000000
 2753.595210    0.000000
 2754.230220    0.000000
 2754.863770    0.000000
 2755.499020    0.000000
 2756.132810    0.000000
 2756.768550    0.000000
 2757.402590    0.000000
 2758.036870    0.000000
 2758.673100    0.000000
 2759.307620    0.000000
 2759.943850    0.000000
 2760.578860    0.000000
 2761.215330    0.000000
 2761.850590    0.000000
 2762.487550    0.000000
 2763.123050    0.000000
 2763.758790    0.000000
 2764.396000    0.000000
 2765.031980    0.000000
 2765.669430    0.000000
 2766.305910    0.000000
 2766.943600    0.000000
 2767.580320    0.000000
 2768.216800    0.000000
 2768.855220    0.000000
 2769.492190    0.000000
 2770.130860    0.000000
 2770.768070    0.000000
 2771.407230    0.000000
 2772.044680    0.000000
 2772.682130    0.000000
 2773.321780    0.000000
 2773.959720    0.000000
 2774.599370    0.000000
 2775.237550    0.000000
 2775.877690    0.000000
 2776.516360    0.000000
 2777.155030    0.000000
 2777.795170    0.000000
 2778.434330    0.000000
 2779.074950    0.000000
 2779.714360    0.000000
 2780.355470    0.000000
 2780.995120    0.000000
 2781.634770    0.000000
 2782.276120    0.000000
 2782.916260    0.000000
 2783.558110    0.000000
 2784.198490    0.000000
 2784.840330    0.000000
 2785.480960    0.000000
 2786.121830    0.000000
 2786.764400    0.000000
 2787.405270    0.000000
 2788.048100    0.000000
 2788.689450    0.000000
 2789.332520    0.000000
 2789.974370    0.000000
 2790.615970    0.000000
 2791.259770    0.000000
 2791.901610    0.000000
 2792.545410    0.000000
 2793.187990    0.000000
 2793.832030    0.000000
 2794.474850    0.000000
 2795.117680    0.000000
 2795.762210    0.000000
 2796.405520    0.000000
 2797.050290    0.000000
 2797.693600    0.000000
 2798.338870    0.000000
 2798.982420    0.000000
 2799.626460    0.000000
 2800.272220    0.000000
 2800.916260    0.000000
 2801.562260    0.000000
 2802.206790    0.000000
 2802.852780    0.000000
 2803.497560    0.000000
 2804.142580    0.000000
 2804.789310    0.000000
 2805.434330    0.000000
 2806.081300    0.000000
 2806.726810    0.000000
 2807.374020    0.000000
 2808.020020    0.000000
 2808.666020    0.000000
 2809.313480    0.000000
 2809.959960    0.000000
 2810.607910    0.000000
 2811.254390    0.000000
 2811.902830    0.000000
 2812.549560    0.000000
 2813.198240    0.000000
 2813.845210    0.000000
 2814.492680    0.000000
 2815.141600    0.000000
 2815.789310    0.000000
 2816.438720    0.000000
 2817.086430    0.000000
 2817.736080    0.000000
 2818.384520    0.000001
 2819.032710    0.000002
 2819.682620    0.000005
 2820.331300    0.000010
 2820.981930    0.000018
 2821.630620    0.000036
 2822.281490    0.000071
 2822.930660    0.000131
 2823.580080    0.000238
 2824.231200    0.000423
 2824.880860    0.000731
 2825.532230    0.001233
 2826.182370    0.002022
 2826.833980    0.003232
 2827.484380    0.005030
 2828.134770    0.007624
 2828.786870    0.011269
 2829.437740    0.016213
 2830.090090    0.022739
 2830.741210    0.031047
 2831.394040    0.041322
 2832.045410    0.053541
 2832.697020    0.067589
 2833.350100    0.083158
 2834.001950    0.099637
 2834.655520    0.116357
 2835.307620    0.132348
 2835.961180    0.146717
 2836.613770    0.158470
 2837.266360    0.166818
 2837.920410    0.171175
 2838.573490    0.171220
 2839.228030    0.166977
 2839.881100    0.158813
 2840.535890    0.147316
 2841.189450    0.133352
 2841.843020    0.117823
 2842.498540    0.101600
 2843.152340    0.085609
 2843.807860    0.070458
 2844.462160    0.056715
 2845.118160    0.044630
 2845.772710    0.034391
 2846.427250    0.025955
 2847.083740    0.019178
 2847.738770    0.013910
 2848.395260    0.009905
 2849.050540    0.006960
 2849.707760    0.004864
 2850.363280    0.003469
 2851.018800    0.002657
 2851.676270    0.002382
 2852.332280    0.002668
 2852.989990    0.003626
 2853.646480    0.005460
 2854.304440    0.008503
 2854.960940    0.013200
 2855.617920    0.020158
 2856.276370    0.030138
 2856.933350    0.043956
 2857.592290    0.062634
 2858.249760    0.087061
 2858.908940    0.118300
 2859.566650    0.157053
 2860.224370    0.204094
 2860.883790    0.260173
 2861.541750    0.325577
 2862.201900    0.401350
 2862.860350    0.488034
 2863.520510    0.587614
 2864.179200    0.701878
 2864.839840    0.834480
 2865.498780    0.988349
 2866.157960    1.167683
 2866.818850    1.376282
 2867.478520    1.615057
 2868.139650    1.884336
 2868.799320    2.178956
 2869.460940    2.492710
 2870.121090    2.812649
 2870.781490    3.125547
 2871.443360    3.416876
 2872.103760    3.671624
 2872.766360    3.881389
 2873.427000    4.041772
 2874.089600    4.159504
 2874.750730    4.249786
 2875.412110    4.338869
 2876.075440    4.461772
 2876.736820    4.658275
 2877.400390    4.971964
 2878.062260    5.439718
 2878.725830    6.093359
 2879.388180    6.944639
 2880.050540    7.989405
 2880.714600    9.203165
 2881.377440    10.529494
 2882.041750    11.901256
 2882.704830    13.224791
 2883.369380    14.409393
 2884.032960    15.357128
 2884.696530    15.989626
 2885.361330    16.249487
 2886.025390    16.107836
 2886.690920    15.569267
 2887.354980    14.674427
 2888.020510    13.485385
 2888.685060    12.091355
 2889.349610    10.584954
 2890.015870    9.055119
 2890.680910    7.591146
 2891.347410    6.252642
 2892.012700    5.089296
 2892.679200    4.119298
 2893.344970    3.348168
 2894.010500    2.761202
 2894.677730    2.332065
 2895.343510    2.031277
 2896.011470    1.823739
 2896.677490    1.679091
 2897.345460    1.569169
 2898.011960    1.473392
 2898.678960    1.376873
 2899.347170    1.271222
 2900.014160    1.153997
 2900.682860    1.026002
 2901.350100    0.891894
 2902.019530    0.756356
 2902.687010    0.625801
 2903.354740    0.504634
 2904.024410    0.396206
 2904.692380    0.303243
 2905.361820    0.226001
 2906.030520    0.164279
 2906.700680    0.116572
 2907.369140    0.081313
 2908.038090    0.056441
 2908.708500    0.040215
 2909.377930    0.031325
 2910.048830    0.028882
 2910.718260    0.032612
 2911.389650    0.042860
 2912.059330    0.060456
 2912.729250    0.086775
 2913.400630    0.123563
 2914.070800    0.172428
 2914.742920    0.235174
 2915.413570    0.312489
 2916.085690    0.404778
 2916.756590    0.510489
 2917.429200    0.627378
 2918.100340    0.750595
 2918.771730    0.874658
 2919.444580    0.992892
 2920.116210    1.097416
 2920.789550    1.181469
 2921.461670    1.238520
 2922.135500    1.264415
 2922.807370    1.257014
 2923.479740    1.216979
 2924.154050    1.147161
 2924.826660    1.053168
 2925.500980    0.941270
 2926.174070    0.819357
 2926.848880    0.694224
 2927.522220    0.572963
 2928.195800    0.460440
 2928.870850    0.360100
 2929.544920    0.274316
 2930.220460    0.203337
 2930.894530    0.146852
 2931.570310    0.103175
 2932.244630    0.070633
 2932.919190    0.047076
 2933.595700    0.030511
 2934.270260    0.019277
 2934.947270    0.011837
 2935.622310    0.007087
 2936.299070    0.004126
 2936.974850    0.002339
 2937.650390    0.001292
 2938.327880    0.000693
 2939.003660    0.000363
 2939.681400    0.000185
 2940.357670    0.000092
 2941.035640    0.000044
 2941.712160    0.000021
 2942.389160    0.000010
 2943.067630    0.000004
 2943.744630    0.000002
 2944.423580    0.000001
 2945.100830    0.000000
 2945.780030    0.000000
 2946.457760    0.000000
 2947.135500    0.000000
 2947.815190    0.000000
 2948.493410    0.000000
 2949.173100    0.000000
 2949.851560    0.000000
 2950.531980    0.000000
 2951.210450    0.000000
 2951.889650    0.000000
 2952.570070    0.000000
 2953.249270    0.000000
 2953.930660    0.000000
 2954.610110    0.000000
 2955.291500    0.000000
 2955.971190    0.000000
 2956.651120    0.000000
 2957.333010    0.000000
 2958.013180    0.000000
 2958.695560    0.000000
 2959.376220    0.000000
 2960.058350    0.000000
 2960.739500    0.000000
 2961.420410    0.000000
 2962.103520    0.000000
 2962.784910    0.000000
 2963.468020    0.000000
 2964.149900    0.000000
 2964.833500    0.000000
 2965.515380    0.000000
 2966.197750    0.000000
 2966.881590    0.000000
 2967.564210    0.000000
 2968.248540    0.000000
 2968.931150    0.000000
 2969.615720    0.000000
 2970.299070    0.000000
 2970.984130    0.000000
 2971.667480    0.000000
 2972.351070    0.000000
 2973.036620    0.000000
 2973.720700    0.000000
 2974.406250    0.000000
 2975.090580    0.000000
 2975.776610    0.000000
 2976.461180    0.000000
 2977.146000    0.000000
 2977.832280    0.000000
 2978.517580    0.000000
 2979.204350    0.000000
 2979.889650    0.000000
 2980.576660    0.000000
 2981.262210    0.000000
 2981.948240    0.000000
 2982.635990    0.000000
 2983.322020    0.000000
 2984.010010    0.000000
 2984.696530    0.000000
 2985.384770    0.000000
 2986.071530    0.000000
 2986.758540    0.000000
 2987.447270    0.000000
 2988.134770    0.000000
 2988.823490    0.000000
 2989.510990    0.000000
 2990.200440    0.000000
 2990.888180    0.000000
 2991.576170    0.000000
 2992.266360    0.000000
 2992.954830    0.000000
 2993.644780    0.000000
 2994.333500    0.000000
 2995.023930    0.000000
 2995.713130    0.000000
 2996.402100    0.000000
 2997.093020    0.000000
 2997.782710    0.000000
 2998.473880    0.000000
 2999.163570    0.000000
 2999.855470    0.000000
 3000.545410    0.000000
 3001.235600    0.000000
 3001.927730    0.000000
 3002.618410    0.000000
 3003.310550    0.000000
 3004.001710    0.000000
 3004.694340    0.000000
 3005.385740    0.000000
 3006.076900    0.000000
 3006.770020    0.000000
 3007.461670    0.000000
 3008.155270    0.000000
 3008.847410    0.000000
 3009.541260    0.000000
 3010.233400    0.000000
 3010.926270    0.000000
 3011.620360    0.000000
 3012.313230    0.000000
 3013.007810    0.000000
 3013.700930    0.000000
 3014.395750    0.000000
 3015.089360    0.000000
 3015.783200    0.000000
 3016.478270    0.000000
 3017.172610    0.000000
 3017.868160    0.000000
 3018.562260    0.000000
 3019.258540    0.000000
 3019.952880    0.000000
 3020.647950    0.000000
 3021.344480    0.000000
 3022.039310    0.000000
 3022.736330    0.000000
 3023.431640    0.000000
 3024.128660    0.000000
 3024.824460    0.000000
 3025.522220    0.000000
 3026.218020    0.000000
 3026.914310    0.000000
 3027.612300    0.000000
 3028.308840    0.000000
 3029.007080    0.000000
 3029.703860    0.000000
 3030.402590    0.000000
 3031.099850    0.000000
 3031.797120    0.000000
 3032.496090    0.000000
 3033.193600    0.000000
 3033.893310    0.000000
 3034.591060    0.000000
 3035.290770    0.000000
 3035.989010    0.000000
 3036.687740    0.000000
 3037.387700    0.000000
 3038.086670    0.000000
 3038.787350    0.000000
 3039.486080    0.000000
 3040.187260    0.000000
 3040.886470    0.000000
 3041.586180    0.000000
 3042.287350    0.000000
 3042.987550    0.000000
 3043.689210    0.000000
 3044.389160    0.000000
 3045.091060    0.000000
 3045.791750    0.000000
 3046.492430    0.000000
 3047.194820    0.000000
 3047.896000    0.000000
 3048.598880    0.000000
 3049.300050    0.000000
