 2653.384280    0.000008
 2653.996340    0.000010
 2654.606690    0.000012
 2655.217290    0.000015
 2655.829830    0.000020
 2656.440670    0.000025
 2657.053220    0.000031
 2657.664550    0.000038
 2658.277340    0.000048
 2658.888920    0.000059
 2659.500730    0.000073
 2660.114010    0.000090
 2660.725830    0.000110
 2661.339360    0.000134
 2661.951660    0.000163
 2662.565430    0.000197
 2663.177980    0.000237
 2663.790530    0.000285
 2664.404790    0.000341
 2665.017820    0.000407
 2665.632320    0.000484
 2666.245610    0.000572
 2666.860350    0.000674
 2667.473880    0.000792
 2668.089110    0.000926
 2668.702880    0.001079
 2669.316890    0.001252
 2669.932370    0.001448
 2670.546630    0.001668
 2671.162350    0.001914
 2671.776860    0.002188
 2672.393070    0.002492
 2673.007810    0.002828
 2673.622560    0.003195
 2674.239260    0.003598
 2674.854490    0.004036
 2675.471190    0.004510
 2676.086670    0.005019
 2676.703860    0.005568
 2677.319580    0.006149
 2677.935550    0.006766
 2678.552980    0.007419
 2679.169190    0.008101
 2679.786870    0.008816
 2680.403560    0.009555
 2681.021480    0.010318
 2681.638430    0.011099
 2682.255370    0.011894
 2682.873780    0.012701
 2683.490970    0.013510
 2684.109860    0.014318
 2684.727290    0.015119
 2685.346440    0.015908
 2685.964110    0.016677
 2686.582030    0.017421
 2687.201660    0.018137
 2687.819820    0.018817
 2688.439450    0.019461
 2689.057860    0.020060
 2689.677980    0.020617
 2690.296880    0.021128
 2690.915770    0.021592
 2691.536380    0.022016
 2692.155270    0.022397
 2692.776370    0.022745
 2693.395750    0.023065
 2694.016850    0.023367
 2694.636720    0.023662
 2695.256590    0.023965
 2695.877930    0.024293
 2696.498050    0.024664
 2697.119870    0.025103
 2697.740480    0.025633
 2698.362550    0.026285
 2698.983400    0.027088
 2699.604250    0.028079
 2700.226810    0.029301
 2700.847900    0.030790
 2701.470700    0.032603
 2702.092040    0.034782
 2702.715330    0.037399
 2703.337160    0.040503
 2703.958980    0.044168
 2704.582520    0.048484
 2705.204830    0.053516
 2705.828370    0.059378
 2706.450930    0.066152
 2707.074950    0.073982
 2707.697750    0.082964
 2708.320800    0.093258
 2708.945310    0.105051
 2709.568360    0.118469
 2710.193360    0.133789
 2710.816650    0.151151
 2711.441890    0.170914
 2712.065670    0.193262
 2712.689450    0.218563
 2713.314940    0.247264
 2713.939210    0.279644
 2714.565190    0.316319
 2715.189450    0.357605
 2715.815670    0.404317
 2716.440430    0.456841
 2717.066890    0.516150
 2717.691890    0.582716
 2718.317140    0.657545
 2718.943850    0.741734
 2719.569340    0.835923
 2720.196530    0.941636
 2720.822270    1.059484
 2721.449710    1.191285
 2722.075680    1.337652
 2722.702150    1.500332
 2723.329830    1.680950
 2723.956300    1.880203
 2724.584470    2.100459
 2725.211430    2.342121
 2725.839600    2.607512
 2726.466800    2.897047
 2727.093990    3.212366
 2727.722900    3.555583
 2728.350340    3.925991
 2728.979490    4.326324
 2729.607420    4.755396
 2730.236820    5.215475
 2730.864750    5.704565
 2731.493160    6.223977
 2732.122800    6.773975
 2732.751460    7.351847
 2733.381590    7.958688
 2734.010500    8.590370
 2734.640870    9.247639
 2735.270020    9.925349
 2735.899410    10.622268
 2736.530270    11.336660
 2737.159670    12.061670
 2737.790770    12.797053
 2738.420650    13.535174
 2739.052250    14.274938
 2739.682370    15.007847
 2740.312500    15.730652
 2740.944340    16.440134
 2741.575200    17.128035
 2742.207280    17.791471
 2742.838130    18.422682
 2743.470460    19.019226
 2744.101560    19.573624
 2744.732910    20.082586
 2745.365970    20.542696
 2745.997310    20.947460
 2746.630860    21.295732
 2747.262700    21.582190
 2747.896000    21.805718
 2748.528080    21.963312
 2749.160640    22.054073
 2749.794430    22.077011
 2750.427000    22.031828
 2751.061280    21.918655
 2751.694090    21.739048
 2752.328610    21.493708
 2752.961910    21.185900
 2753.595210    20.817959
 2754.230220    20.391907
 2754.863770    19.913555
 2755.499020    19.384598
 2756.132810    18.812109
 2756.768550    18.197708
 2757.402590    17.549881
 2758.036870    16.871872
 2758.673100    16.166924
 2759.307620    15.444327
 2759.943850    14.705416
 2760.578860    13.958689
 2761.215330    13.205963
 2761.850590    12.455175
 2762.487550    11.707392
 2763.123050    10.970568
 2763.758790    10.246592
 2764.396000    9.537687
 2765.031980    8.850029
 2765.669430    8.183525
 2766.305910    7.543150
 2766.943600    6.928714
 2767.580320    6.343956
 2768.216800    5.789339
 2768.855220    5.263927
 2769.492190    4.771070
 2770.130860    4.308505
 2770.768070    3.878424
 2771.407230    3.478150
 2772.044680    3.109351
 2772.682130    2.770055
 2773.321780    2.458200
 2773.959720    2.174527
 2774.599370    1.916193
 2775.237550    1.683086
 2775.877690    1.472505
 2776.516360    1.284079
 2777.155030    1.115770
 2777.795170    0.965729
 2778.434330    0.833036
 2779.074950    0.715729
 2779.714360    0.612885
 2780.355470    0.522684
 2780.995120    0.444289
 2781.634770    0.376268
 2782.276120    0.317344
 2782.916260    0.266744
 2783.558110    0.223274
 2784.198490    0.186269
 2784.840330    0.154751
 2785.480960    0.128130
 2786.121830    0.105682
 2786.764400    0.086794
 2787.405270    0.071050
 2788.048100    0.057905
 2788.689450    0.047034
 2789.332520    0.038038
 2789.974370    0.030657
 2790.615970    0.024616
 2791.259770    0.019674
 2791.901610    0.015676
 2792.545410    0.012432
 2793.187990    0.009827
 2793.832030    0.007732
 2794.474850    0.006063
 2795.117680    0.004737
 2795.762210    0.003683
 2796.405520    0.002854
 2797.050290    0.002202
 2797.693600    0.001693
 2798.338870    0.001296
 2798.982420    0.000988
 2799.626460    0.000751
 2800.272220    0.000567
 2800.916260    0.000428
 2801.562260    0.000321
 2802.206790    0.000240
 2802.852780    0.000178
 2803.497560    0.000133
 2804.142580    0.000098
 2804.789310    0.000072
 2805.434330    0.000052
 2806.081300    0.000038
 2806.726810    0.000028
 2807.374020    0.000020
 2808.020020    0.000014
 2808.666020    0.000010
 2809.313480    0.000008
 2809.959960    0.000006
 2810.607910    0.000004
 2811.254390    0.000003
 2811.902830    0.000002
 2812.549560    0.000001
 2813.198240    0.000001
 2813.845210    0.000001
 2814.492680    0.000000
 2815.141600    0.000000
 2815.789310    0.000000
 2816.438720    0.000000
 2817.086430    0.000000
 2817.736080    0.000000
 2818.384520    0.000000
 2819.032710    0.000000
 2819.682620    0.000000
 2820.331300    0.000000
 2820.981930    0.000000
 2821.630620    0.000000
 2822.281490    0.000000
 2822.930660    0.000000
 2823.580080    0.000000
 2824.231200    0.000000
 2824.880860    0.000000
 2825.532230    0.000000
 2826.182370    0.000000
 2826.833980    0.000000
 2827.484380    0.000000
 2828.134770    0.000000
 2828.786870    0.000000
 2829.437740    0.000000
 2830.090090    0.000000
 2830.741210    0.000000
 2831.394040    0.000000
 2832.045410    0.000000
 2832.697020    0.000000
 2833.350100    0.000000
 2834.001950    0.000000
 2834.655520    0.000000
 2835.307620    0.000000
 2835.961180    0.000000
 2836.613770    0.000000
 2837.266360    0.000000
 2837.920410    0.000000
 2838.573490    0.000000
 2839.228030    0.000000
 2839.881100    0.000000
 2840.535890    0.000000
 2841.189450    0.000000
 2841.843020    0.000000
 2842.498540    0.000000
 2843.152340    0.000000
 2843.807860    0.000000
 2844.462160    0.000000
 2845.118160    0.000000
 2845.772710    0.000000
 2846.427250    0.000000
 2847.083740    0.000000
 2847.738770    0.000000
 2848.395260    0.000000
 2849.050540    0.000000
 2849.707760    0.000000
 2850.363280    0.000000
 2851.018800    0.000000
 2851.676270    0.000000
 2852.332280    0.000000
 2852.989990    0.000000
 2853.646480    0.000000
 2854.304440    0.000000
 2854.960940    0.000000
 2855.617920    0.000000
 2856.276370    0.000000
 2856.933350    0.000000
 2857.592290    0.000000
 2858.249760    0.000000
 2858.908940    0.000000
 2859.566650    0.000000
 2860.224370    0.000000
 2860.883790    0.000000
 2861.541750    0.000000
 2862.201900    0.000000
 2862.860350    0.000000
 2863.520510    0.000000
 2864.179200    0.000000
 2864.839840    0.000000
 2865.498780    0.000000
 2866.157960    0.000000
 2866.818850    0.000000
 2867.478520    0.000000
 2868.139650    0.000000
 2868.799320    0.000000
 2869.460940    0.000000
 2870.121090    0.000000
 2870.781490    0.000000
 2871.443360    0.000000
 2872.103760    0.000000
 2872.766360    0.000000
 2873.427000    0.000000
 2874.089600    0.000000
 2874.750730    0.000000
 2875.412110    0.000000
 2876.075440    0.000000
 2876.736820    0.000000
 2877.400390    0.000000
 2878.062260    0.000000
 2878.725830    0.000000
 2879.388180    0.000000
 2880.050540    0.000000
 2880.714600    0.000000
 2881.377440    0.000000
 2882.041750    0.000000
 2882.704830    0.000000
 2883.369380    0.000000
 2884.032960    0.000000
 2884.696530    0.000000
 2885.361330    0.000000
 2886.025390    0.000000
 2886.690920    0.000000
 2887.354980    0.000000
 2888.020510    0.000000
 2888.685060    0.000000
 2889.349610    0.000000
 2890.015870    0.000000
 2890.680910    0.000000
 2891.347410    0.000000
 2892.012700    0.000000
 2892.679200    0.000000
 2893.344970    0.000000
 2894.010500    0.000000
 2894.677730    0.000000
 2895.343510    0.000000
 2896.011470    0.000000
 2896.677490    0.000000
 2897.345460    0.000000
 2898.011960    0.000000
 2898.678960    0.000000
 2899.347170    0.000000
 2900.014160    0.000000
 2900.682860    0.000000
 2901.350100    0.000000
 2902.019530    0.000000
 2902.687010    0.000000
 2903.354740    0.000000
 2904.024410    0.000000
 2904.692380    0.000000
 2905.361820    0.000000
 2906.030520    0.000000
 2906.700680    0.000000
 2907.369140    0.000000
 2908.038090    0.000000
 2908.708500    0.000000
 2909.377930    0.000000
 2910.048830    0.000000
 2910.718260    0.000000
 2911.389650    0.000000
 2912.059330    0.000000
 2912.729250    0.000000
 2913.400630    0.000000
 2914.070800    0.000000
 2914.742920    0.000000
 2915.413570    0.000000
 2916.085690    0.000000
 2916.756590    0.000000
 2917.429200    0.000000
 2918.100340    0.000000
 2918.771730    0.000000
 2919.444580    0.000000
 2920.116210    0.000000
 2920.789550    0.000000
 2921.461670    0.000000
 2922.135500    0.000000
 2922.807370    0.000000
 2923.479740    0.000000
 2924.154050    0.000000
 2924.826660    0.000000
 2925.500980    0.000000
 2926.174070    0.000000
 2926.848880    0.000000
 2927.522220    0.000000
 2928.195800    0.000000
 2928.870850    0.000000
 2929.544920    0.000000
 2930.220460    0.000000
 2930.894530    0.000000
 2931.570310    0.000000
 2932.244630    0.000000
 2932.919190    0.000000
 2933.595700    0.000000
 2934.270260    0.000000
 2934.947270    0.000000
 2935.622310    0.000000
 2936.299070    0.000000
 2936.974850    0.000000
 2937.650390    0.000000
 2938.327880    0.000000
 2939.003660    0.000000
 2939.681400    0.000000
 2940.357670    0.000000
 2941.035640    0.000000
 2941.712160    0.000000
 2942.389160    0.000000
 2943.067630    0.000000
 2943.744630    0.000000
 2944.423580    0.000000
 2945.100830    0.000000
 2945.780030    0.000000
 2946.457760    0.000000
 2947.135500    0.000000
 2947.815190    0.000000
 2948.493410    0.000000
 2949.173100    0.000000
 2949.851560    0.000000
 2950.531980    0.000000
 2951.210450    0.000000
 2951.889650    0.000000
 2952.570070    0.000000
 2953.249270    0.000000
 2953.930660    0.000000
 2954.610110    0.000000
 2955.291500    0.000000
 2955.971190    0.000000
 2956.651120    0.000000
 2957.333010    0.000000
 2958.013180    0.000000
 2958.695560    0.000000
 2959.376220    0.000000
 2960.058350    0.000000
 2960.739500    0.000000
 2961.420410    0.000000
 2962.103520    0.000000
 2962.784910    0.000000
 2963.468020    0.000000
 2964.149900    0.000000
 2964.833500    0.000000
 2965.515380    0.000000
 2966.197750    0.000000
 2966.881590    0.000000
 2967.564210    0.000000
 2968.248540    0.000000
 2968.931150    0.000000
 2969.615720    0.000000
 2970.299070    0.000000
 2970.984130    0.000000
 2971.667480    0.000000
 2972.351070    0.000000
 2973.036620    0.000000
 2973.720700    0.000000
 2974.406250    0.000000
 2975.090580    0.000000
 2975.776610    0.000000
 2976.461180    0.000000
 2977.146000    0.000000
 2977.832280    0.000000
 2978.517580    0.000000
 2979.204350    0.000000
 2979.889650    0.000000
 2980.576660    0.000000
 2981.262210    0.000000
 2981.948240    0.000000
 2982.635990    0.000000
 2983.322020    0.000000
 2984.010010    0.000000
 2984.696530    0.000000
 2985.384770    0.000000
 2986.071530    0.000000
 2986.758540    0.000000
 2987.447270    0.000000
 2988.134770    0.000000
 2988.823490    0.000000
 2989.510990    0.000000
 2990.200440    0.000000
 2990.888180    0.000000
 2991.576170    0.000000
 2992.266360    0.000000
 2992.954830    0.000000
 2993.644780    0.000000
 2994.333500    0.000000
 2995.023930    0.000000
 2995.713130    0.000000
 2996.402100    0.000000
 2997.093020    0.000000
 2997.782710    0.000000
 2998.473880    0.000000
 2999.163570    0.000000
 2999.855470    0.000000
 3000.545410    0.000000
 3001.235600    0.000000
 3001.927730    0.000000
 3002.618410    0.000000
 3003.310550    0.000000
 3004.001710    0.000000
 3004.694340    0.000000
 3005.385740    0.000000
 3006.076900    0.000000
 3006.770020    0.000000
 3007.461670    0.000000
 3008.155270    0.000000
 3008.847410    0.000000
 3009.541260    0.000000
 3010.233400    0.000000
 3010.926270    0.000000
 3011.620360    0.000000
 3012.313230    0.000000
 3013.007810    0.000000
 3013.700930    0.000000
 3014.395750    0.000000
 3015.089360    0.000000
 3015.783200    0.000000
 3016.478270    0.000000
 3017.172610    0.000000
 3017.868160    0.000000
 3018.562260    0.000000
 3019.258540    0.000000
 3019.952880    0.000000
 3020.647950    0.000000
 3021.344480    0.000000
 3022.039310    0.000000
 3022.736330    0.000000
 3023.431640    0.000000
 3024.128660    0.000000
 3024.824460    0.000000
 3025.522220    0.000000
 3026.218020    0.000000
 3026.914310    0.000000
 3027.612300    0.000000
 3028.308840    0.000000
 3029.007080    0.000000
 3029.703860    0.000000
 3030.402590    0.000000
 3031.099850    0.000000
 3031.797120    0.000000
 3032.496090    0.000000
 3033.193600    0.000000
 3033.893310    0.000000
 3034.591060    0.000000
 3035.290770    0.000000
 3035.989010    0.000000
 3036.687740    0.000000
 3037.387700    0.000000
 3038.086670    0.000000
 3038.787350    0.000000
 3039.486080    0.000000
 3040.187260    0.000000
 3040.886470    0.000000
 3041.586180    0.000000
 3042.287350    0.000000
 3042.987550    0.000000
 3043.689210    0.000000
 3044.389160    0.000000
 3045.091060    0.000000
 3045.791750    0.000000
 3046.492430    0.000000
 3047.194820    0.000000
 3047.896000    0.000000
 3048.598880    0.000000
 3049.300050    0.000000
