 2653.384280    0.000034
 2653.996340    0.000039
 2654.606690    0.000045
 2655.217290    0.000051
 2655.829830    0.000058
 2656.440670    0.000066
 2657.053220    0.000075
 2657.664550    0.000086
 2658.277340    0.000097
 2658.888920    0.000110
 2659.500730    0.000125
 2660.114010    0.000141
 2660.725830    0.000159
 2661.339360    0.000179
 2661.951660    0.000201
 2662.565430    0.000226
 2663.177980    0.000254
 2663.790530    0.000284
 2664.404790    0.000319
 2665.017820    0.000356
 2665.632320    0.000397
 2666.245610    0.000442
 2666.860350    0.000492
 2667.473880    0.000546
 2668.089110    0.000607
 2668.702880    0.000671
 2669.316890    0.000743
 2669.932370    0.000821
 2670.546630    0.000906
 2671.162350    0.000998
 2671.776860    0.001099
 2672.393070    0.001207
 2673.007810    0.001325
 2673.622560    0.001451
 2674.239260    0.001589
 2674.854490    0.001737
 2675.471190    0.001896
 2676.086670    0.002068
 2676.703860    0.002252
 2677.319580    0.002448
 2677.935550    0.002659
 2678.552980    0.002886
 2679.169190    0.003126
 2679.786870    0.003384
 2680.403560    0.003658
 2681.021480    0.003951
 2681.638430    0.004262
 2682.255370    0.004592
 2682.873780    0.004944
 2683.490970    0.005316
 2684.109860    0.005712
 2684.727290    0.006131
 2685.346440    0.006577
 2685.964110    0.007047
 2686.582030    0.007546
 2687.201660    0.008077
 2687.819820    0.008636
 2688.439450    0.009233
 2689.057860    0.009864
 2689.677980    0.010535
 2690.296880    0.011248
 2690.915770    0.012006
 2691.536380    0.012815
 2692.155270    0.013675
 2692.776370    0.014598
 2693.395750    0.015582
 2694.016850    0.016640
 2694.636720    0.017774
 2695.256590    0.018993
 2695.877930    0.020311
 2696.498050    0.021733
 2697.119870    0.023277
 2697.740480    0.024950
 2698.362550    0.026772
 2698.983400    0.028754
 2699.604250    0.030917
 2700.226810    0.033290
 2700.847900    0.035883
 2701.470700    0.038735
 2702.092040    0.041863
 2702.715330    0.045316
 2703.337160    0.049110
 2703.958980    0.053293
 2704.582520    0.057922
 2705.204830    0.063024
 2705.828370    0.068671
 2706.450930    0.074903
 2707.074950    0.081809
 2707.697750    0.089429
 2708.320800    0.097857
 2708.945310    0.107194
 2709.568360    0.117489
 2710.193360    0.128898
 2710.816650    0.141461
 2711.441890    0.155372
 2712.065670    0.170678
 2712.689450    0.187549
 2713.314940    0.206180
 2713.939210    0.226645
 2714.565190    0.249208
 2715.189450    0.273929
 2715.815670    0.301146
 2716.440430    0.330916
 2717.066890    0.363614
 2717.691890    0.399304
 2718.317140    0.438322
 2718.943850    0.481015
 2719.569340    0.527477
 2720.196530    0.578218
 2720.822270    0.633283
 2721.449710    0.693271
 2722.075680    0.758209
 2722.702150    0.828632
 2723.329830    0.904998
 2723.956300    0.987378
 2724.584470    1.076544
 2725.211430    1.172477
 2725.839600    1.275949
 2726.466800    1.387010
 2727.093990    1.506226
 2727.722900    1.634373
 2728.350340    1.771233
 2728.979490    1.917923
 2729.607420    2.074193
 2730.236820    2.241136
 2730.864750    2.418381
 2731.493160    2.606856
 2732.122800    2.807215
 2732.751460    3.019137
 2733.381590    3.243814
 2734.010500    3.480625
 2734.640870    3.730895
 2735.270020    3.993837
 2735.899410    4.270274
 2736.530270    4.561001
 2737.159670    4.864826
 2737.790770    5.183403
 2738.420650    5.515337
 2739.052250    5.862197
 2739.682370    6.222202
 2740.312500    6.596034
 2740.944340    6.984591
 2741.575200    7.386003
 2742.207280    7.801367
 2742.838130    8.228697
 2743.470460    8.669357
 2744.101560    9.120947
 2744.732910    9.583874
 2745.365970    10.058566
 2745.997310    10.541689
 2746.630860    11.035381
 2747.262700    11.535677
 2747.896000    12.044067
 2748.528080    12.557313
 2749.160640    13.075628
 2749.794430    13.598398
 2750.427000    14.122308
 2751.061280    14.648416
 2751.694090    15.172672
 2752.328610    15.696229
 2752.961910    16.215147
 2753.595210    16.728878
 2754.230220    17.237198
 2754.863770    17.735949
 2755.499020    18.225990
 2756.132810    18.703236
 2756.768550    19.168602
 2757.402590    19.617779
 2758.036870    20.050606
 2758.673100    20.466583
 2759.307620    20.861771
 2759.943850    21.236813
 2760.578860    21.588532
 2761.215330    21.917034
 2761.850590    22.219641
 2762.487550    22.496513
 2763.123050    22.745155
 2763.758790    22.965305
 2764.396000    23.156372
 2765.031980    23.316742
 2765.669430    23.446413
 2766.305910    23.544308
 2766.943600    23.610327
 2767.580320    23.643938
 2768.216800    23.645122
 2768.855220    23.613731
 2769.492190    23.550016
 2770.130860    23.453888
 2770.768070    23.326191
 2771.407230    23.166718
 2772.044680    22.977001
 2772.682130    22.757420
 2773.321780    22.507942
 2773.959720    22.231051
 2774.599370    21.926365
 2775.237550    21.596579
 2775.877690    21.241184
 2776.516360    20.863422
 2777.155030    20.463947
 2777.795170    20.043282
 2778.434330    19.604567
 2779.074950    19.147720
 2779.714360    18.676294
 2780.355470    18.189785
 2780.995120    17.692286
 2781.634770    17.184387
 2782.276120    16.666386
 2782.916260    16.142319
 2783.558110    15.611444
 2784.198490    15.078016
 2784.840330    14.541189
 2785.480960    14.004756
 2786.121830    13.468987
 2786.764400    12.934102
 2787.405270    12.404320
 2788.048100    11.877925
 2788.689450    11.358954
 2789.332520    10.846001
 2789.974370    10.342484
 2790.615970    9.848600
 2791.259770    9.363422
 2791.901610    8.890903
 2792.545410    8.428909
 2793.187990    7.980384
 2793.832030    7.544029
 2794.474850    7.122151
 2795.117680    6.714309
 2795.762210    6.319793
 2796.405520    5.940654
 2797.050290    5.575487
 2797.693600    5.226047
 2798.338870    4.890524
 2798.982420    4.570796
 2799.626460    4.265637
 2800.272220    3.974396
 2800.916260    3.698416
 2801.562260    3.435891
 2802.206790    3.187939
 2802.852780    2.953110
 2803.497560    2.732030
 2804.142580    2.523782
 2804.789310    2.327541
 2805.434330    2.143914
 2806.081300    1.971417
 2806.726810    1.810516
 2807.374020    1.659955
 2808.020020    1.519951
 2808.666020    1.389733
 2809.313480    1.268561
 2809.959960    1.156425
 2810.607910    1.052438
 2811.254390    0.956607
 2811.902830    0.867977
 2812.549560    0.786608
 2813.198240    0.711607
 2813.845210    0.642983
 2814.492680    0.580081
 2815.141600    0.522439
 2815.789310    0.469924
 2816.438720    0.421946
 2817.086430    0.378415
 2817.736080    0.338761
 2818.384520    0.302876
 2819.032710    0.270405
 2819.682620    0.240984
 2820.331300    0.214492
 2820.981930    0.190561
 2821.630620    0.169108
 2822.281490    0.149786
 2822.930660    0.132517
 2823.580080    0.117058
 2824.231200    0.103214
 2824.880860    0.090897
 2825.532230    0.079903
 2826.182370    0.070150
 2826.833980    0.061478
 2827.484380    0.053809
 2828.134770    0.047027
 2828.786870    0.041023
 2829.437740    0.035741
 2830.090090    0.031082
 2830.741210    0.026997
 2831.394040    0.023404
 2832.045410    0.020266
 2832.697020    0.017520
 2833.350100    0.015119
 2834.001950    0.013030
 2834.655520    0.011209
 2835.307620    0.009631
 2835.961180    0.008259
 2836.613770    0.007074
 2837.266360    0.006049
 2837.920410    0.005164
 2838.573490    0.004402
 2839.228030    0.003745
 2839.881100    0.003183
 2840.535890    0.002700
 2841.189450    0.002287
 2841.843020    0.001935
 2842.498540    0.001633
 2843.152340    0.001377
 2843.807860    0.001159
 2844.462160    0.000974
 2845.118160    0.000817
 2845.772710    0.000685
 2846.427250    0.000572
 2847.083740    0.000478
 2847.738770    0.000399
 2848.395260    0.000332
 2849.050540    0.000276
 2849.707760    0.000229
 2850.363280    0.000190
 2851.018800    0.000156
 2851.676270    0.000130
 2852.332280    0.000107
 2852.989990    0.000088
 2853.646480    0.000072
 2854.304440    0.000059
 2854.960940    0.000049
 2855.617920    0.000040
 2856.276370    0.000032
 2856.933350    0.000027
 2857.592290    0.000022
 2858.249760    0.000017
 2858.908940    0.000014
 2859.566650    0.000011
 2860.224370    0.000010
 2860.883790    0.000008
 2861.541750    0.000006
 2862.201900    0.000005
 2862.860350    0.000004
 2863.520510    0.000003
 2864.179200    0.000003
 2864.839840    0.000002
 2865.498780    0.000002
 2866.157960    0.000001
 2866.818850    0.000001
 2867.478520    0.000001
 2868.139650    0.000001
 2868.799320    0.000001
 2869.460940    0.000000
 2870.121090    0.000000
 2870.781490    0.000000
 2871.443360    0.000000
 2872.103760    0.000000
 2872.766360    0.000000
 2873.427000    0.000000
 2874.089600    0.000000
 2874.750730    0.000000
 2875.412110    0.000000
 2876.075440    0.000000
 2876.736820    0.000000
 2877.400390    0.000000
 2878.062260    0.000000
 2878.725830    0.000000
 2879.388180    0.000000
 2880.050540    0.000000
 2880.714600    0.000000
 2881.377440    0.000000
 2882.041750    0.000000
 2882.704830    0.000000
 2883.369380    0.000000
 2884.032960    0.000000
 2884.696530    0.000000
 2885.361330    0.000000
 2886.025390    0.000000
 2886.690920    0.000000
 2887.354980    0.000000
 2888.020510    0.000000
 2888.685060    0.000000
 2889.349610    0.000000
 2890.015870    0.000000
 2890.680910    0.000000
 2891.347410    0.000000
 2892.012700    0.000000
 2892.679200    0.000000
 2893.344970    0.000000
 2894.010500    0.000000
 2894.677730    0.000000
 2895.343510    0.000000
 2896.011470    0.000000
 2896.677490    0.000000
 2897.345460    0.000000
 2898.011960    0.000000
 2898.678960    0.000000
 2899.347170    0.000000
 2900.014160    0.000000
 2900.682860    0.000000
 2901.350100    0.000000
 2902.019530    0.000000
 2902.687010    0.000000
 2903.354740    0.000000
 2904.024410    0.000000
 2904.692380    0.000000
 2905.361820    0.000000
 2906.030520    0.000000
 2906.700680    0.000000
 2907.369140    0.000000
 2908.038090    0.000000
 2908.708500    0.000000
 2909.377930    0.000000
 2910.048830    0.000000
 2910.718260    0.000000
 2911.389650    0.000000
 2912.059330    0.000000
 2912.729250    0.000000
 2913.400630    0.000000
 2914.070800    0.000000
 2914.742920    0.000000
 2915.413570    0.000000
 2916.085690    0.000000
 2916.756590    0.000000
 2917.429200    0.000000
 2918.100340    0.000000
 2918.771730    0.000000
 2919.444580    0.000000
 2920.116210    0.000000
 2920.789550    0.000000
 2921.461670    0.000000
 2922.135500    0.000000
 2922.807370    0.000000
 2923.479740    0.000000
 2924.154050    0.000000
 2924.826660    0.000000
 2925.500980    0.000000
 2926.174070    0.000000
 2926.848880    0.000000
 2927.522220    0.000000
 2928.195800    0.000000
 2928.870850    0.000000
 2929.544920    0.000000
 2930.220460    0.000000
 2930.894530    0.000000
 2931.570310    0.000000
 2932.244630    0.000000
 2932.919190    0.000000
 2933.595700    0.000000
 2934.270260    0.000000
 2934.947270    0.000000
 2935.622310    0.000000
 2936.299070    0.000000
 2936.974850    0.000000
 2937.650390    0.000000
 2938.327880    0.000000
 2939.003660    0.000000
 2939.681400    0.000000
 2940.357670    0.000000
 2941.035640    0.000000
 2941.712160    0.000000
 2942.389160    0.000000
 2943.067630    0.000000
 2943.744630    0.000000
 2944.423580    0.000000
 2945.100830    0.000000
 2945.780030    0.000000
 2946.457760    0.000000
 2947.135500    0.000000
 2947.815190    0.000000
 2948.493410    0.000000
 2949.173100    0.000000
 2949.851560    0.000000
 2950.531980    0.000000
 2951.210450    0.000000
 2951.889650    0.000000
 2952.570070    0.000000
 2953.249270    0.000000
 2953.930660    0.000000
 2954.610110    0.000000
 2955.291500    0.000000
 2955.971190    0.000000
 2956.651120    0.000000
 2957.333010    0.000000
 2958.013180    0.000000
 2958.695560    0.000000
 2959.376220    0.000000
 2960.058350    0.000000
 2960.739500    0.000000
 2961.420410    0.000000
 2962.103520    0.000000
 2962.784910    0.000000
 2963.468020    0.000000
 2964.149900    0.000000
 2964.833500    0.000000
 2965.515380    0.000000
 2966.197750    0.000000
 2966.881590    0.000000
 2967.564210    0.000000
 2968.248540    0.000000
 2968.931150    0.000000
 2969.615720    0.000000
 2970.299070    0.000000
 2970.984130    0.000000
 2971.667480    0.000000
 2972.351070    0.000000
 2973.036620    0.000000
 2973.720700    0.000000
 2974.406250    0.000000
 2975.090580    0.000000
 2975.776610    0.000000
 2976.461180    0.000000
 2977.146000    0.000000
 2977.832280    0.000000
 2978.517580    0.000000
 2979.204350    0.000000
 2979.889650    0.000000
 2980.576660    0.000000
 2981.262210    0.000000
 2981.948240    0.000000
 2982.635990    0.000000
 2983.322020    0.000000
 2984.010010    0.000000
 2984.696530    0.000000
 2985.384770    0.000000
 2986.071530    0.000000
 2986.758540    0.000000
 2987.447270    0.000000
 2988.134770    0.000000
 2988.823490    0.000000
 2989.510990    0.000000
 2990.200440    0.000000
 2990.888180    0.000000
 2991.576170    0.000000
 2992.266360    0.000000
 2992.954830    0.000000
 2993.644780    0.000000
 2994.333500    0.000000
 2995.023930    0.000000
 2995.713130    0.000000
 2996.402100    0.000000
 2997.093020    0.000000
 2997.782710    0.000000
 2998.473880    0.000000
 2999.163570    0.000000
 2999.855470    0.000000
 3000.545410    0.000000
 3001.235600    0.000000
 3001.927730    0.000000
 3002.618410    0.000000
 3003.310550    0.000000
 3004.001710    0.000000
 3004.694340    0.000000
 3005.385740    0.000000
 3006.076900    0.000000
 3006.770020    0.000000
 3007.461670    0.000000
 3008.155270    0.000000
 3008.847410    0.000000
 3009.541260    0.000000
 3010.233400    0.000000
 3010.926270    0.000000
 3011.620360    0.000000
 3012.313230    0.000000
 3013.007810    0.000000
 3013.700930    0.000000
 3014.395750    0.000000
 3015.089360    0.000000
 3015.783200    0.000000
 3016.478270    0.000000
 3017.172610    0.000000
 3017.868160    0.000000
 3018.562260    0.000000
 3019.258540    0.000000
 3019.952880    0.000000
 3020.647950    0.000000
 3021.344480    0.000000
 3022.039310    0.000000
 3022.736330    0.000000
 3023.431640    0.000000
 3024.128660    0.000000
 3024.824460    0.000000
 3025.522220    0.000000
 3026.218020    0.000000
 3026.914310    0.000000
 3027.612300    0.000000
 3028.308840    0.000000
 3029.007080    0.000000
 3029.703860    0.000000
 3030.402590    0.000000
 3031.099850    0.000000
 3031.797120    0.000000
 3032.496090    0.000000
 3033.193600    0.000000
 3033.893310    0.000000
 3034.591060    0.000000
 3035.290770    0.000000
 3035.989010    0.000000
 3036.687740    0.000000
 3037.387700    0.000000
 3038.086670    0.000000
 3038.787350    0.000000
 3039.486080    0.000000
 3040.187260    0.000000
 3040.886470    0.000000
 3041.586180    0.000000
 3042.287350    0.000000
 3042.987550    0.000000
 3043.689210    0.000000
 3044.389160    0.000000
 3045.091060    0.000000
 3045.791750    0.000000
 3046.492430    0.000000
 3047.194820    0.000000
 3047.896000    0.000000
 3048.598880    0.000000
 3049.300050    0.000000
