 2653.384280    0.000000
 2653.996340    0.000000
 2654.606690    0.000000
 2655.217290    0.000000
 2655.829830    0.000000
 2656.440670    0.000000
 2657.053220    0.000000
 2657.664550    0.000000
 2658.277340    0.000000
 2658.888920    0.000000
 2659.500730    0.000000
 2660.114010    0.000000
 2660.725830    0.000000
 2661.339360    0.000000
 2661.951660    0.000000
 2662.565430    0.000000
 2663.177980    0.000000
 2663.790530    0.000000
 2664.404790    0.000000
 2665.017820    0.000000
 2665.632320    0.000000
 2666.245610    0.000000
 2666.860350    0.000000
 2667.473880    0.000000
 2668.089110    0.000000
 2668.702880    0.000000
 2669.316890    0.000000
 2669.932370    0.000000
 2670.546630    0.000000
 2671.162350    0.000000
 2671.776860    0.000000
 2672.393070    0.000000
 2673.007810    0.000000
 2673.622560    0.000000
 2674.239260    0.000000
 2674.854490    0.000000
 2675.471190    0.000000
 2676.086670    0.000000
 2676.703860    0.000000
 2677.319580    0.000000
 2677.935550    0.000000
 2678.552980    0.000000
 2679.169190    0.000000
 2679.786870    0.000000
 2680.403560    0.000000
 2681.021480    0.000000
 2681.638430    0.000000
 2682.255370    0.000000
 2682.873780    0.000000
 2683.490970    0.000000
 2684.109860    0.000000
 2684.727290    0.000000
 2685.346440    0.000000
 2685.964110    0.000000
 2686.582030    0.000000
 2687.201660    0.000000
 2687.819820    0.000000
 2688.439450    0.000000
 2689.057860    0.000000
 2689.677980    0.000000
 2690.296880    0.000000
 2690.915770    0.000000
 2691.536380    0.000000
 2692.155270    0.000000
 2692.776370    0.000000
 2693.395750    0.000000
 2694.016850    0.000000
 2694.636720    0.000000
 2695.256590    0.000000
 2695.877930    0.000000
 2696.498050    0.000000
 2697.119870    0.000000
 2697.740480    0.000000
 2698.362550    0.000000
 2698.983400    0.000000
 2699.604250    0.000000
 2700.226810    0.000000
 2700.847900    0.000000
 2701.470700    0.000000
 2702.092040    0.000000
 2702.715330    0.000000
 2703.337160    0.000000
 2703.958980    0.000000
 2704.582520    0.000000
 2705.204830    0.000000
 2705.828370    0.000000
 2706.450930    0.000000
 2707.074950    0.000000
 2707.697750    0.000000
 2708.320800    0.000000
 2708.945310    0.000000
 2709.568360    0.000000
 2710.193360    0.000000
 2710.816650    0.000000
 2711.441890    0.000000
 2712.065670    0.000000
 2712.689450    0.000000
 2713.314940    0.000000
 2713.939210    0.000000
 2714.565190    0.000000
 2715.189450    0.000000
 2715.815670    0.000000
 2716.440430    0.000000
 2717.066890    0.000000
 2717.691890    0.000000
 2718.317140    0.000000
 2718.943850    0.000000
 2719.569340    0.000000
 2720.196530    0.000000
 2720.822270    0.000000
 2721.449710    0.000000
 2722.075680    0.000000
 2722.702150    0.000000
 2723.329830    0.000000
 2723.956300    0.000000
 2724.584470    0.000000
 2725.211430    0.000000
 2725.839600    0.000000
 2726.466800    0.000000
 2727.093990    0.000000
 2727.722900    0.000000
 2728.350340    0.000000
 2728.979490    0.000000
 2729.607420    0.000000
 2730.236820    0.000000
 2730.864750    0.000000
 2731.493160    0.000000
 2732.122800    0.000000
 2732.751460    0.000000
 2733.381590    0.000000
 2734.010500    0.000000
 2734.640870    0.000000
 2735.270020    0.000000
 2735.899410    0.000000
 2736.530270    0.000000
 2737.159670    0.000000
 2737.790770    0.000000
 2738.420650    0.000000
 2739.052250    0.000000
 2739.682370    0.000000
 2740.312500    0.000000
 2740.944340    0.000000
 2741.575200    0.000000
 2742.207280    0.000000
 2742.838130    0.000000
 2743.470460    0.000000
 2744.101560    0.000000
 2744.732910    0.000000
 2745.365970    0.000000
 2745.997310    0.000000
 2746.630860    0.000000
 2747.262700    0.000000
 2747.896000    0.000000
 2748.528080    0.000000
 2749.160640    0.000000
 2749.794430    0.000000
 2750.427000    0.000000
 2751.061280    0.000000
 2751.694090    0.000000
 2752.328610    0.000000
 2752.961910    0.000000
 2753.595210    0.000000
 2754.230220    0.000000
 2754.863770    0.000000
 2755.499020    0.000000
 2756.132810    0.000000
 2756.768550    0.000000
 2757.402590    0.000000
 2758.036870    0.000000
 2758.673100    0.000000
 2759.307620    0.000000
 2759.943850    0.000000
 2760.578860    0.000000
 2761.215330    0.000000
 2761.850590    0.000000
 2762.487550    0.000000
 2763.123050    0.000000
 2763.758790    0.000000
 2764.396000    0.000000
 2765.031980    0.000000
 2765.669430    0.000000
 2766.305910    0.000000
 2766.943600    0.000001
 2767.580320    0.000001
 2768.216800    0.000001
 2768.855220    0.000001
 2769.492190    0.000001
 2770.130860    0.000001
 2770.768070    0.000001
 2771.407230    0.000001
 2772.044680    0.000002
 2772.682130    0.000002
 2773.321780    0.000002
 2773.959720    0.000002
 2774.599370    0.000003
 2775.237550    0.000003
 2775.877690    0.000003
 2776.516360    0.000004
 2777.155030    0.000004
 2777.795170    0.000005
 2778.434330    0.000006
 2779.074950    0.000006
 2779.714360    0.000007
 2780.355470    0.000008
 2780.995120    0.000009
 2781.634770    0.000010
 2782.276120    0.000011
 2782.916260    0.000013
 2783.558110    0.000014
 2784.198490    0.000016
 2784.840330    0.000019
 2785.480960    0.000021
 2786.121830    0.000024
 2786.764400    0.000027
 2787.405270    0.000031
 2788.048100    0.000034
 2788.689450    0.000039
 2789.332520    0.000044
 2789.974370    0.000049
 2790.615970    0.000055
 2791.259770    0.000062
 2791.901610    0.000070
 2792.545410    0.000078
 2793.187990    0.000088
 2793.832030    0.000098
 2794.474850    0.000110
 2795.117680    0.000123
 2795.762210    0.000138
 2796.405520    0.000155
 2797.050290    0.000173
 2797.693600    0.000194
 2798.338870    0.000216
 2798.982420    0.000241
 2799.626460    0.000270
 2800.272220    0.000300
 2800.916260    0.000336
 2801.562260    0.000374
 2802.206790    0.000417
 2802.852780    0.000463
 2803.497560    0.000516
 2804.142580    0.000573
 2804.789310    0.000638
 2805.434330    0.000709
 2806.081300    0.000787
 2806.726810    0.000873
 2807.374020    0.000968
 2808.020020    0.001073
 2808.666020    0.001188
 2809.313480    0.001316
 2809.959960    0.001456
 2810.607910    0.001612
 2811.254390    0.001781
 2811.902830    0.001968
 2812.549560    0.002173
 2813.198240    0.002399
 2813.845210    0.002646
 2814.492680    0.002917
 2815.141600    0.003216
 2815.789310    0.003541
 2816.438720    0.003898
 2817.086430    0.004288
 2817.736080    0.004715
 2818.384520    0.005181
 2819.032710    0.005690
 2819.682620    0.006247
 2820.331300    0.006852
 2820.981930    0.007514
 2821.630620    0.008234
 2822.281490    0.009020
 2822.930660    0.009872
 2823.580080    0.010800
 2824.231200    0.011811
 2824.880860    0.012907
 2825.532230    0.014099
 2826.182370    0.015390
 2826.833980    0.016793
 2827.484380    0.018311
 2828.134770    0.019955
 2828.786870    0.021737
 2829.437740    0.023662
 2830.090090    0.025747
 2830.741210    0.027996
 2831.394040    0.030430
 2832.045410    0.033051
 2832.697020    0.035877
 2833.350100    0.038930
 2834.001950    0.042212
 2834.655520    0.045754
 2835.307620    0.049556
 2835.961180    0.053652
 2836.613770    0.058046
 2837.266360    0.062764
 2837.920410    0.067839
 2838.573490    0.073272
 2839.228030    0.079108
 2839.881100    0.085345
 2840.535890    0.092039
 2841.189450    0.099188
 2841.843020    0.106829
 2842.498540    0.115017
 2843.152340    0.123737
 2843.807860    0.133068
 2844.462160    0.143000
 2845.118160    0.153612
 2845.772710    0.164890
 2846.427250    0.176894
 2847.083740    0.189703
 2847.738770    0.203288
 2848.395260    0.217754
 2849.050540    0.233086
 2849.707760    0.249402
 2850.363280    0.266660
 2851.018800    0.284946
 2851.676270    0.304372
 2852.332280    0.324885
 2852.989990    0.346640
 2853.646480    0.369593
 2854.304440    0.393893
 2854.960940    0.419491
 2855.617920    0.446515
 2856.276370    0.475071
 2856.933350    0.505094
 2857.592290    0.536800
 2858.249760    0.570092
 2858.908940    0.605193
 2859.566650    0.642001
 2860.224370    0.680657
 2860.883790    0.721335
 2861.541750    0.763906
 2862.201900    0.808681
 2862.860350    0.855461
 2863.520510    0.904561
 2864.179200    0.955813
 2864.839840    1.009556
 2865.498780    1.065560
 2866.157960    1.124053
 2866.818850    1.185243
 2867.478520    1.248930
 2868.139650    1.315441
 2868.799320    1.384549
 2869.460940    1.456678
 2870.121090    1.531525
 2870.781490    1.609336
 2871.443360    1.690328
 2872.103760    1.774200
 2872.766360    1.861482
 2873.427000    1.951682
 2874.089600    2.045387
 2874.750730    2.142164
 2875.412110    2.242303
 2876.075440    2.346124
 2876.736820    2.453053
 2877.400390    2.563804
 2878.062260    2.677759
 2878.725830    2.795537
 2879.388180    2.916646
 2880.050540    3.041321
 2880.714600    3.169915
 2881.377440    3.301875
 2882.041750    3.437743
 2882.704830    3.576977
 2883.369380    3.720136
 2884.032960    3.866690
 2884.696530    4.016833
 2885.361330    4.170830
 2886.025390    4.328208
 2886.690920    4.489462
 2887.354980    4.653842
 2888.020510    4.822029
 2888.685060    4.993361
 2889.349610    5.168028
 2890.015870    5.346426
 2890.680910    5.527706
 2891.347410    5.712527
 2892.012700    5.900064
 2892.679200    6.090917
 2893.344970    6.284434
 2894.010500    6.480654
 2894.677730    6.680055
 2895.343510    6.881574
 2896.011470    7.086208
 2896.677490    7.292560
 2897.345460    7.501715
 2898.011960    7.712464
 2898.678960    7.925282
 2899.347170    8.140265
 2900.014160    8.356473
 2900.682860    8.574704
 2901.350100    8.793763
 2902.019530    9.014686
 2902.687010    9.235942
 2903.354740    9.458080
 2904.024410    9.681493
 2904.692380    9.904787
 2905.361820    10.128837
 2906.030520    10.352722
 2906.700680    10.576995
 2907.369140    10.800402
 2908.038090    11.023490
 2908.708500    11.246392
 2909.377930    11.468099
 2910.048830    11.689226
 2910.718260    11.908617
 2911.389650    12.127193
 2912.059330    12.343571
 2912.729250    12.558192
 2913.400630    12.771248
 2914.070800    12.981700
 2914.742920    13.190346
 2915.413570    13.395938
 2916.085690    13.599191
 2916.756590    13.799105
 2917.429200    13.996370
 2918.100340    14.189882
 2918.771730    14.379965
 2919.444580    14.566779
 2920.116210    14.749415
 2920.789550    14.928501
 2921.461670    15.103096
 2922.135500    15.273801
 2922.807370    15.439541
 2923.479740    15.600791
 2924.154050    15.757732
 2924.826660    15.909378
 2925.500980    16.056372
 2926.174070    16.197941
 2926.848880    16.334576
 2927.522220    16.465521
 2928.195800    16.591011
 2928.870850    16.711153
 2929.544920    16.825409
 2930.220460    16.934092
 2930.894530    17.036650
 2931.570310    17.133476
 2932.244630    17.224041
 2932.919190    17.308525
 2933.595700    17.387051
 2934.270260    17.459099
 2934.947270    17.525089
 2935.622310    17.584538
 2936.299070    17.637735
 2936.974850    17.684420
 2937.650390    17.724638
 2938.327880    17.758471
 2939.003660    17.785713
 2939.681400    17.806499
 2940.357670    17.820715
 2941.035640    17.828421
 2941.712160    17.829586
 2942.389160    17.824234
 2943.067630    17.812347
 2943.744630    17.794004
 2944.423580    17.769127
 2945.100830    17.737875
 2945.780030    17.700121
 2946.457760    17.656090
 2947.135500    17.605753
 2947.815190    17.548996
 2948.493410    17.486149
 2949.173100    17.417009
 2949.851560    17.341913
 2950.531980    17.260574
 2951.210450    17.173536
 2951.889650    17.080557
 2952.570070    16.981628
 2953.249270    16.877201
 2953.930660    16.766830
 2954.610110    16.651295
 2955.291500    16.530033
 2955.971190    16.403803
 2956.651120    16.272375
 2957.333010    16.135517
 2958.013180    15.994082
 2958.695560    15.847381
 2959.376220    15.696382
 2960.058350    15.540518
 2960.739500    15.380482
 2961.420410    15.216258
 2962.103520    15.047385
 2962.784910    14.874975
 2963.468020    14.698317
 2964.149900    14.518322
 2964.833500    14.334370
 2965.515380    14.147546
 2966.197750    13.957419
 2966.881590    13.763873
 2967.564210    13.567835
 2968.248540    13.368632
 2968.931150    13.167433
 2969.615720    12.963330
 2970.299070    12.757445
 2970.984130    12.549068
 2971.667480    12.339417
 2972.351070    12.128078
 2973.036620    11.914692
 2973.720700    11.700502
 2974.406250    11.484771
 2975.090580    11.268519
 2975.776610    11.051000
 2976.461180    10.833396
 2977.146000    10.615341
 2977.832280    10.396619
 2978.517580    10.178181
 2979.204350    9.959419
 2979.889650    9.741437
 2980.576660    9.523388
 2981.262210    9.306448
 2981.948240    9.090154
 2982.635990    8.874283
 2983.322020    8.660063
 2984.010010    8.446500
 2984.696530    8.234805
 2985.384770    8.024141
 2986.071530    7.815621
 2986.758540    7.608852
 2987.447270    7.403533
 2988.134770    7.200663
 2988.823490    6.999642
 2989.510990    6.801297
 2990.200440    6.604827
 2990.888180    6.411377
 2991.576170    6.220494
 2992.266360    6.031741
 2992.954830    5.846277
 2993.644780    5.663329
 2994.333500    5.483687
 2995.023930    5.306663
 2995.713130    5.133075
 2996.402100    4.962729
 2997.093020    4.795146
 2997.782710    4.631152
 2998.473880    4.470151
 2999.163570    4.312866
 2999.855470    4.158497
 3000.545410    4.007999
 3001.235600    3.860903
 3001.927730    3.716875
 3002.618410    3.576644
 3003.310550    3.439619
 3004.001710    3.306289
 3004.694340    3.176183
 3005.385740    3.049800
 3006.076900    2.926937
 3006.770020    2.807199
 3007.461670    2.691162
 3008.155270    2.578227
 3008.847410    2.468927
 3009.541260    2.362731
 3010.233400    2.260126
 3010.926270    2.160702
 3011.620360    2.064363
 3012.313230    1.971400
 3013.007810    1.881377
 3013.700930    1.794657
 3014.395750    1.710789
 3015.089360    1.630078
 3015.783200    1.552288
 3016.478270    1.477263
 3017.172610    1.405151
 3017.868160    1.335695
 3018.562260    1.269098
 3019.258540    1.204947
 3019.952880    1.143561
 3020.647950    1.084631
 3021.344480    1.028040
 3022.039310    0.973977
 3022.736330    0.922073
 3023.431640    0.872555
 3024.128660    0.825111
 3024.824460    0.779877
 3025.522220    0.736581
 3026.218020    0.695400
 3026.914310    0.656116
 3027.612300    0.618605
 3028.308840    0.582972
 3029.007080    0.548991
 3029.703860    0.516755
 3030.402590    0.486046
 3031.099850    0.456952
 3031.797120    0.429348
 3032.496090    0.403113
 3033.193600    0.378308
 3033.893310    0.354749
 3034.591060    0.332520
 3035.290770    0.311442
 3035.989010    0.291568
 3036.687740    0.272786
 3037.387700    0.255033
 3038.086670    0.238315
 3038.787350    0.222522
 3039.486080    0.207691
 3040.187260    0.193685
 3040.886470    0.180550
 3041.586180    0.168197
 3042.287350    0.156569
 3042.987550    0.145673
 3043.689210    0.135432
 3044.389160    0.125856
 3045.091060    0.116863
 3045.791750    0.108460
 3046.492430    0.100600
 3047.194820    0.093236
 3047.896000    0.086369
 3048.598880    0.079943
 3049.300050    0.073964
