 2653.384280    0.000000
 2653.996340    0.000000
 2654.606690    0.000000
 2655.217290    0.000000
 2655.829830    0.000000
 2656.440670    0.000000
 2657.053220    0.000000
 2657.664550    0.000000
 2658.277340    0.000000
 2658.888920    0.000000
 2659.500730    0.000000
 2660.114010    0.000000
 2660.725830    0.000000
 2661.339360    0.000000
 2661.951660    0.000000
 2662.565430    0.000000
 2663.177980    0.000000
 2663.790530    0.000000
 2664.404790    0.000000
 2665.017820    0.000000
 2665.632320    0.000000
 2666.245610    0.000000
 2666.860350    0.000000
 2667.473880    0.000000
 2668.089110    0.000000
 2668.702880    0.000000
 2669.316890    0.000000
 2669.932370    0.000000
 2670.546630    0.000000
 2671.162350    0.000000
 2671.776860    0.000000
 2672.393070    0.000000
 2673.007810    0.000000
 2673.622560    0.000000
 2674.239260    0.000000
 2674.854490    0.000000
 2675.471190    0.000000
 2676.086670    0.000000
 2676.703860    0.000000
 2677.319580    0.000000
 2677.935550    0.000000
 2678.552980    0.000000
 2679.169190    0.000000
 2679.786870    0.000000
 2680.403560    0.000000
 2681.021480    0.000000
 2681.638430    0.000000
 2682.255370    0.000000
 2682.873780    0.000000
 2683.490970    0.000000
 2684.109860    0.000000
 2684.727290    0.000000
 2685.346440    0.000000
 2685.964110    0.000000
 2686.582030    0.000000
 2687.201660    0.000000
 2687.819820    0.000000
 2688.439450    0.000000
 2689.057860    0.000000
 2689.677980    0.000000
 2690.296880    0.000000
 2690.915770    0.000000
 2691.536380    0.000000
 2692.155270    0.000000
 2692.776370    0.000000
 2693.395750    0.000000
 2694.016850    0.000000
 2694.636720    0.000000
 2695.256590    0.000000
 2695.877930    0.000000
 2696.498050    0.000000
 2697.119870    0.000000
 2697.740480    0.000000
 2698.362550    0.000000
 2698.983400    0.000000
 2699.604250    0.000000
 2700.226810    0.000000
 2700.847900    0.000001
 2701.470700    0.000001
 2702.092040    0.000001
 2702.715330    0.000001
 2703.337160    0.000001
 2703.958980    0.000001
 2704.582520    0.000001
 2705.204830    0.000001
 2705.828370    0.000001
 2706.450930    0.000001
 2707.074950    0.000001
 2707.697750    0.000001
 2708.320800    0.000002
 2708.945310    0.000002
 2709.568360    0.000002
 2710.193360    0.000002
 2710.816650    0.000002
 2711.441890    0.000002
 2712.065670    0.000003
 2712.689450    0.000003
 2713.314940    0.000003
 2713.939210    0.000003
 2714.565190    0.000004
 2715.189450    0.000004
 2715.815670    0.000004
 2716.440430    0.000005
 2717.066890    0.000005
 2717.691890    0.000005
 2718.317140    0.000006
 2718.943850    0.000006
 2719.569340    0.000007
 2720.196530    0.000008
 2720.822270    0.000008
 2721.449710    0.000009
 2722.075680    0.000010
 2722.702150    0.000010
 2723.329830    0.000010
 2723.956300    0.000011
 2724.584470    0.000012
 2725.211430    0.000013
 2725.839600    0.000015
 2726.466800    0.000016
 2727.093990    0.000017
 2727.722900    0.000019
 2728.350340    0.000020
 2728.979490    0.000022
 2729.607420    0.000024
 2730.236820    0.000026
 2730.864750    0.000028
 2731.493160    0.000031
 2732.122800    0.000032
 2732.751460    0.000035
 2733.381590    0.000038
 2734.010500    0.000041
 2734.640870    0.000045
 2735.270020    0.000048
 2735.899410    0.000051
 2736.530270    0.000056
 2737.159670    0.000060
 2737.790770    0.000065
 2738.420650    0.000071
 2739.052250    0.000076
 2739.682370    0.000082
 2740.312500    0.000088
 2740.944340    0.000095
 2741.575200    0.000102
 2742.207280    0.000111
 2742.838130    0.000119
 2743.470460    0.000128
 2744.101560    0.000137
 2744.732910    0.000148
 2745.365970    0.000159
 2745.997310    0.000172
 2746.630860    0.000185
 2747.262700    0.000198
 2747.896000    0.000214
 2748.528080    0.000230
 2749.160640    0.000246
 2749.794430    0.000265
 2750.427000    0.000284
 2751.061280    0.000305
 2751.694090    0.000328
 2752.328610    0.000352
 2752.961910    0.000378
 2753.595210    0.000405
 2754.230220    0.000435
 2754.863770    0.000466
 2755.499020    0.000500
 2756.132810    0.000536
 2756.768550    0.000575
 2757.402590    0.000616
 2758.036870    0.000660
 2758.673100    0.000707
 2759.307620    0.000756
 2759.943850    0.000810
 2760.578860    0.000867
 2761.215330    0.000928
 2761.850590    0.000993
 2762.487550    0.001061
 2763.123050    0.001135
 2763.758790    0.001213
 2764.396000    0.001297
 2765.031980    0.001387
 2765.669430    0.001481
 2766.305910    0.001582
 2766.943600    0.001690
 2767.580320    0.001804
 2768.216800    0.001925
 2768.855220    0.002055
 2769.492190    0.002192
 2770.130860    0.002339
 2770.768070    0.002495
 2771.407230    0.002661
 2772.044680    0.002835
 2772.682130    0.003022
 2773.321780    0.003221
 2773.959720    0.003430
 2774.599370    0.003654
 2775.237550    0.003891
 2775.877690    0.004143
 2776.516360    0.004409
 2777.155030    0.004691
 2777.795170    0.004991
 2778.434330    0.005308
 2779.074950    0.005645
 2779.714360    0.006001
 2780.355470    0.006379
 2780.995120    0.006779
 2781.634770    0.007201
 2782.276120    0.007649
 2782.916260    0.008122
 2783.558110    0.008625
 2784.198490    0.009154
 2784.840330    0.009715
 2785.480960    0.010307
 2786.121830    0.010932
 2786.764400    0.011595
 2787.405270    0.012293
 2788.048100    0.013031
 2788.689450    0.013809
 2789.332520    0.014632
 2789.974370    0.015499
 2790.615970    0.016413
 2791.259770    0.017380
 2791.901610    0.018395
 2792.545410    0.019470
 2793.187990    0.020600
 2793.832030    0.021793
 2794.474850    0.023046
 2795.117680    0.024367
 2795.762210    0.025761
 2796.405520    0.027225
 2797.050290    0.028768
 2797.693600    0.030388
 2798.338870    0.032096
 2798.982420    0.033888
 2799.626460    0.035772
 2800.272220    0.037758
 2800.916260    0.039838
 2801.562260    0.042030
 2802.206790    0.044326
 2802.852780    0.046741
 2803.497560    0.049273
 2804.142580    0.051929
 2804.789310    0.054723
 2805.434330    0.057645
 2806.081300    0.060718
 2806.726810    0.063931
 2807.374020    0.067308
 2808.020020    0.070839
 2808.666020    0.074537
 2809.313480    0.078419
 2809.959960    0.082476
 2810.607910    0.086732
 2811.254390    0.091175
 2811.902830    0.095838
 2812.549560    0.100699
 2813.198240    0.105800
 2813.845210    0.111115
 2814.492680    0.116675
 2815.141600    0.122498
 2815.789310    0.128567
 2816.438720    0.134921
 2817.086430    0.141537
 2817.736080    0.148463
 2818.384520    0.155676
 2819.032710    0.163198
 2819.682620    0.171062
 2820.331300    0.179246
 2820.981930    0.187802
 2821.630620    0.196692
 2822.281490    0.205984
 2822.930660    0.215638
 2823.580080    0.225693
 2824.231200    0.236188
 2824.880860    0.247086
 2825.532230    0.258454
 2826.182370    0.270258
 2826.833980    0.282560
 2827.484380    0.295326
 2828.134770    0.308595
 2828.786870    0.322418
 2829.437740    0.336752
 2830.090090    0.351671
 2830.741210    0.367134
 2831.394040    0.383226
 2832.045410    0.399889
 2832.697020    0.417181
 2833.350100    0.435158
 2834.001950    0.453763
 2834.655520    0.473102
 2835.307620    0.493098
 2835.961180    0.513864
 2836.613770    0.535341
 2837.266360    0.557581
 2837.920410    0.580658
 2838.573490    0.604507
 2839.228030    0.629241
 2839.881100    0.654769
 2840.535890    0.681238
 2841.189450    0.708555
 2841.843020    0.736789
 2842.498540    0.766052
 2843.152340    0.796204
 2843.807860    0.827427
 2844.462160    0.859605
 2845.118160    0.892907
 2845.772710    0.927197
 2846.427250    0.962573
 2847.083740    0.999168
 2847.738770    1.036819
 2848.395260    1.075717
 2849.050540    1.115730
 2849.707760    1.157078
 2850.363280    1.199555
 2851.018800    1.243294
 2851.676270    1.288454
 2852.332280    1.334827
 2852.989990    1.382664
 2853.646480    1.431776
 2854.304440    1.482392
 2854.960940    1.534311
 2855.617920    1.587708
 2856.276370    1.642692
 2856.933350    1.699045
 2857.592290    1.757085
 2858.249760    1.816535
 2858.908940    1.877708
 2859.566650    1.940334
 2860.224370    2.004570
 2860.883790    2.070610
 2861.541750    2.138161
 2862.201900    2.207623
 2862.860350    2.278606
 2863.520510    2.351504
 2864.179200    2.425983
 2864.839840    2.502455
 2865.498780    2.580513
 2866.157960    2.660402
 2866.818850    2.742326
 2867.478520    2.825941
 2868.139650    2.911604
 2868.799320    2.998950
 2869.460940    3.088452
 2870.121090    3.179660
 2870.781490    3.272820
 2871.443360    3.368122
 2872.103760    3.465157
 2872.766360    3.564474
 2873.427000    3.665463
 2874.089600    3.768729
 2874.750730    3.873749
 2875.412110    3.980793
 2876.075440    4.090152
 2876.736820    4.201186
 2877.400390    4.314595
 2878.062260    4.429715
 2878.725830    4.547139
 2879.388180    4.666347
 2880.050540    4.787553
 2880.714600    4.911070
 2881.377440    5.036353
 2882.041750    5.163897
 2882.704830    5.293182
 2883.369380    5.424723
 2884.032960    5.558023
 2884.696530    5.693262
 2885.361330    5.830678
 2886.025390    5.969851
 2886.690920    6.111227
 2887.354980    6.254163
 2888.020510    6.399266
 2888.685060    6.545982
 2889.349610    6.694499
 2890.015870    6.845176
 2890.680910    6.997322
 2891.347410    7.151522
 2892.012700    7.307124
 2892.679200    7.464661
 2893.344970    7.623641
 2894.010500    7.784134
 2894.677730    7.946579
 2895.343510    8.110161
 2896.011470    8.275736
 2896.677490    8.442235
 2897.345460    8.610583
 2898.011960    8.779872
 2898.678960    8.950543
 2899.347170    9.122739
 2900.014160    9.295772
 2900.682860    9.470347
 2901.350100    9.645580
 2902.019530    9.822374
 2902.687010    9.999569
 2903.354740    10.177686
 2904.024410    10.357119
 2904.692380    10.536817
 2905.361820    10.717571
 2906.030520    10.898713
 2906.700680    11.080775
 2907.369140    11.262817
 2908.038090    11.445363
 2908.708500    11.628607
 2909.377930    11.811803
 2910.048830    11.995546
 2910.718260    12.178950
 2911.389650    12.362873
 2912.059330    12.546230
 2912.729250    12.729474
 2913.400630    12.912854
 2914.070800    13.095552
 2914.742920    13.278349
 2915.413570    13.460227
 2916.085690    13.641893
 2916.756590    13.822536
 2917.429200    14.002852
 2918.100340    14.181904
 2918.771730    14.360059
 2919.444580    14.537548
 2920.116210    14.713574
 2920.789550    14.888812
 2921.461670    15.062407
 2922.135500    15.235024
 2922.807370    15.405637
 2923.479740    15.574775
 2924.154050    15.742713
 2924.826660    15.908446
 2925.500980    16.072729
 2926.174070    16.234751
 2926.848880    16.395128
 2927.522220    16.553022
 2928.195800    16.708742
 2928.870850    16.862480
 2929.544920    17.013590
 2930.220460    17.162533
 2930.894530    17.308575
 2931.570310    17.452320
 2932.244630    17.593012
 2932.919190    17.730927
 2933.595700    17.866327
 2934.270260    17.998344
 2934.947270    18.127769
 2935.622310    18.253670
 2936.299070    18.376667
 2936.974850    18.496189
 2937.650390    18.612308
 2938.327880    18.725313
 2939.003660    18.834528
 2939.681400    18.940479
 2940.357670    19.042562
 2941.035640    19.141193
 2941.712160    19.235851
 2942.389160    19.326757
 2943.067630    19.413977
 2943.744630    19.497070
 2944.423580    19.576416
 2945.100830    19.651525
 2945.780030    19.722763
 2946.457760    19.789721
 2947.135500    19.852516
 2947.815190    19.911274
 2948.493410    19.965662
 2949.173100    20.015884
 2949.851560    20.061705
 2950.531980    20.103302
 2951.210450    20.140421
 2951.889650    20.173195
 2952.570070    20.201609
 2953.249270    20.225546
 2953.930660    20.245104
 2954.610110    20.260151
 2955.291500    20.270767
 2955.971190    20.276884
 2956.651120    20.278542
 2957.333010    20.275715
 2958.013180    20.268423
 2958.695560    20.256630
 2959.376220    20.240402
 2960.058350    20.219690
 2960.739500    20.194565
 2961.420410    20.165039
 2962.103520    20.131008
 2962.784910    20.092680
 2963.468020    20.049896
 2964.149900    20.002867
 2964.833500    19.951412
 2965.515380    19.895826
 2966.197750    19.835979
 2966.881590    19.771809
 2967.564210    19.703604
 2968.248540    19.631117
 2968.931150    19.554758
 2969.615720    19.474163
 2970.299070    19.389755
 2970.984130    19.301224
 2971.667480    19.209061
 2972.351070    19.113083
 2973.036620    19.013090
 2973.720700    18.909645
 2974.406250    18.802364
 2975.090580    18.691740
 2975.776610    18.577362
 2976.461180    18.459827
 2977.146000    18.338930
 2977.832280    18.214518
 2978.517580    18.087097
 2979.204350    17.956299
 2979.889650    17.822762
 2980.576660    17.685940
 2981.262210    17.546549
 2981.948240    17.404287
 2982.635990    17.258966
 2983.322020    17.111399
 2984.010010    16.960882
 2984.696530    16.808247
 2985.384770    16.652880
 2986.071530    16.495583
 2986.758540    16.336065
 2987.447270    16.174063
 2988.134770    16.010359
 2988.823490    15.844460
 2989.510990    15.677051
 2990.200440    15.507448
 2990.888180    15.336643
 2991.576170    15.164250
 2992.266360    14.989863
 2992.954830    14.814564
 2993.644780    14.637635
 2994.333500    14.459860
 2995.023930    14.280573
 2995.713130    14.100623
 2996.402100    13.919854
 2997.093020    13.737776
 2997.782710    13.555318
 2998.473880    13.371855
 2999.163570    13.188254
 2999.855470    13.003633
 3000.545410    12.819180
 3001.235600    12.634402
 3001.927730    12.448923
 3002.618410    12.263745
 3003.310550    12.078165
 3004.001710    11.892923
 3004.694340    11.707442
 3005.385740    11.522528
 3006.076900    11.337991
 3006.770020    11.153326
 3007.461670    10.969521
 3008.155270    10.785742
 3008.847410    10.602968
 3009.541260    10.420434
 3010.233400    10.239111
 3010.926270    10.058421
 3011.620360    9.878311
 3012.313230    9.699479
 3013.007810    9.521234
 3013.700930    9.344449
 3014.395750    9.168380
 3015.089360    8.993827
 3015.783200    8.820473
 3016.478270    8.648133
 3017.172610    8.477348
 3017.868160    8.307688
 3018.562260    8.139854
 3019.258540    7.973014
 3019.952880    7.808207
 3020.647950    7.644833
 3021.344480    7.482769
 3022.039310    7.322792
 3022.736330    7.164044
 3023.431640    7.007449
 3024.128660    6.852273
 3024.824460    6.699201
 3025.522220    6.547565
 3026.218020    6.398247
 3026.914310    6.250739
 3027.612300    6.104818
 3028.308840    5.961170
 3029.007080    5.819162
 3029.703860    5.679458
 3030.402590    5.541395
 3031.099850    5.405663
 3031.797120    5.271985
 3032.496090    5.140051
 3033.193600    5.010475
 3033.893310    4.882585
 3034.591060    4.757147
 3035.290770    4.633467
 3035.989010    4.512153
 3036.687740    4.392864
 3037.387700    4.275483
 3038.086670    4.160378
 3038.787350    4.047110
 3039.486080    3.936264
 3040.187260    3.827140
 3040.886470    3.720420
 3041.586180    3.615715
 3042.287350    3.512879
 3042.987550    3.412263
 3043.689210    3.313506
 3044.389160    3.217042
 3045.091060    3.122355
 3045.791750    3.029859
 3046.492430    2.939373
 3047.194820    2.850669
 3047.896000    2.764100
 3048.598880    2.679288
 3049.300050    2.596627
