 2653.384280    0.513267
 2653.996340    0.539834
 2654.606690    0.567450
 2655.217290    0.596229
 2655.829830    0.626290
 2656.440670    0.657491
 2657.053220    0.690036
 2657.664550    0.723804
 2658.277340    0.758980
 2658.888920    0.795440
 2659.500730    0.833301
 2660.114010    0.872677
 2660.725830    0.913412
 2661.339360    0.955749
 2661.951660    0.999517
 2662.565430    1.044943
 2663.177980    1.091855
 2663.790530    1.140371
 2664.404790    1.190662
 2665.017820    1.242517
 2665.632320    1.296187
 2666.245610    1.351467
 2666.860350    1.408622
 2667.473880    1.467424
 2668.089110    1.528179
 2668.702880    1.590591
 2669.316890    1.654848
 2669.932370    1.721100
 2670.546630    1.789073
 2671.162350    1.859077
 2671.776860    1.930819
 2672.393070    2.004647
 2673.007810    2.080190
 2673.622560    2.157625
 2674.239260    2.237206
 2674.854490    2.318493
 2675.471190    2.401868
 2676.086670    2.486961
 2676.703860    2.574171
 2677.319580    2.663035
 2677.935550    2.753780
 2678.552980    2.846574
 2679.169190    2.940990
 2679.786870    3.037418
 2680.403560    3.135448
 2681.021480    3.235398
 2681.638430    3.336880
 2682.255370    3.440009
 2682.873780    3.544994
 2683.490970    3.651335
 2684.109860    3.759488
 2684.727290    3.868845
 2685.346440    3.979915
 2685.964110    4.092065
 2686.582030    4.205541
 2687.201660    4.320548
 2687.819820    4.436428
 2688.439450    4.553654
 2689.057860    4.671641
 2689.677980    4.790869
 2690.296880    4.910687
 2690.915770    5.031244
 2691.536380    5.152782
 2692.155270    5.274539
 2692.776370    5.397183
 2693.395750    5.519845
 2694.016850    5.643096
 2694.636720    5.766248
 2695.256590    5.889438
 2695.877930    6.012840
 2696.498050    6.135811
 2697.119870    6.258813
 2697.740480    6.381149
 2698.362550    6.503228
 2698.983400    6.624400
 2699.604250    6.744784
 2700.226810    6.864581
 2700.847900    6.983057
 2701.470700    7.100688
 2702.092040    7.216750
 2702.715330    7.331749
 2703.337160    7.444928
 2703.958980    7.556430
 2704.582520    7.666429
 2705.204830    7.774277
 2705.828370    7.880274
 2706.450930    7.983919
 2707.074950    8.085492
 2707.697750    8.184434
 2708.320800    8.280862
 2708.945310    8.374835
 2709.568360    8.465800
 2710.193360    8.554136
 2710.816650    8.639215
 2711.441890    8.721425
 2712.065670    8.800211
 2712.689450    8.875668
 2713.314940    8.947890
 2713.939210    9.016444
 2714.565190    9.081557
 2715.189450    9.142789
 2715.815670    9.200416
 2716.440430    9.254044
 2717.066890    9.303872
 2717.691890    9.349581
 2718.317140    9.391247
 2718.943850    9.428878
 2719.569340    9.462263
 2720.196530    9.491510
 2720.822270    9.516430
 2721.449710    9.537116
 2722.075680    9.553434
 2722.702150    9.565426
 2723.329830    9.573072
 2723.956300    9.576339
 2724.584470    9.575233
 2725.211430    9.569761
 2725.839600    9.559913
 2726.466800    9.545737
 2727.093990    9.527248
 2727.722900    9.504406
 2728.350340    9.477362
 2728.979490    9.446018
 2729.607420    9.410566
 2730.236820    9.370906
 2730.864750    9.327284
 2731.493160    9.279640
 2732.122800    9.227974
 2732.751460    9.172544
 2733.381590    9.113214
 2734.010500    9.050323
 2734.640870    8.983695
 2735.270020    8.913712
 2735.899410    8.840322
 2736.530270    8.763478
 2737.159670    8.683651
 2737.790770    8.600554
 2738.420650    8.514692
 2739.052250    8.425788
 2739.682370    8.334414
 2740.312500    8.240503
 2740.944340    8.143926
 2741.575200    8.045224
 2742.207280    7.944200
 2742.838130    7.841385
 2743.470460    7.736488
 2744.101560    7.630105
 2744.732910    7.522140
 2745.365970    7.412491
 2745.997310    7.301903
 2746.630860    7.189846
 2747.262700    7.077165
 2747.896000    6.963455
 2748.528080    6.849353
 2749.160640    6.734712
 2749.794430    6.619554
 2750.427000    6.504482
 2751.061280    6.389122
 2751.694090    6.274208
 2752.328610    6.159323
 2752.961910    6.045155
 2753.595210    5.931638
 2754.230220    5.818624
 2754.863770    5.706831
 2755.499020    5.595855
 2756.132810    5.486403
 2756.768550    5.378034
 2757.402590    5.271523
 2758.036870    5.166684
 2758.673100    5.063387
 2759.307620    4.962374
 2759.943850    4.863240
 2760.578860    4.766585
 2761.215330    4.672141
 2761.850590    4.580441
 2762.487550    4.491199
 2763.123050    4.404995
 2763.758790    4.321716
 2764.396000    4.241342
 2765.031980    4.164340
 2765.669430    4.090507
 2766.305910    4.020253
 2766.943600    3.953455
 2767.580320    3.890462
 2768.216800    3.831304
 2768.855220    3.775905
 2769.492190    3.724675
 2770.130860    3.677470
 2770.768070    3.634633
 2771.407230    3.596042
 2772.044680    3.562021
 2772.682130    3.532561
 2773.321780    3.507682
 2773.959720    3.487635
 2774.599370    3.472406
 2775.237550    3.462163
 2775.877690    3.456948
 2776.516360    3.456880
 2777.155030    3.462027
 2777.795170    3.472498
 2778.434330    3.488341
 2779.074950    3.509701
 2779.714360    3.536567
 2780.355470    3.569142
 2780.995120    3.607338
 2781.634770    3.651291
 2782.276120    3.701209
 2782.916260    3.756933
 2783.558110    3.818786
 2784.198490    3.886522
 2784.840330    3.960506
 2785.480960    4.040486
 2786.121830    4.126677
 2786.764400    4.219351
 2787.405270    4.318055
 2788.048100    4.423398
 2788.689450    4.534858
 2789.332520    4.653025
 2789.974370    4.777389
 2790.615970    4.908144
 2791.259770    5.045832
 2791.901610    5.189583
 2792.545410    5.340280
 2793.187990    5.497194
 2793.832030    5.660982
 2794.474850    5.830955
 2795.117680    6.007406
 2795.762210    6.190809
 2796.405520    6.380312
 2797.050290    6.576678
 2797.693600    6.778975
 2798.338870    6.988238
 2798.982420    7.203232
 2799.626460    7.424613
 2800.272220    7.652764
 2800.916260    7.886403
 2801.562260    8.126775
 2802.206790    8.372528
 2802.852780    8.624676
 2803.497560    8.882071
 2804.142580    9.145158
 2804.789310    9.414448
 2805.434330    9.688372
 2806.081300    9.968350
 2806.726810    10.252758
 2807.374020    10.542832
 2808.020020    10.837096
 2808.666020    11.135913
 2809.313480    11.439785
 2809.959960    11.747375
 2810.607910    12.059638
 2811.254390    12.374947
 2811.902830    12.694747
 2812.549560    13.016997
 2813.198240    13.343282
 2813.845210    13.671505
 2814.492680    14.002515
 2815.141600    14.336546
 2815.789310    14.671946
 2816.438720    15.009940
 2817.086430    15.348460
 2817.736080    15.689116
 2818.384520    16.029932
 2819.032710    16.371109
 2819.682620    16.713352
 2820.331300    17.054787
 2820.981930    17.396749
 2821.630620    17.736849
 2822.281490    18.076912
 2822.930660    18.414549
 2823.580080    18.750433
 2824.231200    19.084946
 2824.880860    19.416105
 2825.532230    19.745159
 2826.182370    20.070265
 2826.833980    20.392401
 2827.484380    20.709868
 2828.134770    21.022913
 2828.786870    21.331972
 2829.437740    21.635298
 2830.090090    21.933771
 2830.741210    22.225805
 2831.394040    22.512352
 2832.045410    22.791668
 2832.697020    23.064158
 2833.350100    23.329966
 2834.001950    23.587662
 2834.655520    23.838072
 2835.307620    24.079651
 2835.961180    24.313177
 2836.613770    24.537466
 2837.266360    24.752583
 2837.920410    24.958695
 2838.573490    25.154753
 2839.228030    25.341217
 2839.881100    25.517006
 2840.535890    25.682728
 2841.189450    25.837410
 2841.843020    25.981163
 2842.498540    26.114174
 2843.152340    26.235502
 2843.807860    26.345625
 2844.462160    26.443884
 2845.118160    26.530567
 2845.772710    26.605131
 2846.427250    26.667679
 2847.083740    26.718258
 2847.738770    26.756514
 2848.395260    26.782572
 2849.050540    26.796278
 2849.707760    26.797657
 2850.363280    26.786694
 2851.018800    26.763418
 2851.676270    26.727745
 2852.332280    26.679888
 2852.989990    26.619677
 2853.646480    26.547447
 2854.304440    26.462999
 2854.960940    26.366823
 2855.617920    26.258789
 2856.276370    26.138836
 2856.933350    26.007656
 2857.592290    25.864737
 2858.249760    25.711000
 2858.908940    25.545906
 2859.566650    25.370464
 2860.224370    25.184559
 2860.883790    24.987913
 2861.541750    24.781727
 2862.201900    24.565117
 2862.860350    24.339632
 2863.520510    24.104399
 2864.179200    23.860851
 2864.839840    23.608032
 2865.498780    23.347660
 2866.157960    23.079321
 2866.818850    22.802732
 2867.478520    22.519445
 2868.139650    22.228664
 2868.799320    21.932035
 2869.460940    21.628376
 2870.121090    21.319612
 2870.781490    21.005333
 2871.443360    20.685305
 2872.103760    20.361322
 2872.766360    20.031956
 2873.427000    19.699636
 2874.089600    19.362780
 2874.750730    19.023487
 2875.412110    18.681269
 2876.075440    18.335592
 2876.736820    17.988857
 2877.400390    17.639252
 2878.062260    17.289190
 2878.725830    16.937218
 2879.388180    16.585241
 2880.050540    16.232941
 2880.714600    15.879756
 2881.377440    15.527568
 2882.041750    15.175268
 2882.704830    14.824600
 2883.369380    14.474445
 2884.032960    14.126387
 2884.696530    13.780199
 2885.361330    13.435525
 2886.025390    13.093647
 2886.690920    12.753699
 2887.354980    12.417422
 2888.020510    12.083570
 2888.685060    11.753599
 2889.349610    11.427234
 2890.015870    11.103849
 2890.680910    10.785071
 2891.347410    10.469793
 2892.012700    10.159464
 2892.679200    9.853101
 2893.344970    9.551763
 2894.010500    9.255349
 2894.677730    8.963140
 2895.343510    8.676642
 2896.011470    8.394396
 2896.677490    8.118254
 2897.345460    7.846678
 2898.011960    7.581140
 2898.678960    7.320917
 2899.347170    7.065796
 2900.014160    6.816757
 2900.682860    6.572743
 2901.350100    6.334949
 2902.019530    6.102089
 2902.687010    5.875623
 2903.354740    5.654782
 2904.024410    5.439023
 2904.692380    5.229512
 2905.361820    5.025228
 2906.030520    4.826820
 2906.700680    4.633612
 2907.369140    4.446467
 2908.038090    4.264710
 2908.708500    4.088042
 2909.377930    3.917051
 2910.048830    3.751055
 2910.718260    3.590707
 2911.389650    3.435120
 2912.059330    3.285063
 2912.729250    3.140000
 2913.400630    2.999602
 2914.070800    2.864338
 2914.742920    2.733486
 2915.413570    2.607619
 2916.085690    2.486089
 2916.756590    2.369285
 2917.429200    2.256600
 2918.100340    2.148465
 2918.771730    2.044488
 2919.444580    1.944389
 2920.116210    1.848467
 2920.789550    1.756198
 2921.461670    1.667882
 2922.135500    1.583030
 2922.807370    1.501994
 2923.479740    1.424363
 2924.154050    1.349879
 2924.826660    1.278844
 2925.500980    1.210792
 2926.174070    1.145917
 2926.848880    1.083839
 2927.522220    1.024750
 2928.195800    0.968390
 2928.870850    0.914574
 2929.544920    0.863398
 2930.220460    0.814586
 2930.894530    0.768255
 2931.570310    0.724099
 2932.244630    0.682236
 2932.919190    0.642466
 2933.595700    0.604612
 2934.270260    0.568811
 2934.947270    0.534750
 2935.622310    0.502573
 2936.299070    0.472026
 2936.974850    0.443158
 2937.650390    0.415862
 2938.327880    0.389985
 2939.003660    0.365598
 2939.681400    0.342504
 2940.357670    0.320755
 2941.035640    0.300191
 2941.712160    0.280848
 2942.389160    0.262609
 2943.067630    0.245399
 2943.744630    0.229237
 2944.423580    0.213991
 2945.100830    0.199697
 2945.780030    0.186227
 2946.457760    0.173607
 2947.135500    0.161763
 2947.815190    0.150621
 2948.493410    0.140200
 2949.173100    0.130415
 2949.851560    0.121268
 2950.531980    0.112684
 2951.210450    0.104677
 2951.889650    0.097184
 2952.570070    0.090171
 2953.249270    0.083633
 2953.930660    0.077513
 2954.610110    0.071819
 2955.291500    0.066497
 2955.971190    0.061551
 2956.651120    0.056942
 2957.333010    0.052641
 2958.013180    0.048650
 2958.695560    0.044928
 2959.376220    0.041478
 2960.058350    0.038267
 2960.739500    0.035292
 2961.420410    0.032533
 2962.103520    0.029966
 2962.784910    0.027595
 2963.468020    0.025392
 2964.149900    0.023357
 2964.833500    0.021470
 2965.515380    0.019731
 2966.197750    0.018121
 2966.881590    0.016632
 2967.564210    0.015260
 2968.248540    0.013990
 2968.931150    0.012823
 2969.615720    0.011745
 2970.299070    0.010754
 2970.984130    0.009838
 2971.667480    0.008999
 2972.351070    0.008226
 2973.036620    0.007515
 2973.720700    0.006863
 2974.406250    0.006263
 2975.090580    0.005713
 2975.776610    0.005208
 2976.461180    0.004745
 2977.146000    0.004323
 2977.832280    0.003934
 2978.517580    0.003579
 2979.204350    0.003255
 2979.889650    0.002958
 2980.576660    0.002686
 2981.262210    0.002439
 2981.948240    0.002213
 2982.635990    0.002007
 2983.322020    0.001820
 2984.010010    0.001648
 2984.696530    0.001492
 2985.384770    0.001350
 2986.071530    0.001222
 2986.758540    0.001104
 2987.447270    0.000998
 2988.134770    0.000901
 2988.823490    0.000813
 2989.510990    0.000734
 2990.200440    0.000662
 2990.888180    0.000596
 2991.576170    0.000537
 2992.266360    0.000484
 2992.954830    0.000435
 2993.644780    0.000391
 2994.333500    0.000352
 2995.023930    0.000316
 2995.713130    0.000283
 2996.402100    0.000255
 2997.093020    0.000228
 2997.782710    0.000205
 2998.473880    0.000183
 2999.163570    0.000164
 2999.855470    0.000147
 3000.545410    0.000132
 3001.235600    0.000117
 3001.927730    0.000105
 3002.618410    0.000093
 3003.310550    0.000084
 3004.001710    0.000074
 3004.694340    0.000067
 3005.385740    0.000059
 3006.076900    0.000052
 3006.770020    0.000047
 3007.461670    0.000042
 3008.155270    0.000037
 3008.847410    0.000033
 3009.541260    0.000030
 3010.233400    0.000026
 3010.926270    0.000023
 3011.620360    0.000020
 3012.313230    0.000018
 3013.007810    0.000016
 3013.700930    0.000014
 3014.395750    0.000012
 3015.089360    0.000011
 3015.783200    0.000010
 3016.478270    0.000009
 3017.172610    0.000008
 3017.868160    0.000007
 3018.562260    0.000006
 3019.258540    0.000006
 3019.952880    0.000005
 3020.647950    0.000004
 3021.344480    0.000004
 3022.039310    0.000003
 3022.736330    0.000003
 3023.431640    0.000003
 3024.128660    0.000002
 3024.824460    0.000002
 3025.522220    0.000002
 3026.218020    0.000002
 3026.914310    0.000001
 3027.612300    0.000001
 3028.308840    0.000001
 3029.007080    0.000001
 3029.703860    0.000001
 3030.402590    0.000001
 3031.099850    0.000001
 3031.797120    0.000001
 3032.496090    0.000000
 3033.193600    0.000000
 3033.893310    0.000000
 3034.591060    0.000000
 3035.290770    0.000000
 3035.989010    0.000000
 3036.687740    0.000000
 3037.387700    0.000000
 3038.086670    0.000000
 3038.787350    0.000000
 3039.486080    0.000000
 3040.187260    0.000000
 3040.886470    0.000000
 3041.586180    0.000000
 3042.287350    0.000000
 3042.987550    0.000000
 3043.689210    0.000000
 3044.389160    0.000000
 3045.091060    0.000000
 3045.791750    0.000000
 3046.492430    0.000000
 3047.194820    0.000000
 3047.896000    0.000000
 3048.598880    0.000000
 3049.300050    0.000000
