 2653.384280    0.000000
 2653.996340    0.000000
 2654.606690    0.000000
 2655.217290    0.000000
 2655.829830    0.000000
 2656.440670    0.000000
 2657.053220    0.000000
 2657.664550    0.000000
 2658.277340    0.000000
 2658.888920    0.000000
 2659.500730    0.000000
 2660.114010    0.000000
 2660.725830    0.000000
 2661.339360    0.000000
 2661.951660    0.000000
 2662.565430    0.000000
 2663.177980    0.000000
 2663.790530    0.000000
 2664.404790    0.000000
 2665.017820    0.000000
 2665.632320    0.000000
 2666.245610    0.000000
 2666.860350    0.000000
 2667.473880    0.000000
 2668.089110    0.000000
 2668.702880    0.000000
 2669.316890    0.000000
 2669.932370    0.000000
 2670.546630    0.000000
 2671.162350    0.000000
 2671.776860    0.000000
 2672.393070    0.000000
 2673.007810    0.000000
 2673.622560    0.000000
 2674.239260    0.000000
 2674.854490    0.000000
 2675.471190    0.000000
 2676.086670    0.000000
 2676.703860    0.000000
 2677.319580    0.000000
 2677.935550    0.000000
 2678.552980    0.000000
 2679.169190    0.000000
 2679.786870    0.000000
 2680.403560    0.000000
 2681.021480    0.000000
 2681.638430    0.000000
 2682.255370    0.000000
 2682.873780    0.000000
 2683.490970    0.000000
 2684.109860    0.000000
 2684.727290    0.000000
 2685.346440    0.000000
 2685.964110    0.000000
 2686.582030    0.000000
 2687.201660    0.000000
 2687.819820    0.000000
 2688.439450    0.000001
 2689.057860    0.000001
 2689.677980    0.000001
 2690.296880    0.000001
 2690.915770    0.000001
 2691.536380    0.000001
 2692.155270    0.000001
 2692.776370    0.000001
 2693.395750    0.000001
 2694.016850    0.000001
 2694.636720    0.000001
 2695.256590    0.000002
 2695.877930    0.000002
 2696.498050    0.000002
 2697.119870    0.000002
 2697.740480    0.000002
 2698.362550    0.000003
 2698.983400    0.000003
 2699.604250    0.000003
 2700.226810    0.000004
 2700.847900    0.000004
 2701.470700    0.000004
 2702.092040    0.000005
 2702.715330    0.000005
 2703.337160    0.000006
 2703.958980    0.000007
 2704.582520    0.000007
 2705.204830    0.000008
 2705.828370    0.000009
 2706.450930    0.000010
 2707.074950    0.000010
 2707.697750    0.000011
 2708.320800    0.000012
 2708.945310    0.000013
 2709.568360    0.000014
 2710.193360    0.000016
 2710.816650    0.000017
 2711.441890    0.000019
 2712.065670    0.000021
 2712.689450    0.000023
 2713.314940    0.000026
 2713.939210    0.000028
 2714.565190    0.000031
 2715.189450    0.000033
 2715.815670    0.000036
 2716.440430    0.000040
 2717.066890    0.000044
 2717.691890    0.000048
 2718.317140    0.000052
 2718.943850    0.000057
 2719.569340    0.000062
 2720.196530    0.000068
 2720.822270    0.000074
 2721.449710    0.000081
 2722.075680    0.000089
 2722.702150    0.000096
 2723.329830    0.000105
 2723.956300    0.000114
 2724.584470    0.000125
 2725.211430    0.000136
 2725.839600    0.000148
 2726.466800    0.000161
 2727.093990    0.000175
 2727.722900    0.000191
 2728.350340    0.000208
 2728.979490    0.000226
 2729.607420    0.000246
 2730.236820    0.000267
 2730.864750    0.000290
 2731.493160    0.000315
 2732.122800    0.000342
 2732.751460    0.000372
 2733.381590    0.000403
 2734.010500    0.000438
 2734.640870    0.000475
 2735.270020    0.000514
 2735.899410    0.000558
 2736.530270    0.000605
 2737.159670    0.000655
 2737.790770    0.000710
 2738.420650    0.000768
 2739.052250    0.000832
 2739.682370    0.000900
 2740.312500    0.000974
 2740.944340    0.001053
 2741.575200    0.001139
 2742.207280    0.001231
 2742.838130    0.001330
 2743.470460    0.001438
 2744.101560    0.001554
 2744.732910    0.001678
 2745.365970    0.001811
 2745.997310    0.001955
 2746.630860    0.002110
 2747.262700    0.002276
 2747.896000    0.002455
 2748.528080    0.002647
 2749.160640    0.002853
 2749.794430    0.003076
 2750.427000    0.003314
 2751.061280    0.003570
 2751.694090    0.003844
 2752.328610    0.004139
 2752.961910    0.004456
 2753.595210    0.004794
 2754.230220    0.005158
 2754.863770    0.005548
 2755.499020    0.005966
 2756.132810    0.006413
 2756.768550    0.006893
 2757.402590    0.007406
 2758.036870    0.007956
 2758.673100    0.008545
 2759.307620    0.009173
 2759.943850    0.009849
 2760.578860    0.010569
 2761.215330    0.011340
 2761.850590    0.012162
 2762.487550    0.013044
 2763.123050    0.013984
 2763.758790    0.014987
 2764.396000    0.016061
 2765.031980    0.017204
 2765.669430    0.018428
 2766.305910    0.019731
 2766.943600    0.021123
 2767.580320    0.022605
 2768.216800    0.024184
 2768.855220    0.025871
 2769.492190    0.027665
 2770.130860    0.029580
 2770.768070    0.031614
 2771.407230    0.033787
 2772.044680    0.036092
 2772.682130    0.038543
 2773.321780    0.041160
 2773.959720    0.043933
 2774.599370    0.046889
 2775.237550    0.050023
 2775.877690    0.053362
 2776.516360    0.056899
 2777.155030    0.060655
 2777.795170    0.064648
 2778.434330    0.068879
 2779.074950    0.073377
 2779.714360    0.078135
 2780.355470    0.083195
 2780.995120    0.088542
 2781.634770    0.094206
 2782.276120    0.100221
 2782.916260    0.106575
 2783.558110    0.113317
 2784.198490    0.120435
 2784.840330    0.127979
 2785.480960    0.135940
 2786.121830    0.144356
 2786.764400    0.153272
 2787.405270    0.162663
 2788.048100    0.172609
 2788.689450    0.183083
 2789.332520    0.194163
 2789.974370    0.205828
 2790.615970    0.218121
 2791.259770    0.231123
 2791.901610    0.244781
 2792.545410    0.259210
 2793.187990    0.274372
 2793.832030    0.290368
 2794.474850    0.307166
 2795.117680    0.324832
 2795.762210    0.343454
 2796.405520    0.362989
 2797.050290    0.383559
 2797.693600    0.405112
 2798.338870    0.427807
 2798.982420    0.451560
 2799.626460    0.476495
 2800.272220    0.502710
 2800.916260    0.530117
 2801.562260    0.558920
 2802.206790    0.589019
 2802.852780    0.620604
 2803.497560    0.653595
 2804.142580    0.688120
 2804.789310    0.724319
 2805.434330    0.762057
 2806.081300    0.801608
 2806.726810    0.842823
 2807.374020    0.885965
 2808.020020    0.930903
 2808.666020    0.977778
 2809.313480    1.026766
 2809.959960    1.077746
 2810.607910    1.130980
 2811.254390    1.186292
 2811.902830    1.244041
 2812.549560    1.303971
 2813.198240    1.366487
 2813.845210    1.431308
 2814.492680    1.498713
 2815.141600    1.568881
 2815.789310    1.641594
 2816.438720    1.717251
 2817.086430    1.795521
 2817.736080    1.876916
 2818.384520    1.961111
 2819.032710    2.048288
 2819.682620    2.138787
 2820.331300    2.232269
 2820.981930    2.329260
 2821.630620    2.429241
 2822.281490    2.532917
 2822.930660    2.639728
 2823.580080    2.750043
 2824.231200    2.864185
 2824.880860    2.981653
 2825.532230    3.103077
 2826.182370    3.227965
 2826.833980    3.356884
 2827.484380    3.489349
 2828.134770    3.625640
 2828.786870    3.766171
 2829.437740    3.910352
 2830.090090    4.058810
 2830.741210    4.210967
 2831.394040    4.367535
 2832.045410    4.527779
 2832.697020    4.692122
 2833.350100    4.860899
 2834.001950    5.033430
 2834.655520    5.210492
 2835.307620    5.391229
 2835.961180    5.576443
 2836.613770    5.765434
 2837.266360    5.958455
 2837.920410    6.155930
 2838.573490    6.357094
 2839.228030    6.562665
 2839.881100    6.771684
 2840.535890    6.985116
 2841.189450    7.201954
 2841.843020    7.422530
 2842.498540    7.647450
 2843.152340    7.875382
 2843.807860    8.107433
 2844.462160    8.342480
 2845.118160    8.581479
 2845.772710    8.823174
 2846.427250    9.067981
 2847.083740    9.316522
 2847.738770    9.567382
 2848.395260    9.821544
 2849.050540    10.077834
 2849.707760    10.337345
 2850.363280    10.598477
 2851.018800    10.861738
 2851.676270    11.127754
 2852.332280    11.394963
 2852.989990    11.664478
 2853.646480    11.934910
 2854.304440    12.207166
 2854.960940    12.479832
 2855.617920    12.753509
 2856.276370    13.028389
 2856.933350    13.303031
 2857.592290    13.578636
 2858.249760    13.853544
 2858.908940    14.128846
 2859.566650    14.402975
 2860.224370    14.676300
 2860.883790    14.949278
 2861.541750    15.220343
 2862.201900    15.490747
 2862.860350    15.758630
 2863.520510    16.025122
 2864.179200    16.288677
 2864.839840    16.550398
 2865.498780    16.808567
 2866.157960    17.063698
 2866.818850    17.316072
 2867.478520    17.564306
 2868.139650    17.809141
 2868.799320    18.049234
 2869.460940    18.285557
 2870.121090    18.516626
 2870.781490    18.742798
 2871.443360    18.964224
 2872.103760    19.179665
 2872.766360    19.390068
 2873.427000    19.593864
 2874.089600    19.792028
 2874.750730    19.983301
 2875.412110    20.167973
 2876.075440    20.346266
 2876.736820    20.516920
 2877.400390    20.680799
 2878.062260    20.836740
 2878.725830    20.985355
 2879.388180    21.125807
 2880.050540    21.258200
 2880.714600    21.382692
 2881.377440    21.498570
 2882.041750    21.606159
 2882.704830    21.704893
 2883.369380    21.795044
 2884.032960    21.876165
 2884.696530    21.948298
 2885.361330    22.011463
 2886.025390    22.065393
 2886.690920    22.110191
 2887.354980    22.145601
 2888.020510    22.171751
 2888.685060    22.188499
 2889.349610    22.195883
 2890.015870    22.193878
 2890.680910    22.182501
 2891.347410    22.161715
 2892.012700    22.131636
 2892.679200    22.092199
 2893.344970    22.043571
 2894.010500    21.985805
 2894.677730    21.918781
 2895.343510    21.842911
 2896.011470    21.757864
 2896.677490    21.664286
 2897.345460    21.561747
 2898.011960    21.450903
 2898.678960    21.331596
 2899.347170    21.203821
 2900.014160    21.068211
 2900.682860    20.924341
 2901.350100    20.773073
 2902.019530    20.613760
 2902.687010    20.447590
 2903.354740    20.274248
 2904.024410    20.093479
 2904.692380    19.906488
 2905.361820    19.712624
 2906.030520    19.512749
 2906.700680    19.306435
 2907.369140    19.094915
 2908.038090    18.877756
 2908.708500    18.654875
 2909.377930    18.427338
 2910.048830    18.194565
 2910.718260    17.957848
 2911.389650    17.716232
 2912.059330    17.471312
 2912.729250    17.222639
 2913.400630    16.970026
 2914.070800    16.714748
 2914.742920    16.455864
 2915.413570    16.194954
 2916.085690    15.931144
 2916.756590    15.665756
 2917.429200    15.397890
 2918.100340    15.129070
 2918.771730    14.858873
 2919.444580    14.587056
 2920.116210    14.314956
 2920.789550    14.041630
 2921.461670    13.768511
 2922.135500    13.494643
 2922.807370    13.221748
 2923.479740    12.949059
 2924.154050    12.676207
 2924.826660    12.404888
 2925.500980    12.133929
 2926.174070    11.864717
 2926.848880    11.596272
 2927.522220    11.330050
 2928.195800    11.065553
 2928.870850    10.802483
 2929.544920    10.541958
 2930.220460    10.283205
 2930.894530    10.027494
 2931.570310    9.773771
 2932.244630    9.523369
 2932.919190    9.275772
 2933.595700    9.030495
 2934.270260    8.789068
 2934.947270    8.550032
 2935.622310    8.315041
 2936.299070    8.082914
 2936.974850    7.854667
 2937.650390    7.630116
 2938.327880    7.408622
 2939.003660    7.191446
 2939.681400    6.977475
 2940.357670    6.767841
 2941.035640    6.561607
 2941.712160    6.359781
 2942.389160    6.161803
 2943.067630    5.967430
 2943.744630    5.777523
 2944.423580    5.591139
 2945.100830    5.409295
 2945.780030    5.231014
 2946.457760    5.057196
 2947.135500    4.887443
 2947.815190    4.721272
 2948.493410    4.559507
 2949.173100    4.401429
 2949.851560    4.247638
 2950.531980    4.097391
 2951.210450    3.951520
 2951.889650    3.809399
 2952.570070    3.670903
 2953.249270    3.536487
 2953.930660    3.405434
 2954.610110    3.278499
 2955.291500    3.154898
 2955.971190    3.035244
 2956.651120    2.919127
 2957.333010    2.806212
 2958.013180    2.697051
 2958.695560    2.590957
 2959.376220    2.488479
 2960.058350    2.389073
 2960.739500    2.293034
 2961.420410    2.200183
 2962.103520    2.110135
 2962.784910    2.023340
 2963.468020    1.939294
 2964.149900    1.858292
 2964.833500    1.779922
 2965.515380    1.704504
 2966.197750    1.631721
 2966.881590    1.561413
 2967.564210    1.493786
 2968.248540    1.428486
 2968.931150    1.365770
 2969.615720    1.305236
 2970.299070    1.247102
 2970.984130    1.191054
 2971.667480    1.137307
 2972.351070    1.085636
 2973.036620    1.035857
 2973.720700    0.988159
 2974.406250    0.942274
 2975.090580    0.898322
 2975.776610    0.856058
 2976.461180    0.815619
 2977.146000    0.776840
 2977.832280    0.739603
 2978.517580    0.703987
 2979.204350    0.669812
 2979.889650    0.637171
 2980.576660    0.605860
 2981.262210    0.575975
 2981.948240    0.547379
 2982.635990    0.519978
 2983.322020    0.493860
 2984.010010    0.468843
 2984.696530    0.445007
 2985.384770    0.422198
 2986.071530    0.400481
 2986.758540    0.379757
 2987.447270    0.359947
 2988.134770    0.341098
 2988.823490    0.323104
 2989.510990    0.305995
 2990.200440    0.289657
 2990.888180    0.274142
 2991.576170    0.259373
 2992.266360    0.245278
 2992.954830    0.231909
 2993.644780    0.219172
 2994.333500    0.207090
 2995.023930    0.195585
 2995.713130    0.184678
 2996.402100    0.174327
 2997.093020    0.164475
 2997.782710    0.155147
 2998.473880    0.146281
 2999.163570    0.137895
 2999.855470    0.129922
 3000.545410    0.122390
 3001.235600    0.115253
 3001.927730    0.108479
 3002.618410    0.102081
 3003.310550    0.096016
 3004.001710    0.090289
 3004.694340    0.084863
 3005.385740    0.079744
 3006.076900    0.074911
 3006.770020    0.070333
 3007.461670    0.066021
 3008.155270    0.061941
 3008.847410    0.058100
 3009.541260    0.054469
 3010.233400    0.051056
 3010.926270    0.047835
 3011.620360    0.044797
 3012.313230    0.041942
 3013.007810    0.039248
 3013.700930    0.036717
 3014.395750    0.034333
 3015.089360    0.032095
 3015.783200    0.029991
 3016.478270    0.028011
 3017.172610    0.026155
 3017.868160    0.024408
 3018.562260    0.022774
 3019.258540    0.021235
 3019.952880    0.019798
 3020.647950    0.018449
 3021.344480    0.017182
 3022.039310    0.016000
 3022.736330    0.014889
 3023.431640    0.013853
 3024.128660    0.012881
 3024.824460    0.011974
 3025.522220    0.011125
 3026.218020    0.010333
 3026.914310    0.009594
 3027.612300    0.008902
 3028.308840    0.008258
 3029.007080    0.007656
 3029.703860    0.007096
 3030.402590    0.006574
 3031.099850    0.006087
 3031.797120    0.005635
 3032.496090    0.005213
 3033.193600    0.004822
 3033.893310    0.004457
 3034.591060    0.004118
 3035.290770    0.003803
 3035.989010    0.003511
 3036.687740    0.003240
 3037.387700    0.002988
 3038.086670    0.002755
 3038.787350    0.002539
 3039.486080    0.002338
 3040.187260    0.002152
 3040.886470    0.001982
 3041.586180    0.001822
 3042.287350    0.001676
 3042.987550    0.001540
 3043.689210    0.001414
 3044.389160    0.001299
 3045.091060    0.001192
 3045.791750    0.001093
 3046.492430    0.001002
 3047.194820    0.000918
 3047.896000    0.000841
 3048.598880    0.000771
 3049.300050    0.000705
