 2653.384280    0.003595
 2653.996340    0.003935
 2654.606690    0.004302
 2655.217290    0.004702
 2655.829830    0.005136
 2656.440670    0.005608
 2657.053220    0.006120
 2657.664550    0.006674
 2658.277340    0.007276
 2658.888920    0.007925
 2659.500730    0.008629
 2660.114010    0.009392
 2660.725830    0.010215
 2661.339360    0.011106
 2661.951660    0.012066
 2662.565430    0.013105
 2663.177980    0.014224
 2663.790530    0.015429
 2664.404790    0.016731
 2665.017820    0.018131
 2665.632320    0.019641
 2666.245610    0.021261
 2666.860350    0.023007
 2667.473880    0.024880
 2668.089110    0.026897
 2668.702880    0.029057
 2669.316890    0.031374
 2669.932370    0.033864
 2670.546630    0.036527
 2671.162350    0.039386
 2671.776860    0.042439
 2672.393070    0.045716
 2673.007810    0.049211
 2673.622560    0.052946
 2674.239260    0.056948
 2674.854490    0.061210
 2675.471190    0.065768
 2676.086670    0.070620
 2676.703860    0.075805
 2677.319580    0.081315
 2677.935550    0.087185
 2678.552980    0.093446
 2679.169190    0.100091
 2679.786870    0.107173
 2680.403560    0.114685
 2681.021480    0.122678
 2681.638430    0.131147
 2682.255370    0.140132
 2682.873780    0.149680
 2683.490970    0.159779
 2684.109860    0.170503
 2684.727290    0.181828
 2685.346440    0.193845
 2685.964110    0.206520
 2686.582030    0.219922
 2687.201660    0.234117
 2687.819820    0.249068
 2688.439450    0.264882
 2689.057860    0.281527
 2689.677980    0.299120
 2690.296880    0.317618
 2690.915770    0.337094
 2691.536380    0.357648
 2692.155270    0.379206
 2692.776370    0.401948
 2693.395750    0.425778
 2694.016850    0.450871
 2694.636720    0.477154
 2695.256590    0.504722
 2695.877930    0.533691
 2696.498050    0.563985
 2697.119870    0.595796
 2697.740480    0.629025
 2698.362550    0.663866
 2698.983400    0.700218
 2699.604250    0.738199
 2700.226810    0.777970
 2700.847900    0.819381
 2701.470700    0.862692
 2702.092040    0.907736
 2702.715330    0.954811
 2703.337160    1.003715
 2703.958980    1.054601
 2704.582520    1.107668
 2705.204830    1.162717
 2705.828370    1.220012
 2706.450930    1.279397
 2707.074950    1.341153
 2707.697750    1.405060
 2708.320800    1.471303
 2708.945310    1.540064
 2709.568360    1.611056
 2710.193360    1.684710
 2710.816650    1.760628
 2711.441890    1.839290
 2712.065670    1.920298
 2712.689450    2.003857
 2713.314940    2.090230
 2713.939210    2.179036
 2714.565190    2.270708
 2715.189450    2.364758
 2715.815670    2.461749
 2716.440430    2.561156
 2717.066890    2.663486
 2717.691890    2.768215
 2718.317140    2.875611
 2718.943850    2.985882
 2719.569340    3.098533
 2720.196530    3.214070
 2720.822270    3.331878
 2721.449710    3.452517
 2722.075680    3.575336
 2722.702150    3.700662
 2723.329830    3.828596
 2723.956300    3.958577
 2724.584470    4.091146
 2725.211430    4.225615
 2725.839600    4.362420
 2726.466800    4.500999
 2727.093990    4.641467
 2727.722900    4.784110
 2728.350340    4.928100
 2728.979490    5.074050
 2729.607420    5.221159
 2730.236820    5.369928
 2730.864750    5.519527
 2731.493160    5.670277
 2732.122800    5.822207
 2732.751460    5.974632
 2733.381590    6.127982
 2734.010500    6.281439
 2734.640870    6.435481
 2735.270020    6.589275
 2735.899410    6.742996
 2736.530270    6.896752
 2737.159670    7.049636
 2737.790770    7.202221
 2738.420650    7.353597
 2739.052250    7.504263
 2739.682370    7.653253
 2740.312500    7.800709
 2740.944340    7.946814
 2741.575200    8.090729
 2742.207280    8.232738
 2742.838130    8.372081
 2743.470460    8.509135
 2744.101560    8.643097
 2744.732910    8.774077
 2745.365970    8.902153
 2745.997310    9.026419
 2746.630860    9.147438
 2747.262700    9.264256
 2747.896000    9.377257
 2748.528080    9.485774
 2749.160640    9.589912
 2749.794430    9.689590
 2750.427000    9.784249
 2751.061280    9.874149
 2751.694090    9.958672
 2752.328610    10.038084
 2752.961910    10.111866
 2753.595210    10.180035
 2754.230220    10.242623
 2754.863770    10.299195
 2755.499020    10.349918
 2756.132810    10.394440
 2756.768550    10.432900
 2757.402590    10.464998
 2758.036870    10.490789
 2758.673100    10.510252
 2759.307620    10.523231
 2759.943850    10.529762
 2760.578860    10.529791
 2761.215330    10.523307
 2761.850590    10.510339
 2762.487550    10.490836
 2763.123050    10.464924
 2763.758790    10.432592
 2764.396000    10.393812
 2765.031980    10.348804
 2765.669430    10.297455
 2766.305910    10.240046
 2766.943600    10.176474
 2767.580320    10.107068
 2768.216800    10.031891
 2768.855220    9.950788
 2769.492190    9.864336
 2770.130860    9.772251
 2770.768070    9.675152
 2771.407230    9.572679
 2772.044680    9.465599
 2772.682130    9.353831
 2773.321780    9.237158
 2773.959720    9.116488
 2774.599370    8.991381
 2775.237550    8.862666
 2775.877690    8.729869
 2776.516360    8.593913
 2777.155030    8.454722
 2777.795170    8.312193
 2778.434330    8.167095
 2779.074950    8.019102
 2779.714360    7.869066
 2780.355470    7.716529
 2780.995120    7.562476
 2781.634770    7.406794
 2782.276120    7.249290
 2782.916260    7.090910
 2783.558110    6.931154
 2784.198490    6.771036
 2784.840330    6.610041
 2785.480960    6.449057
 2786.121830    6.287932
 2786.764400    6.126498
 2787.405270    5.965819
 2788.048100    5.805171
 2788.689450    5.645597
 2789.332520    5.486492
 2789.974370    5.328758
 2790.615970    5.172321
 2791.259770    5.016751
 2791.901610    4.863209
 2792.545410    4.710907
 2793.187990    4.560738
 2793.832030    4.412207
 2794.474850    4.266059
 2795.117680    4.122124
 2795.762210    3.980137
 2796.405520    3.840847
 2797.050290    3.703762
 2797.693600    3.569590
 2798.338870    3.437696
 2798.982420    3.308899
 2799.626460    3.182810
 2800.272220    3.059256
 2800.916260    2.938936
 2801.562260    2.821205
 2802.206790    2.706720
 2802.852780    2.594984
 2803.497560    2.486478
 2804.142580    2.380960
 2804.789310    2.278209
 2805.434330    2.178763
 2806.081300    2.082055
 2806.726810    1.988583
 2807.374020    1.897871
 2808.020020    1.810311
 2808.666020    1.725700
 2809.313480    1.643826
 2809.959960    1.564960
 2810.607910    1.488771
 2811.254390    1.415559
 2811.902830    1.344892
 2812.549560    1.277121
 2813.198240    1.211811
 2813.845210    1.149279
 2814.492680    1.089246
 2815.141600    1.031575
 2815.789310    0.976445
 2816.438720    0.923548
 2817.086430    0.873097
 2817.736080    0.824747
 2818.384520    0.778671
 2819.032710    0.734727
 2819.682620    0.692724
 2820.331300    0.652789
 2820.981930    0.614662
 2821.630620    0.578507
 2822.281490    0.544029
 2822.930660    0.511372
 2823.580080    0.480366
 2824.231200    0.450886
 2824.880860    0.423015
 2825.532230    0.396554
 2826.182370    0.371565
 2826.833980    0.347884
 2827.484380    0.325553
 2828.134770    0.304469
 2828.786870    0.284525
 2829.437740    0.265759
 2830.090090    0.248039
 2830.741210    0.231390
 2831.394040    0.215687
 2832.045410    0.200958
 2832.697020    0.187117
 2833.350100    0.174095
 2834.001950    0.161902
 2834.655520    0.150444
 2835.307620    0.139735
 2835.961180    0.129687
 2836.613770    0.120303
 2837.266360    0.111531
 2837.920410    0.103318
 2838.573490    0.095664
 2839.228030    0.088508
 2839.881100    0.081852
 2840.535890    0.075636
 2841.189450    0.069860
 2841.843020    0.064486
 2842.498540    0.059477
 2843.152340    0.054835
 2843.807860    0.050514
 2844.462160    0.046514
 2845.118160    0.042795
 2845.772710    0.039357
 2846.427250    0.036175
 2847.083740    0.033221
 2847.738770    0.030497
 2848.395260    0.027973
 2849.050540    0.025648
 2849.707760    0.023496
 2850.363280    0.021516
 2851.018800    0.019691
 2851.676270    0.018006
 2852.332280    0.016459
 2852.989990    0.015033
 2853.646480    0.013723
 2854.304440    0.012519
 2854.960940    0.011415
 2855.617920    0.010403
 2856.276370    0.009472
 2856.933350    0.008621
 2857.592290    0.007840
 2858.249760    0.007127
 2858.908940    0.006474
 2859.566650    0.005877
 2860.224370    0.005334
 2860.883790    0.004836
 2861.541750    0.004383
 2862.201900    0.003968
 2862.860350    0.003592
 2863.520510    0.003249
 2864.179200    0.002937
 2864.839840    0.002653
 2865.498780    0.002396
 2866.157960    0.002162
 2866.818850    0.001949
 2867.478520    0.001758
 2868.139650    0.001582
 2868.799320    0.001425
 2869.460940    0.001282
 2870.121090    0.001152
 2870.781490    0.001036
 2871.443360    0.000930
 2872.103760    0.000834
 2872.766360    0.000748
 2873.427000    0.000670
 2874.089600    0.000601
 2874.750730    0.000538
 2875.412110    0.000481
 2876.075440    0.000430
 2876.736820    0.000384
 2877.400390    0.000343
 2878.062260    0.000306
 2878.725830    0.000273
 2879.388180    0.000243
 2880.050540    0.000216
 2880.714600    0.000193
 2881.377440    0.000172
 2882.041750    0.000153
 2882.704830    0.000135
 2883.369380    0.000120
 2884.032960    0.000107
 2884.696530    0.000094
 2885.361330    0.000084
 2886.025390    0.000074
 2886.690920    0.000066
 2887.354980    0.000058
 2888.020510    0.000051
 2888.685060    0.000046
 2889.349610    0.000040
 2890.015870    0.000035
 2890.680910    0.000031
 2891.347410    0.000028
 2892.012700    0.000024
 2892.679200    0.000021
 2893.344970    0.000019
 2894.010500    0.000016
 2894.677730    0.000014
 2895.343510    0.000012
 2896.011470    0.000011
 2896.677490    0.000010
 2897.345460    0.000009
 2898.011960    0.000008
 2898.678960    0.000007
 2899.347170    0.000006
 2900.014160    0.000005
 2900.682860    0.000005
 2901.350100    0.000004
 2902.019530    0.000003
 2902.687010    0.000003
 2903.354740    0.000003
 2904.024410    0.000002
 2904.692380    0.000002
 2905.361820    0.000002
 2906.030520    0.000002
 2906.700680    0.000001
 2907.369140    0.000001
 2908.038090    0.000001
 2908.708500    0.000001
 2909.377930    0.000001
 2910.048830    0.000001
 2910.718260    0.000001
 2911.389650    0.000000
 2912.059330    0.000000
 2912.729250    0.000000
 2913.400630    0.000000
 2914.070800    0.000000
 2914.742920    0.000000
 2915.413570    0.000000
 2916.085690    0.000000
 2916.756590    0.000000
 2917.429200    0.000000
 2918.100340    0.000000
 2918.771730    0.000000
 2919.444580    0.000000
 2920.116210    0.000000
 2920.789550    0.000000
 2921.461670    0.000000
 2922.135500    0.000000
 2922.807370    0.000000
 2923.479740    0.000000
 2924.154050    0.000000
 2924.826660    0.000000
 2925.500980    0.000000
 2926.174070    0.000000
 2926.848880    0.000000
 2927.522220    0.000000
 2928.195800    0.000000
 2928.870850    0.000000
 2929.544920    0.000000
 2930.220460    0.000000
 2930.894530    0.000000
 2931.570310    0.000000
 2932.244630    0.000000
 2932.919190    0.000000
 2933.595700    0.000000
 2934.270260    0.000000
 2934.947270    0.000000
 2935.622310    0.000000
 2936.299070    0.000000
 2936.974850    0.000000
 2937.650390    0.000000
 2938.327880    0.000000
 2939.003660    0.000000
 2939.681400    0.000000
 2940.357670    0.000000
 2941.035640    0.000000
 2941.712160    0.000000
 2942.389160    0.000000
 2943.067630    0.000000
 2943.744630    0.000000
 2944.423580    0.000000
 2945.100830    0.000000
 2945.780030    0.000000
 2946.457760    0.000000
 2947.135500    0.000000
 2947.815190    0.000000
 2948.493410    0.000000
 2949.173100    0.000000
 2949.851560    0.000000
 2950.531980    0.000000
 2951.210450    0.000000
 2951.889650    0.000000
 2952.570070    0.000000
 2953.249270    0.000000
 2953.930660    0.000000
 2954.610110    0.000000
 2955.291500    0.000000
 2955.971190    0.000000
 2956.651120    0.000000
 2957.333010    0.000000
 2958.013180    0.000000
 2958.695560    0.000000
 2959.376220    0.000000
 2960.058350    0.000000
 2960.739500    0.000000
 2961.420410    0.000000
 2962.103520    0.000000
 2962.784910    0.000000
 2963.468020    0.000000
 2964.149900    0.000000
 2964.833500    0.000000
 2965.515380    0.000000
 2966.197750    0.000000
 2966.881590    0.000000
 2967.564210    0.000000
 2968.248540    0.000000
 2968.931150    0.000000
 2969.615720    0.000000
 2970.299070    0.000000
 2970.984130    0.000000
 2971.667480    0.000000
 2972.351070    0.000000
 2973.036620    0.000000
 2973.720700    0.000000
 2974.406250    0.000000
 2975.090580    0.000000
 2975.776610    0.000000
 2976.461180    0.000000
 2977.146000    0.000000
 2977.832280    0.000000
 2978.517580    0.000000
 2979.204350    0.000000
 2979.889650    0.000000
 2980.576660    0.000000
 2981.262210    0.000000
 2981.948240    0.000000
 2982.635990    0.000000
 2983.322020    0.000000
 2984.010010    0.000000
 2984.696530    0.000000
 2985.384770    0.000000
 2986.071530    0.000000
 2986.758540    0.000000
 2987.447270    0.000000
 2988.134770    0.000000
 2988.823490    0.000000
 2989.510990    0.000000
 2990.200440    0.000000
 2990.888180    0.000000
 2991.576170    0.000000
 2992.266360    0.000000
 2992.954830    0.000000
 2993.644780    0.000000
 2994.333500    0.000000
 2995.023930    0.000000
 2995.713130    0.000000
 2996.402100    0.000000
 2997.093020    0.000000
 2997.782710    0.000000
 2998.473880    0.000000
 2999.163570    0.000000
 2999.855470    0.000000
 3000.545410    0.000000
 3001.235600    0.000000
 3001.927730    0.000000
 3002.618410    0.000000
 3003.310550    0.000000
 3004.001710    0.000000
 3004.694340    0.000000
 3005.385740    0.000000
 3006.076900    0.000000
 3006.770020    0.000000
 3007.461670    0.000000
 3008.155270    0.000000
 3008.847410    0.000000
 3009.541260    0.000000
 3010.233400    0.000000
 3010.926270    0.000000
 3011.620360    0.000000
 3012.313230    0.000000
 3013.007810    0.000000
 3013.700930    0.000000
 3014.395750    0.000000
 3015.089360    0.000000
 3015.783200    0.000000
 3016.478270    0.000000
 3017.172610    0.000000
 3017.868160    0.000000
 3018.562260    0.000000
 3019.258540    0.000000
 3019.952880    0.000000
 3020.647950    0.000000
 3021.344480    0.000000
 3022.039310    0.000000
 3022.736330    0.000000
 3023.431640    0.000000
 3024.128660    0.000000
 3024.824460    0.000000
 3025.522220    0.000000
 3026.218020    0.000000
 3026.914310    0.000000
 3027.612300    0.000000
 3028.308840    0.000000
 3029.007080    0.000000
 3029.703860    0.000000
 3030.402590    0.000000
 3031.099850    0.000000
 3031.797120    0.000000
 3032.496090    0.000000
 3033.193600    0.000000
 3033.893310    0.000000
 3034.591060    0.000000
 3035.290770    0.000000
 3035.989010    0.000000
 3036.687740    0.000000
 3037.387700    0.000000
 3038.086670    0.000000
 3038.787350    0.000000
 3039.486080    0.000000
 3040.187260    0.000000
 3040.886470    0.000000
 3041.586180    0.000000
 3042.287350    0.000000
 3042.987550    0.000000
 3043.689210    0.000000
 3044.389160    0.000000
 3045.091060    0.000000
 3045.791750    0.000000
 3046.492430    0.000000
 3047.194820    0.000000
 3047.896000    0.000000
 3048.598880    0.000000
 3049.300050    0.000000
