 2653.384280    0.086155
 2653.996340    0.092833
 2654.606690    0.099976
 2655.217290    0.107636
 2655.829830    0.115870
 2656.440670    0.124667
 2657.053220    0.134112
 2657.664550    0.144199
 2658.277340    0.155015
 2658.888920    0.166555
 2659.500730    0.178892
 2660.114010    0.192101
 2660.725830    0.206168
 2661.339360    0.221220
 2661.951660    0.237241
 2662.565430    0.254359
 2663.177980    0.272559
 2663.790530    0.291938
 2664.404790    0.312619
 2665.017820    0.334574
 2665.632320    0.357968
 2666.245610    0.382776
 2666.860350    0.409183
 2667.473880    0.437154
 2668.089110    0.466906
 2668.702880    0.498371
 2669.316890    0.531719
 2669.932370    0.567117
 2670.546630    0.604503
 2671.162350    0.644138
 2671.776860    0.685951
 2672.393070    0.730246
 2673.007810    0.776899
 2673.622560    0.826122
 2674.239260    0.878192
 2674.854490    0.932935
 2675.471190    0.990727
 2676.086670    1.051436
 2676.703860    1.115473
 2677.319580    1.182630
 2677.935550    1.253206
 2678.552980    1.327480
 2679.169190    1.405257
 2679.786870    1.487003
 2680.403560    1.572528
 2681.021480    1.662266
 2681.638430    1.756029
 2682.255370    1.854084
 2682.873780    1.956807
 2683.490970    2.063881
 2684.109860    2.175948
 2684.727290    2.292560
 2685.346440    2.414443
 2685.964110    2.541096
 2686.582030    2.672975
 2687.201660    2.810531
 2687.819820    2.953175
 2688.439450    3.101694
 2689.057860    3.255550
 2689.677980    3.415578
 2690.296880    3.581125
 2690.915770    3.752586
 2691.536380    3.930543
 2692.155270    4.114090
 2692.776370    4.304461
 2693.395750    4.500526
 2694.016850    4.703418
 2694.636720    4.912231
 2695.256590    5.127389
 2695.877930    5.349447
 2696.498050    5.577461
 2697.119870    5.812516
 2697.740480    6.053503
 2698.362550    6.301449
 2698.983400    6.555246
 2699.604250    6.815332
 2700.226810    7.082386
 2700.847900    7.354974
 2701.470700    7.634404
 2702.092040    7.919152
 2702.715330    8.210671
 2703.337160    8.507236
 2703.958980    8.809378
 2704.582520    9.117783
 2705.204830    9.430824
 2705.828370    9.749537
 2706.450930    10.072583
 2707.074950    10.401010
 2707.697750    10.733156
 2708.320800    11.069534
 2708.945310    11.410542
 2709.568360    11.754283
 2710.193360    12.102337
 2710.816650    12.452343
 2711.441890    12.806015
 2712.065670    13.161072
 2712.689450    13.517965
 2713.314940    13.877300
 2713.939210    14.236996
 2714.565190    14.598333
 2715.189450    14.958914
 2715.815670    15.320422
 2716.440430    15.680437
 2717.066890    16.040337
 2717.691890    16.397829
 2718.317140    16.753429
 2718.943850    17.107344
 2719.569340    17.457571
 2720.196530    17.805256
 2720.822270    18.148146
 2721.449710    18.487476
 2722.075680    18.821033
 2722.702150    19.149372
 2723.329830    19.472355
 2723.956300    19.788229
 2724.584470    20.097973
 2725.211430    20.399641
 2725.839600    20.693930
 2726.466800    20.979326
 2727.093990    21.255831
 2727.722900    21.523703
 2728.350340    21.781136
 2728.979490    22.028992
 2729.607420    22.265686
 2730.236820    22.491814
 2730.864750    22.705936
 2731.493160    22.908371
 2732.122800    23.098946
 2732.751460    23.276655
 2733.381590    23.441860
 2734.010500    23.593550
 2734.640870    23.732092
 2735.270020    23.856638
 2735.899410    23.967279
 2736.530270    24.063976
 2737.159670    24.146099
 2737.790770    24.213905
 2738.420650    24.266931
 2739.052250    24.305315
 2739.682370    24.328775
 2740.312500    24.337380
 2740.944340    24.331066
 2741.575200    24.309849
 2742.207280    24.273685
 2742.838130    24.222776
 2743.470460    24.156990
 2744.101560    24.076714
 2744.732910    23.981945
 2745.365970    23.872564
 2745.997310    23.749363
 2746.630860    23.611784
 2747.262700    23.460909
 2747.896000    23.296257
 2748.528080    23.118816
 2749.160640    22.928448
 2749.794430    22.725212
 2750.427000    22.510258
 2751.061280    22.282949
 2751.694090    22.044815
 2752.328610    21.795071
 2752.961910    21.535286
 2753.595210    21.265432
 2754.230220    20.985203
 2754.863770    20.696459
 2755.499020    20.398235
 2756.132810    20.092506
 2756.768550    19.778112
 2757.402590    19.457371
 2758.036870    19.129826
 2758.673100    18.795078
 2759.307620    18.455574
 2759.943850    18.110004
 2760.578860    17.760473
 2761.215330    17.406025
 2761.850590    17.048672
 2762.487550    16.687275
 2763.123050    16.324142
 2763.758790    15.958815
 2764.396000    15.591074
 2765.031980    15.222965
 2765.669430    14.853409
 2766.305910    14.484292
 2766.943600    14.114802
 2767.580320    13.746659
 2768.216800    13.379871
 2768.855220    13.013603
 2769.492190    12.650219
 2770.130860    12.288309
 2770.768070    11.930046
 2771.407230    11.573876
 2772.044680    11.222187
 2772.682130    10.874350
 2773.321780    10.529498
 2773.959720    10.190035
 2774.599370    9.854422
 2775.237550    9.524582
 2775.877690    9.199001
 2776.516360    8.879644
 2777.155030    8.565969
 2777.795170    8.257461
 2778.434330    7.955476
 2779.074950    7.659019
 2779.714360    7.369476
 2780.355470    7.085646
 2780.995120    6.809039
 2781.634770    6.539090
 2782.276120    6.275173
 2782.916260    6.018557
 2783.558110    5.768116
 2784.198490    5.525120
 2784.840330    5.288469
 2785.480960    5.059157
 2786.121830    4.836630
 2786.764400    4.620385
 2787.405270    4.411534
 2788.048100    4.208839
 2788.689450    4.013327
 2789.332520    3.823965
 2789.974370    3.641545
 2790.615970    3.465680
 2791.259770    3.295637
 2791.901610    3.132411
 2792.545410    2.974901
 2793.187990    2.823778
 2793.832030    2.678293
 2794.474850    2.538931
 2795.117680    2.405279
 2795.762210    2.276869
 2796.405520    2.154157
 2797.050290    2.036488
 2797.693600    1.924255
 2798.338870    1.816725
 2798.982420    1.714361
 2799.626460    1.616654
 2800.272220    1.523293
 2800.916260    1.434627
 2801.562260    1.350002
 2802.206790    1.269724
 2802.852780    1.193282
 2803.497560    1.120850
 2804.142580    1.052110
 2804.789310    0.986780
 2805.434330    0.925065
 2806.081300    0.866478
 2806.726810    0.811197
 2807.374020    0.758817
 2808.020020    0.709448
 2808.666020    0.662862
 2809.313480    0.618836
 2809.959960    0.577420
 2810.607910    0.538340
 2811.254390    0.501658
 2811.902830    0.467072
 2812.549560    0.434669
 2813.198240    0.404161
 2813.845210    0.375624
 2814.492680    0.348853
 2815.141600    0.323726
 2815.789310    0.300254
 2816.438720    0.278247
 2817.086430    0.257735
 2817.736080    0.238525
 2818.384520    0.220634
 2819.032710    0.203958
 2819.682620    0.188379
 2820.331300    0.173903
 2820.981930    0.160395
 2821.630620    0.147875
 2822.281490    0.136205
 2822.930660    0.125401
 2823.580080    0.115374
 2824.231200    0.106055
 2824.880860    0.097445
 2825.532230    0.089454
 2826.182370    0.082077
 2826.833980    0.075245
 2827.484380    0.068947
 2828.134770    0.063134
 2828.786870    0.057760
 2829.437740    0.052817
 2830.090090    0.048256
 2830.741210    0.044067
 2831.394040    0.040205
 2832.045410    0.036665
 2832.697020    0.033414
 2833.350100    0.030423
 2834.001950    0.027688
 2834.655520    0.025175
 2835.307620    0.022880
 2835.961180    0.020776
 2836.613770    0.018855
 2837.266360    0.017101
 2837.920410    0.015496
 2838.573490    0.014035
 2839.228030    0.012700
 2839.881100    0.011487
 2840.535890    0.010380
 2841.189450    0.009376
 2841.843020    0.008462
 2842.498540    0.007630
 2843.152340    0.006878
 2843.807860    0.006194
 2844.462160    0.005575
 2845.118160    0.005013
 2845.772710    0.004506
 2846.427250    0.004047
 2847.083740    0.003633
 2847.738770    0.003258
 2848.395260    0.002920
 2849.050540    0.002615
 2849.707760    0.002340
 2850.363280    0.002093
 2851.018800    0.001871
 2851.676270    0.001671
 2852.332280    0.001492
 2852.989990    0.001330
 2853.646480    0.001185
 2854.304440    0.001056
 2854.960940    0.000939
 2855.617920    0.000836
 2856.276370    0.000743
 2856.933350    0.000660
 2857.592290    0.000586
 2858.249760    0.000520
 2858.908940    0.000460
 2859.566650    0.000407
 2860.224370    0.000360
 2860.883790    0.000319
 2861.541750    0.000282
 2862.201900    0.000249
 2862.860350    0.000219
 2863.520510    0.000194
 2864.179200    0.000171
 2864.839840    0.000151
 2865.498780    0.000133
 2866.157960    0.000116
 2866.818850    0.000102
 2867.478520    0.000090
 2868.139650    0.000079
 2868.799320    0.000069
 2869.460940    0.000060
 2870.121090    0.000053
 2870.781490    0.000047
 2871.443360    0.000041
 2872.103760    0.000035
 2872.766360    0.000031
 2873.427000    0.000027
 2874.089600    0.000024
 2874.750730    0.000020
 2875.412110    0.000018
 2876.075440    0.000015
 2876.736820    0.000013
 2877.400390    0.000011
 2878.062260    0.000010
 2878.725830    0.000009
 2879.388180    0.000008
 2880.050540    0.000007
 2880.714600    0.000006
 2881.377440    0.000005
 2882.041750    0.000004
 2882.704830    0.000004
 2883.369380    0.000003
 2884.032960    0.000003
 2884.696530    0.000002
 2885.361330    0.000002
 2886.025390    0.000002
 2886.690920    0.000002
 2887.354980    0.000001
 2888.020510    0.000001
 2888.685060    0.000001
 2889.349610    0.000001
 2890.015870    0.000001
 2890.680910    0.000001
 2891.347410    0.000001
 2892.012700    0.000000
 2892.679200    0.000000
 2893.344970    0.000000
 2894.010500    0.000000
 2894.677730    0.000000
 2895.343510    0.000000
 2896.011470    0.000000
 2896.677490    0.000000
 2897.345460    0.000000
 2898.011960    0.000000
 2898.678960    0.000000
 2899.347170    0.000000
 2900.014160    0.000000
 2900.682860    0.000000
 2901.350100    0.000000
 2902.019530    0.000000
 2902.687010    0.000000
 2903.354740    0.000000
 2904.024410    0.000000
 2904.692380    0.000000
 2905.361820    0.000000
 2906.030520    0.000000
 2906.700680    0.000000
 2907.369140    0.000000
 2908.038090    0.000000
 2908.708500    0.000000
 2909.377930    0.000000
 2910.048830    0.000000
 2910.718260    0.000000
 2911.389650    0.000000
 2912.059330    0.000000
 2912.729250    0.000000
 2913.400630    0.000000
 2914.070800    0.000000
 2914.742920    0.000000
 2915.413570    0.000000
 2916.085690    0.000000
 2916.756590    0.000000
 2917.429200    0.000000
 2918.100340    0.000000
 2918.771730    0.000000
 2919.444580    0.000000
 2920.116210    0.000000
 2920.789550    0.000000
 2921.461670    0.000000
 2922.135500    0.000000
 2922.807370    0.000000
 2923.479740    0.000000
 2924.154050    0.000000
 2924.826660    0.000000
 2925.500980    0.000000
 2926.174070    0.000000
 2926.848880    0.000000
 2927.522220    0.000000
 2928.195800    0.000000
 2928.870850    0.000000
 2929.544920    0.000000
 2930.220460    0.000000
 2930.894530    0.000000
 2931.570310    0.000000
 2932.244630    0.000000
 2932.919190    0.000000
 2933.595700    0.000000
 2934.270260    0.000000
 2934.947270    0.000000
 2935.622310    0.000000
 2936.299070    0.000000
 2936.974850    0.000000
 2937.650390    0.000000
 2938.327880    0.000000
 2939.003660    0.000000
 2939.681400    0.000000
 2940.357670    0.000000
 2941.035640    0.000000
 2941.712160    0.000000
 2942.389160    0.000000
 2943.067630    0.000000
 2943.744630    0.000000
 2944.423580    0.000000
 2945.100830    0.000000
 2945.780030    0.000000
 2946.457760    0.000000
 2947.135500    0.000000
 2947.815190    0.000000
 2948.493410    0.000000
 2949.173100    0.000000
 2949.851560    0.000000
 2950.531980    0.000000
 2951.210450    0.000000
 2951.889650    0.000000
 2952.570070    0.000000
 2953.249270    0.000000
 2953.930660    0.000000
 2954.610110    0.000000
 2955.291500    0.000000
 2955.971190    0.000000
 2956.651120    0.000000
 2957.333010    0.000000
 2958.013180    0.000000
 2958.695560    0.000000
 2959.376220    0.000000
 2960.058350    0.000000
 2960.739500    0.000000
 2961.420410    0.000000
 2962.103520    0.000000
 2962.784910    0.000000
 2963.468020    0.000000
 2964.149900    0.000000
 2964.833500    0.000000
 2965.515380    0.000000
 2966.197750    0.000000
 2966.881590    0.000000
 2967.564210    0.000000
 2968.248540    0.000000
 2968.931150    0.000000
 2969.615720    0.000000
 2970.299070    0.000000
 2970.984130    0.000000
 2971.667480    0.000000
 2972.351070    0.000000
 2973.036620    0.000000
 2973.720700    0.000000
 2974.406250    0.000000
 2975.090580    0.000000
 2975.776610    0.000000
 2976.461180    0.000000
 2977.146000    0.000000
 2977.832280    0.000000
 2978.517580    0.000000
 2979.204350    0.000000
 2979.889650    0.000000
 2980.576660    0.000000
 2981.262210    0.000000
 2981.948240    0.000000
 2982.635990    0.000000
 2983.322020    0.000000
 2984.010010    0.000000
 2984.696530    0.000000
 2985.384770    0.000000
 2986.071530    0.000000
 2986.758540    0.000000
 2987.447270    0.000000
 2988.134770    0.000000
 2988.823490    0.000000
 2989.510990    0.000000
 2990.200440    0.000000
 2990.888180    0.000000
 2991.576170    0.000000
 2992.266360    0.000000
 2992.954830    0.000000
 2993.644780    0.000000
 2994.333500    0.000000
 2995.023930    0.000000
 2995.713130    0.000000
 2996.402100    0.000000
 2997.093020    0.000000
 2997.782710    0.000000
 2998.473880    0.000000
 2999.163570    0.000000
 2999.855470    0.000000
 3000.545410    0.000000
 3001.235600    0.000000
 3001.927730    0.000000
 3002.618410    0.000000
 3003.310550    0.000000
 3004.001710    0.000000
 3004.694340    0.000000
 3005.385740    0.000000
 3006.076900    0.000000
 3006.770020    0.000000
 3007.461670    0.000000
 3008.155270    0.000000
 3008.847410    0.000000
 3009.541260    0.000000
 3010.233400    0.000000
 3010.926270    0.000000
 3011.620360    0.000000
 3012.313230    0.000000
 3013.007810    0.000000
 3013.700930    0.000000
 3014.395750    0.000000
 3015.089360    0.000000
 3015.783200    0.000000
 3016.478270    0.000000
 3017.172610    0.000000
 3017.868160    0.000000
 3018.562260    0.000000
 3019.258540    0.000000
 3019.952880    0.000000
 3020.647950    0.000000
 3021.344480    0.000000
 3022.039310    0.000000
 3022.736330    0.000000
 3023.431640    0.000000
 3024.128660    0.000000
 3024.824460    0.000000
 3025.522220    0.000000
 3026.218020    0.000000
 3026.914310    0.000000
 3027.612300    0.000000
 3028.308840    0.000000
 3029.007080    0.000000
 3029.703860    0.000000
 3030.402590    0.000000
 3031.099850    0.000000
 3031.797120    0.000000
 3032.496090    0.000000
 3033.193600    0.000000
 3033.893310    0.000000
 3034.591060    0.000000
 3035.290770    0.000000
 3035.989010    0.000000
 3036.687740    0.000000
 3037.387700    0.000000
 3038.086670    0.000000
 3038.787350    0.000000
 3039.486080    0.000000
 3040.187260    0.000000
 3040.886470    0.000000
 3041.586180    0.000000
 3042.287350    0.000000
 3042.987550    0.000000
 3043.689210    0.000000
 3044.389160    0.000000
 3045.091060    0.000000
 3045.791750    0.000000
 3046.492430    0.000000
 3047.194820    0.000000
 3047.896000    0.000000
 3048.598880    0.000000
 3049.300050    0.000000
