 2653.384280    0.000000
 2653.996340    0.000000
 2654.606690    0.000000
 2655.217290    0.000000
 2655.829830    0.000000
 2656.440670    0.000000
 2657.053220    0.000000
 2657.664550    0.000000
 2658.277340    0.000000
 2658.888920    0.000000
 2659.500730    0.000000
 2660.114010    0.000000
 2660.725830    0.000000
 2661.339360    0.000000
 2661.951660    0.000000
 2662.565430    0.000000
 2663.177980    0.000000
 2663.790530    0.000000
 2664.404790    0.000000
 2665.017820    0.000000
 2665.632320    0.000000
 2666.245610    0.000000
 2666.860350    0.000000
 2667.473880    0.000000
 2668.089110    0.000000
 2668.702880    0.000000
 2669.316890    0.000000
 2669.932370    0.000000
 2670.546630    0.000000
 2671.162350    0.000000
 2671.776860    0.000000
 2672.393070    0.000000
 2673.007810    0.000000
 2673.622560    0.000001
 2674.239260    0.000001
 2674.854490    0.000002
 2675.471190    0.000003
 2676.086670    0.000005
 2676.703860    0.000007
 2677.319580    0.000010
 2677.935550    0.000015
 2678.552980    0.000024
 2679.169190    0.000035
 2679.786870    0.000051
 2680.403560    0.000076
 2681.021480    0.000112
 2681.638430    0.000160
 2682.255370    0.000230
 2682.873780    0.000328
 2683.490970    0.000463
 2684.109860    0.000649
 2684.727290    0.000901
 2685.346440    0.001243
 2685.964110    0.001698
 2686.582030    0.002305
 2687.201660    0.003104
 2687.819820    0.004146
 2688.439450    0.005495
 2689.057860    0.007223
 2689.677980    0.009424
 2690.296880    0.012193
 2690.915770    0.015649
 2691.536380    0.019938
 2692.155270    0.025185
 2692.776370    0.031584
 2693.395750    0.039269
 2694.016850    0.048465
 2694.636720    0.059315
 2695.256590    0.072018
 2695.877930    0.086787
 2696.498050    0.103720
 2697.119870    0.123034
 2697.740480    0.144748
 2698.362550    0.169016
 2698.983400    0.195747
 2699.604250    0.224941
 2700.226810    0.256577
 2700.847900    0.290316
 2701.470700    0.326081
 2702.092040    0.363377
 2702.715330    0.402027
 2703.337160    0.441388
 2703.958980    0.481074
 2704.582520    0.520692
 2705.204830    0.559545
 2705.828370    0.597287
 2706.450930    0.633324
 2707.074950    0.667389
 2707.697750    0.699009
 2708.320800    0.728039
 2708.945310    0.754416
 2709.568360    0.778038
 2710.193360    0.799191
 2710.816650    0.818052
 2711.441890    0.835182
 2712.065670    0.851074
 2712.689450    0.866490
 2713.314940    0.882316
 2713.939210    0.899432
 2714.565190    0.918975
 2715.189450    0.941971
 2715.815670    0.969763
 2716.440430    1.003466
 2717.066890    1.044564
 2717.691890    1.094191
 2718.317140    1.153815
 2718.943850    1.224966
 2719.569340    1.308704
 2720.196530    1.406773
 2720.822270    1.519959
 2721.449710    1.650047
 2722.075680    1.797456
 2722.702150    1.963508
 2723.329830    2.149165
 2723.956300    2.354124
 2724.584470    2.579471
 2725.211430    2.823903
 2725.839600    3.087683
 2726.466800    3.368753
 2727.093990    3.665887
 2727.722900    3.977839
 2728.350340    4.300447
 2728.979490    4.632288
 2729.607420    4.968365
 2730.236820    5.306299
 2730.864750    5.640451
 2731.493160    5.967629
 2732.122800    6.283862
 2732.751460    6.583764
 2733.381590    6.864327
 2734.010500    7.120442
 2734.640870    7.349606
 2735.270020    7.547657
 2735.899410    7.712428
 2736.530270    7.841905
 2737.159670    7.933838
 2737.790770    7.987570
 2738.420650    8.002266
 2739.052250    7.977953
 2739.682370    7.915258
 2740.312500    7.815193
 2740.944340    7.678825
 2741.575200    7.508596
 2742.207280    7.306216
 2742.838130    7.075137
 2743.470460    6.817352
 2744.101560    6.537194
 2744.732910    6.237538
 2745.365970    5.921254
 2745.997310    5.593805
 2746.630860    5.256971
 2747.262700    4.916610
 2747.896000    4.574733
 2748.528080    4.236336
 2749.160640    3.903829
 2749.794430    3.579907
 2750.427000    3.268527
 2751.061280    2.970591
 2751.694090    2.689502
 2752.328610    2.425332
 2752.961910    2.180343
 2753.595210    1.954592
 2754.230220    1.747717
 2754.863770    1.560553
 2755.499020    1.391620
 2756.132810    1.240938
 2756.768550    1.106646
 2757.402590    0.988285
 2758.036870    0.884087
 2758.673100    0.792422
 2759.307620    0.712401
 2759.943850    0.642190
 2760.578860    0.580792
 2761.215330    0.526712
 2761.850590    0.479056
 2762.487550    0.436607
 2763.123050    0.398709
 2763.758790    0.364505
 2764.396000    0.333324
 2765.031980    0.304796
 2765.669430    0.278399
 2766.305910    0.253927
 2766.943600    0.231060
 2767.580320    0.209708
 2768.216800    0.189719
 2768.855220    0.170948
 2769.492190    0.153440
 2770.130860    0.137073
 2770.768070    0.121900
 2771.407230    0.107821
 2772.044680    0.094896
 2772.682130    0.083064
 2773.321780    0.072260
 2773.959720    0.062517
 2774.599370    0.053741
 2775.237550    0.045930
 2775.877690    0.038988
 2776.516360    0.032897
 2777.155030    0.027576
 2777.795170    0.022955
 2778.434330    0.018985
 2779.074950    0.015588
 2779.714360    0.012715
 2780.355470    0.010294
 2780.995120    0.008280
 2781.634770    0.006612
 2782.276120    0.005239
 2782.916260    0.004124
 2783.558110    0.003220
 2784.198490    0.002497
 2784.840330    0.001921
 2785.480960    0.001468
 2786.121830    0.001113
 2786.764400    0.000836
 2787.405270    0.000625
 2788.048100    0.000463
 2788.689450    0.000340
 2789.332520    0.000248
 2789.974370    0.000179
 2790.615970    0.000129
 2791.259770    0.000092
 2791.901610    0.000065
 2792.545410    0.000046
 2793.187990    0.000031
 2793.832030    0.000022
 2794.474850    0.000015
 2795.117680    0.000010
 2795.762210    0.000007
 2796.405520    0.000005
 2797.050290    0.000003
 2797.693600    0.000002
 2798.338870    0.000001
 2798.982420    0.000001
 2799.626460    0.000001
 2800.272220    0.000000
 2800.916260    0.000000
 2801.562260    0.000000
 2802.206790    0.000000
 2802.852780    0.000000
 2803.497560    0.000000
 2804.142580    0.000000
 2804.789310    0.000000
 2805.434330    0.000000
 2806.081300    0.000000
 2806.726810    0.000000
 2807.374020    0.000000
 2808.020020    0.000000
 2808.666020    0.000000
 2809.313480    0.000000
 2809.959960    0.000000
 2810.607910    0.000000
 2811.254390    0.000000
 2811.902830    0.000000
 2812.549560    0.000000
 2813.198240    0.000000
 2813.845210    0.000000
 2814.492680    0.000000
 2815.141600    0.000000
 2815.789310    0.000000
 2816.438720    0.000000
 2817.086430    0.000000
 2817.736080    0.000000
 2818.384520    0.000000
 2819.032710    0.000000
 2819.682620    0.000000
 2820.331300    0.000000
 2820.981930    0.000000
 2821.630620    0.000000
 2822.281490    0.000000
 2822.930660    0.000000
 2823.580080    0.000000
 2824.231200    0.000000
 2824.880860    0.000000
 2825.532230    0.000000
 2826.182370    0.000000
 2826.833980    0.000000
 2827.484380    0.000000
 2828.134770    0.000000
 2828.786870    0.000000
 2829.437740    0.000000
 2830.090090    0.000000
 2830.741210    0.000000
 2831.394040    0.000000
 2832.045410    0.000000
 2832.697020    0.000000
 2833.350100    0.000000
 2834.001950    0.000000
 2834.655520    0.000000
 2835.307620    0.000000
 2835.961180    0.000000
 2836.613770    0.000000
 2837.266360    0.000000
 2837.920410    0.000000
 2838.573490    0.000000
 2839.228030    0.000000
 2839.881100    0.000000
 2840.535890    0.000000
 2841.189450    0.000000
 2841.843020    0.000000
 2842.498540    0.000000
 2843.152340    0.000000
 2843.807860    0.000000
 2844.462160    0.000000
 2845.118160    0.000000
 2845.772710    0.000000
 2846.427250    0.000000
 2847.083740    0.000000
 2847.738770    0.000000
 2848.395260    0.000000
 2849.050540    0.000000
 2849.707760    0.000000
 2850.363280    0.000000
 2851.018800    0.000000
 2851.676270    0.000000
 2852.332280    0.000000
 2852.989990    0.000000
 2853.646480    0.000000
 2854.304440    0.000000
 2854.960940    0.000000
 2855.617920    0.000000
 2856.276370    0.000000
 2856.933350    0.000000
 2857.592290    0.000000
 2858.249760    0.000000
 2858.908940    0.000000
 2859.566650    0.000000
 2860.224370    0.000000
 2860.883790    0.000000
 2861.541750    0.000000
 2862.201900    0.000000
 2862.860350    0.000000
 2863.520510    0.000000
 2864.179200    0.000000
 2864.839840    0.000000
 2865.498780    0.000000
 2866.157960    0.000000
 2866.818850    0.000000
 2867.478520    0.000000
 2868.139650    0.000000
 2868.799320    0.000000
 2869.460940    0.000000
 2870.121090    0.000000
 2870.781490    0.000000
 2871.443360    0.000000
 2872.103760    0.000000
 2872.766360    0.000000
 2873.427000    0.000000
 2874.089600    0.000000
 2874.750730    0.000000
 2875.412110    0.000000
 2876.075440    0.000000
 2876.736820    0.000000
 2877.400390    0.000000
 2878.062260    0.000000
 2878.725830    0.000000
 2879.388180    0.000000
 2880.050540    0.000000
 2880.714600    0.000000
 2881.377440    0.000000
 2882.041750    0.000000
 2882.704830    0.000000
 2883.369380    0.000000
 2884.032960    0.000000
 2884.696530    0.000000
 2885.361330    0.000000
 2886.025390    0.000000
 2886.690920    0.000000
 2887.354980    0.000000
 2888.020510    0.000000
 2888.685060    0.000000
 2889.349610    0.000000
 2890.015870    0.000000
 2890.680910    0.000000
 2891.347410    0.000000
 2892.012700    0.000000
 2892.679200    0.000000
 2893.344970    0.000000
 2894.010500    0.000000
 2894.677730    0.000000
 2895.343510    0.000000
 2896.011470    0.000000
 2896.677490    0.000000
 2897.345460    0.000000
 2898.011960    0.000000
 2898.678960    0.000000
 2899.347170    0.000000
 2900.014160    0.000000
 2900.682860    0.000000
 2901.350100    0.000000
 2902.019530    0.000000
 2902.687010    0.000000
 2903.354740    0.000000
 2904.024410    0.000000
 2904.692380    0.000000
 2905.361820    0.000000
 2906.030520    0.000000
 2906.700680    0.000000
 2907.369140    0.000000
 2908.038090    0.000000
 2908.708500    0.000000
 2909.377930    0.000000
 2910.048830    0.000000
 2910.718260    0.000000
 2911.389650    0.000000
 2912.059330    0.000000
 2912.729250    0.000000
 2913.400630    0.000000
 2914.070800    0.000000
 2914.742920    0.000000
 2915.413570    0.000000
 2916.085690    0.000000
 2916.756590    0.000000
 2917.429200    0.000000
 2918.100340    0.000000
 2918.771730    0.000000
 2919.444580    0.000000
 2920.116210    0.000000
 2920.789550    0.000000
 2921.461670    0.000000
 2922.135500    0.000000
 2922.807370    0.000000
 2923.479740    0.000000
 2924.154050    0.000000
 2924.826660    0.000000
 2925.500980    0.000000
 2926.174070    0.000000
 2926.848880    0.000000
 2927.522220    0.000000
 2928.195800    0.000000
 2928.870850    0.000000
 2929.544920    0.000000
 2930.220460    0.000000
 2930.894530    0.000000
 2931.570310    0.000000
 2932.244630    0.000000
 2932.919190    0.000000
 2933.595700    0.000000
 2934.270260    0.000000
 2934.947270    0.000000
 2935.622310    0.000000
 2936.299070    0.000000
 2936.974850    0.000000
 2937.650390    0.000000
 2938.327880    0.000000
 2939.003660    0.000000
 2939.681400    0.000000
 2940.357670    0.000000
 2941.035640    0.000000
 2941.712160    0.000000
 2942.389160    0.000000
 2943.067630    0.000000
 2943.744630    0.000000
 2944.423580    0.000000
 2945.100830    0.000000
 2945.780030    0.000000
 2946.457760    0.000000
 2947.135500    0.000000
 2947.815190    0.000000
 2948.493410    0.000000
 2949.173100    0.000000
 2949.851560    0.000000
 2950.531980    0.000000
 2951.210450    0.000000
 2951.889650    0.000000
 2952.570070    0.000000
 2953.249270    0.000000
 2953.930660    0.000000
 2954.610110    0.000000
 2955.291500    0.000000
 2955.971190    0.000000
 2956.651120    0.000000
 2957.333010    0.000000
 2958.013180    0.000000
 2958.695560    0.000000
 2959.376220    0.000000
 2960.058350    0.000000
 2960.739500    0.000000
 2961.420410    0.000000
 2962.103520    0.000000
 2962.784910    0.000000
 2963.468020    0.000000
 2964.149900    0.000000
 2964.833500    0.000000
 2965.515380    0.000000
 2966.197750    0.000000
 2966.881590    0.000000
 2967.564210    0.000000
 2968.248540    0.000000
 2968.931150    0.000000
 2969.615720    0.000000
 2970.299070    0.000000
 2970.984130    0.000000
 2971.667480    0.000000
 2972.351070    0.000000
 2973.036620    0.000000
 2973.720700    0.000000
 2974.406250    0.000000
 2975.090580    0.000000
 2975.776610    0.000000
 2976.461180    0.000000
 2977.146000    0.000000
 2977.832280    0.000000
 2978.517580    0.000000
 2979.204350    0.000000
 2979.889650    0.000000
 2980.576660    0.000000
 2981.262210    0.000000
 2981.948240    0.000000
 2982.635990    0.000000
 2983.322020    0.000000
 2984.010010    0.000000
 2984.696530    0.000000
 2985.384770    0.000000
 2986.071530    0.000000
 2986.758540    0.000000
 2987.447270    0.000000
 2988.134770    0.000000
 2988.823490    0.000000
 2989.510990    0.000000
 2990.200440    0.000000
 2990.888180    0.000000
 2991.576170    0.000000
 2992.266360    0.000000
 2992.954830    0.000000
 2993.644780    0.000000
 2994.333500    0.000000
 2995.023930    0.000000
 2995.713130    0.000000
 2996.402100    0.000000
 2997.093020    0.000000
 2997.782710    0.000000
 2998.473880    0.000000
 2999.163570    0.000000
 2999.855470    0.000000
 3000.545410    0.000000
 3001.235600    0.000000
 3001.927730    0.000000
 3002.618410    0.000000
 3003.310550    0.000000
 3004.001710    0.000000
 3004.694340    0.000000
 3005.385740    0.000000
 3006.076900    0.000000
 3006.770020    0.000000
 3007.461670    0.000000
 3008.155270    0.000000
 3008.847410    0.000000
 3009.541260    0.000000
 3010.233400    0.000000
 3010.926270    0.000000
 3011.620360    0.000000
 3012.313230    0.000000
 3013.007810    0.000000
 3013.700930    0.000000
 3014.395750    0.000000
 3015.089360    0.000000
 3015.783200    0.000000
 3016.478270    0.000000
 3017.172610    0.000000
 3017.868160    0.000000
 3018.562260    0.000000
 3019.258540    0.000000
 3019.952880    0.000000
 3020.647950    0.000000
 3021.344480    0.000000
 3022.039310    0.000000
 3022.736330    0.000000
 3023.431640    0.000000
 3024.128660    0.000000
 3024.824460    0.000000
 3025.522220    0.000000
 3026.218020    0.000000
 3026.914310    0.000000
 3027.612300    0.000000
 3028.308840    0.000000
 3029.007080    0.000000
 3029.703860    0.000000
 3030.402590    0.000000
 3031.099850    0.000000
 3031.797120    0.000000
 3032.496090    0.000000
 3033.193600    0.000000
 3033.893310    0.000000
 3034.591060    0.000000
 3035.290770    0.000000
 3035.989010    0.000000
 3036.687740    0.000000
 3037.387700    0.000000
 3038.086670    0.000000
 3038.787350    0.000000
 3039.486080    0.000000
 3040.187260    0.000000
 3040.886470    0.000000
 3041.586180    0.000000
 3042.287350    0.000000
 3042.987550    0.000000
 3043.689210    0.000000
 3044.389160    0.000000
 3045.091060    0.000000
 3045.791750    0.000000
 3046.492430    0.000000
 3047.194820    0.000000
 3047.896000    0.000000
 3048.598880    0.000000
 3049.300050    0.000000
