 2653.384280    0.000000
 2653.996340    0.000000
 2654.606690    0.000000
 2655.217290    0.000000
 2655.829830    0.000000
 2656.440670    0.000000
 2657.053220    0.000000
 2657.664550    0.000000
 2658.277340    0.000000
 2658.888920    0.000000
 2659.500730    0.000000
 2660.114010    0.000000
 2660.725830    0.000000
 2661.339360    0.000000
 2661.951660    0.000000
 2662.565430    0.000000
 2663.177980    0.000000
 2663.790530    0.000000
 2664.404790    0.000000
 2665.017820    0.000000
 2665.632320    0.000000
 2666.245610    0.000000
 2666.860350    0.000000
 2667.473880    0.000000
 2668.089110    0.000000
 2668.702880    0.000000
 2669.316890    0.000000
 2669.932370    0.000000
 2670.546630    0.000000
 2671.162350    0.000000
 2671.776860    0.000000
 2672.393070    0.000000
 2673.007810    0.000000
 2673.622560    0.000000
 2674.239260    0.000000
 2674.854490    0.000000
 2675.471190    0.000000
 2676.086670    0.000000
 2676.703860    0.000000
 2677.319580    0.000000
 2677.935550    0.000000
 2678.552980    0.000000
 2679.169190    0.000001
 2679.786870    0.000001
 2680.403560    0.000001
 2681.021480    0.000002
 2681.638430    0.000002
 2682.255370    0.000003
 2682.873780    0.000005
 2683.490970    0.000006
 2684.109860    0.000009
 2684.727290    0.000011
 2685.346440    0.000015
 2685.964110    0.000021
 2686.582030    0.000029
 2687.201660    0.000038
 2687.819820    0.000051
 2688.439450    0.000069
 2689.057860    0.000092
 2689.677980    0.000121
 2690.296880    0.000159
 2690.915770    0.000209
 2691.536380    0.000274
 2692.155270    0.000356
 2692.776370    0.000462
 2693.395750    0.000595
 2694.016850    0.000764
 2694.636720    0.000977
 2695.256590    0.001243
 2695.877930    0.001575
 2696.498050    0.001986
 2697.119870    0.002496
 2697.740480    0.003120
 2698.362550    0.003885
 2698.983400    0.004814
 2699.604250    0.005938
 2700.226810    0.007296
 2700.847900    0.008919
 2701.470700    0.010860
 2702.092040    0.013160
 2702.715330    0.015884
 2703.337160    0.019077
 2703.958980    0.022811
 2704.582520    0.027167
 2705.204830    0.032199
 2705.828370    0.038006
 2706.450930    0.044650
 2707.074950    0.052241
 2707.697750    0.060836
 2708.320800    0.070537
 2708.945310    0.081452
 2709.568360    0.093615
 2710.193360    0.107170
 2710.816650    0.122111
 2711.441890    0.138593
 2712.065670    0.156577
 2712.689450    0.176145
 2713.314940    0.197383
 2713.939210    0.220209
 2714.565190    0.244730
 2715.189450    0.270791
 2715.815670    0.298511
 2716.440430    0.327687
 2717.066890    0.358400
 2717.691890    0.390412
 2718.317140    0.423712
 2718.943850    0.458265
 2719.569340    0.493815
 2720.196530    0.530418
 2720.822270    0.567783
 2721.449710    0.606003
 2722.075680    0.644801
 2722.702150    0.684238
 2723.329830    0.724331
 2723.956300    0.764925
 2724.584470    0.806256
 2725.211430    0.848223
 2725.839600    0.891132
 2726.466800    0.935038
 2727.093990    0.980268
 2727.722900    1.027278
 2728.350340    1.076227
 2728.979490    1.127824
 2729.607420    1.182358
 2730.236820    1.240650
 2730.864750    1.303074
 2731.493160    1.370507
 2732.122800    1.443786
 2732.751460    1.523427
 2733.381590    1.610538
 2734.010500    1.705551
 2734.640870    1.809665
 2735.270020    1.923204
 2735.899410    2.047133
 2736.530270    2.182399
 2737.159670    2.328952
 2737.790770    2.488026
 2738.420650    2.659261
 2739.052250    2.843701
 2739.682370    3.040504
 2740.312500    3.249990
 2740.944340    3.472504
 2741.575200    3.706648
 2742.207280    3.952570
 2742.838130    4.208436
 2743.470460    4.474239
 2744.101560    4.747550
 2744.732910    5.027475
 2745.365970    5.312984
 2745.997310    5.600648
 2746.630860    5.890199
 2747.262700    6.177663
 2747.896000    6.462183
 2748.528080    6.740168
 2749.160640    7.009950
 2749.794430    7.269354
 2750.427000    7.514952
 2751.061280    7.745487
 2751.694090    7.957517
 2752.328610    8.149941
 2752.961910    8.319862
 2753.595210    8.465888
 2754.230220    8.586747
 2754.863770    8.680509
 2755.499020    8.746590
 2756.132810    8.783896
 2756.768550    8.792149
 2757.402590    8.771149
 2758.036870    8.721105
 2758.673100    8.642218
 2759.307620    8.535704
 2759.943850    8.402055
 2760.578860    8.243192
 2761.215330    8.060001
 2761.850590    7.855040
 2762.487550    7.629322
 2763.123050    7.386098
 2763.758790    7.127026
 2764.396000    6.853894
 2765.031980    6.570249
 2765.669430    6.277309
 2766.305910    5.978592
 2766.943600    5.675422
 2767.580320    5.371117
 2768.216800    5.067493
 2768.855220    4.765547
 2769.492190    4.468780
 2770.130860    4.177434
 2770.768070    3.894488
 2771.407230    3.619775
 2772.044680    3.356007
 2772.682130    3.103373
 2773.321780    2.861796
 2773.959720    2.633311
 2774.599370    2.417054
 2775.237550    2.214292
 2775.877690    2.023981
 2776.516360    1.847035
 2777.155030    1.682759
 2777.795170    1.530463
 2778.434330    1.390295
 2779.074950    1.261207
 2779.714360    1.143166
 2780.355470    1.035018
 2780.995120    0.936654
 2781.634770    0.847155
 2782.276120    0.765653
 2782.916260    0.691875
 2783.558110    0.624858
 2784.198490    0.564327
 2784.840330    0.509428
 2785.480960    0.459855
 2786.121830    0.414979
 2786.764400    0.374257
 2787.405270    0.337484
 2788.048100    0.304068
 2788.689450    0.273844
 2789.332520    0.246357
 2789.974370    0.221458
 2790.615970    0.198857
 2791.259770    0.178262
 2791.901610    0.159612
 2792.545410    0.142625
 2793.187990    0.127234
 2793.832030    0.113244
 2794.474850    0.100592
 2795.117680    0.089141
 2795.762210    0.078768
 2796.405520    0.069432
 2797.050290    0.061012
 2797.693600    0.053473
 2798.338870    0.046701
 2798.982420    0.040672
 2799.626460    0.035303
 2800.272220    0.030527
 2800.916260    0.026316
 2801.562260    0.022595
 2802.206790    0.019337
 2802.852780    0.016482
 2803.497560    0.014000
 2804.142580    0.011847
 2804.789310    0.009980
 2805.434330    0.008380
 2806.081300    0.007004
 2806.726810    0.005834
 2807.374020    0.004836
 2808.020020    0.003995
 2808.666020    0.003286
 2809.313480    0.002691
 2809.959960    0.002195
 2810.607910    0.001782
 2811.254390    0.001442
 2811.902830    0.001161
 2812.549560    0.000931
 2813.198240    0.000743
 2813.845210    0.000590
 2814.492680    0.000467
 2815.141600    0.000368
 2815.789310    0.000289
 2816.438720    0.000225
 2817.086430    0.000175
 2817.736080    0.000135
 2818.384520    0.000105
 2819.032710    0.000080
 2819.682620    0.000061
 2820.331300    0.000047
 2820.981930    0.000035
 2821.630620    0.000027
 2822.281490    0.000020
 2822.930660    0.000015
 2823.580080    0.000011
 2824.231200    0.000009
 2824.880860    0.000006
 2825.532230    0.000005
 2826.182370    0.000003
 2826.833980    0.000002
 2827.484380    0.000002
 2828.134770    0.000001
 2828.786870    0.000001
 2829.437740    0.000001
 2830.090090    0.000000
 2830.741210    0.000000
 2831.394040    0.000000
 2832.045410    0.000000
 2832.697020    0.000000
 2833.350100    0.000000
 2834.001950    0.000000
 2834.655520    0.000000
 2835.307620    0.000000
 2835.961180    0.000000
 2836.613770    0.000000
 2837.266360    0.000000
 2837.920410    0.000000
 2838.573490    0.000000
 2839.228030    0.000000
 2839.881100    0.000000
 2840.535890    0.000000
 2841.189450    0.000000
 2841.843020    0.000000
 2842.498540    0.000000
 2843.152340    0.000000
 2843.807860    0.000000
 2844.462160    0.000000
 2845.118160    0.000000
 2845.772710    0.000000
 2846.427250    0.000000
 2847.083740    0.000000
 2847.738770    0.000000
 2848.395260    0.000000
 2849.050540    0.000000
 2849.707760    0.000000
 2850.363280    0.000000
 2851.018800    0.000000
 2851.676270    0.000000
 2852.332280    0.000000
 2852.989990    0.000000
 2853.646480    0.000000
 2854.304440    0.000000
 2854.960940    0.000000
 2855.617920    0.000000
 2856.276370    0.000000
 2856.933350    0.000000
 2857.592290    0.000000
 2858.249760    0.000000
 2858.908940    0.000000
 2859.566650    0.000000
 2860.224370    0.000000
 2860.883790    0.000000
 2861.541750    0.000000
 2862.201900    0.000000
 2862.860350    0.000000
 2863.520510    0.000000
 2864.179200    0.000000
 2864.839840    0.000000
 2865.498780    0.000000
 2866.157960    0.000000
 2866.818850    0.000000
 2867.478520    0.000000
 2868.139650    0.000000
 2868.799320    0.000000
 2869.460940    0.000000
 2870.121090    0.000000
 2870.781490    0.000000
 2871.443360    0.000000
 2872.103760    0.000000
 2872.766360    0.000000
 2873.427000    0.000000
 2874.089600    0.000000
 2874.750730    0.000000
 2875.412110    0.000000
 2876.075440    0.000000
 2876.736820    0.000000
 2877.400390    0.000000
 2878.062260    0.000000
 2878.725830    0.000000
 2879.388180    0.000000
 2880.050540    0.000000
 2880.714600    0.000000
 2881.377440    0.000000
 2882.041750    0.000000
 2882.704830    0.000000
 2883.369380    0.000000
 2884.032960    0.000000
 2884.696530    0.000000
 2885.361330    0.000000
 2886.025390    0.000000
 2886.690920    0.000000
 2887.354980    0.000000
 2888.020510    0.000000
 2888.685060    0.000000
 2889.349610    0.000000
 2890.015870    0.000000
 2890.680910    0.000000
 2891.347410    0.000000
 2892.012700    0.000000
 2892.679200    0.000000
 2893.344970    0.000000
 2894.010500    0.000000
 2894.677730    0.000000
 2895.343510    0.000000
 2896.011470    0.000000
 2896.677490    0.000000
 2897.345460    0.000000
 2898.011960    0.000000
 2898.678960    0.000000
 2899.347170    0.000000
 2900.014160    0.000000
 2900.682860    0.000000
 2901.350100    0.000000
 2902.019530    0.000000
 2902.687010    0.000000
 2903.354740    0.000000
 2904.024410    0.000000
 2904.692380    0.000000
 2905.361820    0.000000
 2906.030520    0.000000
 2906.700680    0.000000
 2907.369140    0.000000
 2908.038090    0.000000
 2908.708500    0.000000
 2909.377930    0.000000
 2910.048830    0.000000
 2910.718260    0.000000
 2911.389650    0.000000
 2912.059330    0.000000
 2912.729250    0.000000
 2913.400630    0.000000
 2914.070800    0.000000
 2914.742920    0.000000
 2915.413570    0.000000
 2916.085690    0.000000
 2916.756590    0.000000
 2917.429200    0.000000
 2918.100340    0.000000
 2918.771730    0.000000
 2919.444580    0.000000
 2920.116210    0.000000
 2920.789550    0.000000
 2921.461670    0.000000
 2922.135500    0.000000
 2922.807370    0.000000
 2923.479740    0.000000
 2924.154050    0.000000
 2924.826660    0.000000
 2925.500980    0.000000
 2926.174070    0.000000
 2926.848880    0.000000
 2927.522220    0.000000
 2928.195800    0.000000
 2928.870850    0.000000
 2929.544920    0.000000
 2930.220460    0.000000
 2930.894530    0.000000
 2931.570310    0.000000
 2932.244630    0.000000
 2932.919190    0.000000
 2933.595700    0.000000
 2934.270260    0.000000
 2934.947270    0.000000
 2935.622310    0.000000
 2936.299070    0.000000
 2936.974850    0.000000
 2937.650390    0.000000
 2938.327880    0.000000
 2939.003660    0.000000
 2939.681400    0.000000
 2940.357670    0.000000
 2941.035640    0.000000
 2941.712160    0.000000
 2942.389160    0.000000
 2943.067630    0.000000
 2943.744630    0.000000
 2944.423580    0.000000
 2945.100830    0.000000
 2945.780030    0.000000
 2946.457760    0.000000
 2947.135500    0.000000
 2947.815190    0.000000
 2948.493410    0.000000
 2949.173100    0.000000
 2949.851560    0.000000
 2950.531980    0.000000
 2951.210450    0.000000
 2951.889650    0.000000
 2952.570070    0.000000
 2953.249270    0.000000
 2953.930660    0.000000
 2954.610110    0.000000
 2955.291500    0.000000
 2955.971190    0.000000
 2956.651120    0.000000
 2957.333010    0.000000
 2958.013180    0.000000
 2958.695560    0.000000
 2959.376220    0.000000
 2960.058350    0.000000
 2960.739500    0.000000
 2961.420410    0.000000
 2962.103520    0.000000
 2962.784910    0.000000
 2963.468020    0.000000
 2964.149900    0.000000
 2964.833500    0.000000
 2965.515380    0.000000
 2966.197750    0.000000
 2966.881590    0.000000
 2967.564210    0.000000
 2968.248540    0.000000
 2968.931150    0.000000
 2969.615720    0.000000
 2970.299070    0.000000
 2970.984130    0.000000
 2971.667480    0.000000
 2972.351070    0.000000
 2973.036620    0.000000
 2973.720700    0.000000
 2974.406250    0.000000
 2975.090580    0.000000
 2975.776610    0.000000
 2976.461180    0.000000
 2977.146000    0.000000
 2977.832280    0.000000
 2978.517580    0.000000
 2979.204350    0.000000
 2979.889650    0.000000
 2980.576660    0.000000
 2981.262210    0.000000
 2981.948240    0.000000
 2982.635990    0.000000
 2983.322020    0.000000
 2984.010010    0.000000
 2984.696530    0.000000
 2985.384770    0.000000
 2986.071530    0.000000
 2986.758540    0.000000
 2987.447270    0.000000
 2988.134770    0.000000
 2988.823490    0.000000
 2989.510990    0.000000
 2990.200440    0.000000
 2990.888180    0.000000
 2991.576170    0.000000
 2992.266360    0.000000
 2992.954830    0.000000
 2993.644780    0.000000
 2994.333500    0.000000
 2995.023930    0.000000
 2995.713130    0.000000
 2996.402100    0.000000
 2997.093020    0.000000
 2997.782710    0.000000
 2998.473880    0.000000
 2999.163570    0.000000
 2999.855470    0.000000
 3000.545410    0.000000
 3001.235600    0.000000
 3001.927730    0.000000
 3002.618410    0.000000
 3003.310550    0.000000
 3004.001710    0.000000
 3004.694340    0.000000
 3005.385740    0.000000
 3006.076900    0.000000
 3006.770020    0.000000
 3007.461670    0.000000
 3008.155270    0.000000
 3008.847410    0.000000
 3009.541260    0.000000
 3010.233400    0.000000
 3010.926270    0.000000
 3011.620360    0.000000
 3012.313230    0.000000
 3013.007810    0.000000
 3013.700930    0.000000
 3014.395750    0.000000
 3015.089360    0.000000
 3015.783200    0.000000
 3016.478270    0.000000
 3017.172610    0.000000
 3017.868160    0.000000
 3018.562260    0.000000
 3019.258540    0.000000
 3019.952880    0.000000
 3020.647950    0.000000
 3021.344480    0.000000
 3022.039310    0.000000
 3022.736330    0.000000
 3023.431640    0.000000
 3024.128660    0.000000
 3024.824460    0.000000
 3025.522220    0.000000
 3026.218020    0.000000
 3026.914310    0.000000
 3027.612300    0.000000
 3028.308840    0.000000
 3029.007080    0.000000
 3029.703860    0.000000
 3030.402590    0.000000
 3031.099850    0.000000
 3031.797120    0.000000
 3032.496090    0.000000
 3033.193600    0.000000
 3033.893310    0.000000
 3034.591060    0.000000
 3035.290770    0.000000
 3035.989010    0.000000
 3036.687740    0.000000
 3037.387700    0.000000
 3038.086670    0.000000
 3038.787350    0.000000
 3039.486080    0.000000
 3040.187260    0.000000
 3040.886470    0.000000
 3041.586180    0.000000
 3042.287350    0.000000
 3042.987550    0.000000
 3043.689210    0.000000
 3044.389160    0.000000
 3045.091060    0.000000
 3045.791750    0.000000
 3046.492430    0.000000
 3047.194820    0.000000
 3047.896000    0.000000
 3048.598880    0.000000
 3049.300050    0.000000
