 2653.384280    0.000000
 2653.996340    0.000000
 2654.606690    0.000000
 2655.217290    0.000000
 2655.829830    0.000000
 2656.440670    0.000000
 2657.053220    0.000000
 2657.664550    0.000000
 2658.277340    0.000000
 2658.888920    0.000000
 2659.500730    0.000000
 2660.114010    0.000000
 2660.725830    0.000000
 2661.339360    0.000000
 2661.951660    0.000000
 2662.565430    0.000000
 2663.177980    0.000000
 2663.790530    0.000000
 2664.404790    0.000000
 2665.017820    0.000000
 2665.632320    0.000000
 2666.245610    0.000000
 2666.860350    0.000000
 2667.473880    0.000000
 2668.089110    0.000000
 2668.702880    0.000000
 2669.316890    0.000000
 2669.932370    0.000000
 2670.546630    0.000000
 2671.162350    0.000000
 2671.776860    0.000000
 2672.393070    0.000000
 2673.007810    0.000000
 2673.622560    0.000000
 2674.239260    0.000000
 2674.854490    0.000000
 2675.471190    0.000000
 2676.086670    0.000000
 2676.703860    0.000000
 2677.319580    0.000000
 2677.935550    0.000000
 2678.552980    0.000000
 2679.169190    0.000000
 2679.786870    0.000000
 2680.403560    0.000000
 2681.021480    0.000000
 2681.638430    0.000000
 2682.255370    0.000000
 2682.873780    0.000000
 2683.490970    0.000000
 2684.109860    0.000000
 2684.727290    0.000000
 2685.346440    0.000000
 2685.964110    0.000000
 2686.582030    0.000000
 2687.201660    0.000000
 2687.819820    0.000000
 2688.439450    0.000000
 2689.057860    0.000000
 2689.677980    0.000000
 2690.296880    0.000000
 2690.915770    0.000000
 2691.536380    0.000000
 2692.155270    0.000000
 2692.776370    0.000000
 2693.395750    0.000000
 2694.016850    0.000000
 2694.636720    0.000000
 2695.256590    0.000000
 2695.877930    0.000000
 2696.498050    0.000000
 2697.119870    0.000000
 2697.740480    0.000000
 2698.362550    0.000000
 2698.983400    0.000000
 2699.604250    0.000000
 2700.226810    0.000000
 2700.847900    0.000000
 2701.470700    0.000000
 2702.092040    0.000000
 2702.715330    0.000000
 2703.337160    0.000000
 2703.958980    0.000000
 2704.582520    0.000000
 2705.204830    0.000000
 2705.828370    0.000000
 2706.450930    0.000000
 2707.074950    0.000000
 2707.697750    0.000000
 2708.320800    0.000000
 2708.945310    0.000000
 2709.568360    0.000000
 2710.193360    0.000000
 2710.816650    0.000000
 2711.441890    0.000000
 2712.065670    0.000000
 2712.689450    0.000000
 2713.314940    0.000000
 2713.939210    0.000000
 2714.565190    0.000000
 2715.189450    0.000000
 2715.815670    0.000000
 2716.440430    0.000000
 2717.066890    0.000000
 2717.691890    0.000000
 2718.317140    0.000000
 2718.943850    0.000000
 2719.569340    0.000000
 2720.196530    0.000000
 2720.822270    0.000000
 2721.449710    0.000000
 2722.075680    0.000000
 2722.702150    0.000000
 2723.329830    0.000000
 2723.956300    0.000000
 2724.584470    0.000000
 2725.211430    0.000000
 2725.839600    0.000000
 2726.466800    0.000000
 2727.093990    0.000000
 2727.722900    0.000000
 2728.350340    0.000000
 2728.979490    0.000000
 2729.607420    0.000000
 2730.236820    0.000000
 2730.864750    0.000000
 2731.493160    0.000000
 2732.122800    0.000000
 2732.751460    0.000000
 2733.381590    0.000000
 2734.010500    0.000000
 2734.640870    0.000000
 2735.270020    0.000000
 2735.899410    0.000000
 2736.530270    0.000000
 2737.159670    0.000000
 2737.790770    0.000000
 2738.420650    0.000000
 2739.052250    0.000000
 2739.682370    0.000000
 2740.312500    0.000000
 2740.944340    0.000000
 2741.575200    0.000000
 2742.207280    0.000000
 2742.838130    0.000000
 2743.470460    0.000000
 2744.101560    0.000000
 2744.732910    0.000000
 2745.365970    0.000000
 2745.997310    0.000000
 2746.630860    0.000000
 2747.262700    0.000000
 2747.896000    0.000000
 2748.528080    0.000000
 2749.160640    0.000000
 2749.794430    0.000000
 2750.427000    0.000000
 2751.061280    0.000000
 2751.694090    0.000000
 2752.328610    0.000000
 2752.961910    0.000000
 2753.595210    0.000000
 2754.230220    0.000000
 2754.863770    0.000000
 2755.499020    0.000000
 2756.132810    0.000000
 2756.768550    0.000000
 2757.402590    0.000000
 2758.036870    0.000000
 2758.673100    0.000000
 2759.307620    0.000000
 2759.943850    0.000000
 2760.578860    0.000000
 2761.215330    0.000000
 2761.850590    0.000000
 2762.487550    0.000000
 2763.123050    0.000000
 2763.758790    0.000000
 2764.396000    0.000000
 2765.031980    0.000000
 2765.669430    0.000000
 2766.305910    0.000000
 2766.943600    0.000000
 2767.580320    0.000000
 2768.216800    0.000000
 2768.855220    0.000000
 2769.492190    0.000000
 2770.130860    0.000000
 2770.768070    0.000000
 2771.407230    0.000000
 2772.044680    0.000000
 2772.682130    0.000000
 2773.321780    0.000000
 2773.959720    0.000000
 2774.599370    0.000000
 2775.237550    0.000000
 2775.877690    0.000000
 2776.516360    0.000000
 2777.155030    0.000000
 2777.795170    0.000000
 2778.434330    0.000000
 2779.074950    0.000000
 2779.714360    0.000000
 2780.355470    0.000000
 2780.995120    0.000000
 2781.634770    0.000000
 2782.276120    0.000000
 2782.916260    0.000000
 2783.558110    0.000001
 2784.198490    0.000001
 2784.840330    0.000001
 2785.480960    0.000002
 2786.121830    0.000003
 2786.764400    0.000004
 2787.405270    0.000005
 2788.048100    0.000008
 2788.689450    0.000010
 2789.332520    0.000015
 2789.974370    0.000021
 2790.615970    0.000030
 2791.259770    0.000042
 2791.901610    0.000057
 2792.545410    0.000079
 2793.187990    0.000108
 2793.832030    0.000146
 2794.474850    0.000196
 2795.117680    0.000263
 2795.762210    0.000350
 2796.405520    0.000463
 2797.050290    0.000608
 2797.693600    0.000793
 2798.338870    0.001029
 2798.982420    0.001326
 2799.626460    0.001698
 2800.272220    0.002160
 2800.916260    0.002730
 2801.562260    0.003431
 2802.206790    0.004281
 2802.852780    0.005310
 2803.497560    0.006542
 2804.142580    0.008009
 2804.789310    0.009746
 2805.434330    0.011778
 2806.081300    0.014150
 2806.726810    0.016883
 2807.374020    0.020023
 2808.020020    0.023587
 2808.666020    0.027608
 2809.313480    0.032116
 2809.959960    0.037111
 2810.607910    0.042622
 2811.254390    0.048620
 2811.902830    0.055126
 2812.549560    0.062079
 2813.198240    0.069485
 2813.845210    0.077250
 2814.492680    0.085337
 2815.141600    0.093683
 2815.789310    0.102168
 2816.438720    0.110728
 2817.086430    0.119211
 2817.736080    0.127548
 2818.384520    0.135578
 2819.032710    0.143192
 2819.682620    0.150293
 2820.331300    0.156734
 2820.981930    0.162443
 2821.630620    0.167293
 2822.281490    0.171241
 2822.930660    0.174209
 2823.580080    0.176180
 2824.231200    0.177150
 2824.880860    0.177135
 2825.532230    0.176192
 2826.182370    0.174406
 2826.833980    0.171886
 2827.484380    0.168790
 2828.134770    0.165291
 2828.786870    0.161591
 2829.437740    0.157946
 2830.090090    0.154613
 2830.741210    0.151910
 2831.394040    0.150156
 2832.045410    0.149723
 2832.697020    0.150997
 2833.350100    0.154411
 2834.001950    0.160410
 2834.655520    0.169514
 2835.307620    0.182203
 2835.961180    0.199100
 2836.613770    0.220741
 2837.266360    0.247787
 2837.920410    0.280992
 2838.573490    0.320954
 2839.228030    0.368587
 2839.881100    0.424466
 2840.535890    0.489689
 2841.189450    0.564828
 2841.843020    0.650868
 2842.498540    0.749015
 2843.152340    0.859635
 2843.807860    0.984229
 2844.462160    1.123173
 2845.118160    1.278024
 2845.772710    1.448950
 2846.427250    1.637170
 2847.083740    1.844207
 2847.738770    2.069865
 2848.395260    2.316004
 2849.050540    2.582453
 2849.707760    2.871351
 2850.363280    3.181891
 2851.018800    3.515561
 2851.676270    3.874197
 2852.332280    4.256659
 2852.989990    4.665446
 2853.646480    5.099316
 2854.304440    5.560487
 2854.960940    6.047163
 2855.617920    6.560773
 2856.276370    7.101949
 2856.933350    7.667675
 2857.592290    8.259874
 2858.249760    8.873936
 2858.908940    9.510661
 2859.566650    10.164162
 2860.224370    10.832259
 2860.883790    11.512383
 2861.541750    12.196114
 2862.201900    12.881285
 2862.860350    13.557120
 2863.520510    14.219695
 2864.179200    14.857833
 2864.839840    15.466366
 2865.498780    16.033222
 2866.157960    16.551502
 2866.818850    17.013575
 2867.478520    17.409197
 2868.139650    17.732468
 2868.799320    17.975426
 2869.460940    18.133823
 2870.121090    18.202686
 2870.781490    18.179874
 2871.443360    18.064030
 2872.103760    17.856375
 2872.766360    17.558004
 2873.427000    17.174746
 2874.089600    16.709892
 2874.750730    16.172644
 2875.412110    15.569879
 2876.075440    14.908749
 2876.736820    14.202823
 2877.400390    13.457774
 2878.062260    12.688180
 2878.725830    11.900206
 2879.388180    11.107062
 2880.050540    10.316463
 2880.714600    9.534819
 2881.377440    8.773114
 2882.041750    8.034828
 2882.704830    7.328444
 2883.369380    6.655553
 2884.032960    6.022045
 2884.696530    5.429282
 2885.361330    4.877751
 2886.025390    4.369760
 2886.690920    3.903620
 2887.354980    3.480700
 2888.020510    3.097960
 2888.685060    2.755293
 2889.349610    2.450276
 2890.015870    2.180242
 2890.680910    1.944277
 2891.347410    1.739249
 2892.012700    1.563807
 2892.679200    1.415141
 2893.344970    1.291603
 2894.010500    1.191008
 2894.677730    1.111152
 2895.343510    1.050517
 2896.011470    1.006940
 2896.677490    0.978894
 2897.345460    0.964439
 2898.011960    0.961925
 2898.678960    0.969597
 2899.347170    0.985800
 2900.014160    1.008793
 2900.682860    1.037021
 2901.350100    1.068727
 2902.019530    1.102507
 2902.687010    1.136631
 2903.354740    1.169773
 2904.024410    1.200670
 2904.692380    1.227930
 2905.361820    1.250601
 2906.030520    1.267675
 2906.700680    1.278445
 2907.369140    1.282293
 2908.038090    1.278870
 2908.708500    1.267952
 2909.377930    1.249573
 2910.048830    1.223842
 2910.718260    1.191224
 2911.389650    1.152052
 2912.059330    1.107171
 2912.729250    1.057210
 2913.400630    1.002882
 2914.070800    0.945277
 2914.742920    0.885021
 2915.413570    0.823321
 2916.085690    0.760787
 2916.756590    0.698501
 2917.429200    0.636959
 2918.100340    0.577142
 2918.771730    0.519489
 2919.444580    0.464405
 2920.116210    0.412512
 2920.789550    0.363887
 2921.461670    0.318948
 2922.135500    0.277616
 2922.807370    0.240140
 2923.479740    0.206332
 2924.154050    0.176030
 2924.826660    0.149244
 2925.500980    0.125644
 2926.174070    0.105106
 2926.848880    0.087303
 2927.522220    0.072063
 2928.195800    0.059086
 2928.870850    0.048102
 2929.544920    0.038912
 2930.220460    0.031253
 2930.894530    0.024947
 2931.570310    0.019770
 2932.244630    0.015571
 2932.919190    0.012180
 2933.595700    0.009459
 2934.270260    0.007300
 2934.947270    0.005592
 2935.622310    0.004259
 2936.299070    0.003220
 2936.974850    0.002419
 2937.650390    0.001804
 2938.327880    0.001336
 2939.003660    0.000984
 2939.681400    0.000719
 2940.357670    0.000522
 2941.035640    0.000377
 2941.712160    0.000270
 2942.389160    0.000192
 2943.067630    0.000135
 2943.744630    0.000095
 2944.423580    0.000066
 2945.100830    0.000046
 2945.780030    0.000031
 2946.457760    0.000022
 2947.135500    0.000014
 2947.815190    0.000010
 2948.493410    0.000007
 2949.173100    0.000005
 2949.851560    0.000003
 2950.531980    0.000002
 2951.210450    0.000001
 2951.889650    0.000001
 2952.570070    0.000001
 2953.249270    0.000000
 2953.930660    0.000000
 2954.610110    0.000000
 2955.291500    0.000000
 2955.971190    0.000000
 2956.651120    0.000000
 2957.333010    0.000000
 2958.013180    0.000000
 2958.695560    0.000000
 2959.376220    0.000000
 2960.058350    0.000000
 2960.739500    0.000000
 2961.420410    0.000000
 2962.103520    0.000000
 2962.784910    0.000000
 2963.468020    0.000000
 2964.149900    0.000000
 2964.833500    0.000000
 2965.515380    0.000000
 2966.197750    0.000000
 2966.881590    0.000000
 2967.564210    0.000000
 2968.248540    0.000000
 2968.931150    0.000000
 2969.615720    0.000000
 2970.299070    0.000000
 2970.984130    0.000000
 2971.667480    0.000000
 2972.351070    0.000000
 2973.036620    0.000000
 2973.720700    0.000000
 2974.406250    0.000000
 2975.090580    0.000000
 2975.776610    0.000000
 2976.461180    0.000000
 2977.146000    0.000000
 2977.832280    0.000000
 2978.517580    0.000000
 2979.204350    0.000000
 2979.889650    0.000000
 2980.576660    0.000000
 2981.262210    0.000000
 2981.948240    0.000000
 2982.635990    0.000000
 2983.322020    0.000000
 2984.010010    0.000000
 2984.696530    0.000000
 2985.384770    0.000000
 2986.071530    0.000000
 2986.758540    0.000000
 2987.447270    0.000000
 2988.134770    0.000000
 2988.823490    0.000000
 2989.510990    0.000000
 2990.200440    0.000000
 2990.888180    0.000000
 2991.576170    0.000000
 2992.266360    0.000000
 2992.954830    0.000000
 2993.644780    0.000000
 2994.333500    0.000000
 2995.023930    0.000000
 2995.713130    0.000000
 2996.402100    0.000000
 2997.093020    0.000000
 2997.782710    0.000000
 2998.473880    0.000000
 2999.163570    0.000000
 2999.855470    0.000000
 3000.545410    0.000000
 3001.235600    0.000000
 3001.927730    0.000000
 3002.618410    0.000000
 3003.310550    0.000000
 3004.001710    0.000000
 3004.694340    0.000000
 3005.385740    0.000000
 3006.076900    0.000000
 3006.770020    0.000000
 3007.461670    0.000000
 3008.155270    0.000000
 3008.847410    0.000000
 3009.541260    0.000000
 3010.233400    0.000000
 3010.926270    0.000000
 3011.620360    0.000000
 3012.313230    0.000000
 3013.007810    0.000000
 3013.700930    0.000000
 3014.395750    0.000000
 3015.089360    0.000000
 3015.783200    0.000000
 3016.478270    0.000000
 3017.172610    0.000000
 3017.868160    0.000000
 3018.562260    0.000000
 3019.258540    0.000000
 3019.952880    0.000000
 3020.647950    0.000000
 3021.344480    0.000000
 3022.039310    0.000000
 3022.736330    0.000000
 3023.431640    0.000000
 3024.128660    0.000000
 3024.824460    0.000000
 3025.522220    0.000000
 3026.218020    0.000000
 3026.914310    0.000000
 3027.612300    0.000000
 3028.308840    0.000000
 3029.007080    0.000000
 3029.703860    0.000000
 3030.402590    0.000000
 3031.099850    0.000000
 3031.797120    0.000000
 3032.496090    0.000000
 3033.193600    0.000000
 3033.893310    0.000000
 3034.591060    0.000000
 3035.290770    0.000000
 3035.989010    0.000000
 3036.687740    0.000000
 3037.387700    0.000000
 3038.086670    0.000000
 3038.787350    0.000000
 3039.486080    0.000000
 3040.187260    0.000000
 3040.886470    0.000000
 3041.586180    0.000000
 3042.287350    0.000000
 3042.987550    0.000000
 3043.689210    0.000000
 3044.389160    0.000000
 3045.091060    0.000000
 3045.791750    0.000000
 3046.492430    0.000000
 3047.194820    0.000000
 3047.896000    0.000000
 3048.598880    0.000000
 3049.300050    0.000000
