 2653.384280    0.000000
 2653.996340    0.000000
 2654.606690    0.000000
 2655.217290    0.000000
 2655.829830    0.000000
 2656.440670    0.000000
 2657.053220    0.000000
 2657.664550    0.000000
 2658.277340    0.000000
 2658.888920    0.000000
 2659.500730    0.000000
 2660.114010    0.000000
 2660.725830    0.000000
 2661.339360    0.000000
 2661.951660    0.000000
 2662.565430    0.000000
 2663.177980    0.000000
 2663.790530    0.000000
 2664.404790    0.000000
 2665.017820    0.000000
 2665.632320    0.000000
 2666.245610    0.000000
 2666.860350    0.000000
 2667.473880    0.000000
 2668.089110    0.000000
 2668.702880    0.000000
 2669.316890    0.000000
 2669.932370    0.000000
 2670.546630    0.000000
 2671.162350    0.000000
 2671.776860    0.000000
 2672.393070    0.000000
 2673.007810    0.000000
 2673.622560    0.000000
 2674.239260    0.000000
 2674.854490    0.000000
 2675.471190    0.000000
 2676.086670    0.000000
 2676.703860    0.000000
 2677.319580    0.000000
 2677.935550    0.000000
 2678.552980    0.000000
 2679.169190    0.000000
 2679.786870    0.000000
 2680.403560    0.000000
 2681.021480    0.000000
 2681.638430    0.000000
 2682.255370    0.000000
 2682.873780    0.000000
 2683.490970    0.000000
 2684.109860    0.000000
 2684.727290    0.000000
 2685.346440    0.000000
 2685.964110    0.000000
 2686.582030    0.000000
 2687.201660    0.000000
 2687.819820    0.000000
 2688.439450    0.000000
 2689.057860    0.000000
 2689.677980    0.000000
 2690.296880    0.000000
 2690.915770    0.000000
 2691.536380    0.000000
 2692.155270    0.000000
 2692.776370    0.000000
 2693.395750    0.000000
 2694.016850    0.000000
 2694.636720    0.000000
 2695.256590    0.000000
 2695.877930    0.000000
 2696.498050    0.000000
 2697.119870    0.000000
 2697.740480    0.000000
 2698.362550    0.000000
 2698.983400    0.000000
 2699.604250    0.000000
 2700.226810    0.000000
 2700.847900    0.000000
 2701.470700    0.000000
 2702.092040    0.000000
 2702.715330    0.000000
 2703.337160    0.000000
 2703.958980    0.000000
 2704.582520    0.000000
 2705.204830    0.000000
 2705.828370    0.000000
 2706.450930    0.000000
 2707.074950    0.000000
 2707.697750    0.000000
 2708.320800    0.000000
 2708.945310    0.000000
 2709.568360    0.000000
 2710.193360    0.000000
 2710.816650    0.000000
 2711.441890    0.000000
 2712.065670    0.000000
 2712.689450    0.000000
 2713.314940    0.000000
 2713.939210    0.000000
 2714.565190    0.000000
 2715.189450    0.000000
 2715.815670    0.000000
 2716.440430    0.000000
 2717.066890    0.000000
 2717.691890    0.000000
 2718.317140    0.000000
 2718.943850    0.000000
 2719.569340    0.000000
 2720.196530    0.000000
 2720.822270    0.000000
 2721.449710    0.000000
 2722.075680    0.000000
 2722.702150    0.000000
 2723.329830    0.000000
 2723.956300    0.000000
 2724.584470    0.000000
 2725.211430    0.000000
 2725.839600    0.000000
 2726.466800    0.000000
 2727.093990    0.000000
 2727.722900    0.000000
 2728.350340    0.000000
 2728.979490    0.000000
 2729.607420    0.000000
 2730.236820    0.000000
 2730.864750    0.000000
 2731.493160    0.000000
 2732.122800    0.000000
 2732.751460    0.000000
 2733.381590    0.000000
 2734.010500    0.000000
 2734.640870    0.000000
 2735.270020    0.000000
 2735.899410    0.000000
 2736.530270    0.000000
 2737.159670    0.000000
 2737.790770    0.000000
 2738.420650    0.000000
 2739.052250    0.000000
 2739.682370    0.000000
 2740.312500    0.000000
 2740.944340    0.000000
 2741.575200    0.000000
 2742.207280    0.000000
 2742.838130    0.000000
 2743.470460    0.000000
 2744.101560    0.000000
 2744.732910    0.000000
 2745.365970    0.000000
 2745.997310    0.000000
 2746.630860    0.000000
 2747.262700    0.000000
 2747.896000    0.000000
 2748.528080    0.000000
 2749.160640    0.000000
 2749.794430    0.000000
 2750.427000    0.000000
 2751.061280    0.000000
 2751.694090    0.000000
 2752.328610    0.000000
 2752.961910    0.000000
 2753.595210    0.000000
 2754.230220    0.000000
 2754.863770    0.000000
 2755.499020    0.000000
 2756.132810    0.000000
 2756.768550    0.000000
 2757.402590    0.000000
 2758.036870    0.000000
 2758.673100    0.000000
 2759.307620    0.000000
 2759.943850    0.000000
 2760.578860    0.000000
 2761.215330    0.000000
 2761.850590    0.000000
 2762.487550    0.000000
 2763.123050    0.000000
 2763.758790    0.000000
 2764.396000    0.000000
 2765.031980    0.000000
 2765.669430    0.000000
 2766.305910    0.000000
 2766.943600    0.000000
 2767.580320    0.000000
 2768.216800    0.000000
 2768.855220    0.000000
 2769.492190    0.000000
 2770.130860    0.000000
 2770.768070    0.000000
 2771.407230    0.000000
 2772.044680    0.000000
 2772.682130    0.000000
 2773.321780    0.000000
 2773.959720    0.000000
 2774.599370    0.000000
 2775.237550    0.000000
 2775.877690    0.000000
 2776.516360    0.000000
 2777.155030    0.000000
 2777.795170    0.000000
 2778.434330    0.000000
 2779.074950    0.000000
 2779.714360    0.000000
 2780.355470    0.000000
 2780.995120    0.000000
 2781.634770    0.000000
 2782.276120    0.000000
 2782.916260    0.000000
 2783.558110    0.000000
 2784.198490    0.000000
 2784.840330    0.000000
 2785.480960    0.000000
 2786.121830    0.000000
 2786.764400    0.000000
 2787.405270    0.000000
 2788.048100    0.000000
 2788.689450    0.000000
 2789.332520    0.000000
 2789.974370    0.000000
 2790.615970    0.000000
 2791.259770    0.000000
 2791.901610    0.000000
 2792.545410    0.000000
 2793.187990    0.000000
 2793.832030    0.000000
 2794.474850    0.000000
 2795.117680    0.000000
 2795.762210    0.000000
 2796.405520    0.000000
 2797.050290    0.000000
 2797.693600    0.000000
 2798.338870    0.000000
 2798.982420    0.000000
 2799.626460    0.000001
 2800.272220    0.000001
 2800.916260    0.000001
 2801.562260    0.000001
 2802.206790    0.000002
 2802.852780    0.000002
 2803.497560    0.000003
 2804.142580    0.000004
 2804.789310    0.000006
 2805.434330    0.000007
 2806.081300    0.000010
 2806.726810    0.000012
 2807.374020    0.000016
 2808.020020    0.000021
 2808.666020    0.000027
 2809.313480    0.000035
 2809.959960    0.000045
 2810.607910    0.000058
 2811.254390    0.000074
 2811.902830    0.000094
 2812.549560    0.000120
 2813.198240    0.000152
 2813.845210    0.000191
 2814.492680    0.000239
 2815.141600    0.000299
 2815.789310    0.000373
 2816.438720    0.000463
 2817.086430    0.000572
 2817.736080    0.000705
 2818.384520    0.000865
 2819.032710    0.001057
 2819.682620    0.001287
 2820.331300    0.001560
 2820.981930    0.001885
 2821.630620    0.002268
 2822.281490    0.002720
 2822.930660    0.003248
 2823.580080    0.003864
 2824.231200    0.004580
 2824.880860    0.005407
 2825.532230    0.006361
 2826.182370    0.007452
 2826.833980    0.008699
 2827.484380    0.010114
 2828.134770    0.011712
 2828.786870    0.013516
 2829.437740    0.015532
 2830.090090    0.017787
 2830.741210    0.020285
 2831.394040    0.023051
 2832.045410    0.026087
 2832.697020    0.029409
 2833.350100    0.033035
 2834.001950    0.036958
 2834.655520    0.041198
 2835.307620    0.045736
 2835.961180    0.050591
 2836.613770    0.055739
 2837.266360    0.061175
 2837.920410    0.066900
 2838.573490    0.072872
 2839.228030    0.079091
 2839.881100    0.085503
 2840.535890    0.092107
 2841.189450    0.098840
 2841.843020    0.105676
 2842.498540    0.112596
 2843.152340    0.119521
 2843.807860    0.126446
 2844.462160    0.133298
 2845.118160    0.140070
 2845.772710    0.146694
 2846.427250    0.153155
 2847.083740    0.159449
 2847.738770    0.165527
 2848.395260    0.171413
 2849.050540    0.177091
 2849.707760    0.182609
 2850.363280    0.187976
 2851.018800    0.193262
 2851.676270    0.198561
 2852.332280    0.203941
 2852.989990    0.209554
 2853.646480    0.215521
 2854.304440    0.222042
 2854.960940    0.229294
 2855.617920    0.237528
 2856.276370    0.247027
 2856.933350    0.258049
 2857.592290    0.270984
 2858.249760    0.286132
 2858.908940    0.303972
 2859.566650    0.324856
 2860.224370    0.349292
 2860.883790    0.377867
 2861.541750    0.410992
 2862.201900    0.449440
 2862.860350    0.493607
 2863.520510    0.544374
 2864.179200    0.602184
 2864.839840    0.668064
 2865.498780    0.742399
 2866.157960    0.826153
 2866.818850    0.920357
 2867.478520    1.025426
 2868.139650    1.142639
 2868.799320    1.272335
 2869.460940    1.416069
 2870.121090    1.573990
 2870.781490    1.747337
 2871.443360    1.937363
 2872.103760    2.144074
 2872.766360    2.369481
 2873.427000    2.612978
 2874.089600    2.876759
 2874.750730    3.160183
 2875.412110    3.464560
 2876.075440    3.791327
 2876.736820    4.139012
 2877.400390    4.510147
 2878.062260    4.902777
 2878.725830    5.318985
 2879.388180    5.756843
 2880.050540    6.216795
 2880.714600    6.699601
 2881.377440    7.202417
 2882.041750    7.726303
 2882.704830    8.267904
 2883.369380    8.827895
 2884.032960    9.402420
 2884.696530    9.990175
 2885.361330    10.589856
 2886.025390    11.196988
 2886.690920    11.810554
 2887.354980    12.424538
 2888.020510    13.038054
 2888.685060    13.645013
 2889.349610    14.242270
 2890.015870    14.827081
 2890.680910    15.392483
 2891.347410    15.936276
 2892.012700    16.451767
 2892.679200    16.936377
 2893.344970    17.384285
 2894.010500    17.791698
 2894.677730    18.155691
 2895.343510    18.470827
 2896.011470    18.735422
 2896.677490    18.944906
 2897.345460    19.098068
 2898.011960    19.192171
 2898.678960    19.226290
 2899.347170    19.199492
 2900.014160    19.111774
 2900.682860    18.963207
 2901.350100    18.755615
 2902.019530    18.489536
 2902.687010    18.168959
 2903.354740    17.795959
 2904.024410    17.372768
 2904.692380    16.905571
 2905.361820    16.396475
 2906.030520    15.851704
 2906.700680    15.274305
 2907.369140    14.672091
 2908.038090    14.048304
 2908.708500    13.407146
 2909.377930    12.756082
 2910.048830    12.097777
 2910.718260    11.439959
 2911.389650    10.783897
 2912.059330    10.137503
 2912.729250    9.502857
 2913.400630    8.882488
 2914.070800    8.282129
 2914.742920    7.701809
 2915.413570    7.146923
 2916.085690    6.617051
 2916.756590    6.115909
 2917.429200    5.642524
 2918.100340    5.199941
 2918.771730    4.787385
 2919.444580    4.404315
 2920.116210    4.052059
 2920.789550    3.728613
 2921.461670    3.434668
 2922.135500    3.168000
 2922.807370    2.928889
 2923.479740    2.715064
 2924.154050    2.524750
 2924.826660    2.357451
 2925.500980    2.210691
 2926.174070    2.083462
 2926.848880    1.973525
 2927.522220    1.879701
 2928.195800    1.800014
 2928.870850    1.732705
 2929.544920    1.676405
 2930.220460    1.629348
 2930.894530    1.590239
 2931.570310    1.557473
 2932.244630    1.529876
 2932.919190    1.506125
 2933.595700    1.485041
 2934.270260    1.465713
 2934.947270    1.447092
 2935.622310    1.428488
 2936.299070    1.409101
 2936.974850    1.388419
 2937.650390    1.365947
 2938.327880    1.341232
 2939.003660    1.314140
 2939.681400    1.284351
 2940.357670    1.251933
 2941.035640    1.216737
 2941.712160    1.179005
 2942.389160    1.138781
 2943.067630    1.096202
 2943.744630    1.051704
 2944.423580    1.005357
 2945.100830    0.957728
 2945.780030    0.908905
 2946.457760    0.859487
 2947.135500    0.809724
 2947.815190    0.759827
 2948.493410    0.710387
 2949.173100    0.661516
 2949.851560    0.613708
 2950.531980    0.567019
 2951.210450    0.521957
 2951.889650    0.478555
 2952.570070    0.436966
 2953.249270    0.397486
 2953.930660    0.360028
 2954.610110    0.324903
 2955.291500    0.291951
 2955.971190    0.261370
 2956.651120    0.233052
 2957.333010    0.206904
 2958.013180    0.183011
 2958.695560    0.161165
 2959.376220    0.141403
 2960.058350    0.123533
 2960.739500    0.107509
 2961.420410    0.093193
 2962.103520    0.080421
 2962.784910    0.069147
 2963.468020    0.059191
 2964.149900    0.050479
 2964.833500    0.042858
 2965.515380    0.036256
 2966.197750    0.030544
 2966.881590    0.025619
 2967.564210    0.021407
 2968.248540    0.017808
 2968.931150    0.014761
 2969.615720    0.012178
 2970.299070    0.010012
 2970.984130    0.008192
 2971.667480    0.006680
 2972.351070    0.005425
 2973.036620    0.004384
 2973.720700    0.003531
 2974.406250    0.002831
 2975.090580    0.002261
 2975.776610    0.001798
 2976.461180    0.001424
 2977.146000    0.001123
 2977.832280    0.000882
 2978.517580    0.000690
 2979.204350    0.000538
 2979.889650    0.000418
 2980.576660    0.000322
 2981.262210    0.000248
 2981.948240    0.000190
 2982.635990    0.000145
 2983.322020    0.000111
 2984.010010    0.000083
 2984.696530    0.000063
 2985.384770    0.000047
 2986.071530    0.000035
 2986.758540    0.000027
 2987.447270    0.000019
 2988.134770    0.000014
 2988.823490    0.000010
 2989.510990    0.000008
 2990.200440    0.000006
 2990.888180    0.000004
 2991.576170    0.000003
 2992.266360    0.000002
 2992.954830    0.000002
 2993.644780    0.000001
 2994.333500    0.000001
 2995.023930    0.000001
 2995.713130    0.000000
 2996.402100    0.000000
 2997.093020    0.000000
 2997.782710    0.000000
 2998.473880    0.000000
 2999.163570    0.000000
 2999.855470    0.000000
 3000.545410    0.000000
 3001.235600    0.000000
 3001.927730    0.000000
 3002.618410    0.000000
 3003.310550    0.000000
 3004.001710    0.000000
 3004.694340    0.000000
 3005.385740    0.000000
 3006.076900    0.000000
 3006.770020    0.000000
 3007.461670    0.000000
 3008.155270    0.000000
 3008.847410    0.000000
 3009.541260    0.000000
 3010.233400    0.000000
 3010.926270    0.000000
 3011.620360    0.000000
 3012.313230    0.000000
 3013.007810    0.000000
 3013.700930    0.000000
 3014.395750    0.000000
 3015.089360    0.000000
 3015.783200    0.000000
 3016.478270    0.000000
 3017.172610    0.000000
 3017.868160    0.000000
 3018.562260    0.000000
 3019.258540    0.000000
 3019.952880    0.000000
 3020.647950    0.000000
 3021.344480    0.000000
 3022.039310    0.000000
 3022.736330    0.000000
 3023.431640    0.000000
 3024.128660    0.000000
 3024.824460    0.000000
 3025.522220    0.000000
 3026.218020    0.000000
 3026.914310    0.000000
 3027.612300    0.000000
 3028.308840    0.000000
 3029.007080    0.000000
 3029.703860    0.000000
 3030.402590    0.000000
 3031.099850    0.000000
 3031.797120    0.000000
 3032.496090    0.000000
 3033.193600    0.000000
 3033.893310    0.000000
 3034.591060    0.000000
 3035.290770    0.000000
 3035.989010    0.000000
 3036.687740    0.000000
 3037.387700    0.000000
 3038.086670    0.000000
 3038.787350    0.000000
 3039.486080    0.000000
 3040.187260    0.000000
 3040.886470    0.000000
 3041.586180    0.000000
 3042.287350    0.000000
 3042.987550    0.000000
 3043.689210    0.000000
 3044.389160    0.000000
 3045.091060    0.000000
 3045.791750    0.000000
 3046.492430    0.000000
 3047.194820    0.000000
 3047.896000    0.000000
 3048.598880    0.000000
 3049.300050    0.000000
