 2653.384280    0.000000
 2653.996340    0.000000
 2654.606690    0.000000
 2655.217290    0.000000
 2655.829830    0.000000
 2656.440670    0.000000
 2657.053220    0.000000
 2657.664550    0.000000
 2658.277340    0.000000
 2658.888920    0.000000
 2659.500730    0.000000
 2660.114010    0.000000
 2660.725830    0.000000
 2661.339360    0.000000
 2661.951660    0.000000
 2662.565430    0.000000
 2663.177980    0.000000
 2663.790530    0.000000
 2664.404790    0.000000
 2665.017820    0.000000
 2665.632320    0.000000
 2666.245610    0.000000
 2666.860350    0.000000
 2667.473880    0.000000
 2668.089110    0.000000
 2668.702880    0.000000
 2669.316890    0.000000
 2669.932370    0.000000
 2670.546630    0.000000
 2671.162350    0.000000
 2671.776860    0.000000
 2672.393070    0.000000
 2673.007810    0.000000
 2673.622560    0.000000
 2674.239260    0.000000
 2674.854490    0.000000
 2675.471190    0.000000
 2676.086670    0.000000
 2676.703860    0.000000
 2677.319580    0.000000
 2677.935550    0.000000
 2678.552980    0.000000
 2679.169190    0.000000
 2679.786870    0.000000
 2680.403560    0.000000
 2681.021480    0.000000
 2681.638430    0.000000
 2682.255370    0.000000
 2682.873780    0.000000
 2683.490970    0.000000
 2684.109860    0.000000
 2684.727290    0.000000
 2685.346440    0.000000
 2685.964110    0.000000
 2686.582030    0.000000
 2687.201660    0.000000
 2687.819820    0.000000
 2688.439450    0.000000
 2689.057860    0.000000
 2689.677980    0.000000
 2690.296880    0.000000
 2690.915770    0.000000
 2691.536380    0.000000
 2692.155270    0.000000
 2692.776370    0.000000
 2693.395750    0.000000
 2694.016850    0.000000
 2694.636720    0.000000
 2695.256590    0.000000
 2695.877930    0.000000
 2696.498050    0.000000
 2697.119870    0.000000
 2697.740480    0.000000
 2698.362550    0.000000
 2698.983400    0.000000
 2699.604250    0.000000
 2700.226810    0.000000
 2700.847900    0.000000
 2701.470700    0.000000
 2702.092040    0.000000
 2702.715330    0.000000
 2703.337160    0.000000
 2703.958980    0.000000
 2704.582520    0.000000
 2705.204830    0.000000
 2705.828370    0.000000
 2706.450930    0.000000
 2707.074950    0.000000
 2707.697750    0.000000
 2708.320800    0.000000
 2708.945310    0.000000
 2709.568360    0.000000
 2710.193360    0.000000
 2710.816650    0.000000
 2711.441890    0.000000
 2712.065670    0.000000
 2712.689450    0.000000
 2713.314940    0.000000
 2713.939210    0.000000
 2714.565190    0.000000
 2715.189450    0.000000
 2715.815670    0.000000
 2716.440430    0.000000
 2717.066890    0.000000
 2717.691890    0.000000
 2718.317140    0.000000
 2718.943850    0.000000
 2719.569340    0.000000
 2720.196530    0.000000
 2720.822270    0.000000
 2721.449710    0.000000
 2722.075680    0.000000
 2722.702150    0.000000
 2723.329830    0.000000
 2723.956300    0.000000
 2724.584470    0.000000
 2725.211430    0.000000
 2725.839600    0.000000
 2726.466800    0.000000
 2727.093990    0.000000
 2727.722900    0.000000
 2728.350340    0.000000
 2728.979490    0.000000
 2729.607420    0.000000
 2730.236820    0.000001
 2730.864750    0.000001
 2731.493160    0.000001
 2732.122800    0.000001
 2732.751460    0.000001
 2733.381590    0.000001
 2734.010500    0.000001
 2734.640870    0.000001
 2735.270020    0.000001
 2735.899410    0.000001
 2736.530270    0.000001
 2737.159670    0.000001
 2737.790770    0.000002
 2738.420650    0.000002
 2739.052250    0.000002
 2739.682370    0.000002
 2740.312500    0.000002
 2740.944340    0.000002
 2741.575200    0.000003
 2742.207280    0.000003
 2742.838130    0.000003
 2743.470460    0.000003
 2744.101560    0.000004
 2744.732910    0.000004
 2745.365970    0.000004
 2745.997310    0.000005
 2746.630860    0.000005
 2747.262700    0.000006
 2747.896000    0.000006
 2748.528080    0.000007
 2749.160640    0.000007
 2749.794430    0.000008
 2750.427000    0.000009
 2751.061280    0.000009
 2751.694090    0.000010
 2752.328610    0.000010
 2752.961910    0.000011
 2753.595210    0.000012
 2754.230220    0.000013
 2754.863770    0.000015
 2755.499020    0.000016
 2756.132810    0.000017
 2756.768550    0.000019
 2757.402590    0.000021
 2758.036870    0.000022
 2758.673100    0.000024
 2759.307620    0.000027
 2759.943850    0.000029
 2760.578860    0.000031
 2761.215330    0.000033
 2761.850590    0.000036
 2762.487550    0.000039
 2763.123050    0.000043
 2763.758790    0.000046
 2764.396000    0.000050
 2765.031980    0.000053
 2765.669430    0.000058
 2766.305910    0.000063
 2766.943600    0.000068
 2767.580320    0.000073
 2768.216800    0.000079
 2768.855220    0.000086
 2769.492190    0.000093
 2770.130860    0.000100
 2770.768070    0.000108
 2771.407230    0.000116
 2772.044680    0.000126
 2772.682130    0.000135
 2773.321780    0.000146
 2773.959720    0.000157
 2774.599370    0.000170
 2775.237550    0.000182
 2775.877690    0.000196
 2776.516360    0.000212
 2777.155030    0.000228
 2777.795170    0.000245
 2778.434330    0.000264
 2779.074950    0.000283
 2779.714360    0.000305
 2780.355470    0.000328
 2780.995120    0.000353
 2781.634770    0.000379
 2782.276120    0.000406
 2782.916260    0.000437
 2783.558110    0.000469
 2784.198490    0.000504
 2784.840330    0.000540
 2785.480960    0.000580
 2786.121830    0.000622
 2786.764400    0.000667
 2787.405270    0.000714
 2788.048100    0.000766
 2788.689450    0.000820
 2789.332520    0.000878
 2789.974370    0.000940
 2790.615970    0.001007
 2791.259770    0.001078
 2791.901610    0.001153
 2792.545410    0.001234
 2793.187990    0.001320
 2793.832030    0.001410
 2794.474850    0.001508
 2795.117680    0.001612
 2795.762210    0.001721
 2796.405520    0.001839
 2797.050290    0.001964
 2797.693600    0.002096
 2798.338870    0.002237
 2798.982420    0.002387
 2799.626460    0.002546
 2800.272220    0.002716
 2800.916260    0.002895
 2801.562260    0.003087
 2802.206790    0.003289
 2802.852780    0.003505
 2803.497560    0.003732
 2804.142580    0.003974
 2804.789310    0.004231
 2805.434330    0.004502
 2806.081300    0.004791
 2806.726810    0.005095
 2807.374020    0.005420
 2808.020020    0.005762
 2808.666020    0.006124
 2809.313480    0.006508
 2809.959960    0.006914
 2810.607910    0.007343
 2811.254390    0.007797
 2811.902830    0.008278
 2812.549560    0.008784
 2813.198240    0.009321
 2813.845210    0.009887
 2814.492680    0.010485
 2815.141600    0.011117
 2815.789310    0.011783
 2816.438720    0.012486
 2817.086430    0.013227
 2817.736080    0.014011
 2818.384520    0.014835
 2819.032710    0.015704
 2819.682620    0.016621
 2820.331300    0.017586
 2820.981930    0.018603
 2821.630620    0.019672
 2822.281490    0.020802
 2822.930660    0.021986
 2823.580080    0.023232
 2824.231200    0.024546
 2824.880860    0.025925
 2825.532230    0.027376
 2826.182370    0.028900
 2826.833980    0.030503
 2827.484380    0.032185
 2828.134770    0.033949
 2828.786870    0.035806
 2829.437740    0.037751
 2830.090090    0.039796
 2830.741210    0.041937
 2831.394040    0.044188
 2832.045410    0.046541
 2832.697020    0.049008
 2833.350100    0.051599
 2834.001950    0.054307
 2834.655520    0.057150
 2835.307620    0.060120
 2835.961180    0.063234
 2836.613770    0.066488
 2837.266360    0.069892
 2837.920410    0.073459
 2838.573490    0.077183
 2839.228030    0.081082
 2839.881100    0.085149
 2840.535890    0.089408
 2841.189450    0.093846
 2841.843020    0.098481
 2842.498540    0.103333
 2843.152340    0.108382
 2843.807860    0.113664
 2844.462160    0.119162
 2845.118160    0.124909
 2845.772710    0.130887
 2846.427250    0.137116
 2847.083740    0.143626
 2847.738770    0.150391
 2848.395260    0.157451
 2849.050540    0.164786
 2849.707760    0.172444
 2850.363280    0.180391
 2851.018800    0.188657
 2851.676270    0.197278
 2852.332280    0.206222
 2852.989990    0.215542
 2853.646480    0.225208
 2854.304440    0.235272
 2854.960940    0.245701
 2855.617920    0.256536
 2856.276370    0.267810
 2856.933350    0.279483
 2857.592290    0.291628
 2858.249760    0.304198
 2858.908940    0.317266
 2859.566650    0.330783
 2860.224370    0.344791
 2860.883790    0.359343
 2861.541750    0.374382
 2862.201900    0.390009
 2862.860350    0.406146
 2863.520510    0.422891
 2864.179200    0.440180
 2864.839840    0.458117
 2865.498780    0.476621
 2866.157960    0.495759
 2866.818850    0.515593
 2867.478520    0.536050
 2868.139650    0.557233
 2868.799320    0.579062
 2869.460940    0.601670
 2870.121090    0.624957
 2870.781490    0.648997
 2871.443360    0.673856
 2872.103760    0.699441
 2872.766360    0.725912
 2873.427000    0.753122
 2874.089600    0.781249
 2874.750730    0.810166
 2875.412110    0.839965
 2876.075440    0.870744
 2876.736820    0.902339
 2877.400390    0.934967
 2878.062260    0.968456
 2878.725830    1.002996
 2879.388180    1.038454
 2880.050540    1.074910
 2880.714600    1.112480
 2881.377440    1.151016
 2882.041750    1.190695
 2882.704830    1.231372
 2883.369380    1.273232
 2884.032960    1.316137
 2884.696530    1.360167
 2885.361330    1.405422
 2886.025390    1.451787
 2886.690920    1.499434
 2887.354980    1.548168
 2888.020510    1.598223
 2888.685060    1.649428
 2889.349610    1.701874
 2890.015870    1.755713
 2890.680910    1.810726
 2891.347410    1.867147
 2892.012700    1.924767
 2892.679200    1.983806
 2893.344970    2.044107
 2894.010500    2.105722
 2894.677730    2.168850
 2895.343510    2.233198
 2896.011470    2.299136
 2896.677490    2.366262
 2897.345460    2.434979
 2898.011960    2.504945
 2898.678960    2.576368
 2899.347170    2.649340
 2900.014160    2.723598
 2900.682860    2.799474
 2901.350100    2.876613
 2902.019530    2.955443
 2902.687010    3.035480
 2903.354740    3.116979
 2904.024410    3.200158
 2904.692380    3.284560
 2905.361820    3.370584
 2906.030520    3.457945
 2906.700680    3.546928
 2907.369140    3.637106
 2908.038090    3.728763
 2908.708500    3.822030
 2909.377930    3.916560
 2910.048830    4.012689
 2910.718260    4.109983
 2911.389650    4.208928
 2912.059330    4.308968
 2912.729250    4.410376
 2913.400630    4.513323
 2914.070800    4.617378
 2914.742920    4.723015
 2915.413570    4.829675
 2916.085690    4.937801
 2916.756590    5.046937
 2917.429200    5.157531
 2918.100340    5.269035
 2918.771730    5.381700
 2919.444580    5.495701
 2920.116210    5.610553
 2920.789550    5.726722
 2921.461670    5.843666
 2922.135500    5.961858
 2922.807370    6.080615
 2923.479740    6.200325
 2924.154050    6.321209
 2924.826660    6.442568
 2925.500980    6.564971
 2926.174070    6.687840
 2926.848880    6.811659
 2927.522220    6.935797
 2928.195800    7.060513
 2928.870850    7.185984
 2929.544920    7.311697
 2930.220460    7.438054
 2930.894530    7.564447
 2931.570310    7.691410
 2932.244630    7.818286
 2932.919190    7.945335
 2933.595700    8.072814
 2934.270260    8.199922
 2934.947270    8.327419
 2935.622310    8.454411
 2936.299070    8.581516
 2936.974850    8.708162
 2937.650390    8.834415
 2938.327880    8.960610
 2939.003660    9.085995
 2939.681400    9.211171
 2940.357670    9.335437
 2941.035640    9.459295
 2941.712160    9.582092
 2942.389160    9.704106
 2943.067630    9.825433
 2943.744630    9.945471
 2944.423580    10.064747
 2945.100830    10.182538
 2945.780030    10.299400
 2946.457760    10.414670
 2947.135500    10.528518
 2947.815190    10.641189
 2948.493410    10.752037
 2949.173100    10.861460
 2949.851560    10.968949
 2950.531980    11.074925
 2951.210450    11.178704
 2951.889650    11.280624
 2952.570070    11.380675
 2953.249270    11.478420
 2953.930660    11.574276
 2954.610110    11.667582
 2955.291500    11.758802
 2955.971190    11.847376
 2956.651120    11.933493
 2957.333010    12.017291
 2958.013180    12.098250
 2958.695560    12.176768
 2959.376220    12.252327
 2960.058350    12.325222
 2960.739500    12.395123
 2961.420410    12.462059
 2962.103520    12.526198
 2962.784910    12.587116
 2963.468020    12.645067
 2964.149900    12.699747
 2964.833500    12.751341
 2965.515380    12.799544
 2966.197750    12.844478
 2966.881590    12.886152
 2967.564210    12.924362
 2968.248540    12.959231
 2968.931150    12.990557
 2969.615720    13.018470
 2970.299070    13.042811
 2970.984130    13.063655
 2971.667480    13.080877
 2972.351070    13.094518
 2973.036620    13.104580
 2973.720700    13.110995
 2974.406250    13.113781
 2975.090580    13.112920
 2975.776610    13.108398
 2976.461180    13.100236
 2977.146000    13.088424
 2977.832280    13.072933
 2978.517580    13.053827
 2979.204350    13.031040
 2979.889650    13.004688
 2980.576660    12.974664
 2981.262210    12.941125
 2981.948240    12.904009
 2982.635990    12.863259
 2983.322020    12.819109
 2984.010010    12.771356
 2984.696530    12.720264
 2985.384770    12.665639
 2986.071530    12.607773
 2986.758540    12.546573
 2987.447270    12.481945
 2988.134770    12.414208
 2988.823490    12.343176
 2989.510990    12.269156
 2990.200440    12.191857
 2990.888180    12.111751
 2991.576170    12.028682
 2992.266360    11.942463
 2992.954830    11.853646
 2993.644780    11.761892
 2994.333500    11.667629
 2995.023930    11.570525
 2995.713130    11.471066
 2996.402100    11.369194
 2997.093020    11.264652
 2997.782710    11.158001
 2998.473880    11.048901
 2999.163570    10.937900
 2999.855470    10.824486
 3000.545410    10.709426
 3001.235600    10.592446
 3001.927730    10.473333
 3002.618410    10.352762
 3003.310550    10.230309
 3004.001710    10.106493
 3004.694340    9.980966
 3005.385740    9.854300
 3006.076900    9.726414
 3006.770020    9.596985
 3007.461670    9.466741
 3008.155270    9.335124
 3008.847410    9.202875
 3009.541260    9.069474
 3010.233400    8.935669
 3010.926270    8.801078
 3011.620360    8.665689
 3012.313230    8.530069
 3013.007810    8.393728
 3013.700930    8.257376
 3014.395750    8.120471
 3015.089360    7.983676
 3015.783200    7.846784
 3016.478270    7.709682
 3017.172610    7.572838
 3017.868160    7.435944
 3018.562260    7.299606
 3019.258540    7.163180
 3019.952880    7.027555
 3020.647950    6.892277
 3021.344480    6.757275
 3022.039310    6.623236
 3022.736330    6.489470
 3023.431640    6.356797
 3024.128660    6.224626
 3024.824460    6.093575
 3025.522220    5.963107
 3026.218020    5.834011
 3026.914310    5.705885
 3027.612300    5.578563
 3028.308840    5.452676
 3029.007080    5.327701
 3029.703860    5.204250
 3030.402590    5.081769
 3031.099850    4.960897
 3031.797120    4.841418
 3032.496090    4.723082
 3033.193600    4.606464
 3033.893310    4.490988
 3034.591060    4.377371
 3035.290770    4.265007
 3035.989010    4.154474
 3036.687740    4.045485
 3037.387700    3.937955
 3038.086670    3.832244
 3038.787350    3.727968
 3039.486080    3.625688
 3040.187260    3.524777
 3040.886470    3.425885
 3041.586180    3.328670
 3042.287350    3.233014
 3042.987550    3.139260
 3043.689210    3.047088
 3044.389160    2.956919
 3045.091060    2.868284
 3045.791750    2.781587
 3046.492430    2.696671
 3047.194820    2.613335
 3047.896000    2.531921
 3048.598880    2.452088
 3049.300050    2.374215
