 2653.384280    0.010914
 2653.996340    0.011777
 2654.606690    0.012703
 2655.217290    0.013700
 2655.829830    0.014774
 2656.440670    0.015926
 2657.053220    0.017169
 2657.664550    0.018500
 2658.277340    0.019934
 2658.888920    0.021470
 2659.500730    0.023120
 2660.114010    0.024895
 2660.725830    0.026793
 2661.339360    0.028836
 2661.951660    0.031022
 2662.565430    0.033370
 2663.177980    0.035881
 2663.790530    0.038569
 2664.404790    0.041456
 2665.017820    0.044540
 2665.632320    0.047848
 2666.245610    0.051378
 2666.860350    0.055162
 2667.473880    0.059199
 2668.089110    0.063523
 2668.702880    0.068131
 2669.316890    0.073051
 2669.932370    0.078316
 2670.546630    0.083920
 2671.162350    0.089911
 2671.776860    0.096285
 2672.393070    0.103095
 2673.007810    0.110331
 2673.622560    0.118034
 2674.239260    0.126260
 2674.854490    0.134989
 2675.471190    0.144294
 2676.086670    0.154163
 2676.703860    0.164680
 2677.319580    0.175822
 2677.935550    0.187655
 2678.552980    0.200240
 2679.169190    0.213563
 2679.786870    0.227720
 2680.403560    0.242701
 2681.021480    0.258599
 2681.638430    0.275407
 2682.255370    0.293193
 2682.873780    0.312053
 2683.490970    0.331954
 2684.109860    0.353045
 2684.727290    0.375274
 2685.346440    0.398808
 2685.964110    0.423589
 2686.582030    0.449738
 2687.201660    0.477386
 2687.819820    0.506454
 2688.439450    0.537148
 2689.057860    0.569401
 2689.677980    0.603436
 2690.296880    0.639168
 2690.915770    0.676731
 2691.536380    0.716314
 2692.155270    0.757773
 2692.776370    0.801453
 2693.395750    0.847157
 2694.016850    0.895223
 2694.636720    0.945508
 2695.256590    0.998187
 2695.877930    1.053481
 2696.498050    1.111239
 2697.119870    1.171825
 2697.740480    1.235046
 2698.362550    1.301270
 2698.983400    1.370300
 2699.604250    1.442360
 2700.226810    1.517751
 2700.847900    1.596184
 2701.470700    1.678156
 2702.092040    1.763345
 2702.715330    1.852318
 2703.337160    1.944685
 2703.958980    2.040743
 2704.582520    2.140865
 2705.204830    2.244676
 2705.828370    2.352675
 2706.450930    2.464572
 2707.074950    2.580901
 2707.697750    2.701248
 2708.320800    2.825971
 2708.945310    2.955414
 2709.568360    3.089050
 2710.193360    3.227693
 2710.816650    3.370606
 2711.441890    3.518704
 2712.065670    3.671246
 2712.689450    3.828638
 2713.314940    3.991388
 2713.939210    4.158792
 2714.565190    4.331692
 2715.189450    4.509184
 2715.815670    4.692351
 2716.440430    4.880231
 2717.066890    5.073806
 2717.691890    5.272118
 2718.317140    5.475704
 2718.943850    5.684988
 2719.569340    5.899074
 2720.196530    6.118960
 2720.822270    6.343518
 2721.449710    6.573862
 2722.075680    6.808794
 2722.702150    7.048992
 2723.329830    7.294703
 2723.956300    7.544908
 2724.584470    7.800710
 2725.211430    8.060841
 2725.839600    8.326221
 2726.466800    8.595819
 2727.093990    8.869936
 2727.722900    9.149211
 2728.350340    9.432105
 2728.979490    9.719906
 2729.607420    10.011125
 2730.236820    10.306842
 2730.864750    10.605505
 2731.493160    10.907848
 2732.122800    11.214040
 2732.751460    11.522804
 2733.381590    11.835127
 2734.010500    12.149445
 2734.640870    12.466865
 2735.270020    12.785786
 2735.899410    13.106686
 2736.530270    13.429929
 2737.159670    13.753730
 2737.790770    14.079438
 2738.420650    14.405248
 2739.052250    14.732368
 2739.682370    15.058844
 2740.312500    15.385115
 2740.944340    15.711739
 2741.575200    16.036993
 2742.207280    16.361668
 2742.838130    16.684168
 2743.470460    17.005514
 2744.101560    17.323986
 2744.732910    17.639971
 2745.365970    17.953827
 2745.997310    18.263502
 2746.630860    18.570538
 2747.262700    18.872673
 2747.896000    19.171059
 2748.528080    19.464067
 2749.160640    19.752129
 2749.794430    20.035196
 2750.427000    20.311815
 2751.061280    20.582909
 2751.694090    20.846760
 2752.328610    21.104342
 2752.961910    21.354115
 2753.595210    21.596245
 2754.230220    21.831028
 2754.863770    22.056965
 2755.499020    22.274872
 2756.132810    22.483349
 2756.768550    22.683224
 2757.402590    22.873055
 2758.036870    23.053192
 2758.673100    23.223810
 2759.307620    23.383678
 2759.943850    23.533428
 2760.578860    23.672134
 2761.215330    23.800182
 2761.850590    23.916832
 2762.487550    24.022436
 2763.123050    24.116312
 2763.758790    24.198601
 2764.396000    24.269289
 2765.031980    24.327969
 2765.669430    24.374794
 2766.305910    24.409496
 2766.943600    24.432140
 2767.580320    24.442604
 2768.216800    24.440914
 2768.855220    24.427025
 2769.492190    24.401010
 2770.130860    24.362776
 2770.768070    24.312557
 2771.407230    24.250145
 2772.044680    24.175985
 2772.682130    24.090035
 2773.321780    23.992062
 2773.959720    23.882797
 2774.599370    23.761818
 2775.237550    23.629892
 2775.877690    23.486498
 2776.516360    23.332596
 2777.155030    23.168095
 2777.795170    22.992817
 2778.434330    22.807676
 2779.074950    22.612221
 2779.714360    22.407539
 2780.355470    22.192978
 2780.995120    21.969894
 2781.634770    21.738125
 2782.276120    21.497339
 2782.916260    21.248959
 2783.558110    20.992182
 2784.198490    20.728622
 2784.840330    20.457434
 2785.480960    20.180107
 2786.121830    19.896393
 2786.764400    19.605986
 2787.405270    19.310810
 2788.048100    19.009554
 2788.689450    18.704197
 2789.332520    18.393612
 2789.974370    18.079590
 2790.615970    17.762051
 2791.259770    17.440157
 2791.901610    17.116360
 2792.545410    16.789070
 2793.187990    16.460278
 2793.832030    16.128971
 2794.474850    15.796906
 2795.117680    15.463818
 2795.762210    15.129173
 2796.405520    14.794843
 2797.050290    14.459776
 2797.693600    14.125834
 2798.338870    13.791569
 2798.982420    13.459200
 2799.626460    13.127901
 2800.272220    12.797348
 2800.916260    12.469589
 2801.562260    12.143042
 2802.206790    11.819706
 2802.852780    11.498376
 2803.497560    11.180637
 2804.142580    10.865999
 2804.789310    10.553989
 2805.434330    10.246475
 2806.081300    9.941914
 2806.726810    9.642113
 2807.374020    9.345780
 2808.020020    9.054432
 2808.666020    8.767662
 2809.313480    8.484980
 2809.959960    8.207590
 2810.607910    7.934573
 2811.254390    7.667274
 2811.902830    7.404385
 2812.549560    7.147481
 2813.198240    6.895185
 2813.845210    6.648995
 2814.492680    6.408110
 2815.141600    6.172237
 2815.789310    5.942394
 2816.438720    5.717570
 2817.086430    5.498965
 2817.736080    5.285353
 2818.384520    5.077783
 2819.032710    4.875916
 2819.682620    4.679139
 2820.331300    4.488322
 2820.981930    4.302507
 2821.630620    4.122767
 2822.281490    3.947908
 2822.930660    3.778929
 2823.580080    3.615246
 2824.231200    3.456445
 2824.880860    3.303234
 2825.532230    3.154789
 2826.182370    3.011705
 2826.833980    2.873309
 2827.484380    2.740082
 2828.134770    2.611671
 2828.786870    2.487662
 2829.437740    2.368519
 2830.090090    2.253652
 2830.741210    2.143433
 2831.394040    2.037267
 2832.045410    1.935568
 2832.697020    1.837947
 2833.350100    1.744130
 2834.001950    1.654397
 2834.655520    1.568238
 2835.307620    1.485964
 2835.961180    1.407096
 2836.613770    1.331821
 2837.266360    1.259912
 2837.920410    1.191111
 2838.573490    1.125566
 2839.228030    1.062933
 2839.881100    1.003386
 2840.535890    0.946530
 2841.189450    0.892524
 2841.843020    0.841155
 2842.498540    0.792183
 2843.152340    0.745785
 2843.807860    0.701622
 2844.462160    0.659801
 2845.118160    0.620043
 2845.772710    0.582454
 2846.427250    0.546854
 2847.083740    0.513062
 2847.738770    0.481171
 2848.395260    0.450957
 2849.050540    0.422467
 2849.707760    0.395491
 2850.363280    0.370103
 2851.018800    0.346162
 2851.676270    0.323532
 2852.332280    0.302266
 2852.989990    0.282198
 2853.646480    0.263355
 2854.304440    0.245602
 2854.960940    0.228958
 2855.617920    0.213318
 2856.276370    0.198608
 2856.933350    0.184844
 2857.592290    0.171905
 2858.249760    0.159812
 2858.908940    0.148461
 2859.566650    0.137866
 2860.224370    0.127958
 2860.883790    0.118676
 2861.541750    0.110027
 2862.201900    0.101928
 2862.860350    0.094392
 2863.520510    0.087350
 2864.179200    0.080803
 2864.839840    0.074689
 2865.498780    0.069016
 2866.157960    0.063736
 2866.818850    0.058817
 2867.478520    0.054256
 2868.139650    0.050014
 2868.799320    0.046085
 2869.460940    0.042434
 2870.121090    0.039057
 2870.781490    0.035928
 2871.443360    0.033026
 2872.103760    0.030347
 2872.766360    0.027864
 2873.427000    0.025575
 2874.089600    0.023457
 2874.750730    0.021505
 2875.412110    0.019706
 2876.075440    0.018042
 2876.736820    0.016514
 2877.400390    0.015102
 2878.062260    0.013807
 2878.725830    0.012614
 2879.388180    0.011519
 2880.050540    0.010513
 2880.714600    0.009588
 2881.377440    0.008741
 2882.041750    0.007963
 2882.704830    0.007252
 2883.369380    0.006598
 2884.032960    0.006001
 2884.696530    0.005456
 2885.361330    0.004956
 2886.025390    0.004500
 2886.690920    0.004084
 2887.354980    0.003704
 2888.020510    0.003357
 2888.685060    0.003041
 2889.349610    0.002754
 2890.015870    0.002492
 2890.680910    0.002254
 2891.347410    0.002036
 2892.012700    0.001840
 2892.679200    0.001660
 2893.344970    0.001498
 2894.010500    0.001351
 2894.677730    0.001218
 2895.343510    0.001097
 2896.011470    0.000987
 2896.677490    0.000889
 2897.345460    0.000799
 2898.011960    0.000718
 2898.678960    0.000645
 2899.347170    0.000579
 2900.014160    0.000520
 2900.682860    0.000465
 2901.350100    0.000417
 2902.019530    0.000374
 2902.687010    0.000335
 2903.354740    0.000299
 2904.024410    0.000267
 2904.692380    0.000239
 2905.361820    0.000214
 2906.030520    0.000191
 2906.700680    0.000170
 2907.369140    0.000152
 2908.038090    0.000134
 2908.708500    0.000120
 2909.377930    0.000107
 2910.048830    0.000095
 2910.718260    0.000085
 2911.389650    0.000075
 2912.059330    0.000067
 2912.729250    0.000059
 2913.400630    0.000052
 2914.070800    0.000047
 2914.742920    0.000041
 2915.413570    0.000036
 2916.085690    0.000032
 2916.756590    0.000029
 2917.429200    0.000025
 2918.100340    0.000022
 2918.771730    0.000020
 2919.444580    0.000017
 2920.116210    0.000015
 2920.789550    0.000013
 2921.461670    0.000011
 2922.135500    0.000010
 2922.807370    0.000010
 2923.479740    0.000008
 2924.154050    0.000007
 2924.826660    0.000007
 2925.500980    0.000006
 2926.174070    0.000005
 2926.848880    0.000004
 2927.522220    0.000004
 2928.195800    0.000003
 2928.870850    0.000003
 2929.544920    0.000003
 2930.220460    0.000002
 2930.894530    0.000002
 2931.570310    0.000002
 2932.244630    0.000001
 2932.919190    0.000001
 2933.595700    0.000001
 2934.270260    0.000001
 2934.947270    0.000001
 2935.622310    0.000001
 2936.299070    0.000001
 2936.974850    0.000001
 2937.650390    0.000000
 2938.327880    0.000000
 2939.003660    0.000000
 2939.681400    0.000000
 2940.357670    0.000000
 2941.035640    0.000000
 2941.712160    0.000000
 2942.389160    0.000000
 2943.067630    0.000000
 2943.744630    0.000000
 2944.423580    0.000000
 2945.100830    0.000000
 2945.780030    0.000000
 2946.457760    0.000000
 2947.135500    0.000000
 2947.815190    0.000000
 2948.493410    0.000000
 2949.173100    0.000000
 2949.851560    0.000000
 2950.531980    0.000000
 2951.210450    0.000000
 2951.889650    0.000000
 2952.570070    0.000000
 2953.249270    0.000000
 2953.930660    0.000000
 2954.610110    0.000000
 2955.291500    0.000000
 2955.971190    0.000000
 2956.651120    0.000000
 2957.333010    0.000000
 2958.013180    0.000000
 2958.695560    0.000000
 2959.376220    0.000000
 2960.058350    0.000000
 2960.739500    0.000000
 2961.420410    0.000000
 2962.103520    0.000000
 2962.784910    0.000000
 2963.468020    0.000000
 2964.149900    0.000000
 2964.833500    0.000000
 2965.515380    0.000000
 2966.197750    0.000000
 2966.881590    0.000000
 2967.564210    0.000000
 2968.248540    0.000000
 2968.931150    0.000000
 2969.615720    0.000000
 2970.299070    0.000000
 2970.984130    0.000000
 2971.667480    0.000000
 2972.351070    0.000000
 2973.036620    0.000000
 2973.720700    0.000000
 2974.406250    0.000000
 2975.090580    0.000000
 2975.776610    0.000000
 2976.461180    0.000000
 2977.146000    0.000000
 2977.832280    0.000000
 2978.517580    0.000000
 2979.204350    0.000000
 2979.889650    0.000000
 2980.576660    0.000000
 2981.262210    0.000000
 2981.948240    0.000000
 2982.635990    0.000000
 2983.322020    0.000000
 2984.010010    0.000000
 2984.696530    0.000000
 2985.384770    0.000000
 2986.071530    0.000000
 2986.758540    0.000000
 2987.447270    0.000000
 2988.134770    0.000000
 2988.823490    0.000000
 2989.510990    0.000000
 2990.200440    0.000000
 2990.888180    0.000000
 2991.576170    0.000000
 2992.266360    0.000000
 2992.954830    0.000000
 2993.644780    0.000000
 2994.333500    0.000000
 2995.023930    0.000000
 2995.713130    0.000000
 2996.402100    0.000000
 2997.093020    0.000000
 2997.782710    0.000000
 2998.473880    0.000000
 2999.163570    0.000000
 2999.855470    0.000000
 3000.545410    0.000000
 3001.235600    0.000000
 3001.927730    0.000000
 3002.618410    0.000000
 3003.310550    0.000000
 3004.001710    0.000000
 3004.694340    0.000000
 3005.385740    0.000000
 3006.076900    0.000000
 3006.770020    0.000000
 3007.461670    0.000000
 3008.155270    0.000000
 3008.847410    0.000000
 3009.541260    0.000000
 3010.233400    0.000000
 3010.926270    0.000000
 3011.620360    0.000000
 3012.313230    0.000000
 3013.007810    0.000000
 3013.700930    0.000000
 3014.395750    0.000000
 3015.089360    0.000000
 3015.783200    0.000000
 3016.478270    0.000000
 3017.172610    0.000000
 3017.868160    0.000000
 3018.562260    0.000000
 3019.258540    0.000000
 3019.952880    0.000000
 3020.647950    0.000000
 3021.344480    0.000000
 3022.039310    0.000000
 3022.736330    0.000000
 3023.431640    0.000000
 3024.128660    0.000000
 3024.824460    0.000000
 3025.522220    0.000000
 3026.218020    0.000000
 3026.914310    0.000000
 3027.612300    0.000000
 3028.308840    0.000000
 3029.007080    0.000000
 3029.703860    0.000000
 3030.402590    0.000000
 3031.099850    0.000000
 3031.797120    0.000000
 3032.496090    0.000000
 3033.193600    0.000000
 3033.893310    0.000000
 3034.591060    0.000000
 3035.290770    0.000000
 3035.989010    0.000000
 3036.687740    0.000000
 3037.387700    0.000000
 3038.086670    0.000000
 3038.787350    0.000000
 3039.486080    0.000000
 3040.187260    0.000000
 3040.886470    0.000000
 3041.586180    0.000000
 3042.287350    0.000000
 3042.987550    0.000000
 3043.689210    0.000000
 3044.389160    0.000000
 3045.091060    0.000000
 3045.791750    0.000000
 3046.492430    0.000000
 3047.194820    0.000000
 3047.896000    0.000000
 3048.598880    0.000000
 3049.300050    0.000000
