 2653.384280    0.609884
 2653.996340    0.635723
 2654.606690    0.662385
 2655.217290    0.689974
 2655.829830    0.718594
 2656.440670    0.748095
 2657.053220    0.778664
 2657.664550    0.810178
 2658.277340    0.842798
 2658.888920    0.876404
 2659.500730    0.911094
 2660.114010    0.946963
 2660.725830    0.983863
 2661.339360    1.022005
 2661.951660    1.061230
 2662.565430    1.101732
 2663.177980    1.143354
 2663.790530    1.186195
 2664.404790    1.230401
 2665.017820    1.275781
 2665.632320    1.322552
 2666.245610    1.370531
 2666.860350    1.419945
 2667.473880    1.470597
 2668.089110    1.522747
 2668.702880    1.576143
 2669.316890    1.630945
 2669.932370    1.687282
 2670.546630    1.744922
 2671.162350    1.804132
 2671.776860    1.864665
 2672.393070    1.926824
 2673.007810    1.990298
 2673.622560    2.055244
 2674.239260    2.121883
 2674.854490    2.189853
 2675.471190    2.259484
 2676.086670    2.330478
 2676.703860    2.403178
 2677.319580    2.477212
 2677.935550    2.552783
 2678.552980    2.630044
 2679.169190    2.708659
 2679.786870    2.788966
 2680.403560    2.870646
 2681.021480    2.953981
 2681.638430    3.038669
 2682.255370    3.124828
 2682.873780    3.212658
 2683.490970    3.301763
 2684.109860    3.392551
 2684.727290    3.484542
 2685.346440    3.578189
 2685.964110    3.672990
 2686.582030    3.769182
 2687.201660    3.866974
 2687.819820    3.965837
 2688.439450    4.066212
 2689.057860    4.167633
 2689.677980    4.270548
 2690.296880    4.374438
 2690.915770    4.479466
 2691.536380    4.585889
 2692.155270    4.693078
 2692.776370    4.801668
 2693.395750    4.910931
 2694.016850    5.021423
 2694.636720    5.132573
 2695.256590    5.244546
 2695.877930    5.357556
 2696.498050    5.471062
 2697.119870    5.585539
 2697.740480    5.700391
 2698.362550    5.816054
 2698.983400    5.931965
 2699.604250    6.048286
 2700.226810    6.165271
 2700.847900    6.282256
 2701.470700    6.399769
 2702.092040    6.517137
 2702.715330    6.634934
 2703.337160    6.752440
 2703.958980    6.869853
 2704.582520    6.987419
 2705.204830    7.104506
 2705.828370    7.221493
 2706.450930    7.337885
 2707.074950    7.454057
 2707.697750    7.569425
 2708.320800    7.684177
 2708.945310    7.798450
 2709.568360    7.911623
 2710.193360    8.024228
 2710.816650    8.135521
 2711.441890    8.246063
 2712.065670    8.355166
 2712.689450    8.463000
 2713.314940    8.569771
 2713.939210    8.674887
 2714.565190    8.778753
 2715.189450    8.880716
 2715.815670    8.981286
 2716.440430    9.079826
 2717.066890    9.176752
 2717.691890    9.271488
 2718.317140    9.364213
 2718.943850    9.455019
 2719.569340    9.543433
 2720.196530    9.629789
 2720.822270    9.713570
 2721.449710    9.795123
 2722.075680    9.873958
 2722.702150    9.950254
 2723.329830    10.024020
 2723.956300    10.094894
 2724.584470    10.163145
 2725.211430    10.228382
 2725.839600    10.290797
 2726.466800    10.350110
 2727.093990    10.406363
 2727.722900    10.459641
 2728.350340    10.509622
 2728.979490    10.556508
 2729.607420    10.600032
 2730.236820    10.640329
 2730.864750    10.677178
 2731.493160    10.710662
 2732.122800    10.740768
 2732.751460    10.767365
 2733.381590    10.790521
 2734.010500    10.810112
 2734.640870    10.826199
 2735.270020    10.838695
 2735.899410    10.847625
 2736.530270    10.852978
 2737.159670    10.854727
 2737.790770    10.852874
 2738.420650    10.847424
 2739.052250    10.838352
 2739.682370    10.825710
 2740.312500    10.809495
 2740.944340    10.789659
 2741.575200    10.766303
 2742.207280    10.739363
 2742.838130    10.708972
 2743.470460    10.675024
 2744.101560    10.637700
 2744.732910    10.596950
 2745.365970    10.552709
 2745.997310    10.505256
 2746.630860    10.454340
 2747.262700    10.400323
 2747.896000    10.342985
 2748.528080    10.282619
 2749.160640    10.219134
 2749.794430    10.152498
 2750.427000    10.083035
 2751.061280    10.010484
 2751.694090    9.935277
 2752.328610    9.857104
 2752.961910    9.776400
 2753.595210    9.693090
 2754.230220    9.607017
 2754.863770    9.518690
 2755.499020    9.427747
 2756.132810    9.334723
 2756.768550    9.239202
 2757.402590    9.141817
 2758.036870    9.042361
 2758.673100    8.940648
 2759.307620    8.837351
 2759.943850    8.732006
 2760.578860    8.625183
 2761.215330    8.516528
 2761.850590    8.406588
 2762.487550    8.294950
 2763.123050    8.182260
 2763.758790    8.068316
 2764.396000    7.952986
 2765.031980    7.836849
 2765.669430    7.719510
 2766.305910    7.601508
 2766.943600    7.482531
 2767.580320    7.363077
 2768.216800    7.243104
 2768.855220    7.122286
 2769.492190    7.001359
 2770.130860    6.879809
 2770.768070    6.758327
 2771.407230    6.636347
 2772.044680    6.514655
 2772.682130    6.393006
 2773.321780    6.271064
 2773.959720    6.149654
 2774.599370    6.028205
 2775.237550    5.907395
 2775.877690    5.786654
 2776.516360    5.666699
 2777.155030    5.547325
 2777.795170    5.428329
 2778.434330    5.310236
 2779.074950    5.192656
 2779.714360    5.076146
 2780.355470    4.960237
 2780.995120    4.845557
 2781.634770    4.731900
 2782.276120    4.619018
 2782.916260    4.507481
 2783.558110    4.396827
 2784.198490    4.287651
 2784.840330    4.179498
 2785.480960    4.072864
 2786.121830    3.967539
 2786.764400    3.863328
 2787.405270    3.760819
 2788.048100    3.659461
 2788.689450    3.559823
 2789.332520    3.461441
 2789.974370    3.364791
 2790.615970    3.269741
 2791.259770    3.175961
 2791.901610    3.084073
 2792.545410    2.993535
 2793.187990    2.904810
 2793.832030    2.817541
 2794.474850    2.732102
 2795.117680    2.648335
 2795.762210    2.566030
 2796.405520    2.485567
 2797.050290    2.406612
 2797.693600    2.329528
 2798.338870    2.253903
 2798.982420    2.180164
 2799.626460    2.108052
 2800.272220    2.037432
 2800.916260    1.968669
 2801.562260    1.901364
 2802.206790    1.835866
 2802.852780    1.771864
 2803.497560    1.709612
 2804.142580    1.648950
 2804.789310    1.589731
 2805.434330    1.532253
 2806.081300    1.476172
 2806.726810    1.421768
 2807.374020    1.368754
 2808.020020    1.317350
 2808.666020    1.267435
 2809.313480    1.218878
 2809.959960    1.171840
 2810.607910    1.126122
 2811.254390    1.081907
 2811.902830    1.038939
 2812.549560    0.997434
 2813.198240    0.957134
 2813.845210    0.918241
 2814.492680    0.880592
 2815.141600    0.844112
 2815.789310    0.808925
 2816.438720    0.774844
 2817.086430    0.742024
 2817.736080    0.710253
 2818.384520    0.679659
 2819.032710    0.650167
 2819.682620    0.621662
 2820.331300    0.594251
 2820.981930    0.567770
 2821.630620    0.542355
 2822.281490    0.517814
 2822.930660    0.494270
 2823.580080    0.471624
 2824.231200    0.449802
 2824.880860    0.428885
 2825.532230    0.408746
 2826.182370    0.389451
 2826.833980    0.370896
 2827.484380    0.353133
 2828.134770    0.336103
 2828.786870    0.319741
 2829.437740    0.304097
 2830.090090    0.289084
 2830.741210    0.274742
 2831.394040    0.260985
 2832.045410    0.247858
 2832.697020    0.235305
 2833.350100    0.223282
 2834.001950    0.211821
 2834.655520    0.200849
 2835.307620    0.190401
 2835.961180    0.180412
 2836.613770    0.170900
 2837.266360    0.161834
 2837.920410    0.153175
 2838.573490    0.144941
 2839.228030    0.137085
 2839.881100    0.129625
 2840.535890    0.122510
 2841.189450    0.115757
 2841.843020    0.109338
 2842.498540    0.103220
 2843.152340    0.097425
 2843.807860    0.091910
 2844.462160    0.086686
 2845.118160    0.081717
 2845.772710    0.077018
 2846.427250    0.072561
 2847.083740    0.068328
 2847.738770    0.064326
 2848.395260    0.060531
 2849.050540    0.056945
 2849.707760    0.053543
 2850.363280    0.050335
 2851.018800    0.047302
 2851.676270    0.044429
 2852.332280    0.041720
 2852.989990    0.039158
 2853.646480    0.036743
 2854.304440    0.034461
 2854.960940    0.032313
 2855.617920    0.030288
 2856.276370    0.028376
 2856.933350    0.026578
 2857.592290    0.024881
 2858.249760    0.023288
 2858.908940    0.021785
 2859.566650    0.020374
 2860.224370    0.019050
 2860.883790    0.017801
 2861.541750    0.016631
 2862.201900    0.015529
 2862.860350    0.014497
 2863.520510    0.013527
 2864.179200    0.012619
 2864.839840    0.011765
 2865.498780    0.010968
 2866.157960    0.010221
 2866.818850    0.009520
 2867.478520    0.008864
 2868.139650    0.008249
 2868.799320    0.007676
 2869.460940    0.007139
 2870.121090    0.006638
 2870.781490    0.006169
 2871.443360    0.005732
 2872.103760    0.005323
 2872.766360    0.004941
 2873.427000    0.004586
 2874.089600    0.004254
 2874.750730    0.003945
 2875.412110    0.003658
 2876.075440    0.003389
 2876.736820    0.003139
 2877.400390    0.002907
 2878.062260    0.002691
 2878.725830    0.002490
 2879.388180    0.002303
 2880.050540    0.002130
 2880.714600    0.001968
 2881.377440    0.001819
 2882.041750    0.001679
 2882.704830    0.001551
 2883.369380    0.001431
 2884.032960    0.001321
 2884.696530    0.001218
 2885.361330    0.001122
 2886.025390    0.001035
 2886.690920    0.000953
 2887.354980    0.000877
 2888.020510    0.000808
 2888.685060    0.000744
 2889.349610    0.000684
 2890.015870    0.000628
 2890.680910    0.000578
 2891.347410    0.000531
 2892.012700    0.000488
 2892.679200    0.000448
 2893.344970    0.000411
 2894.010500    0.000378
 2894.677730    0.000346
 2895.343510    0.000318
 2896.011470    0.000291
 2896.677490    0.000266
 2897.345460    0.000244
 2898.011960    0.000223
 2898.678960    0.000204
 2899.347170    0.000187
 2900.014160    0.000171
 2900.682860    0.000156
 2901.350100    0.000143
 2902.019530    0.000131
 2902.687010    0.000119
 2903.354740    0.000109
 2904.024410    0.000099
 2904.692380    0.000091
 2905.361820    0.000082
 2906.030520    0.000075
 2906.700680    0.000069
 2907.369140    0.000062
 2908.038090    0.000057
 2908.708500    0.000051
 2909.377930    0.000047
 2910.048830    0.000043
 2910.718260    0.000039
 2911.389650    0.000035
 2912.059330    0.000032
 2912.729250    0.000030
 2913.400630    0.000027
 2914.070800    0.000024
 2914.742920    0.000022
 2915.413570    0.000020
 2916.085690    0.000018
 2916.756590    0.000016
 2917.429200    0.000014
 2918.100340    0.000013
 2918.771730    0.000012
 2919.444580    0.000010
 2920.116210    0.000010
 2920.789550    0.000009
 2921.461670    0.000008
 2922.135500    0.000008
 2922.807370    0.000007
 2923.479740    0.000006
 2924.154050    0.000006
 2924.826660    0.000005
 2925.500980    0.000005
 2926.174070    0.000004
 2926.848880    0.000004
 2927.522220    0.000003
 2928.195800    0.000003
 2928.870850    0.000003
 2929.544920    0.000002
 2930.220460    0.000002
 2930.894530    0.000002
 2931.570310    0.000002
 2932.244630    0.000002
 2932.919190    0.000001
 2933.595700    0.000001
 2934.270260    0.000001
 2934.947270    0.000001
 2935.622310    0.000001
 2936.299070    0.000001
 2936.974850    0.000001
 2937.650390    0.000001
 2938.327880    0.000001
 2939.003660    0.000001
 2939.681400    0.000000
 2940.357670    0.000000
 2941.035640    0.000000
 2941.712160    0.000000
 2942.389160    0.000000
 2943.067630    0.000000
 2943.744630    0.000000
 2944.423580    0.000000
 2945.100830    0.000000
 2945.780030    0.000000
 2946.457760    0.000000
 2947.135500    0.000000
 2947.815190    0.000000
 2948.493410    0.000000
 2949.173100    0.000000
 2949.851560    0.000000
 2950.531980    0.000000
 2951.210450    0.000000
 2951.889650    0.000000
 2952.570070    0.000000
 2953.249270    0.000000
 2953.930660    0.000000
 2954.610110    0.000000
 2955.291500    0.000000
 2955.971190    0.000000
 2956.651120    0.000000
 2957.333010    0.000000
 2958.013180    0.000000
 2958.695560    0.000000
 2959.376220    0.000000
 2960.058350    0.000000
 2960.739500    0.000000
 2961.420410    0.000000
 2962.103520    0.000000
 2962.784910    0.000000
 2963.468020    0.000000
 2964.149900    0.000000
 2964.833500    0.000000
 2965.515380    0.000000
 2966.197750    0.000000
 2966.881590    0.000000
 2967.564210    0.000000
 2968.248540    0.000000
 2968.931150    0.000000
 2969.615720    0.000000
 2970.299070    0.000000
 2970.984130    0.000000
 2971.667480    0.000000
 2972.351070    0.000000
 2973.036620    0.000000
 2973.720700    0.000000
 2974.406250    0.000000
 2975.090580    0.000000
 2975.776610    0.000000
 2976.461180    0.000000
 2977.146000    0.000000
 2977.832280    0.000000
 2978.517580    0.000000
 2979.204350    0.000000
 2979.889650    0.000000
 2980.576660    0.000000
 2981.262210    0.000000
 2981.948240    0.000000
 2982.635990    0.000000
 2983.322020    0.000000
 2984.010010    0.000000
 2984.696530    0.000000
 2985.384770    0.000000
 2986.071530    0.000000
 2986.758540    0.000000
 2987.447270    0.000000
 2988.134770    0.000000
 2988.823490    0.000000
 2989.510990    0.000000
 2990.200440    0.000000
 2990.888180    0.000000
 2991.576170    0.000000
 2992.266360    0.000000
 2992.954830    0.000000
 2993.644780    0.000000
 2994.333500    0.000000
 2995.023930    0.000000
 2995.713130    0.000000
 2996.402100    0.000000
 2997.093020    0.000000
 2997.782710    0.000000
 2998.473880    0.000000
 2999.163570    0.000000
 2999.855470    0.000000
 3000.545410    0.000000
 3001.235600    0.000000
 3001.927730    0.000000
 3002.618410    0.000000
 3003.310550    0.000000
 3004.001710    0.000000
 3004.694340    0.000000
 3005.385740    0.000000
 3006.076900    0.000000
 3006.770020    0.000000
 3007.461670    0.000000
 3008.155270    0.000000
 3008.847410    0.000000
 3009.541260    0.000000
 3010.233400    0.000000
 3010.926270    0.000000
 3011.620360    0.000000
 3012.313230    0.000000
 3013.007810    0.000000
 3013.700930    0.000000
 3014.395750    0.000000
 3015.089360    0.000000
 3015.783200    0.000000
 3016.478270    0.000000
 3017.172610    0.000000
 3017.868160    0.000000
 3018.562260    0.000000
 3019.258540    0.000000
 3019.952880    0.000000
 3020.647950    0.000000
 3021.344480    0.000000
 3022.039310    0.000000
 3022.736330    0.000000
 3023.431640    0.000000
 3024.128660    0.000000
 3024.824460    0.000000
 3025.522220    0.000000
 3026.218020    0.000000
 3026.914310    0.000000
 3027.612300    0.000000
 3028.308840    0.000000
 3029.007080    0.000000
 3029.703860    0.000000
 3030.402590    0.000000
 3031.099850    0.000000
 3031.797120    0.000000
 3032.496090    0.000000
 3033.193600    0.000000
 3033.893310    0.000000
 3034.591060    0.000000
 3035.290770    0.000000
 3035.989010    0.000000
 3036.687740    0.000000
 3037.387700    0.000000
 3038.086670    0.000000
 3038.787350    0.000000
 3039.486080    0.000000
 3040.187260    0.000000
 3040.886470    0.000000
 3041.586180    0.000000
 3042.287350    0.000000
 3042.987550    0.000000
 3043.689210    0.000000
 3044.389160    0.000000
 3045.091060    0.000000
 3045.791750    0.000000
 3046.492430    0.000000
 3047.194820    0.000000
 3047.896000    0.000000
 3048.598880    0.000000
 3049.300050    0.000000
