 2653.384280    0.000000
 2653.996340    0.000000
 2654.606690    0.000000
 2655.217290    0.000000
 2655.829830    0.000000
 2656.440670    0.000000
 2657.053220    0.000000
 2657.664550    0.000000
 2658.277340    0.000000
 2658.888920    0.000000
 2659.500730    0.000000
 2660.114010    0.000000
 2660.725830    0.000000
 2661.339360    0.000000
 2661.951660    0.000000
 2662.565430    0.000000
 2663.177980    0.000000
 2663.790530    0.000000
 2664.404790    0.000000
 2665.017820    0.000000
 2665.632320    0.000000
 2666.245610    0.000000
 2666.860350    0.000000
 2667.473880    0.000000
 2668.089110    0.000000
 2668.702880    0.000000
 2669.316890    0.000000
 2669.932370    0.000000
 2670.546630    0.000000
 2671.162350    0.000000
 2671.776860    0.000000
 2672.393070    0.000000
 2673.007810    0.000000
 2673.622560    0.000000
 2674.239260    0.000000
 2674.854490    0.000000
 2675.471190    0.000000
 2676.086670    0.000000
 2676.703860    0.000000
 2677.319580    0.000000
 2677.935550    0.000000
 2678.552980    0.000000
 2679.169190    0.000000
 2679.786870    0.000000
 2680.403560    0.000000
 2681.021480    0.000000
 2681.638430    0.000000
 2682.255370    0.000000
 2682.873780    0.000000
 2683.490970    0.000000
 2684.109860    0.000000
 2684.727290    0.000000
 2685.346440    0.000000
 2685.964110    0.000000
 2686.582030    0.000000
 2687.201660    0.000000
 2687.819820    0.000000
 2688.439450    0.000000
 2689.057860    0.000000
 2689.677980    0.000000
 2690.296880    0.000000
 2690.915770    0.000000
 2691.536380    0.000000
 2692.155270    0.000000
 2692.776370    0.000000
 2693.395750    0.000000
 2694.016850    0.000000
 2694.636720    0.000000
 2695.256590    0.000000
 2695.877930    0.000000
 2696.498050    0.000000
 2697.119870    0.000000
 2697.740480    0.000000
 2698.362550    0.000000
 2698.983400    0.000000
 2699.604250    0.000000
 2700.226810    0.000000
 2700.847900    0.000000
 2701.470700    0.000000
 2702.092040    0.000000
 2702.715330    0.000000
 2703.337160    0.000000
 2703.958980    0.000000
 2704.582520    0.000000
 2705.204830    0.000000
 2705.828370    0.000000
 2706.450930    0.000000
 2707.074950    0.000000
 2707.697750    0.000000
 2708.320800    0.000000
 2708.945310    0.000000
 2709.568360    0.000000
 2710.193360    0.000000
 2710.816650    0.000000
 2711.441890    0.000000
 2712.065670    0.000000
 2712.689450    0.000000
 2713.314940    0.000000
 2713.939210    0.000000
 2714.565190    0.000000
 2715.189450    0.000000
 2715.815670    0.000000
 2716.440430    0.000000
 2717.066890    0.000000
 2717.691890    0.000000
 2718.317140    0.000000
 2718.943850    0.000000
 2719.569340    0.000000
 2720.196530    0.000000
 2720.822270    0.000000
 2721.449710    0.000000
 2722.075680    0.000000
 2722.702150    0.000000
 2723.329830    0.000000
 2723.956300    0.000000
 2724.584470    0.000000
 2725.211430    0.000000
 2725.839600    0.000000
 2726.466800    0.000000
 2727.093990    0.000000
 2727.722900    0.000000
 2728.350340    0.000000
 2728.979490    0.000000
 2729.607420    0.000000
 2730.236820    0.000000
 2730.864750    0.000000
 2731.493160    0.000000
 2732.122800    0.000000
 2732.751460    0.000000
 2733.381590    0.000000
 2734.010500    0.000000
 2734.640870    0.000000
 2735.270020    0.000000
 2735.899410    0.000000
 2736.530270    0.000000
 2737.159670    0.000000
 2737.790770    0.000000
 2738.420650    0.000000
 2739.052250    0.000000
 2739.682370    0.000000
 2740.312500    0.000000
 2740.944340    0.000000
 2741.575200    0.000000
 2742.207280    0.000000
 2742.838130    0.000000
 2743.470460    0.000000
 2744.101560    0.000000
 2744.732910    0.000001
 2745.365970    0.000001
 2745.997310    0.000001
 2746.630860    0.000001
 2747.262700    0.000001
 2747.896000    0.000001
 2748.528080    0.000001
 2749.160640    0.000001
 2749.794430    0.000001
 2750.427000    0.000001
 2751.061280    0.000001
 2751.694090    0.000002
 2752.328610    0.000002
 2752.961910    0.000002
 2753.595210    0.000002
 2754.230220    0.000002
 2754.863770    0.000002
 2755.499020    0.000003
 2756.132810    0.000003
 2756.768550    0.000003
 2757.402590    0.000004
 2758.036870    0.000004
 2758.673100    0.000004
 2759.307620    0.000005
 2759.943850    0.000005
 2760.578860    0.000006
 2761.215330    0.000006
 2761.850590    0.000007
 2762.487550    0.000007
 2763.123050    0.000008
 2763.758790    0.000009
 2764.396000    0.000010
 2765.031980    0.000010
 2765.669430    0.000010
 2766.305910    0.000011
 2766.943600    0.000013
 2767.580320    0.000014
 2768.216800    0.000015
 2768.855220    0.000017
 2769.492190    0.000018
 2770.130860    0.000020
 2770.768070    0.000022
 2771.407230    0.000024
 2772.044680    0.000026
 2772.682130    0.000028
 2773.321780    0.000031
 2773.959720    0.000033
 2774.599370    0.000036
 2775.237550    0.000039
 2775.877690    0.000043
 2776.516360    0.000047
 2777.155030    0.000051
 2777.795170    0.000054
 2778.434330    0.000059
 2779.074950    0.000065
 2779.714360    0.000070
 2780.355470    0.000075
 2780.995120    0.000082
 2781.634770    0.000089
 2782.276120    0.000096
 2782.916260    0.000105
 2783.558110    0.000113
 2784.198490    0.000123
 2784.840330    0.000133
 2785.480960    0.000144
 2786.121830    0.000155
 2786.764400    0.000168
 2787.405270    0.000181
 2788.048100    0.000196
 2788.689450    0.000212
 2789.332520    0.000229
 2789.974370    0.000247
 2790.615970    0.000267
 2791.259770    0.000288
 2791.901610    0.000311
 2792.545410    0.000336
 2793.187990    0.000361
 2793.832030    0.000390
 2794.474850    0.000420
 2795.117680    0.000453
 2795.762210    0.000487
 2796.405520    0.000525
 2797.050290    0.000565
 2797.693600    0.000608
 2798.338870    0.000654
 2798.982420    0.000704
 2799.626460    0.000756
 2800.272220    0.000813
 2800.916260    0.000874
 2801.562260    0.000938
 2802.206790    0.001008
 2802.852780    0.001082
 2803.497560    0.001162
 2804.142580    0.001246
 2804.789310    0.001337
 2805.434330    0.001434
 2806.081300    0.001537
 2806.726810    0.001648
 2807.374020    0.001766
 2808.020020    0.001892
 2808.666020    0.002026
 2809.313480    0.002169
 2809.959960    0.002321
 2810.607910    0.002484
 2811.254390    0.002657
 2811.902830    0.002842
 2812.549560    0.003037
 2813.198240    0.003247
 2813.845210    0.003469
 2814.492680    0.003705
 2815.141600    0.003957
 2815.789310    0.004224
 2816.438720    0.004509
 2817.086430    0.004810
 2817.736080    0.005131
 2818.384520    0.005471
 2819.032710    0.005832
 2819.682620    0.006216
 2820.331300    0.006622
 2820.981930    0.007054
 2821.630620    0.007511
 2822.281490    0.007997
 2822.930660    0.008510
 2823.580080    0.009053
 2824.231200    0.009629
 2824.880860    0.010239
 2825.532230    0.010885
 2826.182370    0.011567
 2826.833980    0.012290
 2827.484380    0.013053
 2828.134770    0.013860
 2828.786870    0.014713
 2829.437740    0.015614
 2830.090090    0.016566
 2830.741210    0.017570
 2831.394040    0.018632
 2832.045410    0.019750
 2832.697020    0.020928
 2833.350100    0.022174
 2834.001950    0.023485
 2834.655520    0.024870
 2835.307620    0.026324
 2835.961180    0.027861
 2836.613770    0.029474
 2837.266360    0.031174
 2837.920410    0.032965
 2838.573490    0.034845
 2839.228030    0.036828
 2839.881100    0.038907
 2840.535890    0.041098
 2841.189450    0.043395
 2841.843020    0.045807
 2842.498540    0.048347
 2843.152340    0.051007
 2843.807860    0.053804
 2844.462160    0.056734
 2845.118160    0.059814
 2845.772710    0.063036
 2846.427250    0.066412
 2847.083740    0.069961
 2847.738770    0.073669
 2848.395260    0.077561
 2849.050540    0.081628
 2849.707760    0.085896
 2850.363280    0.090351
 2851.018800    0.095010
 2851.676270    0.099895
 2852.332280    0.104992
 2852.989990    0.110331
 2853.646480    0.115898
 2854.304440    0.121726
 2854.960940    0.127798
 2855.617920    0.134140
 2856.276370    0.140773
 2856.933350    0.147676
 2857.592290    0.154898
 2858.249760    0.162410
 2858.908940    0.170260
 2859.566650    0.178423
 2860.224370    0.186925
 2860.883790    0.195803
 2861.541750    0.205024
 2862.201900    0.214654
 2862.860350    0.224648
 2863.520510    0.235072
 2864.179200    0.245887
 2864.839840    0.257164
 2865.498780    0.268854
 2866.157960    0.281005
 2866.818850    0.293659
 2867.478520    0.306775
 2868.139650    0.320421
 2868.799320    0.334553
 2869.460940    0.349257
 2870.121090    0.364477
 2870.781490    0.380264
 2871.443360    0.396667
 2872.103760    0.413628
 2872.766360    0.431258
 2873.427000    0.449467
 2874.089600    0.468377
 2874.750730    0.487909
 2875.412110    0.508129
 2876.075440    0.529111
 2876.736820    0.550749
 2877.400390    0.573197
 2878.062260    0.596343
 2878.725830    0.620323
 2879.388180    0.645053
 2880.050540    0.670594
 2880.714600    0.697034
 2881.377440    0.724277
 2882.041750    0.752452
 2882.704830    0.781466
 2883.369380    0.811456
 2884.032960    0.842332
 2884.696530    0.874157
 2885.361330    0.907013
 2886.025390    0.940824
 2886.690920    0.975721
 2887.354980    1.011573
 2888.020510    1.048555
 2888.685060    1.086555
 2889.349610    1.125645
 2890.015870    1.165947
 2890.680910    1.207307
 2891.347410    1.249911
 2892.012700    1.293607
 2892.679200    1.338573
 2893.344970    1.384700
 2894.010500    1.432034
 2894.677730    1.480738
 2895.343510    1.530600
 2896.011470    1.581910
 2896.677490    1.634371
 2897.345460    1.688305
 2898.011960    1.743455
 2898.678960    1.799995
 2899.347170    1.858007
 2900.014160    1.917295
 2900.682860    1.978135
 2901.350100    2.040252
 2902.019530    2.104002
 2902.687010    2.169005
 2903.354740    2.235479
 2904.024410    2.303614
 2904.692380    2.373046
 2905.361820    2.444116
 2906.030520    2.516600
 2906.700680    2.590748
 2907.369140    2.666212
 2908.038090    2.743245
 2908.708500    2.821969
 2909.377930    2.902102
 2910.048830    2.983943
 2910.718260    3.067135
 2911.389650    3.152103
 2912.059330    3.238387
 2912.729250    3.326229
 2913.400630    3.415792
 2914.070800    3.506715
 2914.742920    3.599424
 2915.413570    3.693442
 2916.085690    3.789173
 2916.756590    3.886222
 2917.429200    3.985005
 2918.100340    4.085042
 2918.771730    4.186571
 2919.444580    4.289763
 2920.116210    4.394190
 2920.789550    4.500291
 2921.461670    4.607584
 2922.135500    4.716513
 2922.807370    4.826463
 2923.479740    4.937802
 2924.154050    5.050751
 2924.826660    5.164668
 2925.500980    5.280100
 2926.174070    5.396513
 2926.848880    5.514379
 2927.522220    5.633106
 2928.195800    5.752955
 2928.870850    5.874106
 2929.544920    5.996078
 2930.220460    6.119270
 2930.894530    6.243101
 2931.570310    6.368105
 2932.244630    6.493645
 2932.919190    6.619985
 2933.595700    6.747395
 2934.270260    6.875083
 2934.947270    7.003824
 2935.622310    7.132723
 2936.299070    7.262417
 2936.974850    7.392330
 2937.650390    7.522536
 2938.327880    7.653395
 2939.003660    7.784129
 2939.681400    7.915380
 2940.357670    8.046412
 2941.035640    8.177768
 2941.712160    8.308758
 2942.389160    8.439687
 2943.067630    8.570665
 2943.744630    8.701047
 2944.423580    8.831412
 2945.100830    8.960978
 2945.780030    9.090359
 2946.457760    9.218823
 2947.135500    9.346566
 2947.815190    9.473869
 2948.493410    9.600006
 2949.173100    9.725433
 2949.851560    9.849568
 2950.531980    9.972904
 2951.210450    10.094646
 2951.889650    10.215188
 2952.570070    10.334526
 2953.249270    10.452142
 2953.930660    10.568538
 2954.610110    10.682913
 2955.291500    10.795838
 2955.971190    10.906619
 2956.651120    11.015491
 2957.333010    11.122633
 2958.013180    11.227381
 2958.695560    11.330251
 2959.376220    11.430566
 2960.058350    11.528709
 2960.739500    11.624249
 2961.420410    11.717211
 2962.103520    11.807840
 2962.784910    11.895534
 2963.468020    11.980657
 2964.149900    12.062765
 2964.833500    12.142138
 2965.515380    12.218302
 2966.197750    12.291447
 2966.881590    12.361593
 2967.564210    12.428401
 2968.248540    12.492091
 2968.931150    12.552283
 2969.615720    12.609241
 2970.299070    12.662643
 2970.984130    12.712660
 2971.667480    12.758991
 2972.351070    12.801737
 2973.036620    12.840941
 2973.720700    12.876366
 2974.406250    12.908124
 2975.090580    12.936055
 2975.776610    12.960243
 2976.461180    12.980551
 2977.146000    12.997009
 2977.832280    13.009616
 2978.517580    13.018305
 2979.204350    13.023088
 2979.889650    13.023934
 2980.576660    13.020843
 2981.262210    13.013819
 2981.948240    13.002852
 2982.635990    12.987911
 2983.322020    12.969077
 2984.010010    12.946259
 2984.696530    12.919580
 2985.384770    12.888937
 2986.071530    12.854490
 2986.758540    12.816190
 2987.447270    12.773971
 2988.134770    12.728039
 2988.823490    12.678270
 2989.510990    12.624880
 2990.200440    12.567661
 2990.888180    12.506964
 2991.576170    12.442676
 2992.266360    12.374649
 2992.954830    12.303326
 2993.644780    12.228434
 2994.333500    12.150331
 2995.023930    12.068746
 2995.713130    11.984089
 2996.402100    11.896322
 2997.093020    11.805230
 2997.782710    11.711302
 2998.473880    11.614249
 2999.163570    11.514565
 2999.855470    11.411801
 3000.545410    11.306656
 3001.235600    11.198894
 3001.927730    11.088325
 3002.618410    10.975584
 3003.310550    10.860285
 3004.001710    10.742927
 3004.694340    10.623189
 3005.385740    10.501633
 3006.076900    10.378187
 3006.770020    10.252554
 3007.461670    10.125451
 3008.155270    9.996346
 3008.847410    9.865978
 3009.541260    9.733848
 3010.233400    9.600708
 3010.926270    9.466192
 3011.620360    9.330302
 3012.313230    9.193620
 3013.007810    9.055664
 3013.700930    8.917169
 3014.395750    8.777597
 3015.089360    8.637638
 3015.783200    8.497095
 3016.478270    8.355867
 3017.172610    8.214447
 3017.868160    8.072534
 3018.562260    7.930768
 3019.258540    7.788497
 3019.952880    7.646661
 3020.647950    7.504799
 3021.344480    7.362852
 3022.039310    7.221555
 3022.736330    7.080196
 3023.431640    6.939655
 3024.128660    6.799321
 3024.824460    6.659863
 3025.522220    6.520723
 3026.218020    6.382758
 3026.914310    6.245551
 3027.612300    6.108937
 3028.308840    5.973607
 3029.007080    5.839011
 3029.703860    5.705823
 3030.402590    5.573453
 3031.099850    5.442610
 3031.797120    5.313069
 3032.496090    5.184572
 3033.193600    5.057755
 3033.893310    4.932002
 3034.591060    4.808106
 3035.290770    4.685418
 3035.989010    4.564577
 3036.687740    4.445283
 3037.387700    4.327451
 3038.086670    4.211485
 3038.787350    4.096975
 3039.486080    3.984544
 3040.187260    3.873516
 3040.886470    3.764608
 3041.586180    3.657459
 3042.287350    3.551943
 3042.987550    3.448447
 3043.689210    3.346625
 3044.389160    3.246950
 3045.091060    3.148911
 3045.791750    3.052959
 3046.492430    2.958930
 3047.194820    2.866604
 3047.896000    2.776369
 3048.598880    2.687849
 3049.300050    2.601472
