 2653.384280    0.000000
 2653.996340    0.000000
 2654.606690    0.000000
 2655.217290    0.000000
 2655.829830    0.000000
 2656.440670    0.000000
 2657.053220    0.000000
 2657.664550    0.000000
 2658.277340    0.000000
 2658.888920    0.000000
 2659.500730    0.000000
 2660.114010    0.000000
 2660.725830    0.000000
 2661.339360    0.000000
 2661.951660    0.000000
 2662.565430    0.000000
 2663.177980    0.000000
 2663.790530    0.000000
 2664.404790    0.000000
 2665.017820    0.000000
 2665.632320    0.000000
 2666.245610    0.000000
 2666.860350    0.000000
 2667.473880    0.000000
 2668.089110    0.000000
 2668.702880    0.000000
 2669.316890    0.000000
 2669.932370    0.000000
 2670.546630    0.000000
 2671.162350    0.000000
 2671.776860    0.000000
 2672.393070    0.000000
 2673.007810    0.000000
 2673.622560    0.000000
 2674.239260    0.000000
 2674.854490    0.000000
 2675.471190    0.000000
 2676.086670    0.000000
 2676.703860    0.000000
 2677.319580    0.000000
 2677.935550    0.000000
 2678.552980    0.000000
 2679.169190    0.000000
 2679.786870    0.000000
 2680.403560    0.000000
 2681.021480    0.000000
 2681.638430    0.000000
 2682.255370    0.000000
 2682.873780    0.000000
 2683.490970    0.000000
 2684.109860    0.000000
 2684.727290    0.000000
 2685.346440    0.000000
 2685.964110    0.000000
 2686.582030    0.000000
 2687.201660    0.000000
 2687.819820    0.000000
 2688.439450    0.000000
 2689.057860    0.000000
 2689.677980    0.000000
 2690.296880    0.000000
 2690.915770    0.000000
 2691.536380    0.000000
 2692.155270    0.000000
 2692.776370    0.000000
 2693.395750    0.000000
 2694.016850    0.000000
 2694.636720    0.000000
 2695.256590    0.000000
 2695.877930    0.000000
 2696.498050    0.000000
 2697.119870    0.000000
 2697.740480    0.000000
 2698.362550    0.000000
 2698.983400    0.000000
 2699.604250    0.000000
 2700.226810    0.000000
 2700.847900    0.000000
 2701.470700    0.000000
 2702.092040    0.000000
 2702.715330    0.000000
 2703.337160    0.000000
 2703.958980    0.000000
 2704.582520    0.000000
 2705.204830    0.000000
 2705.828370    0.000000
 2706.450930    0.000000
 2707.074950    0.000000
 2707.697750    0.000000
 2708.320800    0.000000
 2708.945310    0.000000
 2709.568360    0.000000
 2710.193360    0.000000
 2710.816650    0.000000
 2711.441890    0.000000
 2712.065670    0.000000
 2712.689450    0.000000
 2713.314940    0.000000
 2713.939210    0.000000
 2714.565190    0.000000
 2715.189450    0.000000
 2715.815670    0.000000
 2716.440430    0.000000
 2717.066890    0.000000
 2717.691890    0.000000
 2718.317140    0.000000
 2718.943850    0.000000
 2719.569340    0.000000
 2720.196530    0.000000
 2720.822270    0.000000
 2721.449710    0.000000
 2722.075680    0.000000
 2722.702150    0.000000
 2723.329830    0.000000
 2723.956300    0.000000
 2724.584470    0.000000
 2725.211430    0.000000
 2725.839600    0.000000
 2726.466800    0.000000
 2727.093990    0.000000
 2727.722900    0.000000
 2728.350340    0.000000
 2728.979490    0.000000
 2729.607420    0.000000
 2730.236820    0.000000
 2730.864750    0.000000
 2731.493160    0.000000
 2732.122800    0.000000
 2732.751460    0.000000
 2733.381590    0.000000
 2734.010500    0.000001
 2734.640870    0.000001
 2735.270020    0.000001
 2735.899410    0.000001
 2736.530270    0.000001
 2737.159670    0.000001
 2737.790770    0.000001
 2738.420650    0.000001
 2739.052250    0.000001
 2739.682370    0.000001
 2740.312500    0.000001
 2740.944340    0.000002
 2741.575200    0.000002
 2742.207280    0.000002
 2742.838130    0.000002
 2743.470460    0.000002
 2744.101560    0.000002
 2744.732910    0.000003
 2745.365970    0.000003
 2745.997310    0.000003
 2746.630860    0.000004
 2747.262700    0.000004
 2747.896000    0.000004
 2748.528080    0.000005
 2749.160640    0.000005
 2749.794430    0.000006
 2750.427000    0.000006
 2751.061280    0.000007
 2751.694090    0.000008
 2752.328610    0.000009
 2752.961910    0.000009
 2753.595210    0.000010
 2754.230220    0.000010
 2754.863770    0.000011
 2755.499020    0.000013
 2756.132810    0.000014
 2756.768550    0.000015
 2757.402590    0.000017
 2758.036870    0.000019
 2758.673100    0.000021
 2759.307620    0.000023
 2759.943850    0.000025
 2760.578860    0.000027
 2761.215330    0.000030
 2761.850590    0.000032
 2762.487550    0.000035
 2763.123050    0.000038
 2763.758790    0.000042
 2764.396000    0.000046
 2765.031980    0.000051
 2765.669430    0.000055
 2766.305910    0.000060
 2766.943600    0.000066
 2767.580320    0.000072
 2768.216800    0.000077
 2768.855220    0.000085
 2769.492190    0.000093
 2770.130860    0.000100
 2770.768070    0.000110
 2771.407230    0.000119
 2772.044680    0.000130
 2772.682130    0.000141
 2773.321780    0.000154
 2773.959720    0.000167
 2774.599370    0.000182
 2775.237550    0.000197
 2775.877690    0.000215
 2776.516360    0.000233
 2777.155030    0.000253
 2777.795170    0.000275
 2778.434330    0.000298
 2779.074950    0.000323
 2779.714360    0.000351
 2780.355470    0.000381
 2780.995120    0.000412
 2781.634770    0.000447
 2782.276120    0.000484
 2782.916260    0.000525
 2783.558110    0.000567
 2784.198490    0.000614
 2784.840330    0.000665
 2785.480960    0.000719
 2786.121830    0.000778
 2786.764400    0.000841
 2787.405270    0.000909
 2788.048100    0.000982
 2788.689450    0.001060
 2789.332520    0.001145
 2789.974370    0.001237
 2790.615970    0.001334
 2791.259770    0.001440
 2791.901610    0.001553
 2792.545410    0.001675
 2793.187990    0.001804
 2793.832030    0.001945
 2794.474850    0.002095
 2795.117680    0.002255
 2795.762210    0.002429
 2796.405520    0.002614
 2797.050290    0.002812
 2797.693600    0.003025
 2798.338870    0.003253
 2798.982420    0.003497
 2799.626460    0.003757
 2800.272220    0.004038
 2800.916260    0.004336
 2801.562260    0.004656
 2802.206790    0.004997
 2802.852780    0.005363
 2803.497560    0.005753
 2804.142580    0.006168
 2804.789310    0.006614
 2805.434330    0.007088
 2806.081300    0.007595
 2806.726810    0.008134
 2807.374020    0.008711
 2808.020020    0.009324
 2808.666020    0.009977
 2809.313480    0.010674
 2809.959960    0.011415
 2810.607910    0.012206
 2811.254390    0.013045
 2811.902830    0.013941
 2812.549560    0.014891
 2813.198240    0.015903
 2813.845210    0.016975
 2814.492680    0.018115
 2815.141600    0.019329
 2815.789310    0.020615
 2816.438720    0.021982
 2817.086430    0.023429
 2817.736080    0.024968
 2818.384520    0.026597
 2819.032710    0.028322
 2819.682620    0.030155
 2820.331300    0.032092
 2820.981930    0.034149
 2821.630620    0.036320
 2822.281490    0.038624
 2822.930660    0.041055
 2823.580080    0.043625
 2824.231200    0.046350
 2824.880860    0.049221
 2825.532230    0.052262
 2826.182370    0.055469
 2826.833980    0.058859
 2827.484380    0.062430
 2828.134770    0.066198
 2828.786870    0.070181
 2829.437740    0.074371
 2830.090090    0.078797
 2830.741210    0.083451
 2831.394040    0.088365
 2832.045410    0.093526
 2832.697020    0.098959
 2833.350100    0.104688
 2834.001950    0.110701
 2834.655520    0.117039
 2835.307620    0.123685
 2835.961180    0.130683
 2836.613770    0.138021
 2837.266360    0.145725
 2837.920410    0.153830
 2838.573490    0.162319
 2839.228030    0.171243
 2839.881100    0.180578
 2840.535890    0.190388
 2841.189450    0.200647
 2841.843020    0.211391
 2842.498540    0.222675
 2843.152340    0.234455
 2843.807860    0.246812
 2844.462160    0.259712
 2845.118160    0.273236
 2845.772710    0.287340
 2846.427250    0.302075
 2847.083740    0.317513
 2847.738770    0.333597
 2848.395260    0.350422
 2849.050540    0.367945
 2849.707760    0.386277
 2850.363280    0.405342
 2851.018800    0.425214
 2851.676270    0.445981
 2852.332280    0.467565
 2852.989990    0.490096
 2853.646480    0.513506
 2854.304440    0.537919
 2854.960940    0.563255
 2855.617920    0.589619
 2856.276370    0.617083
 2856.933350    0.645556
 2857.592290    0.675220
 2858.249760    0.705951
 2858.908940    0.737933
 2859.566650    0.771044
 2860.224370    0.805386
 2860.883790    0.841086
 2861.541750    0.878007
 2862.201900    0.916389
 2862.860350    0.956042
 2863.520510    0.997205
 2864.179200    1.039715
 2864.839840    1.083828
 2865.498780    1.129336
 2866.157960    1.176403
 2866.818850    1.225174
 2867.478520    1.275470
 2868.139650    1.327531
 2868.799320    1.381161
 2869.460940    1.436673
 2870.121090    1.493818
 2870.781490    1.552771
 2871.443360    1.613682
 2872.103760    1.676315
 2872.766360    1.741054
 2873.427000    1.807525
 2874.089600    1.876154
 2874.750730    1.946620
 2875.412110    2.019131
 2876.075440    2.093914
 2876.736820    2.170558
 2877.400390    2.249574
 2878.062260    2.330526
 2878.725830    2.413859
 2879.388180    2.499235
 2880.050540    2.586828
 2880.714600    2.676897
 2881.377440    2.769069
 2882.041750    2.863741
 2882.704830    2.960550
 2883.369380    3.059910
 2884.032960    3.161473
 2884.696530    3.265403
 2885.361330    3.371906
 2886.025390    3.480690
 2886.690920    3.592127
 2887.354980    3.705736
 2888.020510    3.822025
 2888.685060    3.940577
 2889.349610    4.061562
 2890.015870    4.185304
 2890.680910    4.311260
 2891.347410    4.439938
 2892.012700    4.570816
 2892.679200    4.704368
 2893.344970    4.840195
 2894.010500    4.978379
 2894.677730    5.119321
 2895.343510    5.262336
 2896.011470    5.408194
 2896.677490    5.555972
 2897.345460    5.706510
 2898.011960    5.859015
 2898.678960    6.013900
 2899.347170    6.171314
 2900.014160    6.330645
 2900.682860    6.492560
 2901.350100    6.656252
 2902.019530    6.822581
 2902.687010    6.990473
 2903.354740    7.160425
 2904.024410    7.332829
 2904.692380    7.506695
 2905.361820    7.682787
 2906.030520    7.860477
 2906.700680    8.040285
 2907.369140    8.221299
 2908.038090    8.404045
 2908.708500    8.588721
 2909.377930    8.774592
 2910.048830    8.962257
 2910.718260    9.150823
 2911.389650    9.341172
 2912.059330    9.532187
 2912.729250    9.724338
 2913.400630    9.917892
 2914.070800    10.111983
 2914.742920    10.307443
 2915.413570    10.503185
 2916.085690    10.699972
 2916.756590    10.896916
 2917.429200    11.094781
 2918.100340    11.292528
 2918.771730    11.490560
 2919.444580    11.689132
 2920.116210    11.887344
 2920.789550    12.085955
 2921.461670    12.283986
 2922.135500    12.482196
 2922.807370    12.679388
 2923.479740    12.876174
 2924.154050    13.072858
 2924.826660    13.268259
 2925.500980    13.463258
 2926.174070    13.656884
 2926.848880    13.849861
 2927.522220    14.041166
 2928.195800    14.231170
 2928.870850    14.420090
 2929.544920    14.607122
 2930.220460    14.792827
 2930.894530    14.976279
 2931.570310    15.158221
 2932.244630    15.337681
 2932.919190    15.515003
 2933.595700    15.690504
 2934.270260    15.863057
 2934.947270    16.033670
 2935.622310    16.201118
 2936.299070    16.366199
 2936.974850    16.528137
 2937.650390    16.687010
 2938.327880    16.843210
 2939.003660    16.995789
 2939.681400    17.145462
 2940.357670    17.291368
 2941.035640    17.434095
 2941.712160    17.572861
 2942.389160    17.707989
 2943.067630    17.839554
 2943.744630    17.966902
 2944.423580    18.090580
 2945.100830    18.209827
 2945.780030    18.325205
 2946.457760    18.436052
 2947.135500    18.542534
 2947.815190    18.644869
 2948.493410    18.742464
 2949.173100    18.835672
 2949.851560    18.924053
 2950.531980    19.007954
 2951.210450    19.086834
 2951.889650    19.160959
 2952.570070    19.230312
 2953.249270    19.294596
 2953.930660    19.354082
 2954.610110    19.408356
 2955.291500    19.457701
 2955.971190    19.501808
 2956.651120    19.540802
 2957.333010    19.574720
 2958.013180    19.603359
 2958.695560    19.626862
 2959.376220    19.645069
 2960.058350    19.658064
 2960.739500    19.665791
 2961.420410    19.668262
 2962.103520    19.665476
 2962.784910    19.657440
 2963.468020    19.644129
 2964.149900    19.625610
 2964.833500    19.601812
 2965.515380    19.572880
 2966.197750    19.538759
 2966.881590    19.499405
 2967.564210    19.455009
 2968.248540    19.405409
 2968.931150    19.350895
 2969.615720    19.291216
 2970.299070    19.226690
 2970.984130    19.157089
 2971.667480    19.082819
 2972.351070    19.003731
 2973.036620    18.919680
 2973.720700    18.831137
 2974.406250    18.737799
 2975.090580    18.640095
 2975.776610    18.537683
 2976.461180    18.431112
 2977.146000    18.320210
 2977.832280    18.204842
 2978.517580    18.085506
 2979.204350    17.961864
 2979.889650    17.834532
 2980.576660    17.703014
 2981.262210    17.568014
 2981.948240    17.429253
 2982.635990    17.286570
 2983.322020    17.140772
 2984.010010    16.991192
 2984.696530    16.838671
 2985.384770    16.682613
 2986.071530    16.523849
 2986.758540    16.362103
 2987.447270    16.197128
 2988.134770    16.029736
 2988.823490    15.859449
 2989.510990    15.686992
 2990.200440    15.511677
 2990.888180    15.334554
 2991.576170    15.155242
 2992.266360    14.973341
 2992.954830    14.790001
 2993.644780    14.604496
 2994.333500    14.417664
 2995.023930    14.228828
 2995.713130    14.038911
 2996.402100    13.847762
 2997.093020    13.654892
 2997.782710    13.461299
 2998.473880    13.266345
 2999.163570    13.070977
 2999.855470    12.874269
 3000.545410    12.677519
 3001.235600    12.480215
 3001.927730    12.281980
 3002.618410    12.083903
 3003.310550    11.885254
 3004.001710    11.686844
 3004.694340    11.488080
 3005.385740    11.289837
 3006.076900    11.091940
 3006.770020    10.893862
 3007.461670    10.696679
 3008.155270    10.499518
 3008.847410    10.303450
 3009.541260    10.107665
 3010.233400    9.913225
 3010.926270    9.719529
 3011.620360    9.526535
 3012.313230    9.335004
 3013.007810    9.144214
 3013.700930    8.955115
 3014.395750    8.766920
 3015.089360    8.580503
 3015.783200    8.395536
 3016.478270    8.211837
 3017.172610    8.029990
 3017.868160    7.849550
 3018.562260    7.671277
 3019.258540    7.494291
 3019.952880    7.319708
 3020.647950    7.146899
 3021.344480    6.975744
 3022.039310    6.807071
 3022.736330    6.639978
 3023.431640    6.475451
 3024.128660    6.312719
 3024.824460    6.152506
 3025.522220    5.994123
 3026.218020    5.838487
 3026.914310    5.685074
 3027.612300    5.533654
 3028.308840    5.384943
 3029.007080    5.238287
 3029.703860    5.094369
 3030.402590    4.952508
 3031.099850    4.813412
 3031.797120    4.676795
 3032.496090    4.542340
 3033.193600    4.410667
 3033.893310    4.281094
 3034.591060    4.154392
 3035.290770    4.029854
 3035.989010    3.908090
 3036.687740    3.788749
 3037.387700    3.671711
 3038.086670    3.557336
 3038.787350    3.445180
 3039.486080    3.335817
 3040.187260    3.228548
 3040.886470    3.124033
 3041.586180    3.021883
 3042.287350    2.921949
 3042.987550    2.824560
 3043.689210    2.729359
 3044.389160    2.636753
 3045.091060    2.546234
 3045.791750    2.458190
 3046.492430    2.372437
 3047.194820    2.288745
 3047.896000    2.207438
 3048.598880    2.128149
 3049.300050    2.051233
