 2653.384280    0.113803
 2653.996340    0.121333
 2654.606690    0.129279
 2655.217290    0.137689
 2655.829830    0.146608
 2656.440670    0.156009
 2657.053220    0.165967
 2657.664550    0.176460
 2658.277340    0.187560
 2658.888920    0.199245
 2659.500730    0.211569
 2660.114010    0.224587
 2660.725830    0.238266
 2661.339360    0.252708
 2661.951660    0.267875
 2662.565430    0.283864
 2663.177980    0.300640
 2663.790530    0.318266
 2664.404790    0.336828
 2665.017820    0.356276
 2665.632320    0.376728
 2666.245610    0.398134
 2666.860350    0.420625
 2667.473880    0.444139
 2668.089110    0.468831
 2668.702880    0.494612
 2669.316890    0.521589
 2669.932370    0.549863
 2670.546630    0.579350
 2671.162350    0.610223
 2671.776860    0.642387
 2672.393070    0.676043
 2673.007810    0.711056
 2673.622560    0.747551
 2674.239260    0.785690
 2674.854490    0.825309
 2675.471190    0.866638
 2676.086670    0.909541
 2676.703860    0.954267
 2677.319580    1.000628
 2677.935550    1.048788
 2678.552980    1.098894
 2679.169190    1.150768
 2679.786870    1.204679
 2680.403560    1.260452
 2681.021480    1.318327
 2681.638430    1.378136
 2682.255370    1.440003
 2682.873780    1.504119
 2683.490970    1.570239
 2684.109860    1.638709
 2684.727290    1.709210
 2685.346440    1.782133
 2685.964110    1.857131
 2686.582030    1.934426
 2687.201660    2.014235
 2687.819820    2.096167
 2688.439450    2.180626
 2689.057860    2.267261
 2689.677980    2.356493
 2690.296880    2.447909
 2690.915770    2.541688
 2691.536380    2.638095
 2692.155270    2.736596
 2692.776370    2.837807
 2693.395750    2.941081
 2694.016850    3.046974
 2694.636720    3.154967
 2695.256590    3.265242
 2695.877930    3.378037
 2696.498050    3.492831
 2697.119870    3.610133
 2697.740480    3.729347
 2698.362550    3.850942
 2698.983400    3.974340
 2699.604250    4.099720
 2700.226810    4.227370
 2700.847900    4.356572
 2701.470700    4.487913
 2702.092040    4.620644
 2702.715330    4.755412
 2703.337160    4.891390
 2703.958980    5.028797
 2704.582520    5.167914
 2705.204830    5.307985
 2705.828370    5.449446
 2706.450930    5.591683
 2707.074950    5.735133
 2707.697750    5.879053
 2708.320800    6.023647
 2708.945310    6.169066
 2709.568360    6.314487
 2710.193360    6.460563
 2710.816650    6.606287
 2711.441890    6.752366
 2712.065670    6.897841
 2712.689450    7.042895
 2713.314940    7.187762
 2713.939210    7.331595
 2714.565190    7.474899
 2715.189450    7.616720
 2715.815670    7.757716
 2716.440430    7.896939
 2717.066890    8.034923
 2717.691890    8.170786
 2718.317140    8.304728
 2718.943850    8.436825
 2719.569340    8.566333
 2720.196530    8.693673
 2720.822270    8.818026
 2721.449710    8.939844
 2722.075680    9.058336
 2722.702150    9.173709
 2723.329830    9.285913
 2723.956300    9.394346
 2724.584470    9.499352
 2725.211430    9.600272
 2725.839600    9.697347
 2726.466800    9.790086
 2727.093990    9.878496
 2727.722900    9.962663
 2728.350340    10.042025
 2728.979490    10.116853
 2729.607420    10.186671
 2730.236820    10.251660
 2730.864750    10.311414
 2731.493160    10.366026
 2732.122800    10.415450
 2732.751460    10.459427
 2733.381590    10.498045
 2734.010500    10.531067
 2734.640870    10.558574
 2735.270020    10.580396
 2735.899410    10.596557
 2736.530270    10.607035
 2737.159670    10.611758
 2737.790770    10.610735
 2738.420650    10.603961
 2739.052250    10.591403
 2739.682370    10.573138
 2740.312500    10.549170
 2740.944340    10.519447
 2741.575200    10.484126
 2742.207280    10.443137
 2742.838130    10.396702
 2743.470460    10.344690
 2744.101560    10.287399
 2744.732910    10.224802
 2745.365970    10.156823
 2745.997310    10.083939
 2746.630860    10.005802
 2747.262700    9.923014
 2747.896000    9.835289
 2748.528080    9.743132
 2749.160640    9.646445
 2749.794430    9.545247
 2750.427000    9.440081
 2751.061280    9.330616
 2751.694090    9.217565
 2752.328610    9.100525
 2752.961910    8.980208
 2753.595210    8.856570
 2754.230220    8.729446
 2754.863770    8.599652
 2755.499020    8.466725
 2756.132810    8.331515
 2756.768550    8.193482
 2757.402590    8.053610
 2758.036870    7.911667
 2758.673100    7.767456
 2759.307620    7.621994
 2759.943850    7.474692
 2760.578860    7.326416
 2761.215330    7.176730
 2761.850590    7.026450
 2762.487550    6.875068
 2763.123050    6.723521
 2763.758790    6.571582
 2764.396000    6.419136
 2765.031980    6.266995
 2765.669430    6.114688
 2766.305910    5.962963
 2766.943600    5.811456
 2767.580320    5.660846
 2768.216800    5.511106
 2768.855220    5.361869
 2769.492190    5.214076
 2770.130860    5.067122
 2770.768070    4.921872
 2771.407230    4.777666
 2772.044680    4.635451
 2772.682130    4.494949
 2773.321780    4.355790
 2773.959720    4.218922
 2774.599370    4.083706
 2775.237550    3.950899
 2775.877690    3.819872
 2776.516360    3.691401
 2777.155030    3.565249
 2777.795170    3.441197
 2778.434330    3.319776
 2779.074950    3.200572
 2779.714360    3.084132
 2780.355470    2.969961
 2780.995120    2.858657
 2781.634770    2.749982
 2782.276120    2.643678
 2782.916260    2.540246
 2783.558110    2.439230
 2784.198490    2.341134
 2784.840330    2.245509
 2785.480960    2.152754
 2786.121830    2.062642
 2786.764400    1.974967
 2787.405270    1.890179
 2788.048100    1.807773
 2788.689450    1.728168
 2789.332520    1.650944
 2789.974370    1.576426
 2790.615970    1.504457
 2791.259770    1.434739
 2791.901610    1.367685
 2792.545410    1.302846
 2793.187990    1.240502
 2793.832030    1.180349
 2794.474850    1.122593
 2795.117680    1.067068
 2795.762210    1.013586
 2796.405520    0.962343
 2797.050290    0.913074
 2797.693600    0.865948
 2798.338870    0.820665
 2798.982420    0.777429
 2799.626460    0.736032
 2800.272220    0.696351
 2800.916260    0.658540
 2801.562260    0.622332
 2802.206790    0.587863
 2802.852780    0.554924
 2803.497560    0.523599
 2804.142580    0.493758
 2804.789310    0.465287
 2805.434330    0.438286
 2806.081300    0.412548
 2806.726810    0.388162
 2807.374020    0.364956
 2808.020020    0.342988
 2808.666020    0.322166
 2809.313480    0.302399
 2809.959960    0.283715
 2810.607910    0.266002
 2811.254390    0.249293
 2811.902830    0.233460
 2812.549560    0.218552
 2813.198240    0.204442
 2813.845210    0.191173
 2814.492680    0.178658
 2815.141600    0.166845
 2815.789310    0.155749
 2816.438720    0.145285
 2817.086430    0.135475
 2817.736080    0.126232
 2818.384520    0.117572
 2819.032710    0.109449
 2819.682620    0.101813
 2820.331300    0.094671
 2820.981930    0.087963
 2821.630620    0.081704
 2822.281490    0.075831
 2822.930660    0.070355
 2823.580080    0.065238
 2824.231200    0.060449
 2824.880860    0.055990
 2825.532230    0.051822
 2826.182370    0.047946
 2826.833980    0.044327
 2827.484380    0.040966
 2828.134770    0.037839
 2828.786870    0.034925
 2829.437740    0.032224
 2830.090090    0.029709
 2830.741210    0.027380
 2831.394040    0.025215
 2832.045410    0.023213
 2832.697020    0.021358
 2833.350100    0.019637
 2834.001950    0.018048
 2834.655520    0.016575
 2835.307620    0.015217
 2835.961180    0.013960
 2836.613770    0.012802
 2837.266360    0.011734
 2837.920410    0.010747
 2838.573490    0.009839
 2839.228030    0.009001
 2839.881100    0.008231
 2840.535890    0.007523
 2841.189450    0.006872
 2841.843020    0.006274
 2842.498540    0.005724
 2843.152340    0.005220
 2843.807860    0.004758
 2844.462160    0.004334
 2845.118160    0.003945
 2845.772710    0.003591
 2846.427250    0.003265
 2847.083740    0.002968
 2847.738770    0.002696
 2848.395260    0.002447
 2849.050540    0.002221
 2849.707760    0.002014
 2850.363280    0.001825
 2851.018800    0.001655
 2851.676270    0.001497
 2852.332280    0.001355
 2852.989990    0.001225
 2853.646480    0.001108
 2854.304440    0.001000
 2854.960940    0.000904
 2855.617920    0.000815
 2856.276370    0.000735
 2856.933350    0.000663
 2857.592290    0.000597
 2858.249760    0.000538
 2858.908940    0.000484
 2859.566650    0.000435
 2860.224370    0.000391
 2860.883790    0.000352
 2861.541750    0.000316
 2862.201900    0.000283
 2862.860350    0.000254
 2863.520510    0.000228
 2864.179200    0.000204
 2864.839840    0.000183
 2865.498780    0.000163
 2866.157960    0.000146
 2866.818850    0.000131
 2867.478520    0.000116
 2868.139650    0.000104
 2868.799320    0.000093
 2869.460940    0.000083
 2870.121090    0.000074
 2870.781490    0.000066
 2871.443360    0.000059
 2872.103760    0.000052
 2872.766360    0.000047
 2873.427000    0.000041
 2874.089600    0.000036
 2874.750730    0.000032
 2875.412110    0.000029
 2876.075440    0.000026
 2876.736820    0.000023
 2877.400390    0.000020
 2878.062260    0.000018
 2878.725830    0.000016
 2879.388180    0.000014
 2880.050540    0.000012
 2880.714600    0.000010
 2881.377440    0.000010
 2882.041750    0.000009
 2882.704830    0.000008
 2883.369380    0.000007
 2884.032960    0.000006
 2884.696530    0.000005
 2885.361330    0.000005
 2886.025390    0.000004
 2886.690920    0.000004
 2887.354980    0.000003
 2888.020510    0.000003
 2888.685060    0.000002
 2889.349610    0.000002
 2890.015870    0.000002
 2890.680910    0.000002
 2891.347410    0.000001
 2892.012700    0.000001
 2892.679200    0.000001
 2893.344970    0.000001
 2894.010500    0.000001
 2894.677730    0.000001
 2895.343510    0.000001
 2896.011470    0.000001
 2896.677490    0.000000
 2897.345460    0.000000
 2898.011960    0.000000
 2898.678960    0.000000
 2899.347170    0.000000
 2900.014160    0.000000
 2900.682860    0.000000
 2901.350100    0.000000
 2902.019530    0.000000
 2902.687010    0.000000
 2903.354740    0.000000
 2904.024410    0.000000
 2904.692380    0.000000
 2905.361820    0.000000
 2906.030520    0.000000
 2906.700680    0.000000
 2907.369140    0.000000
 2908.038090    0.000000
 2908.708500    0.000000
 2909.377930    0.000000
 2910.048830    0.000000
 2910.718260    0.000000
 2911.389650    0.000000
 2912.059330    0.000000
 2912.729250    0.000000
 2913.400630    0.000000
 2914.070800    0.000000
 2914.742920    0.000000
 2915.413570    0.000000
 2916.085690    0.000000
 2916.756590    0.000000
 2917.429200    0.000000
 2918.100340    0.000000
 2918.771730    0.000000
 2919.444580    0.000000
 2920.116210    0.000000
 2920.789550    0.000000
 2921.461670    0.000000
 2922.135500    0.000000
 2922.807370    0.000000
 2923.479740    0.000000
 2924.154050    0.000000
 2924.826660    0.000000
 2925.500980    0.000000
 2926.174070    0.000000
 2926.848880    0.000000
 2927.522220    0.000000
 2928.195800    0.000000
 2928.870850    0.000000
 2929.544920    0.000000
 2930.220460    0.000000
 2930.894530    0.000000
 2931.570310    0.000000
 2932.244630    0.000000
 2932.919190    0.000000
 2933.595700    0.000000
 2934.270260    0.000000
 2934.947270    0.000000
 2935.622310    0.000000
 2936.299070    0.000000
 2936.974850    0.000000
 2937.650390    0.000000
 2938.327880    0.000000
 2939.003660    0.000000
 2939.681400    0.000000
 2940.357670    0.000000
 2941.035640    0.000000
 2941.712160    0.000000
 2942.389160    0.000000
 2943.067630    0.000000
 2943.744630    0.000000
 2944.423580    0.000000
 2945.100830    0.000000
 2945.780030    0.000000
 2946.457760    0.000000
 2947.135500    0.000000
 2947.815190    0.000000
 2948.493410    0.000000
 2949.173100    0.000000
 2949.851560    0.000000
 2950.531980    0.000000
 2951.210450    0.000000
 2951.889650    0.000000
 2952.570070    0.000000
 2953.249270    0.000000
 2953.930660    0.000000
 2954.610110    0.000000
 2955.291500    0.000000
 2955.971190    0.000000
 2956.651120    0.000000
 2957.333010    0.000000
 2958.013180    0.000000
 2958.695560    0.000000
 2959.376220    0.000000
 2960.058350    0.000000
 2960.739500    0.000000
 2961.420410    0.000000
 2962.103520    0.000000
 2962.784910    0.000000
 2963.468020    0.000000
 2964.149900    0.000000
 2964.833500    0.000000
 2965.515380    0.000000
 2966.197750    0.000000
 2966.881590    0.000000
 2967.564210    0.000000
 2968.248540    0.000000
 2968.931150    0.000000
 2969.615720    0.000000
 2970.299070    0.000000
 2970.984130    0.000000
 2971.667480    0.000000
 2972.351070    0.000000
 2973.036620    0.000000
 2973.720700    0.000000
 2974.406250    0.000000
 2975.090580    0.000000
 2975.776610    0.000000
 2976.461180    0.000000
 2977.146000    0.000000
 2977.832280    0.000000
 2978.517580    0.000000
 2979.204350    0.000000
 2979.889650    0.000000
 2980.576660    0.000000
 2981.262210    0.000000
 2981.948240    0.000000
 2982.635990    0.000000
 2983.322020    0.000000
 2984.010010    0.000000
 2984.696530    0.000000
 2985.384770    0.000000
 2986.071530    0.000000
 2986.758540    0.000000
 2987.447270    0.000000
 2988.134770    0.000000
 2988.823490    0.000000
 2989.510990    0.000000
 2990.200440    0.000000
 2990.888180    0.000000
 2991.576170    0.000000
 2992.266360    0.000000
 2992.954830    0.000000
 2993.644780    0.000000
 2994.333500    0.000000
 2995.023930    0.000000
 2995.713130    0.000000
 2996.402100    0.000000
 2997.093020    0.000000
 2997.782710    0.000000
 2998.473880    0.000000
 2999.163570    0.000000
 2999.855470    0.000000
 3000.545410    0.000000
 3001.235600    0.000000
 3001.927730    0.000000
 3002.618410    0.000000
 3003.310550    0.000000
 3004.001710    0.000000
 3004.694340    0.000000
 3005.385740    0.000000
 3006.076900    0.000000
 3006.770020    0.000000
 3007.461670    0.000000
 3008.155270    0.000000
 3008.847410    0.000000
 3009.541260    0.000000
 3010.233400    0.000000
 3010.926270    0.000000
 3011.620360    0.000000
 3012.313230    0.000000
 3013.007810    0.000000
 3013.700930    0.000000
 3014.395750    0.000000
 3015.089360    0.000000
 3015.783200    0.000000
 3016.478270    0.000000
 3017.172610    0.000000
 3017.868160    0.000000
 3018.562260    0.000000
 3019.258540    0.000000
 3019.952880    0.000000
 3020.647950    0.000000
 3021.344480    0.000000
 3022.039310    0.000000
 3022.736330    0.000000
 3023.431640    0.000000
 3024.128660    0.000000
 3024.824460    0.000000
 3025.522220    0.000000
 3026.218020    0.000000
 3026.914310    0.000000
 3027.612300    0.000000
 3028.308840    0.000000
 3029.007080    0.000000
 3029.703860    0.000000
 3030.402590    0.000000
 3031.099850    0.000000
 3031.797120    0.000000
 3032.496090    0.000000
 3033.193600    0.000000
 3033.893310    0.000000
 3034.591060    0.000000
 3035.290770    0.000000
 3035.989010    0.000000
 3036.687740    0.000000
 3037.387700    0.000000
 3038.086670    0.000000
 3038.787350    0.000000
 3039.486080    0.000000
 3040.187260    0.000000
 3040.886470    0.000000
 3041.586180    0.000000
 3042.287350    0.000000
 3042.987550    0.000000
 3043.689210    0.000000
 3044.389160    0.000000
 3045.091060    0.000000
 3045.791750    0.000000
 3046.492430    0.000000
 3047.194820    0.000000
 3047.896000    0.000000
 3048.598880    0.000000
 3049.300050    0.000000
