 2653.384280    0.000002
 2653.996340    0.000002
 2654.606690    0.000002
 2655.217290    0.000003
 2655.829830    0.000004
 2656.440670    0.000004
 2657.053220    0.000005
 2657.664550    0.000007
 2658.277340    0.000008
 2658.888920    0.000010
 2659.500730    0.000011
 2660.114010    0.000014
 2660.725830    0.000017
 2661.339360    0.000020
 2661.951660    0.000025
 2662.565430    0.000030
 2663.177980    0.000036
 2663.790530    0.000044
 2664.404790    0.000052
 2665.017820    0.000063
 2665.632320    0.000075
 2666.245610    0.000090
 2666.860350    0.000108
 2667.473880    0.000128
 2668.089110    0.000153
 2668.702880    0.000181
 2669.316890    0.000215
 2669.932370    0.000255
 2670.546630    0.000300
 2671.162350    0.000355
 2671.776860    0.000418
 2672.393070    0.000492
 2673.007810    0.000578
 2673.622560    0.000677
 2674.239260    0.000792
 2674.854490    0.000925
 2675.471190    0.001080
 2676.086670    0.001257
 2676.703860    0.001461
 2677.319580    0.001696
 2677.935550    0.001964
 2678.552980    0.002272
 2679.169190    0.002622
 2679.786870    0.003023
 2680.403560    0.003478
 2681.021480    0.003996
 2681.638430    0.004582
 2682.255370    0.005246
 2682.873780    0.005998
 2683.490970    0.006844
 2684.109860    0.007798
 2684.727290    0.008868
 2685.346440    0.010073
 2685.964110    0.011417
 2686.582030    0.012921
 2687.201660    0.014604
 2687.819820    0.016473
 2688.439450    0.018557
 2689.057860    0.020864
 2689.677980    0.023429
 2690.296880    0.026260
 2690.915770    0.029387
 2691.536380    0.032843
 2692.155270    0.036636
 2692.776370    0.040818
 2693.395750    0.045393
 2694.016850    0.050416
 2694.636720    0.055898
 2695.256590    0.061880
 2695.877930    0.068416
 2696.498050    0.075513
 2697.119870    0.083244
 2697.740480    0.091614
 2698.362550    0.100702
 2698.983400    0.110511
 2699.604250    0.121104
 2700.226810    0.132559
 2700.847900    0.144867
 2701.470700    0.158139
 2702.092040    0.172361
 2702.715330    0.187665
 2703.337160    0.204022
 2703.958980    0.221523
 2704.582520    0.240280
 2705.204830    0.260264
 2705.828370    0.281618
 2706.450930    0.304331
 2707.074950    0.328559
 2707.697750    0.354268
 2708.320800    0.381586
 2708.945310    0.410648
 2709.568360    0.441394
 2710.193360    0.474075
 2710.816650    0.508585
 2711.441890    0.545213
 2712.065670    0.583854
 2712.689450    0.624683
 2713.314940    0.667922
 2713.939210    0.713473
 2714.565190    0.761661
 2715.189450    0.812331
 2715.815670    0.865902
 2716.440430    0.922202
 2717.066890    0.981646
 2717.691890    1.044061
 2718.317140    1.109741
 2718.943850    1.178965
 2719.569340    1.251577
 2720.196530    1.328063
 2720.822270    1.408181
 2721.449710    1.492485
 2722.075680    1.580694
 2722.702150    1.673219
 2723.329830    1.770324
 2723.956300    1.871770
 2724.584470    1.978169
 2725.211430    2.089158
 2725.839600    2.205283
 2726.466800    2.326250
 2727.093990    2.452328
 2727.722900    2.583962
 2728.350340    2.720555
 2728.979490    2.862845
 2729.607420    3.010199
 2730.236820    3.163249
 2730.864750    3.321260
 2731.493160    3.484657
 2732.122800    3.653568
 2732.751460    3.827292
 2733.381590    4.006362
 2734.010500    4.189834
 2734.640870    4.378272
 2735.270020    4.570615
 2735.899410    4.767005
 2736.530270    4.967500
 2737.159670    5.170790
 2737.790770    5.377481
 2738.420650    5.586157
 2739.052250    5.797293
 2739.682370    6.009291
 2740.312500    6.222065
 2740.944340    6.435587
 2741.575200    6.648307
 2742.207280    6.860293
 2742.838130    7.070029
 2743.470460    7.277683
 2744.101560    7.481634
 2744.732910    7.681606
 2745.365970    7.877281
 2745.997310    8.066832
 2746.630860    8.250648
 2747.262700    8.426826
 2747.896000    8.595495
 2748.528080    8.755199
 2749.160640    8.905666
 2749.794430    9.046338
 2750.427000    9.176016
 2751.061280    9.294662
 2751.694090    9.401100
 2752.328610    9.495318
 2752.961910    9.576391
 2753.595210    9.644086
 2754.230220    9.698169
 2754.863770    9.738051
 2755.499020    9.763695
 2756.132810    9.774793
 2756.768550    9.771286
 2757.402590    9.753160
 2758.036870    9.720448
 2758.673100    9.673100
 2759.307620    9.611565
 2759.943850    9.535761
 2760.578860    9.446340
 2761.215330    9.343298
 2761.850590    9.227510
 2762.487550    9.098933
 2763.123050    8.958754
 2763.758790    8.807236
 2764.396000    8.644700
 2765.031980    8.472520
 2765.669430    8.290688
 2766.305910    8.100652
 2766.943600    7.902534
 2767.580320    7.697816
 2768.216800    7.487094
 2768.855220    7.270440
 2769.492190    7.049831
 2770.130860    6.824989
 2770.768070    6.597840
 2771.407230    6.367964
 2772.044680    6.137456
 2772.682130    5.906458
 2773.321780    5.674903
 2773.959720    5.444907
 2774.599370    5.215904
 2775.237550    4.989663
 2775.877690    4.765566
 2776.516360    4.545364
 2777.155030    4.329047
 2777.795170    4.116597
 2778.434330    3.909249
 2779.074950    3.706593
 2779.714360    3.509812
 2780.355470    3.318297
 2780.995120    3.133245
 2781.634770    2.954406
 2782.276120    2.781491
 2782.916260    2.615415
 2783.558110    2.455508
 2784.198490    2.302609
 2784.840330    2.156033
 2785.480960    2.016375
 2786.121830    1.883253
 2786.764400    1.756319
 2787.405270    1.636147
 2788.048100    1.521932
 2788.689450    1.414148
 2789.332520    1.312107
 2789.974370    1.216110
 2790.615970    1.125805
 2791.259770    1.040677
 2791.901610    0.961078
 2792.545410    0.886311
 2793.187990    0.816539
 2793.832030    0.751258
 2794.474850    0.690523
 2795.117680    0.633990
 2795.762210    0.581309
 2796.405520    0.532511
 2797.050290    0.487183
 2797.693600    0.445326
 2798.338870    0.406522
 2798.982420    0.370799
 2799.626460    0.337840
 2800.272220    0.307416
 2800.916260    0.279514
 2801.562260    0.253812
 2802.206790    0.230289
 2802.852780    0.208689
 2803.497560    0.188960
 2804.142580    0.170918
 2804.789310    0.154402
 2805.434330    0.139379
 2806.081300    0.125652
 2806.726810    0.113190
 2807.374020    0.101832
 2808.020020    0.091539
 2808.666020    0.082204
 2809.313480    0.073726
 2809.959960    0.066065
 2810.607910    0.059123
 2811.254390    0.052868
 2811.902830    0.047209
 2812.549560    0.042123
 2813.198240    0.037531
 2813.845210    0.033413
 2814.492680    0.029711
 2815.141600    0.026382
 2815.789310    0.023405
 2816.438720    0.020733
 2817.086430    0.018351
 2817.736080    0.016216
 2818.384520    0.014317
 2819.032710    0.012625
 2819.682620    0.011115
 2820.331300    0.009776
 2820.981930    0.008584
 2821.630620    0.007530
 2822.281490    0.006595
 2822.930660    0.005770
 2823.580080    0.005040
 2824.231200    0.004396
 2824.880860    0.003830
 2825.532230    0.003331
 2826.182370    0.002893
 2826.833980    0.002509
 2827.484380    0.002173
 2828.134770    0.001880
 2828.786870    0.001622
 2829.437740    0.001399
 2830.090090    0.001204
 2830.741210    0.001035
 2831.394040    0.000888
 2832.045410    0.000761
 2832.697020    0.000651
 2833.350100    0.000556
 2834.001950    0.000474
 2834.655520    0.000403
 2835.307620    0.000343
 2835.961180    0.000291
 2836.613770    0.000246
 2837.266360    0.000208
 2837.920410    0.000175
 2838.573490    0.000148
 2839.228030    0.000125
 2839.881100    0.000105
 2840.535890    0.000088
 2841.189450    0.000073
 2841.843020    0.000061
 2842.498540    0.000051
 2843.152340    0.000043
 2843.807860    0.000035
 2844.462160    0.000030
 2845.118160    0.000025
 2845.772710    0.000020
 2846.427250    0.000016
 2847.083740    0.000013
 2847.738770    0.000011
 2848.395260    0.000010
 2849.050540    0.000008
 2849.707760    0.000006
 2850.363280    0.000005
 2851.018800    0.000004
 2851.676270    0.000004
 2852.332280    0.000003
 2852.989990    0.000002
 2853.646480    0.000002
 2854.304440    0.000002
 2854.960940    0.000001
 2855.617920    0.000001
 2856.276370    0.000001
 2856.933350    0.000001
 2857.592290    0.000000
 2858.249760    0.000000
 2858.908940    0.000000
 2859.566650    0.000000
 2860.224370    0.000000
 2860.883790    0.000000
 2861.541750    0.000000
 2862.201900    0.000000
 2862.860350    0.000000
 2863.520510    0.000000
 2864.179200    0.000000
 2864.839840    0.000000
 2865.498780    0.000000
 2866.157960    0.000000
 2866.818850    0.000000
 2867.478520    0.000000
 2868.139650    0.000000
 2868.799320    0.000000
 2869.460940    0.000000
 2870.121090    0.000000
 2870.781490    0.000000
 2871.443360    0.000000
 2872.103760    0.000000
 2872.766360    0.000000
 2873.427000    0.000000
 2874.089600    0.000000
 2874.750730    0.000000
 2875.412110    0.000000
 2876.075440    0.000000
 2876.736820    0.000000
 2877.400390    0.000000
 2878.062260    0.000000
 2878.725830    0.000000
 2879.388180    0.000000
 2880.050540    0.000000
 2880.714600    0.000000
 2881.377440    0.000000
 2882.041750    0.000000
 2882.704830    0.000000
 2883.369380    0.000000
 2884.032960    0.000000
 2884.696530    0.000000
 2885.361330    0.000000
 2886.025390    0.000000
 2886.690920    0.000000
 2887.354980    0.000000
 2888.020510    0.000000
 2888.685060    0.000000
 2889.349610    0.000000
 2890.015870    0.000000
 2890.680910    0.000000
 2891.347410    0.000000
 2892.012700    0.000000
 2892.679200    0.000000
 2893.344970    0.000000
 2894.010500    0.000000
 2894.677730    0.000000
 2895.343510    0.000000
 2896.011470    0.000000
 2896.677490    0.000000
 2897.345460    0.000000
 2898.011960    0.000000
 2898.678960    0.000000
 2899.347170    0.000000
 2900.014160    0.000000
 2900.682860    0.000000
 2901.350100    0.000000
 2902.019530    0.000000
 2902.687010    0.000000
 2903.354740    0.000000
 2904.024410    0.000000
 2904.692380    0.000000
 2905.361820    0.000000
 2906.030520    0.000000
 2906.700680    0.000000
 2907.369140    0.000000
 2908.038090    0.000000
 2908.708500    0.000000
 2909.377930    0.000000
 2910.048830    0.000000
 2910.718260    0.000000
 2911.389650    0.000000
 2912.059330    0.000000
 2912.729250    0.000000
 2913.400630    0.000000
 2914.070800    0.000000
 2914.742920    0.000000
 2915.413570    0.000000
 2916.085690    0.000000
 2916.756590    0.000000
 2917.429200    0.000000
 2918.100340    0.000000
 2918.771730    0.000000
 2919.444580    0.000000
 2920.116210    0.000000
 2920.789550    0.000000
 2921.461670    0.000000
 2922.135500    0.000000
 2922.807370    0.000000
 2923.479740    0.000000
 2924.154050    0.000000
 2924.826660    0.000000
 2925.500980    0.000000
 2926.174070    0.000000
 2926.848880    0.000000
 2927.522220    0.000000
 2928.195800    0.000000
 2928.870850    0.000000
 2929.544920    0.000000
 2930.220460    0.000000
 2930.894530    0.000000
 2931.570310    0.000000
 2932.244630    0.000000
 2932.919190    0.000000
 2933.595700    0.000000
 2934.270260    0.000000
 2934.947270    0.000000
 2935.622310    0.000000
 2936.299070    0.000000
 2936.974850    0.000000
 2937.650390    0.000000
 2938.327880    0.000000
 2939.003660    0.000000
 2939.681400    0.000000
 2940.357670    0.000000
 2941.035640    0.000000
 2941.712160    0.000000
 2942.389160    0.000000
 2943.067630    0.000000
 2943.744630    0.000000
 2944.423580    0.000000
 2945.100830    0.000000
 2945.780030    0.000000
 2946.457760    0.000000
 2947.135500    0.000000
 2947.815190    0.000000
 2948.493410    0.000000
 2949.173100    0.000000
 2949.851560    0.000000
 2950.531980    0.000000
 2951.210450    0.000000
 2951.889650    0.000000
 2952.570070    0.000000
 2953.249270    0.000000
 2953.930660    0.000000
 2954.610110    0.000000
 2955.291500    0.000000
 2955.971190    0.000000
 2956.651120    0.000000
 2957.333010    0.000000
 2958.013180    0.000000
 2958.695560    0.000000
 2959.376220    0.000000
 2960.058350    0.000000
 2960.739500    0.000000
 2961.420410    0.000000
 2962.103520    0.000000
 2962.784910    0.000000
 2963.468020    0.000000
 2964.149900    0.000000
 2964.833500    0.000000
 2965.515380    0.000000
 2966.197750    0.000000
 2966.881590    0.000000
 2967.564210    0.000000
 2968.248540    0.000000
 2968.931150    0.000000
 2969.615720    0.000000
 2970.299070    0.000000
 2970.984130    0.000000
 2971.667480    0.000000
 2972.351070    0.000000
 2973.036620    0.000000
 2973.720700    0.000000
 2974.406250    0.000000
 2975.090580    0.000000
 2975.776610    0.000000
 2976.461180    0.000000
 2977.146000    0.000000
 2977.832280    0.000000
 2978.517580    0.000000
 2979.204350    0.000000
 2979.889650    0.000000
 2980.576660    0.000000
 2981.262210    0.000000
 2981.948240    0.000000
 2982.635990    0.000000
 2983.322020    0.000000
 2984.010010    0.000000
 2984.696530    0.000000
 2985.384770    0.000000
 2986.071530    0.000000
 2986.758540    0.000000
 2987.447270    0.000000
 2988.134770    0.000000
 2988.823490    0.000000
 2989.510990    0.000000
 2990.200440    0.000000
 2990.888180    0.000000
 2991.576170    0.000000
 2992.266360    0.000000
 2992.954830    0.000000
 2993.644780    0.000000
 2994.333500    0.000000
 2995.023930    0.000000
 2995.713130    0.000000
 2996.402100    0.000000
 2997.093020    0.000000
 2997.782710    0.000000
 2998.473880    0.000000
 2999.163570    0.000000
 2999.855470    0.000000
 3000.545410    0.000000
 3001.235600    0.000000
 3001.927730    0.000000
 3002.618410    0.000000
 3003.310550    0.000000
 3004.001710    0.000000
 3004.694340    0.000000
 3005.385740    0.000000
 3006.076900    0.000000
 3006.770020    0.000000
 3007.461670    0.000000
 3008.155270    0.000000
 3008.847410    0.000000
 3009.541260    0.000000
 3010.233400    0.000000
 3010.926270    0.000000
 3011.620360    0.000000
 3012.313230    0.000000
 3013.007810    0.000000
 3013.700930    0.000000
 3014.395750    0.000000
 3015.089360    0.000000
 3015.783200    0.000000
 3016.478270    0.000000
 3017.172610    0.000000
 3017.868160    0.000000
 3018.562260    0.000000
 3019.258540    0.000000
 3019.952880    0.000000
 3020.647950    0.000000
 3021.344480    0.000000
 3022.039310    0.000000
 3022.736330    0.000000
 3023.431640    0.000000
 3024.128660    0.000000
 3024.824460    0.000000
 3025.522220    0.000000
 3026.218020    0.000000
 3026.914310    0.000000
 3027.612300    0.000000
 3028.308840    0.000000
 3029.007080    0.000000
 3029.703860    0.000000
 3030.402590    0.000000
 3031.099850    0.000000
 3031.797120    0.000000
 3032.496090    0.000000
 3033.193600    0.000000
 3033.893310    0.000000
 3034.591060    0.000000
 3035.290770    0.000000
 3035.989010    0.000000
 3036.687740    0.000000
 3037.387700    0.000000
 3038.086670    0.000000
 3038.787350    0.000000
 3039.486080    0.000000
 3040.187260    0.000000
 3040.886470    0.000000
 3041.586180    0.000000
 3042.287350    0.000000
 3042.987550    0.000000
 3043.689210    0.000000
 3044.389160    0.000000
 3045.091060    0.000000
 3045.791750    0.000000
 3046.492430    0.000000
 3047.194820    0.000000
 3047.896000    0.000000
 3048.598880    0.000000
 3049.300050    0.000000
