 2653.384280    0.002734
 2653.996340    0.003092
 2654.606690    0.003490
 2655.217290    0.003937
 2655.829830    0.004436
 2656.440670    0.004992
 2657.053220    0.005610
 2657.664550    0.006299
 2658.277340    0.007064
 2658.888920    0.007912
 2659.500730    0.008850
 2660.114010    0.009892
 2660.725830    0.011040
 2661.339360    0.012311
 2661.951660    0.013709
 2662.565430    0.015252
 2663.177980    0.016946
 2663.790530    0.018806
 2664.404790    0.020854
 2665.017820    0.023093
 2665.632320    0.025550
 2666.245610    0.028232
 2666.860350    0.031167
 2667.473880    0.034363
 2668.089110    0.037856
 2668.702880    0.041649
 2669.316890    0.045774
 2669.932370    0.050264
 2670.546630    0.055128
 2671.162350    0.060411
 2671.776860    0.066119
 2672.393070    0.072310
 2673.007810    0.078984
 2673.622560    0.086185
 2674.239260    0.093975
 2674.854490    0.102346
 2675.471190    0.111376
 2676.086670    0.121064
 2676.703860    0.131499
 2677.319580    0.142670
 2677.935550    0.154649
 2678.552980    0.167510
 2679.169190    0.181247
 2679.786870    0.195970
 2680.403560    0.211673
 2681.021480    0.228468
 2681.638430    0.246351
 2682.255370    0.265409
 2682.873780    0.285748
 2683.490970    0.307346
 2684.109860    0.330373
 2684.727290    0.354776
 2685.346440    0.380754
 2685.964110    0.408244
 2686.582030    0.437394
 2687.201660    0.468357
 2687.819820    0.501054
 2688.439450    0.535721
 2689.057860    0.572293
 2689.677980    0.611032
 2690.296880    0.651844
 2690.915770    0.694895
 2691.536380    0.740403
 2692.155270    0.788213
 2692.776370    0.838723
 2693.395750    0.891718
 2694.016850    0.947588
 2694.636720    1.006170
 2695.256590    1.067674
 2695.877930    1.132354
 2696.498050    1.200032
 2697.119870    1.271132
 2697.740480    1.345424
 2698.362550    1.423326
 2698.983400    1.504601
 2699.604250    1.589492
 2700.226810    1.678335
 2700.847900    1.770769
 2701.470700    1.867346
 2702.092040    1.967655
 2702.715330    2.072321
 2703.337160    2.180838
 2703.958980    2.293501
 2704.582520    2.410682
 2705.204830    2.531872
 2705.828370    2.657571
 2706.450930    2.787351
 2707.074950    2.921724
 2707.697750    3.060104
 2708.320800    3.202775
 2708.945310    3.349989
 2709.568360    3.500995
 2710.193360    3.656545
 2710.816650    3.815633
 2711.441890    3.979078
 2712.065670    4.145854
 2712.689450    4.316179
 2713.314940    4.490356
 2713.939210    4.667372
 2714.565190    4.847836
 2715.189450    5.030517
 2715.815670    5.216217
 2716.440430    5.403635
 2717.066890    5.593411
 2717.691890    5.784248
 2718.317140    5.976307
 2718.943850    6.169590
 2719.569340    6.362872
 2720.196530    6.556640
 2720.822270    6.749481
 2721.449710    6.941919
 2722.075680    7.132519
 2722.702150    7.321397
 2723.329830    7.508278
 2723.956300    7.691935
 2724.584470    7.872718
 2725.211430    8.049269
 2725.839600    8.221759
 2726.466800    8.389069
 2727.093990    8.550961
 2727.722900    8.707352
 2728.350340    8.856942
 2728.979490    9.000002
 2729.607420    9.135385
 2730.236820    9.263199
 2730.864750    9.382412
 2731.493160    9.492999
 2732.122800    9.594655
 2732.751460    9.686649
 2733.381590    9.768986
 2734.010500    9.841002
 2734.640870    9.902717
 2735.270020    9.953617
 2735.899410    9.993639
 2736.530270    10.022648
 2737.159670    10.040374
 2737.790770    10.046810
 2738.420650    10.041858
 2739.052250    10.025475
 2739.682370    9.997762
 2740.312500    9.958769
 2740.944340    9.908453
 2741.575200    9.847162
 2742.207280    9.774866
 2742.838130    9.692078
 2743.470460    9.598705
 2744.101560    9.495436
 2744.732910    9.382397
 2745.365970    9.259644
 2745.997310    9.128242
 2746.630860    8.987794
 2747.262700    8.839609
 2747.896000    8.683420
 2748.528080    8.520380
 2749.160640    8.350574
 2749.794430    8.174302
 2750.427000    7.992784
 2751.061280    7.805723
 2751.694090    7.614602
 2752.328610    7.419019
 2752.961910    7.220431
 2753.595210    7.019018
 2754.230220    6.814777
 2754.863770    6.609273
 2755.499020    6.402006
 2756.132810    6.194533
 2756.768550    5.986243
 2757.402590    5.778828
 2758.036870    5.572117
 2758.673100    5.366014
 2759.307620    5.162136
 2759.943850    4.959795
 2760.578860    4.760314
 2761.215330    4.563211
 2761.850590    4.369657
 2762.487550    4.179072
 2763.123050    3.992695
 2763.758790    3.810270
 2764.396000    3.631697
 2765.031980    3.457935
 2765.669430    3.288435
 2766.305910    3.124005
 2766.943600    2.964210
 2767.580320    2.809708
 2768.216800    2.660390
 2768.855220    2.515820
 2769.492190    2.376815
 2770.130860    2.242703
 2770.768070    2.114152
 2771.407230    1.990458
 2772.044680    1.872295
 2772.682130    1.759272
 2773.321780    1.650958
 2773.959720    1.547939
 2774.599370    1.449571
 2775.237550    1.356238
 2775.877690    1.267336
 2776.516360    1.183219
 2777.155030    1.103551
 2777.795170    1.028028
 2778.434330    0.956804
 2779.074950    0.889466
 2779.714360    0.826152
 2780.355470    0.766423
 2780.995120    0.710429
 2781.634770    0.657876
 2782.276120    0.608486
 2782.916260    0.562339
 2783.558110    0.519075
 2784.198490    0.478766
 2784.840330    0.441082
 2785.480960    0.406038
 2786.121830    0.373414
 2786.764400    0.343009
 2787.405270    0.314855
 2788.048100    0.288666
 2788.689450    0.264462
 2789.332520    0.242006
 2789.974370    0.221291
 2790.615970    0.202169
 2791.259770    0.184475
 2791.901610    0.168222
 2792.545410    0.153219
 2793.187990    0.139453
 2793.832030    0.126781
 2794.474850    0.115179
 2795.117680    0.104544
 2795.762210    0.094782
 2796.405520    0.085870
 2797.050290    0.077709
 2797.693600    0.070277
 2798.338870    0.063479
 2798.982420    0.057303
 2799.626460    0.051678
 2800.272220    0.046551
 2800.916260    0.041905
 2801.562260    0.037679
 2802.206790    0.033855
 2802.852780    0.030385
 2803.497560    0.027251
 2804.142580    0.024418
 2804.789310    0.021852
 2805.434330    0.019545
 2806.081300    0.017458
 2806.726810    0.015584
 2807.374020    0.013894
 2808.020020    0.012379
 2808.666020    0.011018
 2809.313480    0.009795
 2809.959960    0.008701
 2810.607910    0.007720
 2811.254390    0.006845
 2811.902830    0.006061
 2812.549560    0.005363
 2813.198240    0.004739
 2813.845210    0.004185
 2814.492680    0.003691
 2815.141600    0.003252
 2815.789310    0.002862
 2816.438720    0.002516
 2817.086430    0.002211
 2817.736080    0.001939
 2818.384520    0.001699
 2819.032710    0.001488
 2819.682620    0.001301
 2820.331300    0.001137
 2820.981930    0.000992
 2821.630620    0.000865
 2822.281490    0.000752
 2822.930660    0.000654
 2823.580080    0.000568
 2824.231200    0.000493
 2824.880860    0.000427
 2825.532230    0.000370
 2826.182370    0.000320
 2826.833980    0.000277
 2827.484380    0.000238
 2828.134770    0.000205
 2828.786870    0.000176
 2829.437740    0.000152
 2830.090090    0.000131
 2830.741210    0.000112
 2831.394040    0.000095
 2832.045410    0.000082
 2832.697020    0.000070
 2833.350100    0.000060
 2834.001950    0.000051
 2834.655520    0.000043
 2835.307620    0.000037
 2835.961180    0.000031
 2836.613770    0.000027
 2837.266360    0.000023
 2837.920410    0.000019
 2838.573490    0.000016
 2839.228030    0.000013
 2839.881100    0.000011
 2840.535890    0.000010
 2841.189450    0.000008
 2841.843020    0.000007
 2842.498540    0.000006
 2843.152340    0.000005
 2843.807860    0.000004
 2844.462160    0.000003
 2845.118160    0.000003
 2845.772710    0.000002
 2846.427250    0.000002
 2847.083740    0.000002
 2847.738770    0.000001
 2848.395260    0.000001
 2849.050540    0.000001
 2849.707760    0.000001
 2850.363280    0.000001
 2851.018800    0.000001
 2851.676270    0.000000
 2852.332280    0.000000
 2852.989990    0.000000
 2853.646480    0.000000
 2854.304440    0.000000
 2854.960940    0.000000
 2855.617920    0.000000
 2856.276370    0.000000
 2856.933350    0.000000
 2857.592290    0.000000
 2858.249760    0.000000
 2858.908940    0.000000
 2859.566650    0.000000
 2860.224370    0.000000
 2860.883790    0.000000
 2861.541750    0.000000
 2862.201900    0.000000
 2862.860350    0.000000
 2863.520510    0.000000
 2864.179200    0.000000
 2864.839840    0.000000
 2865.498780    0.000000
 2866.157960    0.000000
 2866.818850    0.000000
 2867.478520    0.000000
 2868.139650    0.000000
 2868.799320    0.000000
 2869.460940    0.000000
 2870.121090    0.000000
 2870.781490    0.000000
 2871.443360    0.000000
 2872.103760    0.000000
 2872.766360    0.000000
 2873.427000    0.000000
 2874.089600    0.000000
 2874.750730    0.000000
 2875.412110    0.000000
 2876.075440    0.000000
 2876.736820    0.000000
 2877.400390    0.000000
 2878.062260    0.000000
 2878.725830    0.000000
 2879.388180    0.000000
 2880.050540    0.000000
 2880.714600    0.000000
 2881.377440    0.000000
 2882.041750    0.000000
 2882.704830    0.000000
 2883.369380    0.000000
 2884.032960    0.000000
 2884.696530    0.000000
 2885.361330    0.000000
 2886.025390    0.000000
 2886.690920    0.000000
 2887.354980    0.000000
 2888.020510    0.000000
 2888.685060    0.000000
 2889.349610    0.000000
 2890.015870    0.000000
 2890.680910    0.000000
 2891.347410    0.000000
 2892.012700    0.000000
 2892.679200    0.000000
 2893.344970    0.000000
 2894.010500    0.000000
 2894.677730    0.000000
 2895.343510    0.000000
 2896.011470    0.000000
 2896.677490    0.000000
 2897.345460    0.000000
 2898.011960    0.000000
 2898.678960    0.000000
 2899.347170    0.000000
 2900.014160    0.000000
 2900.682860    0.000000
 2901.350100    0.000000
 2902.019530    0.000000
 2902.687010    0.000000
 2903.354740    0.000000
 2904.024410    0.000000
 2904.692380    0.000000
 2905.361820    0.000000
 2906.030520    0.000000
 2906.700680    0.000000
 2907.369140    0.000000
 2908.038090    0.000000
 2908.708500    0.000000
 2909.377930    0.000000
 2910.048830    0.000000
 2910.718260    0.000000
 2911.389650    0.000000
 2912.059330    0.000000
 2912.729250    0.000000
 2913.400630    0.000000
 2914.070800    0.000000
 2914.742920    0.000000
 2915.413570    0.000000
 2916.085690    0.000000
 2916.756590    0.000000
 2917.429200    0.000000
 2918.100340    0.000000
 2918.771730    0.000000
 2919.444580    0.000000
 2920.116210    0.000000
 2920.789550    0.000000
 2921.461670    0.000000
 2922.135500    0.000000
 2922.807370    0.000000
 2923.479740    0.000000
 2924.154050    0.000000
 2924.826660    0.000000
 2925.500980    0.000000
 2926.174070    0.000000
 2926.848880    0.000000
 2927.522220    0.000000
 2928.195800    0.000000
 2928.870850    0.000000
 2929.544920    0.000000
 2930.220460    0.000000
 2930.894530    0.000000
 2931.570310    0.000000
 2932.244630    0.000000
 2932.919190    0.000000
 2933.595700    0.000000
 2934.270260    0.000000
 2934.947270    0.000000
 2935.622310    0.000000
 2936.299070    0.000000
 2936.974850    0.000000
 2937.650390    0.000000
 2938.327880    0.000000
 2939.003660    0.000000
 2939.681400    0.000000
 2940.357670    0.000000
 2941.035640    0.000000
 2941.712160    0.000000
 2942.389160    0.000000
 2943.067630    0.000000
 2943.744630    0.000000
 2944.423580    0.000000
 2945.100830    0.000000
 2945.780030    0.000000
 2946.457760    0.000000
 2947.135500    0.000000
 2947.815190    0.000000
 2948.493410    0.000000
 2949.173100    0.000000
 2949.851560    0.000000
 2950.531980    0.000000
 2951.210450    0.000000
 2951.889650    0.000000
 2952.570070    0.000000
 2953.249270    0.000000
 2953.930660    0.000000
 2954.610110    0.000000
 2955.291500    0.000000
 2955.971190    0.000000
 2956.651120    0.000000
 2957.333010    0.000000
 2958.013180    0.000000
 2958.695560    0.000000
 2959.376220    0.000000
 2960.058350    0.000000
 2960.739500    0.000000
 2961.420410    0.000000
 2962.103520    0.000000
 2962.784910    0.000000
 2963.468020    0.000000
 2964.149900    0.000000
 2964.833500    0.000000
 2965.515380    0.000000
 2966.197750    0.000000
 2966.881590    0.000000
 2967.564210    0.000000
 2968.248540    0.000000
 2968.931150    0.000000
 2969.615720    0.000000
 2970.299070    0.000000
 2970.984130    0.000000
 2971.667480    0.000000
 2972.351070    0.000000
 2973.036620    0.000000
 2973.720700    0.000000
 2974.406250    0.000000
 2975.090580    0.000000
 2975.776610    0.000000
 2976.461180    0.000000
 2977.146000    0.000000
 2977.832280    0.000000
 2978.517580    0.000000
 2979.204350    0.000000
 2979.889650    0.000000
 2980.576660    0.000000
 2981.262210    0.000000
 2981.948240    0.000000
 2982.635990    0.000000
 2983.322020    0.000000
 2984.010010    0.000000
 2984.696530    0.000000
 2985.384770    0.000000
 2986.071530    0.000000
 2986.758540    0.000000
 2987.447270    0.000000
 2988.134770    0.000000
 2988.823490    0.000000
 2989.510990    0.000000
 2990.200440    0.000000
 2990.888180    0.000000
 2991.576170    0.000000
 2992.266360    0.000000
 2992.954830    0.000000
 2993.644780    0.000000
 2994.333500    0.000000
 2995.023930    0.000000
 2995.713130    0.000000
 2996.402100    0.000000
 2997.093020    0.000000
 2997.782710    0.000000
 2998.473880    0.000000
 2999.163570    0.000000
 2999.855470    0.000000
 3000.545410    0.000000
 3001.235600    0.000000
 3001.927730    0.000000
 3002.618410    0.000000
 3003.310550    0.000000
 3004.001710    0.000000
 3004.694340    0.000000
 3005.385740    0.000000
 3006.076900    0.000000
 3006.770020    0.000000
 3007.461670    0.000000
 3008.155270    0.000000
 3008.847410    0.000000
 3009.541260    0.000000
 3010.233400    0.000000
 3010.926270    0.000000
 3011.620360    0.000000
 3012.313230    0.000000
 3013.007810    0.000000
 3013.700930    0.000000
 3014.395750    0.000000
 3015.089360    0.000000
 3015.783200    0.000000
 3016.478270    0.000000
 3017.172610    0.000000
 3017.868160    0.000000
 3018.562260    0.000000
 3019.258540    0.000000
 3019.952880    0.000000
 3020.647950    0.000000
 3021.344480    0.000000
 3022.039310    0.000000
 3022.736330    0.000000
 3023.431640    0.000000
 3024.128660    0.000000
 3024.824460    0.000000
 3025.522220    0.000000
 3026.218020    0.000000
 3026.914310    0.000000
 3027.612300    0.000000
 3028.308840    0.000000
 3029.007080    0.000000
 3029.703860    0.000000
 3030.402590    0.000000
 3031.099850    0.000000
 3031.797120    0.000000
 3032.496090    0.000000
 3033.193600    0.000000
 3033.893310    0.000000
 3034.591060    0.000000
 3035.290770    0.000000
 3035.989010    0.000000
 3036.687740    0.000000
 3037.387700    0.000000
 3038.086670    0.000000
 3038.787350    0.000000
 3039.486080    0.000000
 3040.187260    0.000000
 3040.886470    0.000000
 3041.586180    0.000000
 3042.287350    0.000000
 3042.987550    0.000000
 3043.689210    0.000000
 3044.389160    0.000000
 3045.091060    0.000000
 3045.791750    0.000000
 3046.492430    0.000000
 3047.194820    0.000000
 3047.896000    0.000000
 3048.598880    0.000000
 3049.300050    0.000000
