 2653.384280    0.072109
 2653.996340    0.077620
 2654.606690    0.083487
 2655.217290    0.089748
 2655.829830    0.096449
 2656.440670    0.103570
 2657.053220    0.111177
 2657.664550    0.119260
 2658.277340    0.127881
 2658.888920    0.137031
 2659.500730    0.146757
 2660.114010    0.157114
 2660.725830    0.168082
 2661.339360    0.179751
 2661.951660    0.192101
 2662.565430    0.205218
 2663.177980    0.219085
 2663.790530    0.233763
 2664.404790    0.249334
 2665.017820    0.265766
 2665.632320    0.283172
 2666.245610    0.301517
 2666.860350    0.320929
 2667.473880    0.341364
 2668.089110    0.362970
 2668.702880    0.385683
 2669.316890    0.409609
 2669.932370    0.434852
 2670.546630    0.461350
 2671.162350    0.489274
 2671.776860    0.518553
 2672.393070    0.549383
 2673.007810    0.581658
 2673.622560    0.615507
 2674.239260    0.651097
 2674.854490    0.688292
 2675.471190    0.727323
 2676.086670    0.768079
 2676.703860    0.810812
 2677.319580    0.855363
 2677.935550    0.901905
 2678.552980    0.950597
 2679.169190    1.001283
 2679.786870    1.054244
 2680.403560    1.109327
 2681.021480    1.166786
 2681.638430    1.226471
 2682.255370    1.288525
 2682.873780    1.353152
 2683.490970    1.420126
 2684.109860    1.489815
 2684.727290    1.561909
 2685.346440    1.636823
 2685.964110    1.714215
 2686.582030    1.794332
 2687.201660    1.877411
 2687.819820    1.963058
 2688.439450    2.051710
 2689.057860    2.143008
 2689.677980    2.237408
 2690.296880    2.334484
 2690.915770    2.434430
 2691.536380    2.537539
 2692.155270    2.643248
 2692.776370    2.752220
 2693.395750    2.863763
 2694.016850    2.978479
 2694.636720    3.095805
 2695.256590    3.215937
 2695.877930    3.339131
 2696.498050    3.464816
 2697.119870    3.593536
 2697.740480    3.724634
 2698.362550    3.858611
 2698.983400    3.994818
 2699.604250    4.133436
 2700.226810    4.274765
 2700.847900    4.417993
 2701.470700    4.563745
 2702.092040    4.711167
 2702.715330    4.860951
 2703.337160    5.012147
 2703.958980    5.164967
 2704.582520    5.319692
 2705.204830    5.475440
 2705.828370    5.632659
 2706.450930    5.790628
 2707.074950    5.949785
 2707.697750    6.109263
 2708.320800    6.269240
 2708.945310    6.429834
 2709.568360    6.590083
 2710.193360    6.750651
 2710.816650    6.910381
 2711.441890    7.069985
 2712.065670    7.228362
 2712.689450    7.385654
 2713.314940    7.542045
 2713.939210    7.696565
 2714.565190    7.849690
 2715.189450    8.000339
 2715.815670    8.149144
 2716.440430    8.295043
 2717.066890    8.438527
 2717.691890    8.578615
 2718.317140    8.715458
 2718.943850    8.849057
 2719.569340    8.978600
 2720.196530    9.104444
 2720.822270    9.225718
 2721.449710    9.342800
 2722.075680    9.454875
 2722.702150    9.562078
 2723.329830    9.664306
 2723.956300    9.760958
 2724.584470    9.852280
 2725.211430    9.937655
 2725.839600    10.017238
 2726.466800    10.090579
 2727.093990    10.157653
 2727.722900    10.218471
 2728.350340    10.272593
 2728.979490    10.320165
 2729.607420    10.360857
 2730.236820    10.394740
 2730.864750    10.421585
 2731.493160    10.441420
 2732.122800    10.454193
 2732.751460    10.459820
 2733.381590    10.458290
 2734.010500    10.449604
 2734.640870    10.433729
 2735.270020    10.410753
 2735.899410    10.380679
 2736.530270    10.343472
 2737.159670    10.299376
 2737.790770    10.248251
 2738.420650    10.190422
 2739.052250    10.125725
 2739.682370    10.054608
 2740.312500    9.977070
 2740.944340    9.893023
 2741.575200    9.802979
 2742.207280    9.706800
 2742.838130    9.605044
 2743.470460    9.497472
 2744.101560    9.384749
 2744.732910    9.266842
 2745.365970    9.143680
 2745.997310    9.016161
 2746.630860    8.883734
 2747.262700    8.747458
 2747.896000    8.606905
 2748.528080    8.462925
 2749.160640    8.315400
 2749.794430    8.164408
 2750.427000    8.010799
 2751.061280    7.854129
 2751.694090    7.695449
 2752.328610    7.534235
 2752.961910    7.371494
 2753.595210    7.207188
 2754.230220    7.041131
 2754.863770    6.874417
 2755.499020    6.706467
 2756.132810    6.538376
 2756.768550    6.369485
 2757.402590    6.201013
 2758.036870    6.032676
 2758.673100    5.864256
 2759.307620    5.696945
 2759.943850    5.530059
 2760.578860    5.364575
 2761.215330    5.199997
 2761.850590    5.037209
 2762.487550    4.875647
 2763.123050    4.716290
 2763.758790    4.558866
 2764.396000    4.403237
 2765.031980    4.250204
 2765.669430    4.099259
 2766.305910    3.951105
 2766.943600    3.805349
 2767.580320    3.662600
 2768.216800    3.522780
 2768.855220    3.385505
 2769.492190    3.251588
 2770.130860    3.120432
 2770.768070    2.992745
 2771.407230    2.867897
 2772.044680    2.746643
 2772.682130    2.628676
 2773.321780    2.513629
 2773.959720    2.402223
 2774.599370    2.293867
 2775.237550    2.189101
 2775.877690    2.087359
 2776.516360    1.989175
 2777.155030    1.894290
 2777.795170    1.802472
 2778.434330    1.714043
 2779.074950    1.628630
 2779.714360    1.546550
 2780.355470    1.467383
 2780.995120    1.391473
 2781.634770    1.318579
 2782.276120    1.248459
 2782.916260    1.181375
 2783.558110    1.116961
 2784.198490    1.055466
 2784.840330    0.996541
 2785.480960    0.940364
 2786.121830    0.886726
 2786.764400    0.835444
 2787.405270    0.786715
 2788.048100    0.740185
 2788.689450    0.696030
 2789.332520    0.653955
 2789.974370    0.614079
 2790.615970    0.576258
 2791.259770    0.540281
 2791.901610    0.506308
 2792.545410    0.474055
 2793.187990    0.443613
 2793.832030    0.414783
 2794.474850    0.387616
 2795.117680    0.361986
 2795.762210    0.337762
 2796.405520    0.314989
 2797.050290    0.293509
 2797.693600    0.273355
 2798.338870    0.254359
 2798.982420    0.236572
 2799.626460    0.219872
 2800.272220    0.204174
 2800.916260    0.189509
 2801.562260    0.175741
 2802.206790    0.162894
 2802.852780    0.150861
 2803.497560    0.139646
 2804.142580    0.129174
 2804.789310    0.119386
 2805.434330    0.110290
 2806.081300    0.101796
 2806.726810    0.093912
 2807.374020    0.086563
 2808.020020    0.079750
 2808.666020    0.073425
 2809.313480    0.067546
 2809.959960    0.062105
 2810.607910    0.057055
 2811.254390    0.052391
 2811.902830    0.048065
 2812.549560    0.044078
 2813.198240    0.040384
 2813.845210    0.036985
 2814.492680    0.033849
 2815.141600    0.030952
 2815.789310    0.028290
 2816.438720    0.025834
 2817.086430    0.023582
 2817.736080    0.021506
 2818.384520    0.019604
 2819.032710    0.017859
 2819.682620    0.016255
 2820.331300    0.014789
 2820.981930    0.013442
 2821.630620    0.012214
 2822.281490    0.011087
 2822.930660    0.010060
 2823.580080    0.009123
 2824.231200    0.008266
 2824.880860    0.007485
 2825.532230    0.006772
 2826.182370    0.006125
 2826.833980    0.005534
 2827.484380    0.004999
 2828.134770    0.004512
 2828.786870    0.004069
 2829.437740    0.003668
 2830.090090    0.003304
 2830.741210    0.002974
 2831.394040    0.002674
 2832.045410    0.002404
 2832.697020    0.002160
 2833.350100    0.001939
 2834.001950    0.001739
 2834.655520    0.001559
 2835.307620    0.001397
 2835.961180    0.001251
 2836.613770    0.001120
 2837.266360    0.001001
 2837.920410    0.000895
 2838.573490    0.000799
 2839.228030    0.000712
 2839.881100    0.000635
 2840.535890    0.000566
 2841.189450    0.000504
 2841.843020    0.000449
 2842.498540    0.000399
 2843.152340    0.000355
 2843.807860    0.000315
 2844.462160    0.000279
 2845.118160    0.000248
 2845.772710    0.000219
 2846.427250    0.000195
 2847.083740    0.000173
 2847.738770    0.000153
 2848.395260    0.000134
 2849.050540    0.000119
 2849.707760    0.000105
 2850.363280    0.000093
 2851.018800    0.000082
 2851.676270    0.000072
 2852.332280    0.000063
 2852.989990    0.000055
 2853.646480    0.000049
 2854.304440    0.000043
 2854.960940    0.000037
 2855.617920    0.000033
 2856.276370    0.000029
 2856.933350    0.000026
 2857.592290    0.000022
 2858.249760    0.000019
 2858.908940    0.000017
 2859.566650    0.000015
 2860.224370    0.000013
 2860.883790    0.000011
 2861.541750    0.000010
 2862.201900    0.000009
 2862.860350    0.000008
 2863.520510    0.000007
 2864.179200    0.000006
 2864.839840    0.000005
 2865.498780    0.000004
 2866.157960    0.000004
 2866.818850    0.000003
 2867.478520    0.000003
 2868.139650    0.000002
 2868.799320    0.000002
 2869.460940    0.000002
 2870.121090    0.000002
 2870.781490    0.000001
 2871.443360    0.000001
 2872.103760    0.000001
 2872.766360    0.000001
 2873.427000    0.000001
 2874.089600    0.000001
 2874.750730    0.000001
 2875.412110    0.000000
 2876.075440    0.000000
 2876.736820    0.000000
 2877.400390    0.000000
 2878.062260    0.000000
 2878.725830    0.000000
 2879.388180    0.000000
 2880.050540    0.000000
 2880.714600    0.000000
 2881.377440    0.000000
 2882.041750    0.000000
 2882.704830    0.000000
 2883.369380    0.000000
 2884.032960    0.000000
 2884.696530    0.000000
 2885.361330    0.000000
 2886.025390    0.000000
 2886.690920    0.000000
 2887.354980    0.000000
 2888.020510    0.000000
 2888.685060    0.000000
 2889.349610    0.000000
 2890.015870    0.000000
 2890.680910    0.000000
 2891.347410    0.000000
 2892.012700    0.000000
 2892.679200    0.000000
 2893.344970    0.000000
 2894.010500    0.000000
 2894.677730    0.000000
 2895.343510    0.000000
 2896.011470    0.000000
 2896.677490    0.000000
 2897.345460    0.000000
 2898.011960    0.000000
 2898.678960    0.000000
 2899.347170    0.000000
 2900.014160    0.000000
 2900.682860    0.000000
 2901.350100    0.000000
 2902.019530    0.000000
 2902.687010    0.000000
 2903.354740    0.000000
 2904.024410    0.000000
 2904.692380    0.000000
 2905.361820    0.000000
 2906.030520    0.000000
 2906.700680    0.000000
 2907.369140    0.000000
 2908.038090    0.000000
 2908.708500    0.000000
 2909.377930    0.000000
 2910.048830    0.000000
 2910.718260    0.000000
 2911.389650    0.000000
 2912.059330    0.000000
 2912.729250    0.000000
 2913.400630    0.000000
 2914.070800    0.000000
 2914.742920    0.000000
 2915.413570    0.000000
 2916.085690    0.000000
 2916.756590    0.000000
 2917.429200    0.000000
 2918.100340    0.000000
 2918.771730    0.000000
 2919.444580    0.000000
 2920.116210    0.000000
 2920.789550    0.000000
 2921.461670    0.000000
 2922.135500    0.000000
 2922.807370    0.000000
 2923.479740    0.000000
 2924.154050    0.000000
 2924.826660    0.000000
 2925.500980    0.000000
 2926.174070    0.000000
 2926.848880    0.000000
 2927.522220    0.000000
 2928.195800    0.000000
 2928.870850    0.000000
 2929.544920    0.000000
 2930.220460    0.000000
 2930.894530    0.000000
 2931.570310    0.000000
 2932.244630    0.000000
 2932.919190    0.000000
 2933.595700    0.000000
 2934.270260    0.000000
 2934.947270    0.000000
 2935.622310    0.000000
 2936.299070    0.000000
 2936.974850    0.000000
 2937.650390    0.000000
 2938.327880    0.000000
 2939.003660    0.000000
 2939.681400    0.000000
 2940.357670    0.000000
 2941.035640    0.000000
 2941.712160    0.000000
 2942.389160    0.000000
 2943.067630    0.000000
 2943.744630    0.000000
 2944.423580    0.000000
 2945.100830    0.000000
 2945.780030    0.000000
 2946.457760    0.000000
 2947.135500    0.000000
 2947.815190    0.000000
 2948.493410    0.000000
 2949.173100    0.000000
 2949.851560    0.000000
 2950.531980    0.000000
 2951.210450    0.000000
 2951.889650    0.000000
 2952.570070    0.000000
 2953.249270    0.000000
 2953.930660    0.000000
 2954.610110    0.000000
 2955.291500    0.000000
 2955.971190    0.000000
 2956.651120    0.000000
 2957.333010    0.000000
 2958.013180    0.000000
 2958.695560    0.000000
 2959.376220    0.000000
 2960.058350    0.000000
 2960.739500    0.000000
 2961.420410    0.000000
 2962.103520    0.000000
 2962.784910    0.000000
 2963.468020    0.000000
 2964.149900    0.000000
 2964.833500    0.000000
 2965.515380    0.000000
 2966.197750    0.000000
 2966.881590    0.000000
 2967.564210    0.000000
 2968.248540    0.000000
 2968.931150    0.000000
 2969.615720    0.000000
 2970.299070    0.000000
 2970.984130    0.000000
 2971.667480    0.000000
 2972.351070    0.000000
 2973.036620    0.000000
 2973.720700    0.000000
 2974.406250    0.000000
 2975.090580    0.000000
 2975.776610    0.000000
 2976.461180    0.000000
 2977.146000    0.000000
 2977.832280    0.000000
 2978.517580    0.000000
 2979.204350    0.000000
 2979.889650    0.000000
 2980.576660    0.000000
 2981.262210    0.000000
 2981.948240    0.000000
 2982.635990    0.000000
 2983.322020    0.000000
 2984.010010    0.000000
 2984.696530    0.000000
 2985.384770    0.000000
 2986.071530    0.000000
 2986.758540    0.000000
 2987.447270    0.000000
 2988.134770    0.000000
 2988.823490    0.000000
 2989.510990    0.000000
 2990.200440    0.000000
 2990.888180    0.000000
 2991.576170    0.000000
 2992.266360    0.000000
 2992.954830    0.000000
 2993.644780    0.000000
 2994.333500    0.000000
 2995.023930    0.000000
 2995.713130    0.000000
 2996.402100    0.000000
 2997.093020    0.000000
 2997.782710    0.000000
 2998.473880    0.000000
 2999.163570    0.000000
 2999.855470    0.000000
 3000.545410    0.000000
 3001.235600    0.000000
 3001.927730    0.000000
 3002.618410    0.000000
 3003.310550    0.000000
 3004.001710    0.000000
 3004.694340    0.000000
 3005.385740    0.000000
 3006.076900    0.000000
 3006.770020    0.000000
 3007.461670    0.000000
 3008.155270    0.000000
 3008.847410    0.000000
 3009.541260    0.000000
 3010.233400    0.000000
 3010.926270    0.000000
 3011.620360    0.000000
 3012.313230    0.000000
 3013.007810    0.000000
 3013.700930    0.000000
 3014.395750    0.000000
 3015.089360    0.000000
 3015.783200    0.000000
 3016.478270    0.000000
 3017.172610    0.000000
 3017.868160    0.000000
 3018.562260    0.000000
 3019.258540    0.000000
 3019.952880    0.000000
 3020.647950    0.000000
 3021.344480    0.000000
 3022.039310    0.000000
 3022.736330    0.000000
 3023.431640    0.000000
 3024.128660    0.000000
 3024.824460    0.000000
 3025.522220    0.000000
 3026.218020    0.000000
 3026.914310    0.000000
 3027.612300    0.000000
 3028.308840    0.000000
 3029.007080    0.000000
 3029.703860    0.000000
 3030.402590    0.000000
 3031.099850    0.000000
 3031.797120    0.000000
 3032.496090    0.000000
 3033.193600    0.000000
 3033.893310    0.000000
 3034.591060    0.000000
 3035.290770    0.000000
 3035.989010    0.000000
 3036.687740    0.000000
 3037.387700    0.000000
 3038.086670    0.000000
 3038.787350    0.000000
 3039.486080    0.000000
 3040.187260    0.000000
 3040.886470    0.000000
 3041.586180    0.000000
 3042.287350    0.000000
 3042.987550    0.000000
 3043.689210    0.000000
 3044.389160    0.000000
 3045.091060    0.000000
 3045.791750    0.000000
 3046.492430    0.000000
 3047.194820    0.000000
 3047.896000    0.000000
 3048.598880    0.000000
 3049.300050    0.000000
