 2653.384280    0.003910
 2653.996340    0.004231
 2654.606690    0.004579
 2655.217290    0.004953
 2655.829830    0.005361
 2656.440670    0.005801
 2657.053220    0.006278
 2657.664550    0.006795
 2658.277340    0.007356
 2658.888920    0.007962
 2659.500730    0.008620
 2660.114010    0.009335
 2660.725830    0.010108
 2661.339360    0.010950
 2661.951660    0.011861
 2662.565430    0.012852
 2663.177980    0.013926
 2663.790530    0.015091
 2664.404790    0.016359
 2665.017820    0.017735
 2665.632320    0.019231
 2666.245610    0.020853
 2666.860350    0.022619
 2667.473880    0.024533
 2668.089110    0.026617
 2668.702880    0.028875
 2669.316890    0.031329
 2669.932370    0.033998
 2670.546630    0.036892
 2671.162350    0.040040
 2671.776860    0.043449
 2672.393070    0.047160
 2673.007810    0.051177
 2673.622560    0.055532
 2674.239260    0.060270
 2674.854490    0.065394
 2675.471190    0.070961
 2676.086670    0.076979
 2676.703860    0.083514
 2677.319580    0.090572
 2677.935550    0.098211
 2678.552980    0.106494
 2679.169190    0.115430
 2679.786870    0.125110
 2680.403560    0.135548
 2681.021480    0.146839
 2681.638430    0.159002
 2682.255370    0.172119
 2682.873780    0.186290
 2683.490970    0.201523
 2684.109860    0.217969
 2684.727290    0.235621
 2685.346440    0.254655
 2685.964110    0.275060
 2686.582030    0.296979
 2687.201660    0.320569
 2687.819820    0.345809
 2688.439450    0.372925
 2689.057860    0.401910
 2689.677980    0.433018
 2690.296880    0.466225
 2690.915770    0.501714
 2691.536380    0.539721
 2692.155270    0.580173
 2692.776370    0.623466
 2693.395750    0.669476
 2694.016850    0.718604
 2694.636720    0.770777
 2695.256590    0.826245
 2695.877930    0.885313
 2696.498050    0.947893
 2697.119870    1.014458
 2697.740480    1.084869
 2698.362550    1.159614
 2698.983400    1.238551
 2699.604250    1.322006
 2700.226810    1.410414
 2700.847900    1.503513
 2701.470700    1.601972
 2702.092040    1.705481
 2702.715330    1.814806
 2703.337160    1.929545
 2703.958980    2.050138
 2704.582520    2.177126
 2705.204830    2.310107
 2705.828370    2.449786
 2706.450930    2.595854
 2707.074950    2.749064
 2707.697750    2.908933
 2708.320800    3.075981
 2708.945310    3.250722
 2709.568360    3.432486
 2710.193360    3.622415
 2710.816650    3.819531
 2711.441890    4.025115
 2712.065670    4.238159
 2712.689450    4.459227
 2713.314940    4.689038
 2713.939210    4.926588
 2714.565190    5.173049
 2715.189450    5.427108
 2715.815670    5.690270
 2716.440430    5.961105
 2717.066890    6.240965
 2717.691890    6.528389
 2718.317140    6.824071
 2718.943850    7.128531
 2719.569340    7.440349
 2720.196530    7.760856
 2720.822270    8.088272
 2721.449710    8.424070
 2722.075680    8.766338
 2722.702150    9.115887
 2723.329830    9.472880
 2723.956300    9.835636
 2724.584470    10.205531
 2725.211430    10.580497
 2725.839600    10.961612
 2726.466800    11.347139
 2727.093990    11.737238
 2727.722900    12.132525
 2728.350340    12.530525
 2728.979490    12.932737
 2729.607420    13.336758
 2730.236820    13.743754
 2730.864750    14.151251
 2731.493160    14.559904
 2732.122800    14.969570
 2732.751460    15.378175
 2733.381590    15.786640
 2734.010500    16.192547
 2734.640870    16.596933
 2735.270020    16.997370
 2735.899410    17.394081
 2736.530270    17.787098
 2737.159670    18.173861
 2737.790770    18.555584
 2738.420650    18.929752
 2739.052250    19.297358
 2739.682370    19.655815
 2740.312500    20.005260
 2740.944340    20.345882
 2741.575200    20.675507
 2742.207280    20.994572
 2742.838130    21.301167
 2743.470460    21.595915
 2744.101560    21.876919
 2744.732910    22.144236
 2745.365970    22.397820
 2745.997310    22.635731
 2746.630860    22.858879
 2747.262700    23.065357
 2747.896000    23.255733
 2748.528080    23.428743
 2749.160640    23.584480
 2749.794430    23.722687
 2750.427000    23.842497
 2751.061280    23.944161
 2751.694090    24.026913
 2752.328610    24.090958
 2752.961910    24.135818
 2753.595210    24.161526
 2754.230220    24.168009
 2754.863770    24.155205
 2755.499020    24.123058
 2756.132810    24.071800
 2756.768550    24.001247
 2757.402590    23.911964
 2758.036870    23.803944
 2758.673100    23.677057
 2759.307620    23.532322
 2759.943850    23.369297
 2760.578860    23.189094
 2761.215330    22.991367
 2761.850590    22.777389
 2762.487550    22.546660
 2763.123050    22.300842
 2763.758790    22.039887
 2764.396000    21.763821
 2765.031980    21.474419
 2765.669430    21.171101
 2766.305910    20.855680
 2766.943600    20.527760
 2767.580320    20.189165
 2768.216800    19.840263
 2768.855220    19.480553
 2769.492190    19.112694
 2770.130860    18.735607
 2770.768070    18.351931
 2771.407230    17.960365
 2772.044680    17.563915
 2772.682130    17.162312
 2773.321780    16.754904
 2773.959720    16.344931
 2774.599370    15.930944
 2775.237550    15.515734
 2775.877690    15.097797
 2776.516360    14.680071
 2777.155030    14.262293
 2777.795170    13.844173
 2778.434330    13.427963
 2779.074950    13.012703
 2779.714360    12.600742
 2780.355470    12.190781
 2780.995120    11.785407
 2781.634770    11.384209
 2782.276120    10.986632
 2782.916260    10.594975
 2783.558110    10.207897
 2784.198490    9.827733
 2784.840330    9.453129
 2785.480960    9.086015
 2786.121830    8.725862
 2786.764400    8.372178
 2787.405270    8.027112
 2788.048100    7.688936
 2788.689450    7.359667
 2789.332520    7.037862
 2789.974370    6.725150
 2790.615970    6.421154
 2791.259770    6.124856
 2791.901610    5.838246
 2792.545410    5.559630
 2793.187990    5.290424
 2793.832030    5.029511
 2794.474850    4.777966
 2795.117680    4.535247
 2795.762210    4.300688
 2796.405520    4.075289
 2797.050290    3.858018
 2797.693600    3.649755
 2798.338870    3.449279
 2798.982420    3.257594
 2799.626460    3.073873
 2800.272220    2.897647
 2800.916260    2.729676
 2801.562260    2.568830
 2802.206790    2.415779
 2802.852780    2.269632
 2803.497560    2.130798
 2804.142580    1.998739
 2804.789310    1.872977
 2805.434330    1.753963
 2806.081300    1.640808
 2806.726810    1.533899
 2807.374020    1.432496
 2808.020020    1.336848
 2808.666020    1.246541
 2809.313480    1.161173
 2809.959960    1.080858
 2810.607910    1.005088
 2811.254390    0.933997
 2811.902830    0.867010
 2812.549560    0.804308
 2813.198240    0.745341
 2813.845210    0.690254
 2814.492680    0.638663
 2815.141600    0.590324
 2815.789310    0.545263
 2816.438720    0.503111
 2817.086430    0.463923
 2817.736080    0.427319
 2818.384520    0.393332
 2819.032710    0.361752
 2819.682620    0.332352
 2820.331300    0.305130
 2820.981930    0.279828
 2821.630620    0.256473
 2822.281490    0.234797
 2822.930660    0.214820
 2823.580080    0.196369
 2824.231200    0.179308
 2824.880860    0.163623
 2825.532230    0.149146
 2826.182370    0.135858
 2826.833980    0.123621
 2827.484380    0.112411
 2828.134770    0.102130
 2828.786870    0.092686
 2829.437740    0.084059
 2830.090090    0.076153
 2830.741210    0.068943
 2831.394040    0.062346
 2832.045410    0.056346
 2832.697020    0.050877
 2833.350100    0.045888
 2834.001950    0.041361
 2834.655520    0.037238
 2835.307620    0.033505
 2835.961180    0.030114
 2836.613770    0.027047
 2837.266360    0.024271
 2837.920410    0.021756
 2838.573490    0.019487
 2839.228030    0.017436
 2839.881100    0.015592
 2840.535890    0.013926
 2841.189450    0.012430
 2841.843020    0.011085
 2842.498540    0.009873
 2843.152340    0.008789
 2843.807860    0.007815
 2844.462160    0.006945
 2845.118160    0.006164
 2845.772710    0.005467
 2846.427250    0.004846
 2847.083740    0.004289
 2847.738770    0.003794
 2848.395260    0.003352
 2849.050540    0.002960
 2849.707760    0.002610
 2850.363280    0.002301
 2851.018800    0.002027
 2851.676270    0.001782
 2852.332280    0.001567
 2852.989990    0.001375
 2853.646480    0.001207
 2854.304440    0.001058
 2854.960940    0.000927
 2855.617920    0.000811
 2856.276370    0.000709
 2856.933350    0.000619
 2857.592290    0.000540
 2858.249760    0.000471
 2858.908940    0.000410
 2859.566650    0.000357
 2860.224370    0.000310
 2860.883790    0.000269
 2861.541750    0.000234
 2862.201900    0.000202
 2862.860350    0.000175
 2863.520510    0.000152
 2864.179200    0.000132
 2864.839840    0.000113
 2865.498780    0.000098
 2866.157960    0.000085
 2866.818850    0.000072
 2867.478520    0.000063
 2868.139650    0.000053
 2868.799320    0.000046
 2869.460940    0.000040
 2870.121090    0.000034
 2870.781490    0.000030
 2871.443360    0.000025
 2872.103760    0.000021
 2872.766360    0.000018
 2873.427000    0.000015
 2874.089600    0.000013
 2874.750730    0.000011
 2875.412110    0.000010
 2876.075440    0.000009
 2876.736820    0.000007
 2877.400390    0.000006
 2878.062260    0.000005
 2878.725830    0.000004
 2879.388180    0.000004
 2880.050540    0.000003
 2880.714600    0.000003
 2881.377440    0.000002
 2882.041750    0.000002
 2882.704830    0.000002
 2883.369380    0.000001
 2884.032960    0.000001
 2884.696530    0.000001
 2885.361330    0.000001
 2886.025390    0.000001
 2886.690920    0.000001
 2887.354980    0.000000
 2888.020510    0.000000
 2888.685060    0.000000
 2889.349610    0.000000
 2890.015870    0.000000
 2890.680910    0.000000
 2891.347410    0.000000
 2892.012700    0.000000
 2892.679200    0.000000
 2893.344970    0.000000
 2894.010500    0.000000
 2894.677730    0.000000
 2895.343510    0.000000
 2896.011470    0.000000
 2896.677490    0.000000
 2897.345460    0.000000
 2898.011960    0.000000
 2898.678960    0.000000
 2899.347170    0.000000
 2900.014160    0.000000
 2900.682860    0.000000
 2901.350100    0.000000
 2902.019530    0.000000
 2902.687010    0.000000
 2903.354740    0.000000
 2904.024410    0.000000
 2904.692380    0.000000
 2905.361820    0.000000
 2906.030520    0.000000
 2906.700680    0.000000
 2907.369140    0.000000
 2908.038090    0.000000
 2908.708500    0.000000
 2909.377930    0.000000
 2910.048830    0.000000
 2910.718260    0.000000
 2911.389650    0.000000
 2912.059330    0.000000
 2912.729250    0.000000
 2913.400630    0.000000
 2914.070800    0.000000
 2914.742920    0.000000
 2915.413570    0.000000
 2916.085690    0.000000
 2916.756590    0.000000
 2917.429200    0.000000
 2918.100340    0.000000
 2918.771730    0.000000
 2919.444580    0.000000
 2920.116210    0.000000
 2920.789550    0.000000
 2921.461670    0.000000
 2922.135500    0.000000
 2922.807370    0.000000
 2923.479740    0.000000
 2924.154050    0.000000
 2924.826660    0.000000
 2925.500980    0.000000
 2926.174070    0.000000
 2926.848880    0.000000
 2927.522220    0.000000
 2928.195800    0.000000
 2928.870850    0.000000
 2929.544920    0.000000
 2930.220460    0.000000
 2930.894530    0.000000
 2931.570310    0.000000
 2932.244630    0.000000
 2932.919190    0.000000
 2933.595700    0.000000
 2934.270260    0.000000
 2934.947270    0.000000
 2935.622310    0.000000
 2936.299070    0.000000
 2936.974850    0.000000
 2937.650390    0.000000
 2938.327880    0.000000
 2939.003660    0.000000
 2939.681400    0.000000
 2940.357670    0.000000
 2941.035640    0.000000
 2941.712160    0.000000
 2942.389160    0.000000
 2943.067630    0.000000
 2943.744630    0.000000
 2944.423580    0.000000
 2945.100830    0.000000
 2945.780030    0.000000
 2946.457760    0.000000
 2947.135500    0.000000
 2947.815190    0.000000
 2948.493410    0.000000
 2949.173100    0.000000
 2949.851560    0.000000
 2950.531980    0.000000
 2951.210450    0.000000
 2951.889650    0.000000
 2952.570070    0.000000
 2953.249270    0.000000
 2953.930660    0.000000
 2954.610110    0.000000
 2955.291500    0.000000
 2955.971190    0.000000
 2956.651120    0.000000
 2957.333010    0.000000
 2958.013180    0.000000
 2958.695560    0.000000
 2959.376220    0.000000
 2960.058350    0.000000
 2960.739500    0.000000
 2961.420410    0.000000
 2962.103520    0.000000
 2962.784910    0.000000
 2963.468020    0.000000
 2964.149900    0.000000
 2964.833500    0.000000
 2965.515380    0.000000
 2966.197750    0.000000
 2966.881590    0.000000
 2967.564210    0.000000
 2968.248540    0.000000
 2968.931150    0.000000
 2969.615720    0.000000
 2970.299070    0.000000
 2970.984130    0.000000
 2971.667480    0.000000
 2972.351070    0.000000
 2973.036620    0.000000
 2973.720700    0.000000
 2974.406250    0.000000
 2975.090580    0.000000
 2975.776610    0.000000
 2976.461180    0.000000
 2977.146000    0.000000
 2977.832280    0.000000
 2978.517580    0.000000
 2979.204350    0.000000
 2979.889650    0.000000
 2980.576660    0.000000
 2981.262210    0.000000
 2981.948240    0.000000
 2982.635990    0.000000
 2983.322020    0.000000
 2984.010010    0.000000
 2984.696530    0.000000
 2985.384770    0.000000
 2986.071530    0.000000
 2986.758540    0.000000
 2987.447270    0.000000
 2988.134770    0.000000
 2988.823490    0.000000
 2989.510990    0.000000
 2990.200440    0.000000
 2990.888180    0.000000
 2991.576170    0.000000
 2992.266360    0.000000
 2992.954830    0.000000
 2993.644780    0.000000
 2994.333500    0.000000
 2995.023930    0.000000
 2995.713130    0.000000
 2996.402100    0.000000
 2997.093020    0.000000
 2997.782710    0.000000
 2998.473880    0.000000
 2999.163570    0.000000
 2999.855470    0.000000
 3000.545410    0.000000
 3001.235600    0.000000
 3001.927730    0.000000
 3002.618410    0.000000
 3003.310550    0.000000
 3004.001710    0.000000
 3004.694340    0.000000
 3005.385740    0.000000
 3006.076900    0.000000
 3006.770020    0.000000
 3007.461670    0.000000
 3008.155270    0.000000
 3008.847410    0.000000
 3009.541260    0.000000
 3010.233400    0.000000
 3010.926270    0.000000
 3011.620360    0.000000
 3012.313230    0.000000
 3013.007810    0.000000
 3013.700930    0.000000
 3014.395750    0.000000
 3015.089360    0.000000
 3015.783200    0.000000
 3016.478270    0.000000
 3017.172610    0.000000
 3017.868160    0.000000
 3018.562260    0.000000
 3019.258540    0.000000
 3019.952880    0.000000
 3020.647950    0.000000
 3021.344480    0.000000
 3022.039310    0.000000
 3022.736330    0.000000
 3023.431640    0.000000
 3024.128660    0.000000
 3024.824460    0.000000
 3025.522220    0.000000
 3026.218020    0.000000
 3026.914310    0.000000
 3027.612300    0.000000
 3028.308840    0.000000
 3029.007080    0.000000
 3029.703860    0.000000
 3030.402590    0.000000
 3031.099850    0.000000
 3031.797120    0.000000
 3032.496090    0.000000
 3033.193600    0.000000
 3033.893310    0.000000
 3034.591060    0.000000
 3035.290770    0.000000
 3035.989010    0.000000
 3036.687740    0.000000
 3037.387700    0.000000
 3038.086670    0.000000
 3038.787350    0.000000
 3039.486080    0.000000
 3040.187260    0.000000
 3040.886470    0.000000
 3041.586180    0.000000
 3042.287350    0.000000
 3042.987550    0.000000
 3043.689210    0.000000
 3044.389160    0.000000
 3045.091060    0.000000
 3045.791750    0.000000
 3046.492430    0.000000
 3047.194820    0.000000
 3047.896000    0.000000
 3048.598880    0.000000
 3049.300050    0.000000
