 2653.384280    0.085190
 2653.996340    0.092932
 2654.606690    0.101272
 2655.217290    0.110274
 2655.829830    0.120013
 2656.440670    0.130476
 2657.053220    0.141768
 2657.664550    0.153890
 2658.277340    0.166944
 2658.888920    0.180931
 2659.500730    0.195937
 2660.114010    0.212057
 2660.725830    0.229273
 2661.339360    0.247741
 2661.951660    0.267437
 2662.565430    0.288519
 2663.177980    0.310963
 2663.790530    0.334881
 2664.404790    0.360420
 2665.017820    0.387536
 2665.632320    0.416424
 2666.245610    0.447039
 2666.860350    0.479595
 2667.473880    0.514031
 2668.089110    0.550598
 2668.702880    0.589189
 2669.316890    0.629989
 2669.932370    0.673172
 2670.546630    0.718634
 2671.162350    0.766659
 2671.776860    0.817121
 2672.393070    0.870346
 2673.007810    0.926144
 2673.622560    0.984714
 2674.239260    1.046333
 2674.854490    1.110741
 2675.471190    1.178313
 2676.086670    1.248827
 2676.703860    1.322689
 2677.319580    1.399580
 2677.935550    1.479762
 2678.552980    1.563460
 2679.169190    1.650358
 2679.786870    1.740876
 2680.403560    1.834696
 2681.021480    1.932181
 2681.638430    2.033008
 2682.255370    2.137338
 2682.873780    2.245438
 2683.490970    2.356834
 2684.109860    2.472046
 2684.727290    2.590463
 2685.346440    2.712660
 2685.964110    2.837971
 2686.582030    2.966678
 2687.201660    3.099036
 2687.819820    3.234293
 2688.439450    3.373003
 2689.057860    3.514463
 2689.677980    3.659238
 2690.296880    3.806522
 2690.915770    3.956461
 2691.536380    4.109332
 2692.155270    4.264132
 2692.776370    4.421666
 2693.395750    4.580763
 2694.016850    4.742102
 2694.636720    4.904715
 2695.256590    5.068698
 2695.877930    5.234212
 2696.498050    5.400301
 2697.119870    5.567496
 2697.740480    5.734749
 2698.362550    5.902513
 2698.983400    6.069783
 2699.604250    6.236602
 2700.226810    6.403131
 2700.847900    6.568220
 2701.470700    6.732407
 2702.092040    6.894542
 2702.715330    7.055199
 2703.337160    7.213179
 2703.958980    7.368542
 2704.582520    7.521387
 2705.204830    7.670671
 2705.828370    7.816663
 2706.450930    7.958531
 2707.074950    8.096517
 2707.697750    8.229716
 2708.320800    8.358155
 2708.945310    8.481772
 2709.568360    8.599703
 2710.193360    8.712313
 2710.816650    8.818675
 2711.441890    8.919155
 2712.065670    9.012958
 2712.689450    9.100101
 2713.314940    9.180582
 2713.939210    9.253819
 2714.565190    9.319969
 2715.189450    9.378504
 2715.815670    9.429618
 2716.440430    9.472895
 2717.066890    9.508443
 2717.691890    9.535985
 2718.317140    9.555552
 2718.943850    9.567101
 2719.569340    9.570546
 2720.196530    9.565886
 2720.822270    9.553152
 2721.449710    9.532309
 2722.075680    9.503505
 2722.702150    9.466747
 2723.329830    9.422050
 2723.956300    9.369702
 2724.584470    9.309581
 2725.211430    9.242108
 2725.839600    9.167191
 2726.466800    9.085272
 2727.093990    8.996441
 2727.722900    8.900649
 2728.350340    8.798609
 2728.979490    8.690047
 2729.607420    8.575723
 2730.236820    8.455418
 2730.864750    8.329973
 2731.493160    8.199307
 2732.122800    8.063548
 2732.751460    7.923475
 2733.381590    7.778858
 2734.010500    7.630632
 2734.640870    7.478487
 2735.270020    7.323401
 2735.899410    7.165348
 2736.530270    7.004341
 2737.159670    6.841461
 2737.790770    6.676213
 2738.420650    6.509691
 2739.052250    6.341439
 2739.682370    6.172624
 2740.312500    6.003168
 2740.944340    5.832913
 2741.575200    5.662884
 2742.207280    5.492781
 2742.838130    5.323541
 2743.470460    5.154719
 2744.101560    4.987293
 2744.732910    4.821125
 2745.365970    4.656075
 2745.997310    4.493264
 2746.630860    4.331904
 2747.262700    4.173198
 2747.896000    4.016540
 2748.528080    3.862774
 2749.160640    3.711649
 2749.794430    3.563154
 2750.427000    3.418003
 2751.061280    3.275658
 2751.694090    3.136948
 2752.328610    3.001284
 2752.961910    2.869389
 2753.595210    2.741079
 2754.230220    2.616092
 2754.863770    2.495112
 2755.499020    2.377583
 2756.132810    2.264133
 2756.768550    2.154181
 2757.402590    2.048384
 2758.036870    1.946410
 2758.673100    1.848009
 2759.307620    1.753743
 2759.943850    1.663094
 2760.578860    1.576465
 2761.215330    1.493468
 2761.850590    1.414429
 2762.487550    1.338954
 2763.123050    1.267388
 2763.758790    1.199486
 2764.396000    1.135095
 2765.031980    1.074443
 2765.669430    1.017234
 2766.305910    0.963649
 2766.943600    0.913460
 2767.580320    0.866799
 2768.216800    0.823565
 2768.855220    0.783582
 2769.492190    0.747031
 2770.130860    0.713700
 2770.768070    0.683729
 2771.407230    0.656936
 2772.044680    0.633454
 2772.682130    0.613196
 2773.321780    0.596098
 2773.959720    0.582266
 2774.599370    0.571628
 2775.237550    0.564251
 2775.877690    0.560115
 2776.516360    0.559273
 2777.155030    0.561742
 2777.795170    0.567581
 2778.434330    0.576820
 2779.074950    0.589557
 2779.714360    0.605804
 2780.355470    0.625717
 2780.995120    0.649280
 2781.634770    0.676626
 2782.276120    0.707947
 2782.916260    0.743211
 2783.558110    0.782702
 2784.198490    0.826357
 2784.840330    0.874508
 2785.480960    0.927100
 2786.121830    0.984395
 2786.764400    1.046703
 2787.405270    1.113861
 2788.048100    1.186428
 2788.689450    1.264204
 2789.332520    1.347763
 2789.974370    1.436924
 2790.615970    1.531998
 2791.259770    1.633575
 2791.901610    1.741209
 2792.545410    1.855763
 2793.187990    1.976893
 2793.832030    2.105320
 2794.474850    2.240726
 2795.117680    2.383554
 2795.762210    2.534428
 2796.405520    2.692873
 2797.050290    2.859761
 2797.693600    3.034531
 2798.338870    3.218313
 2798.982420    3.410256
 2799.626460    3.611166
 2800.272220    3.821632
 2800.916260    4.040701
 2801.562260    4.269765
 2802.206790    4.507752
 2802.852780    4.755859
 2803.497560    5.013156
 2804.142580    5.280288
 2804.789310    5.557965
 2805.434330    5.844758
 2806.081300    6.142321
 2806.726810    6.449088
 2807.374020    6.766540
 2808.020020    7.093197
 2808.666020    7.429567
 2809.313480    7.776335
 2809.959960    8.132063
 2810.607910    8.497935
 2811.254390    8.872091
 2811.902830    9.256294
 2812.549560    9.648108
 2813.198240    10.049462
 2813.845210    10.457758
 2814.492680    10.873994
 2815.141600    11.298434
 2815.789310    11.728888
 2816.438720    12.166842
 2817.086430    12.609489
 2817.736080    13.058799
 2818.384520    13.512011
 2819.032710    13.969195
 2819.682620    14.431107
 2820.331300    14.895007
 2820.981930    15.362471
 2821.630620    15.829972
 2822.281490    16.299755
 2822.930660    16.768232
 2823.580080    17.236013
 2824.231200    17.703333
 2824.880860    18.167084
 2825.532230    18.628672
 2826.182370    19.085155
 2826.833980    19.537537
 2827.484380    19.983067
 2828.134770    20.421705
 2828.786870    20.853685
 2829.437740    21.276163
 2830.090090    21.689982
 2830.741210    22.092548
 2831.394040    22.484785
 2832.045410    22.863914
 2832.697020    23.230120
 2833.350100    23.583201
 2834.001950    23.920896
 2834.655520    24.243916
 2835.307620    24.549933
 2835.961180    24.839596
 2836.613770    25.111113
 2837.266360    25.364277
 2837.920410    25.598978
 2838.573490    25.813753
 2839.228030    26.008850
 2839.881100    26.182913
 2840.535890    26.336342
 2841.189450    26.468048
 2841.843020    26.578003
 2842.498540    26.666166
 2843.152340    26.731808
 2843.807860    26.775103
 2844.462160    26.795725
 2845.118160    26.793688
 2845.772710    26.768997
 2846.427250    26.721729
 2847.083740    26.651770
 2847.738770    26.559629
 2848.395260    26.445135
 2849.050540    26.309027
 2849.707760    26.150955
 2850.363280    25.972181
 2851.018800    25.772776
 2851.676270    25.552542
 2852.332280    25.313150
 2852.989990    25.054024
 2853.646480    24.776928
 2854.304440    24.481392
 2854.960940    24.169447
 2855.617920    23.840944
 2856.276370    23.496105
 2856.933350    23.137274
 2857.592290    22.763399
 2858.249760    22.377264
 2858.908940    21.977875
 2859.566650    21.568045
 2860.224370    21.147799
 2860.883790    20.716923
 2861.541750    20.278410
 2862.201900    19.830730
 2862.860350    19.377451
 2863.520510    18.917147
 2864.179200    18.452940
 2864.839840    17.983332
 2865.498780    17.511816
 2866.157960    17.037886
 2866.818850    16.561342
 2867.478520    16.085146
 2868.139650    15.608175
 2868.799320    15.133348
 2869.460940    14.658979
 2870.121090    14.188259
 2870.781490    13.720684
 2871.443360    13.256081
 2872.103760    12.797158
 2872.766360    12.341997
 2873.427000    11.894035
 2874.089600    11.451172
 2874.750730    11.016208
 2875.412110    10.588474
 2876.075440    10.167342
 2876.736820    9.755692
 2877.400390    9.351308
 2878.062260    8.956910
 2878.725830    8.570750
 2879.388180    8.194804
 2880.050540    7.828568
 2880.714600    7.471322
 2881.377440    7.124808
 2882.041750    6.787746
 2882.704830    6.461592
 2883.369380    6.145091
 2884.032960    5.839446
 2884.696530    5.544184
 2885.361330    5.258765
 2886.025390    4.983991
 2886.690920    4.718893
 2887.354980    4.464543
 2888.020510    4.219703
 2888.685060    3.985143
 2889.349610    3.760344
 2890.015870    3.544594
 2890.680910    3.338667
 2891.347410    3.141538
 2892.012700    2.953794
 2892.679200    2.774527
 2893.344970    2.604039
 2894.010500    2.441949
 2894.677730    2.287562
 2895.343510    2.141369
 2896.011470    2.002320
 2896.677490    1.871029
 2897.345460    1.746462
 2898.011960    1.629004
 2898.678960    1.518037
 2899.347170    1.413201
 2900.014160    1.314623
 2900.682860    1.221617
 2901.350100    1.134375
 2902.019530    1.052178
 2902.687010    0.975292
 2903.354740    0.903205
 2904.024410    0.835520
 2904.692380    0.772379
 2905.361820    0.713257
 2906.030520    0.658136
 2906.700680    0.606631
 2907.369140    0.558780
 2908.038090    0.514218
 2908.708500    0.472705
 2909.377930    0.434212
 2910.048830    0.398426
 2910.718260    0.365335
 2911.389650    0.334609
 2912.059330    0.306266
 2912.729250    0.280066
 2913.400630    0.255829
 2914.070800    0.233521
 2914.742920    0.212914
 2915.413570    0.193990
 2916.085690    0.176556
 2916.756590    0.160572
 2917.429200    0.145871
 2918.100340    0.132425
 2918.771730    0.120108
 2919.444580    0.108816
 2920.116210    0.098516
 2920.789550    0.089087
 2921.461670    0.080505
 2922.135500    0.072666
 2922.807370    0.065551
 2923.479740    0.059075
 2924.154050    0.053176
 2924.826660    0.047835
 2925.500980    0.042981
 2926.174070    0.038592
 2926.848880    0.034611
 2927.522220    0.031020
 2928.195800    0.027776
 2928.870850    0.024842
 2929.544920    0.022202
 2930.220460    0.019821
 2930.894530    0.017683
 2931.570310    0.015757
 2932.244630    0.014031
 2932.919190    0.012484
 2933.595700    0.011092
 2934.270260    0.009851
 2934.947270    0.008736
 2935.622310    0.007744
 2936.299070    0.006856
 2936.974850    0.006065
 2937.650390    0.005361
 2938.327880    0.004733
 2939.003660    0.004175
 2939.681400    0.003679
 2940.357670    0.003241
 2941.035640    0.002850
 2941.712160    0.002505
 2942.389160    0.002199
 2943.067630    0.001929
 2943.744630    0.001691
 2944.423580    0.001480
 2945.100830    0.001295
 2945.780030    0.001132
 2946.457760    0.000988
 2947.135500    0.000862
 2947.815190    0.000751
 2948.493410    0.000654
 2949.173100    0.000568
 2949.851560    0.000494
 2950.531980    0.000429
 2951.210450    0.000372
 2951.889650    0.000322
 2952.570070    0.000279
 2953.249270    0.000241
 2953.930660    0.000209
 2954.610110    0.000180
 2955.291500    0.000155
 2955.971190    0.000134
 2956.651120    0.000115
 2957.333010    0.000099
 2958.013180    0.000085
 2958.695560    0.000073
 2959.376220    0.000063
 2960.058350    0.000053
 2960.739500    0.000046
 2961.420410    0.000039
 2962.103520    0.000033
 2962.784910    0.000029
 2963.468020    0.000025
 2964.149900    0.000021
 2964.833500    0.000018
 2965.515380    0.000015
 2966.197750    0.000012
 2966.881590    0.000010
 2967.564210    0.000010
 2968.248540    0.000008
 2968.931150    0.000007
 2969.615720    0.000006
 2970.299070    0.000005
 2970.984130    0.000004
 2971.667480    0.000004
 2972.351070    0.000003
 2973.036620    0.000002
 2973.720700    0.000002
 2974.406250    0.000002
 2975.090580    0.000001
 2975.776610    0.000001
 2976.461180    0.000001
 2977.146000    0.000001
 2977.832280    0.000001
 2978.517580    0.000001
 2979.204350    0.000001
 2979.889650    0.000000
 2980.576660    0.000000
 2981.262210    0.000000
 2981.948240    0.000000
 2982.635990    0.000000
 2983.322020    0.000000
 2984.010010    0.000000
 2984.696530    0.000000
 2985.384770    0.000000
 2986.071530    0.000000
 2986.758540    0.000000
 2987.447270    0.000000
 2988.134770    0.000000
 2988.823490    0.000000
 2989.510990    0.000000
 2990.200440    0.000000
 2990.888180    0.000000
 2991.576170    0.000000
 2992.266360    0.000000
 2992.954830    0.000000
 2993.644780    0.000000
 2994.333500    0.000000
 2995.023930    0.000000
 2995.713130    0.000000
 2996.402100    0.000000
 2997.093020    0.000000
 2997.782710    0.000000
 2998.473880    0.000000
 2999.163570    0.000000
 2999.855470    0.000000
 3000.545410    0.000000
 3001.235600    0.000000
 3001.927730    0.000000
 3002.618410    0.000000
 3003.310550    0.000000
 3004.001710    0.000000
 3004.694340    0.000000
 3005.385740    0.000000
 3006.076900    0.000000
 3006.770020    0.000000
 3007.461670    0.000000
 3008.155270    0.000000
 3008.847410    0.000000
 3009.541260    0.000000
 3010.233400    0.000000
 3010.926270    0.000000
 3011.620360    0.000000
 3012.313230    0.000000
 3013.007810    0.000000
 3013.700930    0.000000
 3014.395750    0.000000
 3015.089360    0.000000
 3015.783200    0.000000
 3016.478270    0.000000
 3017.172610    0.000000
 3017.868160    0.000000
 3018.562260    0.000000
 3019.258540    0.000000
 3019.952880    0.000000
 3020.647950    0.000000
 3021.344480    0.000000
 3022.039310    0.000000
 3022.736330    0.000000
 3023.431640    0.000000
 3024.128660    0.000000
 3024.824460    0.000000
 3025.522220    0.000000
 3026.218020    0.000000
 3026.914310    0.000000
 3027.612300    0.000000
 3028.308840    0.000000
 3029.007080    0.000000
 3029.703860    0.000000
 3030.402590    0.000000
 3031.099850    0.000000
 3031.797120    0.000000
 3032.496090    0.000000
 3033.193600    0.000000
 3033.893310    0.000000
 3034.591060    0.000000
 3035.290770    0.000000
 3035.989010    0.000000
 3036.687740    0.000000
 3037.387700    0.000000
 3038.086670    0.000000
 3038.787350    0.000000
 3039.486080    0.000000
 3040.187260    0.000000
 3040.886470    0.000000
 3041.586180    0.000000
 3042.287350    0.000000
 3042.987550    0.000000
 3043.689210    0.000000
 3044.389160    0.000000
 3045.091060    0.000000
 3045.791750    0.000000
 3046.492430    0.000000
 3047.194820    0.000000
 3047.896000    0.000000
 3048.598880    0.000000
 3049.300050    0.000000
