 2653.384280    0.304523
 2653.996340    0.318338
 2654.606690    0.332647
 2655.217290    0.347512
 2655.829830    0.362993
 2656.440670    0.379014
 2657.053220    0.395682
 2657.664550    0.412936
 2658.277340    0.430868
 2658.888920    0.449419
 2659.500730    0.468648
 2660.114010    0.488615
 2660.725830    0.509243
 2661.339360    0.530658
 2661.951660    0.552776
 2662.565430    0.575716
 2663.177980    0.599395
 2663.790530    0.623876
 2664.404790    0.649252
 2665.017820    0.675421
 2665.632320    0.702517
 2666.245610    0.730442
 2666.860350    0.759339
 2667.473880    0.789102
 2668.089110    0.819892
 2668.702880    0.851570
 2669.316890    0.884243
 2669.932370    0.917998
 2670.546630    0.952707
 2671.162350    0.988543
 2671.776860    1.025367
 2672.393070    1.063375
 2673.007810    1.102393
 2673.622560    1.142525
 2674.239260    1.183924
 2674.854490    1.226377
 2675.471190    1.270105
 2676.086670    1.314937
 2676.703860    1.361102
 2677.319580    1.408380
 2677.935550    1.456913
 2678.552980    1.506819
 2679.169190    1.557896
 2679.786870    1.610380
 2680.403560    1.664080
 2681.021480    1.719198
 2681.638430    1.775555
 2682.255370    1.833244
 2682.873780    1.892419
 2683.490970    1.952833
 2684.109860    2.014783
 2684.727290    2.077960
 2685.346440    2.142695
 2685.964110    2.208666
 2686.582030    2.276052
 2687.201660    2.345026
 2687.819820    2.415237
 2688.439450    2.487019
 2689.057860    2.560061
 2689.677980    2.634712
 2690.296880    2.710616
 2690.915770    2.787917
 2691.536380    2.866829
 2692.155270    2.946910
 2692.776370    3.028660
 2693.395750    3.111557
 2694.016850    3.196047
 2694.636720    3.281724
 2695.256590    3.368734
 2695.877930    3.457276
 2696.498050    3.546949
 2697.119870    3.638162
 2697.740480    3.730464
 2698.362550    3.824235
 2698.983400    3.919046
 2699.604250    4.015056
 2700.226810    4.112505
 2700.847900    4.210871
 2701.470700    4.310625
 2702.092040    4.411228
 2702.715330    4.513200
 2703.337160    4.615946
 2703.958980    4.719670
 2704.582520    4.824619
 2705.204830    4.930262
 2705.828370    5.036968
 2706.450930    5.144319
 2707.074950    5.252690
 2707.697750    5.361566
 2708.320800    5.471154
 2708.945310    5.581617
 2709.568360    5.692387
 2710.193360    5.804013
 2710.816650    5.915789
 2711.441890    6.028311
 2712.065670    6.140906
 2712.689450    6.253777
 2713.314940    6.367171
 2713.939210    6.480494
 2714.565190    6.594212
 2715.189450    6.707637
 2715.815670    6.821368
 2716.440430    6.934713
 2717.066890    7.048179
 2717.691890    7.161119
 2718.317140    7.273772
 2718.943850    7.386281
 2719.569340    7.498093
 2720.196530    7.609651
 2720.822270    7.720320
 2721.449710    7.830582
 2722.075680    7.939801
 2722.702150    8.048245
 2723.329830    8.155960
 2723.956300    8.262446
 2724.584470    8.368123
 2725.211430    8.472421
 2725.839600    8.575665
 2726.466800    8.677415
 2727.093990    8.777757
 2727.722900    8.876878
 2728.350340    8.974203
 2728.979490    9.070144
 2729.607420    9.164178
 2730.236820    9.256627
 2730.864750    9.346991
 2731.493160    9.435476
 2732.122800    9.522111
 2732.751460    9.606515
 2733.381590    9.688945
 2734.010500    9.768978
 2734.640870    9.846888
 2735.270020    9.922274
 2735.899410    9.995252
 2736.530270    10.065892
 2737.159670    10.133802
 2737.790770    10.199267
 2738.420650    10.261921
 2739.052250    10.321994
 2739.682370    10.379129
 2740.312500    10.433423
 2740.944340    10.484959
 2741.575200    10.533463
 2742.207280    10.579062
 2742.838130    10.621540
 2743.470460    10.661034
 2744.101560    10.697336
 2744.732910    10.730510
 2745.365970    10.760581
 2745.997310    10.787361
 2746.630860    10.810987
 2747.262700    10.831287
 2747.896000    10.848348
 2748.528080    10.862074
 2749.160640    10.872499
 2749.794430    10.879608
 2750.427000    10.883367
 2751.061280    10.883787
 2751.694090    10.880860
 2752.328610    10.874575
 2752.961910    10.864960
 2753.595210    10.852014
 2754.230220    10.835699
 2754.863770    10.816113
 2755.499020    10.793169
 2756.132810    10.767003
 2756.768550    10.737489
 2757.402590    10.704827
 2758.036870    10.668955
 2758.673100    10.629793
 2759.307620    10.587597
 2759.943850    10.542181
 2760.578860    10.493788
 2761.215330    10.442259
 2761.850590    10.387852
 2762.487550    10.330364
 2763.123050    10.270131
 2763.758790    10.207051
 2764.396000    10.141050
 2765.031980    10.072462
 2765.669430    10.001058
 2766.305910    9.927167
 2766.943600    9.850599
 2767.580320    9.771687
 2768.216800    9.690411
 2768.855220    9.606553
 2769.492190    9.520631
 2770.130860    9.432289
 2770.768070    9.342038
 2771.407230    9.249475
 2772.044680    9.155195
 2772.682130    9.059043
 2773.321780    8.960752
 2773.959720    8.860999
 2774.599370    8.759334
 2775.237550    8.656344
 2775.877690    8.551554
 2776.516360    8.445609
 2777.155030    8.338353
 2777.795170    8.229617
 2778.434330    8.119904
 2779.074950    8.008871
 2779.714360    7.897070
 2780.355470    7.784072
 2780.995120    7.670519
 2781.634770    7.556235
 2782.276120    7.440998
 2782.916260    7.325412
 2783.558110    7.209031
 2784.198490    7.092511
 2784.840330    6.975397
 2785.480960    6.858262
 2786.121830    6.740911
 2786.764400    6.623155
 2787.405270    6.505696
 2788.048100    6.387937
 2788.689450    6.270576
 2789.332520    6.153107
 2789.974370    6.036132
 2790.615970    5.919542
 2791.259770    5.802964
 2791.901610    5.687213
 2792.545410    5.571649
 2793.187990    5.456904
 2793.832030    5.342561
 2794.474850    5.229153
 2795.117680    5.116521
 2795.762210    5.004422
 2796.405520    4.893420
 2797.050290    4.783103
 2797.693600    4.674020
 2798.338870    4.565640
 2798.982420    4.458623
 2799.626460    4.352644
 2800.272220    4.247547
 2800.916260    4.143929
 2801.562260    4.041235
 2802.206790    3.940047
 2802.852780    3.839937
 2803.497560    3.741351
 2804.142580    3.644091
 2804.789310    3.547969
 2805.434330    3.453517
 2806.081300    3.360221
 2806.726810    3.268597
 2807.374020    3.178215
 2808.020020    3.089499
 2808.666020    3.002295
 2809.313480    2.916422
 2809.959960    2.832215
 2810.607910    2.749370
 2811.254390    2.668266
 2811.902830    2.588484
 2812.549560    2.510478
 2813.198240    2.433811
 2813.845210    2.358916
 2814.492680    2.285535
 2815.141600    2.213562
 2815.789310    2.143291
 2816.438720    2.074402
 2817.086430    2.007252
 2817.736080    1.941453
 2818.384520    1.877320
 2819.032710    1.814743
 2819.682620    1.753527
 2820.331300    1.693935
 2820.981930    1.635668
 2821.630620    1.579060
 2822.281490    1.523733
 2822.930660    1.470006
 2823.580080    1.417695
 2824.231200    1.366672
 2824.880860    1.317165
 2825.532230    1.268917
 2826.182370    1.222124
 2826.833980    1.176575
 2827.484380    1.132436
 2828.134770    1.089600
 2828.786870    1.047936
 2829.437740    1.007611
 2830.090090    0.968438
 2830.741210    0.930553
 2831.394040    0.893766
 2832.045410    0.858232
 2832.697020    0.823831
 2833.350100    0.790477
 2834.001950    0.758286
 2834.655520    0.727089
 2835.307620    0.697015
 2835.961180    0.667903
 2836.613770    0.639839
 2837.266360    0.612755
 2837.920410    0.586569
 2838.573490    0.561356
 2839.228030    0.536998
 2839.881100    0.513581
 2840.535890    0.490967
 2841.189450    0.469235
 2841.843020    0.448319
 2842.498540    0.428138
 2843.152340    0.408780
 2843.807860    0.390123
 2844.462160    0.372229
 2845.118160    0.354995
 2845.772710    0.338484
 2846.427250    0.322637
 2847.083740    0.307386
 2847.738770    0.292793
 2848.395260    0.278770
 2849.050540    0.265358
 2849.707760    0.252470
 2850.363280    0.240161
 2851.018800    0.228377
 2851.676270    0.217069
 2852.332280    0.206276
 2852.989990    0.195930
 2853.646480    0.186059
 2854.304440    0.176607
 2854.960940    0.167601
 2855.617920    0.158995
 2856.276370    0.150764
 2856.933350    0.142929
 2857.592290    0.135436
 2858.249760    0.128308
 2858.908940    0.121500
 2859.566650    0.115028
 2860.224370    0.108866
 2860.883790    0.102985
 2861.541750    0.097403
 2862.201900    0.092075
 2862.860350    0.087023
 2863.520510    0.082210
 2864.179200    0.077646
 2864.839840    0.073300
 2865.498780    0.069185
 2866.157960    0.065278
 2866.818850    0.061562
 2867.478520    0.058044
 2868.139650    0.054704
 2868.799320    0.051544
 2869.460940    0.048544
 2870.121090    0.045709
 2870.781490    0.043024
 2871.443360    0.040478
 2872.103760    0.038075
 2872.766360    0.035797
 2873.427000    0.033649
 2874.089600    0.031614
 2874.750730    0.029697
 2875.412110    0.027886
 2876.075440    0.026173
 2876.736820    0.024561
 2877.400390    0.023036
 2878.062260    0.021602
 2878.725830    0.020247
 2879.388180    0.018973
 2880.050540    0.017775
 2880.714600    0.016643
 2881.377440    0.015579
 2882.041750    0.014578
 2882.704830    0.013638
 2883.369380    0.012752
 2884.032960    0.011921
 2884.696530    0.011140
 2885.361330    0.010406
 2886.025390    0.009718
 2886.690920    0.009070
 2887.354980    0.008466
 2888.020510    0.007896
 2888.685060    0.007364
 2889.349610    0.006865
 2890.015870    0.006398
 2890.680910    0.005960
 2891.347410    0.005550
 2892.012700    0.005167
 2892.679200    0.004808
 2893.344970    0.004474
 2894.010500    0.004161
 2894.677730    0.003868
 2895.343510    0.003594
 2896.011470    0.003339
 2896.677490    0.003101
 2897.345460    0.002879
 2898.011960    0.002672
 2898.678960    0.002480
 2899.347170    0.002299
 2900.014160    0.002131
 2900.682860    0.001975
 2901.350100    0.001830
 2902.019530    0.001695
 2902.687010    0.001570
 2903.354740    0.001452
 2904.024410    0.001344
 2904.692380    0.001243
 2905.361820    0.001149
 2906.030520    0.001062
 2906.700680    0.000981
 2907.369140    0.000906
 2908.038090    0.000836
 2908.708500    0.000772
 2909.377930    0.000712
 2910.048830    0.000657
 2910.718260    0.000606
 2911.389650    0.000558
 2912.059330    0.000514
 2912.729250    0.000474
 2913.400630    0.000436
 2914.070800    0.000402
 2914.742920    0.000369
 2915.413570    0.000340
 2916.085690    0.000313
 2916.756590    0.000287
 2917.429200    0.000264
 2918.100340    0.000242
 2918.771730    0.000222
 2919.444580    0.000204
 2920.116210    0.000187
 2920.789550    0.000172
 2921.461670    0.000157
 2922.135500    0.000144
 2922.807370    0.000133
 2923.479740    0.000121
 2924.154050    0.000111
 2924.826660    0.000102
 2925.500980    0.000093
 2926.174070    0.000085
 2926.848880    0.000077
 2927.522220    0.000071
 2928.195800    0.000065
 2928.870850    0.000059
 2929.544920    0.000054
 2930.220460    0.000050
 2930.894530    0.000045
 2931.570310    0.000041
 2932.244630    0.000037
 2932.919190    0.000034
 2933.595700    0.000031
 2934.270260    0.000029
 2934.947270    0.000026
 2935.622310    0.000024
 2936.299070    0.000021
 2936.974850    0.000019
 2937.650390    0.000018
 2938.327880    0.000016
 2939.003660    0.000014
 2939.681400    0.000013
 2940.357670    0.000012
 2941.035640    0.000010
 2941.712160    0.000010
 2942.389160    0.000009
 2943.067630    0.000009
 2943.744630    0.000008
 2944.423580    0.000007
 2945.100830    0.000006
 2945.780030    0.000006
 2946.457760    0.000005
 2947.135500    0.000005
 2947.815190    0.000004
 2948.493410    0.000004
 2949.173100    0.000003
 2949.851560    0.000003
 2950.531980    0.000003
 2951.210450    0.000003
 2951.889650    0.000002
 2952.570070    0.000002
 2953.249270    0.000002
 2953.930660    0.000002
 2954.610110    0.000002
 2955.291500    0.000001
 2955.971190    0.000001
 2956.651120    0.000001
 2957.333010    0.000001
 2958.013180    0.000001
 2958.695560    0.000001
 2959.376220    0.000001
 2960.058350    0.000001
 2960.739500    0.000001
 2961.420410    0.000001
 2962.103520    0.000000
 2962.784910    0.000000
 2963.468020    0.000000
 2964.149900    0.000000
 2964.833500    0.000000
 2965.515380    0.000000
 2966.197750    0.000000
 2966.881590    0.000000
 2967.564210    0.000000
 2968.248540    0.000000
 2968.931150    0.000000
 2969.615720    0.000000
 2970.299070    0.000000
 2970.984130    0.000000
 2971.667480    0.000000
 2972.351070    0.000000
 2973.036620    0.000000
 2973.720700    0.000000
 2974.406250    0.000000
 2975.090580    0.000000
 2975.776610    0.000000
 2976.461180    0.000000
 2977.146000    0.000000
 2977.832280    0.000000
 2978.517580    0.000000
 2979.204350    0.000000
 2979.889650    0.000000
 2980.576660    0.000000
 2981.262210    0.000000
 2981.948240    0.000000
 2982.635990    0.000000
 2983.322020    0.000000
 2984.010010    0.000000
 2984.696530    0.000000
 2985.384770    0.000000
 2986.071530    0.000000
 2986.758540    0.000000
 2987.447270    0.000000
 2988.134770    0.000000
 2988.823490    0.000000
 2989.510990    0.000000
 2990.200440    0.000000
 2990.888180    0.000000
 2991.576170    0.000000
 2992.266360    0.000000
 2992.954830    0.000000
 2993.644780    0.000000
 2994.333500    0.000000
 2995.023930    0.000000
 2995.713130    0.000000
 2996.402100    0.000000
 2997.093020    0.000000
 2997.782710    0.000000
 2998.473880    0.000000
 2999.163570    0.000000
 2999.855470    0.000000
 3000.545410    0.000000
 3001.235600    0.000000
 3001.927730    0.000000
 3002.618410    0.000000
 3003.310550    0.000000
 3004.001710    0.000000
 3004.694340    0.000000
 3005.385740    0.000000
 3006.076900    0.000000
 3006.770020    0.000000
 3007.461670    0.000000
 3008.155270    0.000000
 3008.847410    0.000000
 3009.541260    0.000000
 3010.233400    0.000000
 3010.926270    0.000000
 3011.620360    0.000000
 3012.313230    0.000000
 3013.007810    0.000000
 3013.700930    0.000000
 3014.395750    0.000000
 3015.089360    0.000000
 3015.783200    0.000000
 3016.478270    0.000000
 3017.172610    0.000000
 3017.868160    0.000000
 3018.562260    0.000000
 3019.258540    0.000000
 3019.952880    0.000000
 3020.647950    0.000000
 3021.344480    0.000000
 3022.039310    0.000000
 3022.736330    0.000000
 3023.431640    0.000000
 3024.128660    0.000000
 3024.824460    0.000000
 3025.522220    0.000000
 3026.218020    0.000000
 3026.914310    0.000000
 3027.612300    0.000000
 3028.308840    0.000000
 3029.007080    0.000000
 3029.703860    0.000000
 3030.402590    0.000000
 3031.099850    0.000000
 3031.797120    0.000000
 3032.496090    0.000000
 3033.193600    0.000000
 3033.893310    0.000000
 3034.591060    0.000000
 3035.290770    0.000000
 3035.989010    0.000000
 3036.687740    0.000000
 3037.387700    0.000000
 3038.086670    0.000000
 3038.787350    0.000000
 3039.486080    0.000000
 3040.187260    0.000000
 3040.886470    0.000000
 3041.586180    0.000000
 3042.287350    0.000000
 3042.987550    0.000000
 3043.689210    0.000000
 3044.389160    0.000000
 3045.091060    0.000000
 3045.791750    0.000000
 3046.492430    0.000000
 3047.194820    0.000000
 3047.896000    0.000000
 3048.598880    0.000000
 3049.300050    0.000000
