 2653.384280    0.000000
 2653.996340    0.000000
 2654.606690    0.000000
 2655.217290    0.000000
 2655.829830    0.000000
 2656.440670    0.000000
 2657.053220    0.000000
 2657.664550    0.000000
 2658.277340    0.000000
 2658.888920    0.000000
 2659.500730    0.000000
 2660.114010    0.000000
 2660.725830    0.000000
 2661.339360    0.000000
 2661.951660    0.000000
 2662.565430    0.000000
 2663.177980    0.000000
 2663.790530    0.000000
 2664.404790    0.000000
 2665.017820    0.000000
 2665.632320    0.000000
 2666.245610    0.000000
 2666.860350    0.000000
 2667.473880    0.000000
 2668.089110    0.000000
 2668.702880    0.000000
 2669.316890    0.000000
 2669.932370    0.000000
 2670.546630    0.000000
 2671.162350    0.000000
 2671.776860    0.000000
 2672.393070    0.000000
 2673.007810    0.000000
 2673.622560    0.000000
 2674.239260    0.000000
 2674.854490    0.000000
 2675.471190    0.000000
 2676.086670    0.000000
 2676.703860    0.000000
 2677.319580    0.000000
 2677.935550    0.000000
 2678.552980    0.000000
 2679.169190    0.000000
 2679.786870    0.000000
 2680.403560    0.000000
 2681.021480    0.000000
 2681.638430    0.000000
 2682.255370    0.000000
 2682.873780    0.000000
 2683.490970    0.000000
 2684.109860    0.000000
 2684.727290    0.000000
 2685.346440    0.000000
 2685.964110    0.000000
 2686.582030    0.000000
 2687.201660    0.000000
 2687.819820    0.000000
 2688.439450    0.000000
 2689.057860    0.000000
 2689.677980    0.000000
 2690.296880    0.000000
 2690.915770    0.000000
 2691.536380    0.000000
 2692.155270    0.000000
 2692.776370    0.000000
 2693.395750    0.000000
 2694.016850    0.000000
 2694.636720    0.000000
 2695.256590    0.000000
 2695.877930    0.000000
 2696.498050    0.000000
 2697.119870    0.000000
 2697.740480    0.000000
 2698.362550    0.000000
 2698.983400    0.000000
 2699.604250    0.000000
 2700.226810    0.000000
 2700.847900    0.000000
 2701.470700    0.000000
 2702.092040    0.000000
 2702.715330    0.000000
 2703.337160    0.000000
 2703.958980    0.000000
 2704.582520    0.000000
 2705.204830    0.000000
 2705.828370    0.000000
 2706.450930    0.000000
 2707.074950    0.000000
 2707.697750    0.000000
 2708.320800    0.000000
 2708.945310    0.000000
 2709.568360    0.000000
 2710.193360    0.000000
 2710.816650    0.000000
 2711.441890    0.000000
 2712.065670    0.000000
 2712.689450    0.000000
 2713.314940    0.000000
 2713.939210    0.000000
 2714.565190    0.000000
 2715.189450    0.000000
 2715.815670    0.000000
 2716.440430    0.000000
 2717.066890    0.000000
 2717.691890    0.000000
 2718.317140    0.000000
 2718.943850    0.000000
 2719.569340    0.000000
 2720.196530    0.000000
 2720.822270    0.000000
 2721.449710    0.000000
 2722.075680    0.000000
 2722.702150    0.000000
 2723.329830    0.000000
 2723.956300    0.000000
 2724.584470    0.000000
 2725.211430    0.000000
 2725.839600    0.000000
 2726.466800    0.000000
 2727.093990    0.000000
 2727.722900    0.000000
 2728.350340    0.000000
 2728.979490    0.000000
 2729.607420    0.000000
 2730.236820    0.000000
 2730.864750    0.000000
 2731.493160    0.000000
 2732.122800    0.000000
 2732.751460    0.000000
 2733.381590    0.000000
 2734.010500    0.000000
 2734.640870    0.000000
 2735.270020    0.000000
 2735.899410    0.000000
 2736.530270    0.000000
 2737.159670    0.000000
 2737.790770    0.000000
 2738.420650    0.000000
 2739.052250    0.000000
 2739.682370    0.000000
 2740.312500    0.000000
 2740.944340    0.000000
 2741.575200    0.000000
 2742.207280    0.000000
 2742.838130    0.000000
 2743.470460    0.000000
 2744.101560    0.000000
 2744.732910    0.000000
 2745.365970    0.000000
 2745.997310    0.000000
 2746.630860    0.000000
 2747.262700    0.000000
 2747.896000    0.000000
 2748.528080    0.000000
 2749.160640    0.000000
 2749.794430    0.000001
 2750.427000    0.000001
 2751.061280    0.000001
 2751.694090    0.000001
 2752.328610    0.000001
 2752.961910    0.000001
 2753.595210    0.000001
 2754.230220    0.000001
 2754.863770    0.000001
 2755.499020    0.000001
 2756.132810    0.000001
 2756.768550    0.000001
 2757.402590    0.000002
 2758.036870    0.000002
 2758.673100    0.000002
 2759.307620    0.000002
 2759.943850    0.000002
 2760.578860    0.000002
 2761.215330    0.000003
 2761.850590    0.000003
 2762.487550    0.000003
 2763.123050    0.000003
 2763.758790    0.000004
 2764.396000    0.000004
 2765.031980    0.000004
 2765.669430    0.000005
 2766.305910    0.000005
 2766.943600    0.000006
 2767.580320    0.000006
 2768.216800    0.000007
 2768.855220    0.000007
 2769.492190    0.000008
 2770.130860    0.000009
 2770.768070    0.000010
 2771.407230    0.000010
 2772.044680    0.000010
 2772.682130    0.000011
 2773.321780    0.000012
 2773.959720    0.000014
 2774.599370    0.000015
 2775.237550    0.000016
 2775.877690    0.000018
 2776.516360    0.000019
 2777.155030    0.000021
 2777.795170    0.000023
 2778.434330    0.000025
 2779.074950    0.000027
 2779.714360    0.000029
 2780.355470    0.000031
 2780.995120    0.000034
 2781.634770    0.000037
 2782.276120    0.000040
 2782.916260    0.000043
 2783.558110    0.000047
 2784.198490    0.000051
 2784.840330    0.000055
 2785.480960    0.000059
 2786.121830    0.000064
 2786.764400    0.000070
 2787.405270    0.000075
 2788.048100    0.000081
 2788.689450    0.000088
 2789.332520    0.000094
 2789.974370    0.000102
 2790.615970    0.000111
 2791.259770    0.000119
 2791.901610    0.000129
 2792.545410    0.000139
 2793.187990    0.000150
 2793.832030    0.000161
 2794.474850    0.000175
 2795.117680    0.000188
 2795.762210    0.000202
 2796.405520    0.000217
 2797.050290    0.000235
 2797.693600    0.000253
 2798.338870    0.000272
 2798.982420    0.000292
 2799.626460    0.000315
 2800.272220    0.000338
 2800.916260    0.000363
 2801.562260    0.000391
 2802.206790    0.000420
 2802.852780    0.000451
 2803.497560    0.000484
 2804.142580    0.000520
 2804.789310    0.000558
 2805.434330    0.000599
 2806.081300    0.000643
 2806.726810    0.000690
 2807.374020    0.000739
 2808.020020    0.000792
 2808.666020    0.000849
 2809.313480    0.000910
 2809.959960    0.000975
 2810.607910    0.001043
 2811.254390    0.001118
 2811.902830    0.001196
 2812.549560    0.001280
 2813.198240    0.001369
 2813.845210    0.001464
 2814.492680    0.001566
 2815.141600    0.001674
 2815.789310    0.001788
 2816.438720    0.001911
 2817.086430    0.002041
 2817.736080    0.002180
 2818.384520    0.002327
 2819.032710    0.002483
 2819.682620    0.002649
 2820.331300    0.002827
 2820.981930    0.003015
 2821.630620    0.003214
 2822.281490    0.003426
 2822.930660    0.003650
 2823.580080    0.003888
 2824.231200    0.004142
 2824.880860    0.004410
 2825.532230    0.004694
 2826.182370    0.004995
 2826.833980    0.005316
 2827.484380    0.005653
 2828.134770    0.006012
 2828.786870    0.006392
 2829.437740    0.006793
 2830.090090    0.007218
 2830.741210    0.007668
 2831.394040    0.008144
 2832.045410    0.008647
 2832.697020    0.009177
 2833.350100    0.009740
 2834.001950    0.010333
 2834.655520    0.010961
 2835.307620    0.011621
 2835.961180    0.012321
 2836.613770    0.013058
 2837.266360    0.013835
 2837.920410    0.014656
 2838.573490    0.015520
 2839.228030    0.016434
 2839.881100    0.017393
 2840.535890    0.018407
 2841.189450    0.019473
 2841.843020    0.020595
 2842.498540    0.021779
 2843.152340    0.023022
 2843.807860    0.024332
 2844.462160    0.025708
 2845.118160    0.027158
 2845.772710    0.028679
 2846.427250    0.030277
 2847.083740    0.031960
 2847.738770    0.033725
 2848.395260    0.035582
 2849.050540    0.037526
 2849.707760    0.039573
 2850.363280    0.041715
 2851.018800    0.043962
 2851.676270    0.046324
 2852.332280    0.048794
 2852.989990    0.051390
 2853.646480    0.054105
 2854.304440    0.056953
 2854.960940    0.059931
 2855.617920    0.063049
 2856.276370    0.066319
 2856.933350    0.069735
 2857.592290    0.073317
 2858.249760    0.077053
 2858.908940    0.080971
 2859.566650    0.085055
 2860.224370    0.089323
 2860.883790    0.093792
 2861.541750    0.098450
 2862.201900    0.103328
 2862.860350    0.108405
 2863.520510    0.113718
 2864.179200    0.119247
 2864.839840    0.125031
 2865.498780    0.131046
 2866.157960    0.137318
 2866.818850    0.143869
 2867.478520    0.150682
 2868.139650    0.157794
 2868.799320    0.165182
 2869.460940    0.172895
 2870.121090    0.180904
 2870.781490    0.189240
 2871.443360    0.197929
 2872.103760    0.206944
 2872.766360    0.216347
 2873.427000    0.226090
 2874.089600    0.236244
 2874.750730    0.246767
 2875.412110    0.257698
 2876.075440    0.269081
 2876.736820    0.280860
 2877.400390    0.293123
 2878.062260    0.305811
 2878.725830    0.319003
 2879.388180    0.332656
 2880.050540    0.346807
 2880.714600    0.361508
 2881.377440    0.376711
 2882.041750    0.392491
 2882.704830    0.408800
 2883.369380    0.425720
 2884.032960    0.443204
 2884.696530    0.461292
 2885.361330    0.480036
 2886.025390    0.499396
 2886.690920    0.519455
 2887.354980    0.540140
 2888.020510    0.561559
 2888.685060    0.583652
 2889.349610    0.606464
 2890.015870    0.630078
 2890.680910    0.654405
 2891.347410    0.679563
 2892.012700    0.705466
 2892.679200    0.732229
 2893.344970    0.759792
 2894.010500    0.788192
 2894.677730    0.817531
 2895.343510    0.847690
 2896.011470    0.878852
 2896.677490    0.910845
 2897.345460    0.943872
 2898.011960    0.977786
 2898.678960    1.012701
 2899.347170    1.048676
 2900.014160    1.085601
 2900.682860    1.123654
 2901.350100    1.162675
 2902.019530    1.202896
 2902.687010    1.244087
 2903.354740    1.286398
 2904.024410    1.329958
 2904.692380    1.374549
 2905.361820    1.420397
 2906.030520    1.467371
 2906.700680    1.515644
 2907.369140    1.565002
 2908.038090    1.615623
 2908.708500    1.667598
 2909.377930    1.720755
 2910.048830    1.775306
 2910.718260    1.831025
 2911.389650    1.888212
 2912.059330    1.946571
 2912.729250    2.006280
 2913.400630    2.067464
 2914.070800    2.129891
 2914.742920    2.193872
 2915.413570    2.259090
 2916.085690    2.325844
 2916.756590    2.393874
 2917.429200    2.463489
 2918.100340    2.534367
 2918.771730    2.606692
 2919.444580    2.680608
 2920.116210    2.755825
 2920.789550    2.832677
 2921.461670    2.910834
 2922.135500    2.990641
 2922.807370    3.071666
 2923.479740    3.154195
 2924.154050    3.238420
 2924.826660    3.323878
 2925.500980    3.411003
 2926.174070    3.499413
 2926.848880    3.589489
 2927.522220    3.680800
 2928.195800    3.773569
 2928.870850    3.867958
 2929.544920    3.963616
 2930.220460    4.060881
 2930.894530    4.159317
 2931.570310    4.259373
 2932.244630    4.360565
 2932.919190    4.463128
 2933.595700    4.567307
 2934.270260    4.672483
 2934.947270    4.779319
 2935.622310    4.887100
 2936.299070    4.996383
 2936.974850    5.106712
 2937.650390    5.218173
 2938.327880    5.331104
 2939.003660    5.444864
 2939.681400    5.560035
 2940.357670    5.676004
 2941.035640    5.793281
 2941.712160    5.911274
 2942.389160    6.030287
 2943.067630    6.150453
 2943.744630    6.271208
 2944.423580    6.393120
 2945.100830    6.515484
 2945.780030    6.638915
 2946.457760    6.762742
 2947.135500    6.887180
 2947.815190    7.012537
 2948.493410    7.138129
 2949.173100    7.264443
 2949.851560    7.390922
 2950.531980    7.518099
 2951.210450    7.645184
 2951.889650    7.772616
 2952.570070    7.900427
 2953.249270    8.028090
 2953.930660    8.156186
 2954.610110    8.283865
 2955.291500    8.411792
 2955.971190    8.539209
 2956.651120    8.666414
 2957.333010    8.793653
 2958.013180    8.920170
 2958.695560    9.046616
 2959.376220    9.172191
 2960.058350    9.297407
 2960.739500    9.421738
 2961.420410    9.545242
 2962.103520    9.668283
 2962.784910    9.790075
 2963.468020    9.911150
 2964.149900    10.030912
 2964.833500    10.149791
 2965.515380    10.267115
 2966.197750    10.383183
 2966.881590    10.498079
 2967.564210    10.611268
 2968.248540    10.723155
 2968.931150    10.833103
 2969.615720    10.941621
 2970.299070    11.048122
 2970.984130    11.152984
 2971.667480    11.255605
 2972.351070    11.356207
 2973.036620    11.454956
 2973.720700    11.551282
 2974.406250    11.645521
 2975.090580    11.737231
 2975.776610    11.826728
 2976.461180    11.913527
 2977.146000    11.997779
 2977.832280    12.079558
 2978.517580    12.158504
 2979.204350    12.234828
 2979.889650    12.308142
 2980.576660    12.378721
 2981.262210    12.446179
 2981.948240    12.510657
 2982.635990    12.572198
 2983.322020    12.630443
 2984.010010    12.685649
 2984.696530    12.737492
 2985.384770    12.786160
 2986.071530    12.831385
 2986.758540    12.873243
 2987.447270    12.911777
 2988.134770    12.946775
 2988.823490    12.978333
 2989.510990    13.006308
 2990.200440    13.030791
 2990.888180    13.051630
 2991.576170    13.068872
 2992.266360    13.082527
 2992.954830    13.092497
 2993.644780    13.098820
 2994.333500    13.101457
 2995.023930    13.100408
 2995.713130    13.095672
 2996.402100    13.087252
 2997.093020    13.075110
 2997.782710    13.059304
 2998.473880    13.039778
 2999.163570    13.016626
 2999.855470    12.989736
 3000.545410    12.959286
 3001.235600    12.925214
 3001.927730    12.887443
 3002.618410    12.846183
 3003.310550    12.801292
 3004.001710    12.752957
 3004.694340    12.701044
 3005.385740    12.645786
 3006.076900    12.587166
 3006.770020    12.525026
 3007.461670    12.459721
 3008.155270    12.390972
 3008.847410    12.319173
 3009.541260    12.244047
 3010.233400    12.166024
 3010.926270    12.084898
 3011.620360    12.000662
 3012.313230    11.913679
 3013.007810    11.823647
 3013.700930    11.731045
 3014.395750    11.635523
 3015.089360    11.537554
 3015.783200    11.437014
 3016.478270    11.333830
 3017.172610    11.228373
 3017.868160    11.120420
 3018.562260    11.010478
 3019.258540    10.898045
 3019.952880    10.783874
 3020.647950    10.667616
 3021.344480    10.549229
 3022.039310    10.429338
 3022.736330    10.307361
 3023.431640    10.184067
 3024.128660    10.058941
 3024.824460    9.932598
 3025.522220    9.804551
 3026.218020    9.675609
 3026.914310    9.545413
 3027.612300    9.413822
 3028.308840    9.281527
 3029.007080    9.148012
 3029.703860    9.013977
 3030.402590    8.878854
 3031.099850    8.743393
 3031.797120    8.607399
 3032.496090    8.470628
 3033.193600    8.333786
 3033.893310    8.196241
 3034.591060    8.058898
 3035.290770    7.921068
 3035.989010    7.783511
 3036.687740    7.645922
 3037.387700    7.508239
 3038.086670    7.370974
 3038.787350    7.233676
 3039.486080    7.097141
 3040.187260    6.960586
 3040.886470    6.824936
 3041.586180    6.689791
 3042.287350    6.555033
 3042.987550    6.421199
 3043.689210    6.287889
 3044.389160    6.155768
 3045.091060    6.024209
 3045.791750    5.893866
 3046.492430    5.764567
 3047.194820    5.636058
 3047.896000    5.508926
 3048.598880    5.382694
 3049.300050    5.258025
