 2653.384280    5.043468
 2653.996340    5.134827
 2654.606690    5.226268
 2655.217290    5.318045
 2655.829830    5.410373
 2656.440670    5.502661
 2657.053220    5.595381
 2657.664550    5.688047
 2658.277340    5.781022
 2658.888920    5.873854
 2659.500730    5.966719
 2660.114010    6.059757
 2660.725830    6.152476
 2661.339360    6.245309
 2661.951660    6.337766
 2662.565430    6.430202
 2663.177980    6.522164
 2663.790530    6.613787
 2664.404790    6.705275
 2665.017820    6.796141
 2665.632320    6.886733
 2666.245610    6.976603
 2666.860350    7.066093
 2667.473880    7.154763
 2668.089110    7.242982
 2668.702880    7.330246
 2669.316890    7.416748
 2669.932370    7.502605
 2670.546630    7.587393
 2671.162350    7.671431
 2671.776860    7.754301
 2672.393070    7.836349
 2673.007810    7.917101
 2673.622560    7.996706
 2674.239260    8.075362
 2674.854490    8.152585
 2675.471190    8.228697
 2676.086670    8.303317
 2676.703860    8.376756
 2677.319580    8.448589
 2677.935550    8.518978
 2678.552980    8.588015
 2679.169190    8.655354
 2679.786870    8.721251
 2680.403560    8.785404
 2681.021480    8.848002
 2681.638430    8.908787
 2682.255370    8.967823
 2682.873780    9.025210
 2683.490970    9.080669
 2684.109860    9.134428
 2684.727290    9.186184
 2685.346440    9.236174
 2685.964110    9.284115
 2686.582030    9.330122
 2687.201660    9.374275
 2687.819820    9.416326
 2688.439450    9.456459
 2689.057860    9.494480
 2689.677980    9.530556
 2690.296880    9.564503
 2690.915770    9.596383
 2691.536380    9.626270
 2692.155270    9.653994
 2692.776370    9.679725
 2693.395750    9.703300
 2694.016850    9.724849
 2694.636720    9.744273
 2695.256590    9.761624
 2695.877930    9.776946
 2696.498050    9.790181
 2697.119870    9.801403
 2697.740480    9.810575
 2698.362550    9.817754
 2698.983400    9.822928
 2699.604250    9.826138
 2700.226810    9.827411
 2700.847900    9.826768
 2701.470700    9.824236
 2702.092040    9.819860
 2702.715330    9.813650
 2703.337160    9.805676
 2703.958980    9.795968
 2704.582520    9.784534
 2705.204830    9.771474
 2705.828370    9.756783
 2706.450930    9.740561
 2707.074950    9.722796
 2707.697750    9.703621
 2708.320800    9.683051
 2708.945310    9.661096
 2709.568360    9.637923
 2710.193360    9.613469
 2710.816650    9.587940
 2711.441890    9.561253
 2712.065670    9.533623
 2712.689450    9.505061
 2713.314940    9.475556
 2713.939210    9.445323
 2714.565190    9.414296
 2715.189450    9.382721
 2715.815670    9.350496
 2716.440430    9.317877
 2717.066890    9.284780
 2717.691890    9.251457
 2718.317140    9.217907
 2718.943850    9.184146
 2719.569340    9.150412
 2720.196530    9.116632
 2720.822270    9.083072
 2721.449710    9.049649
 2722.075680    9.016628
 2722.702150    8.983995
 2723.329830    8.951810
 2723.956300    8.920290
 2724.584470    8.889386
 2725.211430    8.859335
 2725.839600    8.830116
 2726.466800    8.801930
 2727.093990    8.774824
 2727.722900    8.748825
 2728.350340    8.724159
 2728.979490    8.700800
 2729.607420    8.678953
 2730.236820    8.658618
 2730.864750    8.639986
 2731.493160    8.623090
 2732.122800    8.608006
 2732.751460    8.594885
 2733.381590    8.583768
 2734.010500    8.574793
 2734.640870    8.568012
 2735.270020    8.563547
 2735.899410    8.561463
 2736.530270    8.561857
 2737.159670    8.564810
 2737.790770    8.570419
 2738.420650    8.578743
 2739.052250    8.589904
 2739.682370    8.603924
 2740.312500    8.620899
 2740.944340    8.640965
 2741.575200    8.664109
 2742.207280    8.690483
 2742.838130    8.720055
 2743.470460    8.753014
 2744.101560    8.789284
 2744.732910    8.829001
 2745.365970    8.872331
 2745.997310    8.919092
 2746.630860    8.969627
 2747.262700    9.023684
 2747.896000    9.081570
 2748.528080    9.143084
 2749.160640    9.208431
 2749.794430    9.277732
 2750.427000    9.350753
 2751.061280    9.427869
 2751.694090    9.508720
 2752.328610    9.593736
 2752.961910    9.682550
 2753.595210    9.775334
 2754.230220    9.872369
 2754.863770    9.973177
 2755.499020    10.078272
 2756.132810    10.187132
 2756.768550    10.300343
 2757.402590    10.417250
 2758.036870    10.538187
 2758.673100    10.663484
 2759.307620    10.792407
 2759.943850    10.925623
 2760.578860    11.062501
 2761.215330    11.203587
 2761.850590    11.348255
 2762.487550    11.497135
 2763.123050    11.649448
 2763.758790    11.805542
 2764.396000    11.965680
 2765.031980    12.129136
 2765.669430    12.296542
 2766.305910    12.467198
 2766.943600    12.641626
 2767.580320    12.819157
 2768.216800    12.999908
 2768.855220    13.184439
 2769.492190    13.371681
 2770.130860    13.562479
 2770.768070    13.755800
 2771.407230    13.952585
 2772.044680    14.151612
 2772.682130    14.353299
 2773.321780    14.558249
 2773.959720    14.765106
 2774.599370    14.974862
 2775.237550    15.186362
 2775.877690    15.400619
 2776.516360    15.616373
 2777.155030    15.833980
 2777.795170    16.053820
 2778.434330    16.274920
 2779.074950    16.497993
 2779.714360    16.721964
 2780.355470    16.947721
 2780.995120    17.174004
 2781.634770    17.401180
 2782.276120    17.629711
 2782.916260    17.858404
 2783.558110    18.088154
 2784.198490    18.317665
 2784.840330    18.547834
 2785.480960    18.777540
 2786.121830    19.007149
 2786.764400    19.237019
 2787.405270    19.465767
 2788.048100    19.694538
 2788.689450    19.921947
 2789.332520    20.148953
 2789.974370    20.374351
 2790.615970    20.598333
 2791.259770    20.821564
 2791.901610    21.042444
 2792.545410    21.262148
 2793.187990    21.479423
 2793.832030    21.695009
 2794.474850    21.907837
 2795.117680    22.118156
 2795.762210    22.326345
 2796.405520    22.531300
 2797.050290    22.733702
 2797.693600    22.932474
 2798.338870    23.128509
 2798.982420    23.320538
 2799.626460    23.509066
 2800.272220    23.694277
 2800.916260    23.875042
 2801.562260    24.052237
 2802.206790    24.224770
 2802.852780    24.393284
 2803.497560    24.556934
 2804.142580    24.715963
 2804.789310    24.870577
 2805.434330    25.019827
 2806.081300    25.164433
 2806.726810    25.303495
 2807.374020    25.437576
 2808.020020    25.565947
 2808.666020    25.688755
 2809.313480    25.806150
 2809.959960    25.917578
 2810.607910    26.023356
 2811.254390    26.122908
 2811.902830    26.216665
 2812.549560    26.304012
 2813.198240    26.385353
 2813.845210    26.460157
 2814.492680    26.528622
 2815.141600    26.590759
 2815.789310    26.646248
 2816.438720    26.695274
 2817.086430    26.737535
 2817.736080    26.773222
 2818.384520    26.802107
 2819.032710    26.824230
 2819.682620    26.839605
 2820.331300    26.848135
 2820.981930    26.849833
 2821.630620    26.844681
 2822.281490    26.832636
 2822.930660    26.813768
 2823.580080    26.788046
 2824.231200    26.755398
 2824.880860    26.715994
 2825.532230    26.669664
 2826.182370    26.616638
 2826.833980    26.556728
 2827.484380    26.490221
 2828.134770    26.417055
 2828.786870    26.337063
 2829.437740    26.250656
 2830.090090    26.157532
 2830.741210    26.058142
 2831.394040    25.952099
 2832.045410    25.839998
 2832.697020    25.721643
 2833.350100    25.596876
 2834.001950    25.466293
 2834.655520    25.329405
 2835.307620    25.186966
 2835.961180    25.038446
 2836.613770    24.884502
 2837.266360    24.725029
 2837.920410    24.559767
 2838.573490    24.389444
 2839.228030    24.213551
 2839.881100    24.032993
 2840.535890    23.847023
 2841.189450    23.656607
 2841.843020    23.461534
 2842.498540    23.261343
 2843.152340    23.057293
 2843.807860    22.848461
 2844.462160    22.635918
 2845.118160    22.418865
 2845.772710    22.198496
 2846.427250    21.974485
 2847.083740    21.746302
 2847.738770    21.515282
 2848.395260    21.280554
 2849.050540    21.043232
 2849.707760    20.802322
 2850.363280    20.559322
 2851.018800    20.313774
 2851.676270    20.065088
 2852.332280    19.814716
 2852.989990    19.561609
 2853.646480    19.307049
 2854.304440    19.050158
 2854.960940    18.792233
 2855.617920    18.532669
 2856.276370    18.271236
 2856.933350    18.009247
 2857.592290    17.745504
 2858.249760    17.481514
 2858.908940    17.216167
 2859.566650    16.950882
 2860.224370    16.685225
 2860.883790    16.418646
 2861.541750    16.152578
 2862.201900    15.885684
 2862.860350    15.619677
 2863.520510    15.353321
 2864.179200    15.088029
 2864.839840    14.822561
 2865.498780    14.558519
 2866.157960    14.295243
 2866.818850    14.032280
 2867.478520    13.770915
 2868.139650    13.510207
 2868.799320    13.251426
 2869.460940    12.993344
 2870.121090    12.737406
 2870.781490    12.483050
 2871.443360    12.229916
 2872.103760    11.979223
 2872.766360    11.729681
 2873.427000    11.482944
 2874.089600    11.237645
 2874.750730    10.995132
 2875.412110    10.754859
 2876.075440    10.516290
 2876.736820    10.280907
 2877.400390    10.047304
 2878.062260    9.816927
 2878.725830    9.588649
 2879.388180    9.363539
 2880.050540    9.141234
 2880.714600    8.921224
 2881.377440    8.704530
 2882.041750    8.490322
 2882.704830    8.279510
 2883.369380    8.071282
 2884.032960    7.866441
 2884.696530    7.664711
 2885.361330    7.465755
 2886.025390    7.270191
 2886.690920    7.077399
 2887.354980    6.888243
 2888.020510    6.701911
 2888.685060    6.519097
 2889.349610    6.339537
 2890.015870    6.162790
 2890.680910    5.989642
 2891.347410    5.819393
 2892.012700    5.652735
 2892.679200    5.489047
 2893.344970    5.328811
 2894.010500    5.171891
 2894.677730    5.017825
 2895.343510    4.867337
 2896.011470    4.719585
 2896.677490    4.575475
 2897.345460    4.434138
 2898.011960    4.296281
 2898.678960    4.161469
 2899.347170    4.029539
 2900.014160    3.900947
 2900.682860    3.775101
 2901.350100    3.652571
 2902.019530    3.532655
 2902.687010    3.416067
 2903.354740    3.302374
 2904.024410    3.191265
 2904.692380    3.083312
 2905.361820    2.977961
 2906.030520    2.875521
 2906.700680    2.775624
 2907.369140    2.678697
 2908.038090    2.584371
 2908.708500    2.492479
 2909.377930    2.403316
 2910.048830    2.316511
 2910.718260    2.232402
 2911.389650    2.150516
 2912.059330    2.071255
 2912.729250    1.994334
 2913.400630    1.919576
 2914.070800    1.847235
 2914.742920    1.776925
 2915.413570    1.708960
 2916.085690    1.642996
 2916.756590    1.579250
 2917.429200    1.517401
 2918.100340    1.457694
 2918.771730    1.399925
 2919.444580    1.343951
 2920.116210    1.289951
 2920.789550    1.237644
 2921.461670    1.187216
 2922.135500    1.138401
 2922.807370    1.091422
 2923.479740    1.046057
 2924.154050    1.002172
 2924.826660    0.959963
 2925.500980    0.919174
 2926.174070    0.879940
 2926.848880    0.842051
 2927.522220    0.805643
 2928.195800    0.770580
 2928.870850    0.736766
 2929.544920    0.704282
 2930.220460    0.672976
 2930.894530    0.642942
 2931.570310    0.614005
 2932.244630    0.586265
 2932.919190    0.559609
 2933.595700    0.533943
 2934.270260    0.509380
 2934.947270    0.485726
 2935.622310    0.463104
 2936.299070    0.441357
 2936.974850    0.420542
 2937.650390    0.400601
 2938.327880    0.381445
 2939.003660    0.363147
 2939.681400    0.345579
 2940.357670    0.328804
 2941.035640    0.312715
 2941.712160    0.297360
 2942.389160    0.282670
 2943.067630    0.268599
 2943.744630    0.255184
 2944.423580    0.242334
 2945.100830    0.230097
 2945.780030    0.218382
 2946.457760    0.207228
 2947.135500    0.196588
 2947.815190    0.186412
 2948.493410    0.176733
 2949.173100    0.167490
 2949.851560    0.158700
 2950.531980    0.150305
 2951.210450    0.142336
 2951.889650    0.134743
 2952.570070    0.127505
 2953.249270    0.120635
 2953.930660    0.114080
 2954.610110    0.107869
 2955.291500    0.101951
 2955.971190    0.096343
 2956.651120    0.091015
 2957.333010    0.085944
 2958.013180    0.081143
 2958.695560    0.076574
 2959.376220    0.072253
 2960.058350    0.068147
 2960.739500    0.064261
 2961.420410    0.060581
 2962.103520    0.057084
 2962.784910    0.053782
 2963.468020    0.050649
 2964.149900    0.047688
 2964.833500    0.044883
 2965.515380    0.042235
 2966.197750    0.039732
 2966.881590    0.037360
 2967.564210    0.035124
 2968.248540    0.033008
 2968.931150    0.031013
 2969.615720    0.029127
 2970.299070    0.027350
 2970.984130    0.025671
 2971.667480    0.024091
 2972.351070    0.022601
 2973.036620    0.021194
 2973.720700    0.019871
 2974.406250    0.018622
 2975.090580    0.017449
 2975.776610    0.016343
 2976.461180    0.015305
 2977.146000    0.014327
 2977.832280    0.013407
 2978.517580    0.012543
 2979.204350    0.011729
 2979.889650    0.010967
 2980.576660    0.010250
 2981.262210    0.009578
 2981.948240    0.008947
 2982.635990    0.008354
 2983.322020    0.007799
 2984.010010    0.007278
 2984.696530    0.006790
 2985.384770    0.006332
 2986.071530    0.005904
 2986.758540    0.005504
 2987.447270    0.005128
 2988.134770    0.004777
 2988.823490    0.004448
 2989.510990    0.004141
 2990.200440    0.003854
 2990.888180    0.003586
 2991.576170    0.003335
 2992.266360    0.003100
 2992.954830    0.002882
 2993.644780    0.002678
 2994.333500    0.002487
 2995.023930    0.002310
 2995.713130    0.002145
 2996.402100    0.001990
 2997.093020    0.001846
 2997.782710    0.001713
 2998.473880    0.001588
 2999.163570    0.001472
 2999.855470    0.001364
 3000.545410    0.001263
 3001.235600    0.001170
 3001.927730    0.001082
 3002.618410    0.001002
 3003.310550    0.000927
 3004.001710    0.000857
 3004.694340    0.000792
 3005.385740    0.000732
 3006.076900    0.000677
 3006.770020    0.000626
 3007.461670    0.000577
 3008.155270    0.000533
 3008.847410    0.000492
 3009.541260    0.000454
 3010.233400    0.000419
 3010.926270    0.000386
 3011.620360    0.000356
 3012.313230    0.000328
 3013.007810    0.000301
 3013.700930    0.000278
 3014.395750    0.000256
 3015.089360    0.000236
 3015.783200    0.000216
 3016.478270    0.000199
 3017.172610    0.000183
 3017.868160    0.000168
 3018.562260    0.000155
 3019.258540    0.000142
 3019.952880    0.000131
 3020.647950    0.000119
 3021.344480    0.000110
 3022.039310    0.000101
 3022.736330    0.000093
 3023.431640    0.000085
 3024.128660    0.000077
 3024.824460    0.000071
 3025.522220    0.000065
 3026.218020    0.000059
 3026.914310    0.000054
 3027.612300    0.000050
 3028.308840    0.000046
 3029.007080    0.000042
 3029.703860    0.000038
 3030.402590    0.000035
 3031.099850    0.000031
 3031.797120    0.000029
 3032.496090    0.000027
 3033.193600    0.000024
 3033.893310    0.000022
 3034.591060    0.000020
 3035.290770    0.000018
 3035.989010    0.000017
 3036.687740    0.000015
 3037.387700    0.000014
 3038.086670    0.000012
 3038.787350    0.000011
 3039.486080    0.000010
 3040.187260    0.000010
 3040.886470    0.000009
 3041.586180    0.000008
 3042.287350    0.000008
 3042.987550    0.000007
 3043.689210    0.000006
 3044.389160    0.000006
 3045.091060    0.000005
 3045.791750    0.000005
 3046.492430    0.000004
 3047.194820    0.000004
 3047.896000    0.000003
 3048.598880    0.000003
 3049.300050    0.000003
