 2653.384280    0.000000
 2653.996340    0.000000
 2654.606690    0.000000
 2655.217290    0.000000
 2655.829830    0.000000
 2656.440670    0.000000
 2657.053220    0.000000
 2657.664550    0.000000
 2658.277340    0.000000
 2658.888920    0.000000
 2659.500730    0.000000
 2660.114010    0.000000
 2660.725830    0.000000
 2661.339360    0.000000
 2661.951660    0.000000
 2662.565430    0.000000
 2663.177980    0.000000
 2663.790530    0.000000
 2664.404790    0.000000
 2665.017820    0.000000
 2665.632320    0.000000
 2666.245610    0.000000
 2666.860350    0.000001
 2667.473880    0.000001
 2668.089110    0.000001
 2668.702880    0.000001
 2669.316890    0.000001
 2669.932370    0.000001
 2670.546630    0.000001
 2671.162350    0.000001
 2671.776860    0.000001
 2672.393070    0.000001
 2673.007810    0.000001
 2673.622560    0.000001
 2674.239260    0.000002
 2674.854490    0.000002
 2675.471190    0.000002
 2676.086670    0.000002
 2676.703860    0.000002
 2677.319580    0.000003
 2677.935550    0.000003
 2678.552980    0.000003
 2679.169190    0.000003
 2679.786870    0.000004
 2680.403560    0.000004
 2681.021480    0.000004
 2681.638430    0.000005
 2682.255370    0.000005
 2682.873780    0.000006
 2683.490970    0.000006
 2684.109860    0.000007
 2684.727290    0.000008
 2685.346440    0.000008
 2685.964110    0.000009
 2686.582030    0.000010
 2687.201660    0.000010
 2687.819820    0.000011
 2688.439450    0.000012
 2689.057860    0.000013
 2689.677980    0.000014
 2690.296880    0.000015
 2690.915770    0.000017
 2691.536380    0.000019
 2692.155270    0.000020
 2692.776370    0.000022
 2693.395750    0.000024
 2694.016850    0.000026
 2694.636720    0.000029
 2695.256590    0.000031
 2695.877930    0.000033
 2696.498050    0.000036
 2697.119870    0.000040
 2697.740480    0.000043
 2698.362550    0.000047
 2698.983400    0.000051
 2699.604250    0.000055
 2700.226810    0.000060
 2700.847900    0.000065
 2701.470700    0.000071
 2702.092040    0.000076
 2702.715330    0.000083
 2703.337160    0.000090
 2703.958980    0.000097
 2704.582520    0.000106
 2705.204830    0.000114
 2705.828370    0.000124
 2706.450930    0.000134
 2707.074950    0.000145
 2707.697750    0.000157
 2708.320800    0.000170
 2708.945310    0.000184
 2709.568360    0.000199
 2710.193360    0.000216
 2710.816650    0.000233
 2711.441890    0.000252
 2712.065670    0.000272
 2712.689450    0.000294
 2713.314940    0.000317
 2713.939210    0.000342
 2714.565190    0.000370
 2715.189450    0.000399
 2715.815670    0.000430
 2716.440430    0.000464
 2717.066890    0.000501
 2717.691890    0.000540
 2718.317140    0.000583
 2718.943850    0.000628
 2719.569340    0.000676
 2720.196530    0.000729
 2720.822270    0.000785
 2721.449710    0.000845
 2722.075680    0.000910
 2722.702150    0.000979
 2723.329830    0.001054
 2723.956300    0.001134
 2724.584470    0.001220
 2725.211430    0.001312
 2725.839600    0.001410
 2726.466800    0.001516
 2727.093990    0.001630
 2727.722900    0.001751
 2728.350340    0.001881
 2728.979490    0.002020
 2729.607420    0.002169
 2730.236820    0.002329
 2730.864750    0.002500
 2731.493160    0.002682
 2732.122800    0.002877
 2732.751460    0.003085
 2733.381590    0.003309
 2734.010500    0.003548
 2734.640870    0.003802
 2735.270020    0.004074
 2735.899410    0.004365
 2736.530270    0.004676
 2737.159670    0.005007
 2737.790770    0.005361
 2738.420650    0.005738
 2739.052250    0.006141
 2739.682370    0.006570
 2740.312500    0.007027
 2740.944340    0.007516
 2741.575200    0.008035
 2742.207280    0.008590
 2742.838130    0.009179
 2743.470460    0.009809
 2744.101560    0.010477
 2744.732910    0.011189
 2745.365970    0.011947
 2745.997310    0.012752
 2746.630860    0.013611
 2747.262700    0.014522
 2747.896000    0.015491
 2748.528080    0.016521
 2749.160640    0.017614
 2749.794430    0.018778
 2750.427000    0.020012
 2751.061280    0.021324
 2751.694090    0.022714
 2752.328610    0.024192
 2752.961910    0.025757
 2753.595210    0.027416
 2754.230220    0.029181
 2754.863770    0.031045
 2755.499020    0.033027
 2756.132810    0.035120
 2756.768550    0.037345
 2757.402590    0.039693
 2758.036870    0.042179
 2758.673100    0.044818
 2759.307620    0.047602
 2759.943850    0.050553
 2760.578860    0.053669
 2761.215330    0.056969
 2761.850590    0.060449
 2762.487550    0.064136
 2763.123050    0.068020
 2763.758790    0.072122
 2764.396000    0.076461
 2765.031980    0.081032
 2765.669430    0.085863
 2766.305910    0.090952
 2766.943600    0.096326
 2767.580320    0.101982
 2768.216800    0.107939
 2768.855220    0.114233
 2769.492190    0.120846
 2770.130860    0.127826
 2770.768070    0.135155
 2771.407230    0.142890
 2772.044680    0.151004
 2772.682130    0.159535
 2773.321780    0.168534
 2773.959720    0.177965
 2774.599370    0.187900
 2775.237550    0.198309
 2775.877690    0.209271
 2776.516360    0.220751
 2777.155030    0.232795
 2777.795170    0.245458
 2778.434330    0.258716
 2779.074950    0.272645
 2779.714360    0.287214
 2780.355470    0.302519
 2780.995120    0.318510
 2781.634770    0.335251
 2782.276120    0.352819
 2782.916260    0.371165
 2783.558110    0.390406
 2784.198490    0.410478
 2784.840330    0.431506
 2785.480960    0.453437
 2786.121830    0.476353
 2786.764400    0.500346
 2787.405270    0.525327
 2788.048100    0.551473
 2788.689450    0.578687
 2789.332520    0.607141
 2789.974370    0.636748
 2790.615970    0.667590
 2791.259770    0.699830
 2791.901610    0.733304
 2792.545410    0.768257
 2793.187990    0.804565
 2793.832030    0.842423
 2794.474850    0.881721
 2795.117680    0.922573
 2795.762210    0.965141
 2796.405520    1.009281
 2797.050290    1.055225
 2797.693600    1.102813
 2798.338870    1.152349
 2798.982420    1.203600
 2799.626460    1.256787
 2800.272220    1.312071
 2800.916260    1.369207
 2801.562260    1.428574
 2802.206790    1.489909
 2802.852780    1.553544
 2803.497560    1.619264
 2804.142580    1.687264
 2804.789310    1.757763
 2805.434330    1.830435
 2806.081300    1.905746
 2806.726810    1.983352
 2807.374020    2.063684
 2808.020020    2.146430
 2808.666020    2.231791
 2809.313480    2.320012
 2809.959960    2.410815
 2810.607910    2.504592
 2811.254390    2.600963
 2811.902830    2.700484
 2812.549560    2.802641
 2813.198240    2.908054
 2813.845210    3.016170
 2814.492680    3.127387
 2815.141600    3.241925
 2815.789310    3.359344
 2816.438720    3.480217
 2817.086430    3.603936
 2817.736080    3.731234
 2818.384520    3.861522
 2819.032710    3.995008
 2819.682620    4.132131
 2820.331300    4.272295
 2820.981930    4.416208
 2821.630620    4.563025
 2822.281490    4.713694
 2822.930660    4.867325
 2823.580080    5.024374
 2824.231200    5.185212
 2824.880860    5.349056
 2825.532230    5.516704
 2826.182370    5.687396
 2826.833980    5.861828
 2827.484380    6.039265
 2828.134770    6.220012
 2828.786870    6.404531
 2829.437740    6.591969
 2830.090090    6.783068
 2830.741210    6.977006
 2831.394040    7.174619
 2832.045410    7.374900
 2832.697020    7.578317
 2833.350100    7.785205
 2834.001950    7.994658
 2834.655520    8.207552
 2835.307620    8.422788
 2835.961180    8.641256
 2836.613770    8.862067
 2837.266360    9.085456
 2837.920410    9.311848
 2838.573490    9.540305
 2839.228030    9.771584
 2839.881100    10.004546
 2840.535890    10.240216
 2841.189450    10.477427
 2841.843020    10.716498
 2842.498540    10.958028
 2843.152340    11.200541
 2843.807860    11.445171
 2844.462160    11.690689
 2845.118160    11.938053
 2845.772710    12.185923
 2846.427250    12.434697
 2847.083740    12.684967
 2847.738770    12.935271
 2848.395260    13.186567
 2849.050540    13.437662
 2849.707760    13.689599
 2850.363280    13.940801
 2851.018800    14.191749
 2851.676270    14.443007
 2852.332280    14.693089
 2852.989990    14.943013
 2853.646480    15.191484
 2854.304440    15.439322
 2854.960940    15.685231
 2855.617920    15.929758
 2856.276370    16.173059
 2856.933350    16.413855
 2857.592290    16.653202
 2858.249760    16.889654
 2858.908940    17.124153
 2859.566650    17.355373
 2860.224370    17.583633
 2860.883790    17.809322
 2861.541750    18.031151
 2862.201900    18.250153
 2862.860350    18.464834
 2863.520510    18.676113
 2864.179200    18.882778
 2864.839840    19.085711
 2865.498780    19.283590
 2866.157960    19.476841
 2866.818850    19.665686
 2867.478520    19.849104
 2868.139650    20.027662
 2868.799320    20.200405
 2869.460940    20.368046
 2870.121090    20.529562
 2870.781490    20.685221
 2871.443360    20.835135
 2872.103760    20.978500
 2872.766360    21.115953
 2873.427000    21.246504
 2874.089600    21.370781
 2874.750730    21.488024
 2875.412110    21.598429
 2876.075440    21.702145
 2876.736820    21.798452
 2877.400390    21.887857
 2878.062260    21.969736
 2878.725830    22.044434
 2879.388180    22.111532
 2880.050540    22.171110
 2880.714600    22.223240
 2881.377440    22.267626
 2882.041750    22.304405
 2882.704830    22.333391
 2883.369380    22.354670
 2884.032960    22.368133
 2884.696530    22.373812
 2885.361330    22.371693
 2886.025390    22.361784
 2886.690920    22.344050
 2887.354980    22.318590
 2888.020510    22.285332
 2888.685060    22.244423
 2889.349610    22.195873
 2890.015870    22.139580
 2890.680910    22.075848
 2891.347410    22.004488
 2892.012700    21.925861
 2892.679200    21.839771
 2893.344970    21.746553
 2894.010500    21.646256
 2894.677730    21.538671
 2895.343510    21.424429
 2896.011470    21.303001
 2896.677490    21.175278
 2897.345460    21.040638
 2898.011960    20.899912
 2898.678960    20.752844
 2899.347170    20.599400
 2900.014160    20.440304
 2900.682860    20.275011
 2901.350100    20.104469
 2902.019530    19.927910
 2902.687010    19.746601
 2903.354740    19.560143
 2904.024410    19.368221
 2904.692380    19.172066
 2905.361820    18.970943
 2906.030520    18.765697
 2906.700680    18.555841
 2907.369140    18.342575
 2908.038090    18.125401
 2908.708500    17.904188
 2909.377930    17.679943
 2910.048830    17.452045
 2910.718260    17.221697
 2911.389650    16.987921
 2912.059330    16.752195
 2912.729250    16.514044
 2913.400630    16.273230
 2914.070800    16.030916
 2914.742920    15.786151
 2915.413570    15.540380
 2916.085690    15.292728
 2916.756590    15.044381
 2917.429200    14.794446
 2918.100340    14.544293
 2918.771730    14.293475
 2919.444580    14.041725
 2920.116210    13.790226
 2920.789550    13.538062
 2921.461670    13.286509
 2922.135500    13.034639
 2922.807370    12.783995
 2923.479740    12.533826
 2924.154050    12.283751
 2924.826660    12.035288
 2925.500980    11.787323
 2926.174070    11.541083
 2926.848880    11.295645
 2927.522220    11.052298
 2928.195800    10.810553
 2928.870850    10.570108
 2929.544920    10.331961
 2930.220460    10.095366
 2930.894530    9.861465
 2931.570310    9.629265
 2932.244630    9.399960
 2932.919190    9.173062
 2933.595700    8.948102
 2934.270260    8.726463
 2934.947270    8.506791
 2935.622310    8.290588
 2936.299070    8.076756
 2936.974850    7.866212
 2937.650390    7.658783
 2938.327880    7.453865
 2939.003660    7.252618
 2939.681400    7.054000
 2940.357670    6.859059
 2941.035640    6.666921
 2941.712160    6.478521
 2942.389160    6.293335
 2943.067630    6.111137
 2943.744630    5.932734
 2944.423580    5.757244
 2945.100830    5.585627
 2945.780030    5.416965
 2946.457760    5.252116
 2947.135500    5.090713
 2947.815190    4.932301
 2948.493410    4.777673
 2949.173100    4.626154
 2949.851560    4.478330
 2950.531980    4.333497
 2951.210450    4.192470
 2951.889650    4.054657
 2952.570070    3.919951
 2953.249270    3.788806
 2953.930660    3.660540
 2954.610110    3.535903
 2955.291500    3.414146
 2955.971190    3.295887
 2956.651120    3.180737
 2957.333010    3.068383
 2958.013180    2.959389
 2958.695560    2.853087
 2959.376220    2.750046
 2960.058350    2.649735
 2960.739500    2.552472
 2961.420410    2.458093
 2962.103520    2.366225
 2962.784910    2.277346
 2963.468020    2.190956
 2964.149900    2.107380
 2964.833500    2.026209
 2965.515380    1.947794
 2966.197750    1.871824
 2966.881590    1.798147
 2967.564210    1.727000
 2968.248540    1.658027
 2968.931150    1.591517
 2969.615720    1.527063
 2970.299070    1.464911
 2970.984130    1.404745
 2971.667480    1.346811
 2972.351070    1.290885
 2973.036620    1.236782
 2973.720700    1.184723
 2974.406250    1.134433
 2975.090580    1.086058
 2975.776610    1.039341
 2976.461180    0.994452
 2977.146000    0.951221
 2977.832280    0.909531
 2978.517580    0.869481
 2979.204350    0.830886
 2979.889650    0.793860
 2980.576660    0.758189
 2981.262210    0.723992
 2981.948240    0.691125
 2982.635990    0.659491
 2983.322020    0.629206
 2984.010010    0.600064
 2984.696530    0.572174
 2985.384770    0.545366
 2986.071530    0.519724
 2986.758540    0.495143
 2987.447270    0.471540
 2988.134770    0.448976
 2988.823490    0.427338
 2989.510990    0.406666
 2990.200440    0.386834
 2990.888180    0.367914
 2991.576170    0.349817
 2992.266360    0.332465
 2992.954830    0.315928
 2993.644780    0.300097
 2994.333500    0.285007
 2995.023930    0.270567
 2995.713130    0.256811
 2996.402100    0.243691
 2997.093020    0.231145
 2997.782710    0.219203
 2998.473880    0.207798
 2999.163570    0.196954
 2999.855470    0.186591
 3000.545410    0.176752
 3001.235600    0.167382
 3001.927730    0.158440
 3002.618410    0.149951
 3003.310550    0.141861
 3004.001710    0.134180
 3004.694340    0.126863
 3005.385740    0.119925
 3006.076900    0.113336
 3006.770020    0.107060
 3007.461670    0.101117
 3008.155270    0.095460
 3008.847410    0.090105
 3009.541260    0.085014
 3010.233400    0.080199
 3010.926270    0.075631
 3011.620360    0.071295
 3012.313230    0.067194
 3013.007810    0.063302
 3013.700930    0.059626
 3014.395750    0.056138
 3015.089360    0.052844
 3015.783200    0.049728
 3016.478270    0.046777
 3017.172610    0.043991
 3017.868160    0.041353
 3018.562260    0.038868
 3019.258540    0.036514
 3019.952880    0.034298
 3020.647950    0.032205
 3021.344480    0.030226
 3022.039310    0.028364
 3022.736330    0.026605
 3023.431640    0.024950
 3024.128660    0.023387
 3024.824460    0.021918
 3025.522220    0.020532
 3026.218020    0.019230
 3026.914310    0.018004
 3027.612300    0.016849
 3028.308840    0.015765
 3029.007080    0.014744
 3029.703860    0.013786
 3030.402590    0.012884
 3031.099850    0.012039
 3031.797120    0.011246
 3032.496090    0.010500
 3033.193600    0.009802
 3033.893310    0.009145
 3034.591060    0.008531
 3035.290770    0.007954
 3035.989010    0.007415
 3036.687740    0.006909
 3037.387700    0.006435
 3038.086670    0.005993
 3038.787350    0.005578
 3039.486080    0.005191
 3040.187260    0.004828
 3040.886470    0.004490
 3041.586180    0.004174
 3042.287350    0.003879
 3042.987550    0.003603
 3043.689210    0.003345
 3044.389160    0.003105
 3045.091060    0.002881
 3045.791750    0.002672
 3046.492430    0.002478
 3047.194820    0.002296
 3047.896000    0.002128
 3048.598880    0.001970
 3049.300050    0.001824
