 2653.384280    0.000000
 2653.996340    0.000000
 2654.606690    0.000000
 2655.217290    0.000000
 2655.829830    0.000000
 2656.440670    0.000000
 2657.053220    0.000000
 2657.664550    0.000000
 2658.277340    0.000000
 2658.888920    0.000000
 2659.500730    0.000000
 2660.114010    0.000000
 2660.725830    0.000000
 2661.339360    0.000000
 2661.951660    0.000000
 2662.565430    0.000000
 2663.177980    0.000000
 2663.790530    0.000000
 2664.404790    0.000000
 2665.017820    0.000000
 2665.632320    0.000000
 2666.245610    0.000000
 2666.860350    0.000000
 2667.473880    0.000000
 2668.089110    0.000000
 2668.702880    0.000000
 2669.316890    0.000000
 2669.932370    0.000000
 2670.546630    0.000000
 2671.162350    0.000000
 2671.776860    0.000000
 2672.393070    0.000000
 2673.007810    0.000000
 2673.622560    0.000000
 2674.239260    0.000000
 2674.854490    0.000000
 2675.471190    0.000000
 2676.086670    0.000000
 2676.703860    0.000000
 2677.319580    0.000000
 2677.935550    0.000000
 2678.552980    0.000000
 2679.169190    0.000000
 2679.786870    0.000000
 2680.403560    0.000000
 2681.021480    0.000000
 2681.638430    0.000000
 2682.255370    0.000000
 2682.873780    0.000000
 2683.490970    0.000000
 2684.109860    0.000000
 2684.727290    0.000000
 2685.346440    0.000000
 2685.964110    0.000000
 2686.582030    0.000000
 2687.201660    0.000000
 2687.819820    0.000000
 2688.439450    0.000000
 2689.057860    0.000000
 2689.677980    0.000000
 2690.296880    0.000000
 2690.915770    0.000000
 2691.536380    0.000000
 2692.155270    0.000000
 2692.776370    0.000000
 2693.395750    0.000000
 2694.016850    0.000000
 2694.636720    0.000000
 2695.256590    0.000000
 2695.877930    0.000000
 2696.498050    0.000000
 2697.119870    0.000000
 2697.740480    0.000000
 2698.362550    0.000000
 2698.983400    0.000000
 2699.604250    0.000000
 2700.226810    0.000000
 2700.847900    0.000000
 2701.470700    0.000000
 2702.092040    0.000000
 2702.715330    0.000000
 2703.337160    0.000000
 2703.958980    0.000000
 2704.582520    0.000000
 2705.204830    0.000000
 2705.828370    0.000000
 2706.450930    0.000000
 2707.074950    0.000000
 2707.697750    0.000000
 2708.320800    0.000000
 2708.945310    0.000000
 2709.568360    0.000000
 2710.193360    0.000000
 2710.816650    0.000000
 2711.441890    0.000000
 2712.065670    0.000000
 2712.689450    0.000000
 2713.314940    0.000000
 2713.939210    0.000000
 2714.565190    0.000000
 2715.189450    0.000000
 2715.815670    0.000000
 2716.440430    0.000000
 2717.066890    0.000000
 2717.691890    0.000000
 2718.317140    0.000000
 2718.943850    0.000000
 2719.569340    0.000000
 2720.196530    0.000000
 2720.822270    0.000000
 2721.449710    0.000000
 2722.075680    0.000000
 2722.702150    0.000000
 2723.329830    0.000000
 2723.956300    0.000000
 2724.584470    0.000000
 2725.211430    0.000000
 2725.839600    0.000000
 2726.466800    0.000000
 2727.093990    0.000000
 2727.722900    0.000000
 2728.350340    0.000000
 2728.979490    0.000000
 2729.607420    0.000000
 2730.236820    0.000000
 2730.864750    0.000000
 2731.493160    0.000000
 2732.122800    0.000000
 2732.751460    0.000000
 2733.381590    0.000000
 2734.010500    0.000000
 2734.640870    0.000000
 2735.270020    0.000000
 2735.899410    0.000000
 2736.530270    0.000000
 2737.159670    0.000000
 2737.790770    0.000000
 2738.420650    0.000000
 2739.052250    0.000000
 2739.682370    0.000000
 2740.312500    0.000000
 2740.944340    0.000000
 2741.575200    0.000000
 2742.207280    0.000000
 2742.838130    0.000000
 2743.470460    0.000000
 2744.101560    0.000000
 2744.732910    0.000000
 2745.365970    0.000000
 2745.997310    0.000000
 2746.630860    0.000000
 2747.262700    0.000000
 2747.896000    0.000000
 2748.528080    0.000000
 2749.160640    0.000000
 2749.794430    0.000000
 2750.427000    0.000000
 2751.061280    0.000000
 2751.694090    0.000000
 2752.328610    0.000000
 2752.961910    0.000000
 2753.595210    0.000000
 2754.230220    0.000000
 2754.863770    0.000000
 2755.499020    0.000000
 2756.132810    0.000000
 2756.768550    0.000000
 2757.402590    0.000000
 2758.036870    0.000000
 2758.673100    0.000000
 2759.307620    0.000000
 2759.943850    0.000000
 2760.578860    0.000000
 2761.215330    0.000000
 2761.850590    0.000000
 2762.487550    0.000000
 2763.123050    0.000000
 2763.758790    0.000000
 2764.396000    0.000000
 2765.031980    0.000000
 2765.669430    0.000000
 2766.305910    0.000000
 2766.943600    0.000000
 2767.580320    0.000000
 2768.216800    0.000000
 2768.855220    0.000000
 2769.492190    0.000000
 2770.130860    0.000000
 2770.768070    0.000000
 2771.407230    0.000000
 2772.044680    0.000000
 2772.682130    0.000000
 2773.321780    0.000000
 2773.959720    0.000000
 2774.599370    0.000000
 2775.237550    0.000000
 2775.877690    0.000000
 2776.516360    0.000000
 2777.155030    0.000000
 2777.795170    0.000000
 2778.434330    0.000000
 2779.074950    0.000000
 2779.714360    0.000000
 2780.355470    0.000000
 2780.995120    0.000000
 2781.634770    0.000000
 2782.276120    0.000000
 2782.916260    0.000000
 2783.558110    0.000000
 2784.198490    0.000000
 2784.840330    0.000000
 2785.480960    0.000001
 2786.121830    0.000001
 2786.764400    0.000001
 2787.405270    0.000001
 2788.048100    0.000002
 2788.689450    0.000002
 2789.332520    0.000003
 2789.974370    0.000004
 2790.615970    0.000006
 2791.259770    0.000007
 2791.901610    0.000010
 2792.545410    0.000012
 2793.187990    0.000016
 2793.832030    0.000021
 2794.474850    0.000027
 2795.117680    0.000034
 2795.762210    0.000044
 2796.405520    0.000057
 2797.050290    0.000072
 2797.693600    0.000093
 2798.338870    0.000117
 2798.982420    0.000148
 2799.626460    0.000186
 2800.272220    0.000234
 2800.916260    0.000292
 2801.562260    0.000363
 2802.206790    0.000451
 2802.852780    0.000557
 2803.497560    0.000686
 2804.142580    0.000840
 2804.789310    0.001027
 2805.434330    0.001249
 2806.081300    0.001514
 2806.726810    0.001829
 2807.374020    0.002201
 2808.020020    0.002638
 2808.666020    0.003149
 2809.313480    0.003747
 2809.959960    0.004439
 2810.607910    0.005242
 2811.254390    0.006165
 2811.902830    0.007224
 2812.549560    0.008430
 2813.198240    0.009804
 2813.845210    0.011354
 2814.492680    0.013101
 2815.141600    0.015062
 2815.789310    0.017247
 2816.438720    0.019680
 2817.086430    0.022362
 2817.736080    0.025322
 2818.384520    0.028558
 2819.032710    0.032083
 2819.682620    0.035915
 2820.331300    0.040045
 2820.981930    0.044493
 2821.630620    0.049231
 2822.281490    0.054284
 2822.930660    0.059615
 2823.580080    0.065226
 2824.231200    0.071111
 2824.880860    0.077222
 2825.532230    0.083564
 2826.182370    0.090078
 2826.833980    0.096759
 2827.484380    0.103544
 2828.134770    0.110408
 2828.786870    0.117328
 2829.437740    0.124233
 2830.090090    0.131113
 2830.741210    0.137901
 2831.394040    0.144592
 2832.045410    0.151124
 2832.697020    0.157490
 2833.350100    0.163685
 2834.001950    0.169677
 2834.655520    0.175498
 2835.307620    0.181139
 2835.961180    0.186659
 2836.613770    0.192089
 2837.266360    0.197510
 2837.920410    0.203025
 2838.573490    0.208729
 2839.228030    0.214784
 2839.881100    0.221331
 2840.535890    0.228597
 2841.189450    0.236773
 2841.843020    0.246129
 2842.498540    0.256987
 2843.152340    0.269606
 2843.807860    0.284408
 2844.462160    0.301720
 2845.118160    0.322047
 2845.772710    0.345757
 2846.427250    0.373384
 2847.083740    0.405565
 2847.738770    0.442705
 2848.395260    0.485577
 2849.050540    0.534646
 2849.707760    0.590836
 2850.363280    0.654541
 2851.018800    0.726632
 2851.676270    0.808128
 2852.332280    0.899405
 2852.989990    1.001725
 2853.646480    1.115481
 2854.304440    1.241997
 2854.960940    1.381572
 2855.617920    1.535459
 2856.276370    1.704824
 2856.933350    1.889780
 2857.592290    2.092161
 2858.249760    2.311770
 2858.908940    2.550481
 2859.566650    2.807916
 2860.224370    3.085294
 2860.883790    3.384058
 2861.541750    3.703350
 2862.201900    4.045457
 2862.860350    4.408746
 2863.520510    4.795339
 2864.179200    5.203485
 2864.839840    5.635259
 2865.498780    6.088027
 2866.157960    6.562611
 2866.818850    7.059484
 2867.478520    7.575557
 2868.139650    8.111774
 2868.799320    8.664325
 2869.460940    9.234364
 2870.121090    9.816952
 2870.781490    10.411250
 2871.443360    11.015782
 2872.103760    11.624969
 2872.766360    12.238984
 2873.427000    12.850517
 2874.089600    13.459449
 2874.750730    14.058690
 2875.412110    14.645681
 2876.075440    15.217582
 2876.736820    15.766643
 2877.400390    16.291847
 2878.062260    16.785656
 2878.725830    17.246256
 2879.388180    17.667356
 2880.050540    18.045835
 2880.714600    18.378750
 2881.377440    18.661163
 2882.041750    18.891163
 2882.704830    19.065214
 2883.369380    19.181923
 2884.032960    19.239258
 2884.696530    19.236500
 2885.361330    19.173126
 2886.025390    19.049532
 2886.690920    18.866102
 2887.354980    18.625156
 2888.020510    18.327740
 2888.685060    17.977541
 2889.349610    17.577353
 2890.015870    17.129623
 2890.680910    16.640352
 2891.347410    16.111984
 2892.012700    15.551349
 2892.679200    14.961318
 2893.344970    14.348658
 2894.010500    13.718081
 2894.677730    13.072803
 2895.343510    12.420905
 2896.011470    11.763692
 2896.677490    11.109920
 2897.345460    10.460176
 2898.011960    9.821907
 2898.678960    9.196980
 2899.347170    8.588165
 2900.014160    8.000685
 2900.682860    7.434581
 2901.350100    6.894734
 2902.019530    6.379998
 2902.687010    5.894947
 2903.354740    5.438851
 2904.024410    5.011300
 2904.692380    4.614906
 2905.361820    4.247712
 2906.030520    3.910617
 2906.700680    3.601942
 2907.369140    3.322286
 2908.038090    3.069598
 2908.708500    2.842405
 2909.377930    2.640193
 2910.048830    2.460766
 2910.718260    2.303336
 2911.389650    2.165488
 2912.059330    2.046311
 2912.729250    1.943710
 2913.400630    1.855873
 2914.070800    1.781488
 2914.742920    1.718589
 2915.413570    1.665920
 2916.085690    1.621728
 2916.756590    1.584743
 2917.429200    1.553441
 2918.100340    1.526698
 2918.771730    1.503258
 2919.444580    1.482013
 2920.116210    1.462082
 2920.789550    1.442518
 2921.461670    1.422659
 2922.135500    1.401780
 2922.807370    1.379467
 2923.479740    1.355226
 2924.154050    1.328675
 2924.826660    1.299742
 2925.500980    1.268153
 2926.174070    1.234005
 2926.848880    1.197186
 2927.522220    1.157979
 2928.195800    1.116463
 2928.870850    1.072778
 2929.544920    1.027348
 2930.220460    0.980309
 2930.894530    0.932190
 2931.570310    0.883108
 2932.244630    0.833641
 2932.919190    0.784013
 2933.595700    0.734438
 2934.270260    0.685530
 2934.947270    0.637278
 2935.622310    0.590278
 2936.299070    0.544531
 2936.974850    0.500445
 2937.650390    0.458161
 2938.327880    0.417706
 2939.003660    0.379425
 2939.681400    0.343205
 2940.357670    0.309292
 2941.035640    0.277558
 2941.712160    0.248159
 2942.389160    0.220982
 2943.067630    0.195951
 2943.744630    0.173116
 2944.423580    0.152279
 2945.100830    0.133463
 2945.780030    0.116463
 2946.457760    0.101254
 2947.135500    0.087682
 2947.815190    0.075595
 2948.493410    0.064936
 2949.173100    0.055539
 2949.851560    0.047326
 2950.531980    0.040148
 2951.210450    0.033938
 2951.889650    0.028570
 2952.570070    0.023947
 2953.249270    0.019999
 2953.930660    0.016624
 2954.610110    0.013771
 2955.291500    0.011356
 2955.971190    0.009332
 2956.651120    0.007636
 2957.333010    0.006221
 2958.013180    0.005050
 2958.695560    0.004080
 2959.376220    0.003284
 2960.058350    0.002633
 2960.739500    0.002103
 2961.420410    0.001673
 2962.103520    0.001324
 2962.784910    0.001044
 2963.468020    0.000820
 2964.149900    0.000642
 2964.833500    0.000500
 2965.515380    0.000388
 2966.197750    0.000299
 2966.881590    0.000231
 2967.564210    0.000176
 2968.248540    0.000134
 2968.931150    0.000103
 2969.615720    0.000077
 2970.299070    0.000058
 2970.984130    0.000044
 2971.667480    0.000032
 2972.351070    0.000025
 2973.036620    0.000018
 2973.720700    0.000013
 2974.406250    0.000010
 2975.090580    0.000008
 2975.776610    0.000006
 2976.461180    0.000004
 2977.146000    0.000003
 2977.832280    0.000002
 2978.517580    0.000001
 2979.204350    0.000001
 2979.889650    0.000001
 2980.576660    0.000001
 2981.262210    0.000000
 2981.948240    0.000000
 2982.635990    0.000000
 2983.322020    0.000000
 2984.010010    0.000000
 2984.696530    0.000000
 2985.384770    0.000000
 2986.071530    0.000000
 2986.758540    0.000000
 2987.447270    0.000000
 2988.134770    0.000000
 2988.823490    0.000000
 2989.510990    0.000000
 2990.200440    0.000000
 2990.888180    0.000000
 2991.576170    0.000000
 2992.266360    0.000000
 2992.954830    0.000000
 2993.644780    0.000000
 2994.333500    0.000000
 2995.023930    0.000000
 2995.713130    0.000000
 2996.402100    0.000000
 2997.093020    0.000000
 2997.782710    0.000000
 2998.473880    0.000000
 2999.163570    0.000000
 2999.855470    0.000000
 3000.545410    0.000000
 3001.235600    0.000000
 3001.927730    0.000000
 3002.618410    0.000000
 3003.310550    0.000000
 3004.001710    0.000000
 3004.694340    0.000000
 3005.385740    0.000000
 3006.076900    0.000000
 3006.770020    0.000000
 3007.461670    0.000000
 3008.155270    0.000000
 3008.847410    0.000000
 3009.541260    0.000000
 3010.233400    0.000000
 3010.926270    0.000000
 3011.620360    0.000000
 3012.313230    0.000000
 3013.007810    0.000000
 3013.700930    0.000000
 3014.395750    0.000000
 3015.089360    0.000000
 3015.783200    0.000000
 3016.478270    0.000000
 3017.172610    0.000000
 3017.868160    0.000000
 3018.562260    0.000000
 3019.258540    0.000000
 3019.952880    0.000000
 3020.647950    0.000000
 3021.344480    0.000000
 3022.039310    0.000000
 3022.736330    0.000000
 3023.431640    0.000000
 3024.128660    0.000000
 3024.824460    0.000000
 3025.522220    0.000000
 3026.218020    0.000000
 3026.914310    0.000000
 3027.612300    0.000000
 3028.308840    0.000000
 3029.007080    0.000000
 3029.703860    0.000000
 3030.402590    0.000000
 3031.099850    0.000000
 3031.797120    0.000000
 3032.496090    0.000000
 3033.193600    0.000000
 3033.893310    0.000000
 3034.591060    0.000000
 3035.290770    0.000000
 3035.989010    0.000000
 3036.687740    0.000000
 3037.387700    0.000000
 3038.086670    0.000000
 3038.787350    0.000000
 3039.486080    0.000000
 3040.187260    0.000000
 3040.886470    0.000000
 3041.586180    0.000000
 3042.287350    0.000000
 3042.987550    0.000000
 3043.689210    0.000000
 3044.389160    0.000000
 3045.091060    0.000000
 3045.791750    0.000000
 3046.492430    0.000000
 3047.194820    0.000000
 3047.896000    0.000000
 3048.598880    0.000000
 3049.300050    0.000000
