 2653.384280    0.283081
 2653.996340    0.295101
 2654.606690    0.307525
 2655.217290    0.320401
 2655.829830    0.333782
 2656.440670    0.347601
 2657.053220    0.361947
 2657.664550    0.376767
 2658.277340    0.392138
 2658.888920    0.408010
 2659.500730    0.424429
 2660.114010    0.441447
 2660.725830    0.458996
 2661.339360    0.477182
 2661.951660    0.495934
 2662.565430    0.515347
 2663.177980    0.535353
 2663.790530    0.556004
 2664.404790    0.577376
 2665.017820    0.599383
 2665.632320    0.622137
 2666.245610    0.645554
 2666.860350    0.669751
 2667.473880    0.694641
 2668.089110    0.720357
 2668.702880    0.746782
 2669.316890    0.774006
 2669.932370    0.802097
 2670.546630    0.830953
 2671.162350    0.860713
 2671.776860    0.891265
 2672.393070    0.922770
 2673.007810    0.955082
 2673.622560    0.988289
 2674.239260    1.022517
 2674.854490    1.057592
 2675.471190    1.093697
 2676.086670    1.130687
 2676.703860    1.168755
 2677.319580    1.207721
 2677.935550    1.247703
 2678.552980    1.288797
 2679.169190    1.330841
 2679.786870    1.374030
 2680.403560    1.418208
 2681.021480    1.463545
 2681.638430    1.509892
 2682.255370    1.557331
 2682.873780    1.605989
 2683.490970    1.655669
 2684.109860    1.706615
 2684.727290    1.758578
 2685.346440    1.811834
 2685.964110    1.866120
 2686.582030    1.921589
 2687.201660    1.978386
 2687.819820    2.036227
 2688.439450    2.095392
 2689.057860    2.155632
 2689.677980    2.217237
 2690.296880    2.279920
 2690.915770    2.343805
 2691.536380    2.409075
 2692.155270    2.475373
 2692.776370    2.543118
 2693.395750    2.611885
 2694.016850    2.682051
 2694.636720    2.753285
 2695.256590    2.825721
 2695.877930    2.899528
 2696.498050    2.974383
 2697.119870    3.050636
 2697.740480    3.127919
 2698.362550    3.206561
 2698.983400    3.286210
 2699.604250    3.367011
 2700.226810    3.449179
 2700.847900    3.532280
 2701.470700    3.616727
 2702.092040    3.702074
 2702.715330    3.788774
 2703.337160    3.876335
 2703.958980    3.964942
 2704.582520    4.054819
 2705.204830    4.145525
 2705.828370    4.237391
 2706.450930    4.330072
 2707.074950    4.423903
 2707.697750    4.518456
 2708.320800    4.613922
 2708.945310    4.710463
 2709.568360    4.807593
 2710.193360    4.905814
 2710.816650    5.004518
 2711.441890    5.104250
 2712.065670    5.204429
 2712.689450    5.305251
 2713.314940    5.406956
 2713.939210    5.509027
 2714.565190    5.611904
 2715.189450    5.714982
 2715.815670    5.818820
 2716.440430    5.922810
 2717.066890    6.027433
 2717.691890    6.132112
 2718.317140    6.237084
 2718.943850    6.342506
 2719.569340    6.447876
 2720.196530    6.553634
 2720.822270    6.659195
 2721.449710    6.765039
 2722.075680    6.870578
 2722.702150    6.976086
 2723.329830    7.081628
 2723.956300    7.186738
 2724.584470    7.291851
 2725.211430    7.396416
 2725.839600    7.500782
 2726.466800    7.604523
 2727.093990    7.707745
 2727.722900    7.810663
 2728.350340    7.912699
 2728.979490    8.014305
 2729.607420    8.114946
 2730.236820    8.214993
 2730.864750    8.313915
 2731.493160    8.411962
 2732.122800    8.509178
 2732.751460    8.605165
 2733.381590    8.700232
 2734.010500    8.793909
 2734.640870    8.886534
 2735.270020    8.977651
 2735.899410    9.067413
 2736.530270    9.155930
 2737.159670    9.242725
 2737.790770    9.328181
 2738.420650    9.411839
 2739.052250    9.494025
 2739.682370    9.574268
 2740.312500    9.652706
 2740.944340    9.729486
 2741.575200    9.804225
 2742.207280    9.877126
 2742.838130    9.947854
 2743.470460    10.016660
 2744.101560    10.083196
 2744.732910    10.147575
 2745.365970    10.209889
 2745.997310    10.269751
 2746.630860    10.327487
 2747.262700    10.382692
 2747.896000    10.435606
 2748.528080    10.485958
 2749.160640    10.533854
 2749.794430    10.579301
 2750.427000    10.622087
 2751.061280    10.662377
 2751.694090    10.699933
 2752.328610    10.734917
 2752.961910    10.767132
 2753.595210    10.796624
 2754.230220    10.823440
 2754.863770    10.847418
 2755.499020    10.868666
 2756.132810    10.887048
 2756.768550    10.902653
 2757.402590    10.915375
 2758.036870    10.925250
 2758.673100    10.932287
 2759.307620    10.936433
 2759.943850    10.937707
 2760.578860    10.936101
 2761.215330    10.931602
 2761.850590    10.924237
 2762.487550    10.913970
 2763.123050    10.900860
 2763.758790    10.884889
 2764.396000    10.866027
 2765.031980    10.844367
 2765.669430    10.819833
 2766.305910    10.792532
 2766.943600    10.762394
 2767.580320    10.729540
 2768.216800    10.693966
 2768.855220    10.655569
 2769.492190    10.614578
 2770.130860    10.570821
 2770.768070    10.524546
 2771.407230    10.475540
 2772.044680    10.424118
 2772.682130    10.370193
 2773.321780    10.313606
 2773.959720    10.254745
 2774.599370    10.193336
 2775.237550    10.129734
 2775.877690    10.063640
 2776.516360    9.995457
 2777.155030    9.925083
 2777.795170    9.852407
 2778.434330    9.777757
 2779.074950    9.700897
 2779.714360    9.622208
 2780.355470    9.541386
 2780.995120    9.458887
 2781.634770    9.374589
 2782.276120    9.288321
 2782.916260    9.200537
 2783.558110    9.110895
 2784.198490    9.019902
 2784.840330    8.927206
 2785.480960    8.833258
 2786.121830    8.737912
 2786.764400    8.641009
 2787.405270    8.543133
 2788.048100    8.443789
 2788.689450    8.343569
 2789.332520    8.242045
 2789.974370    8.139745
 2790.615970    8.036585
 2791.259770    7.932232
 2791.901610    7.827429
 2792.545410    7.721601
 2793.187990    7.615337
 2793.832030    7.508260
 2794.474850    7.400877
 2795.117680    7.293056
 2795.762210    7.184568
 2796.405520    7.075976
 2797.050290    6.966883
 2797.693600    6.857852
 2798.338870    6.748363
 2798.982420    6.639100
 2799.626460    6.529749
 2800.272220    6.420162
 2800.916260    6.310978
 2801.562260    6.201634
 2802.206790    6.092762
 2802.852780    5.983926
 2803.497560    5.875630
 2804.142580    5.767680
 2804.789310    5.659884
 2805.434330    5.552864
 2806.081300    5.446058
 2806.726810    5.340080
 2807.374020    5.234456
 2808.020020    5.129709
 2808.666020    5.025683
 2809.313480    4.922186
 2809.959960    4.819648
 2810.607910    4.717725
 2811.254390    4.616913
 2811.902830    4.516717
 2812.549560    4.417738
 2813.198240    4.319448
 2813.845210    4.222435
 2814.492680    4.126396
 2815.141600    4.031220
 2815.789310    3.937328
 2816.438720    3.844322
 2817.086430    3.752716
 2817.736080    3.662015
 2818.384520    3.572684
 2819.032710    3.484605
 2819.682620    3.397534
 2820.331300    3.311883
 2820.981930    3.227249
 2821.630620    3.144153
 2822.281490    3.062078
 2822.930660    2.981527
 2823.580080    2.902266
 2824.231200    2.824127
 2824.880860    2.747500
 2825.532230    2.672017
 2826.182370    2.598024
 2826.833980    2.525219
 2827.484380    2.453904
 2828.134770    2.383943
 2828.786870    2.315157
 2829.437740    2.247854
 2830.090090    2.181757
 2830.741210    2.117133
 2831.394040    2.053689
 2832.045410    1.991729
 2832.697020    1.931080
 2833.350100    1.871625
 2834.001950    1.813602
 2834.655520    1.756743
 2835.307620    1.701315
 2835.961180    1.647057
 2836.613770    1.594162
 2837.266360    1.542537
 2837.920410    1.492056
 2838.573490    1.442897
 2839.228030    1.394862
 2839.881100    1.348152
 2840.535890    1.302526
 2841.189450    1.258175
 2841.843020    1.214993
 2842.498540    1.172843
 2843.152340    1.131943
 2843.807860    1.092062
 2844.462160    1.053362
 2845.118160    1.015653
 2845.772710    0.979099
 2846.427250    0.943597
 2847.083740    0.909027
 2847.738770    0.875551
 2848.395260    0.843000
 2849.050540    0.811490
 2849.707760    0.780849
 2850.363280    0.751230
 2851.018800    0.722531
 2851.676270    0.694654
 2852.332280    0.667723
 2852.989990    0.641589
 2853.646480    0.616351
 2854.304440    0.591886
 2854.960940    0.568283
 2855.617920    0.545453
 2856.276370    0.523344
 2856.933350    0.502036
 2857.592290    0.481400
 2858.249760    0.461527
 2858.908940    0.442300
 2859.566650    0.423795
 2860.224370    0.405950
 2860.883790    0.388703
 2861.541750    0.372121
 2862.201900    0.356092
 2862.860350    0.340698
 2863.520510    0.325840
 2864.179200    0.311572
 2864.839840    0.297806
 2865.498780    0.284600
 2866.157960    0.271899
 2866.818850    0.259661
 2867.478520    0.247925
 2868.139650    0.236628
 2868.799320    0.225805
 2869.460940    0.215386
 2870.121090    0.205412
 2870.781490    0.195841
 2871.443360    0.186643
 2872.103760    0.177846
 2872.766360    0.169388
 2873.427000    0.161309
 2874.089600    0.153551
 2874.750730    0.146140
 2875.412110    0.139046
 2876.075440    0.132238
 2876.736820    0.125747
 2877.400390    0.119520
 2878.062260    0.113585
 2878.725830    0.107900
 2879.388180    0.102479
 2880.050540    0.097304
 2880.714600    0.092351
 2881.377440    0.087634
 2882.041750    0.083125
 2882.704830    0.078833
 2883.369380    0.074733
 2884.032960    0.070830
 2884.696530    0.067114
 2885.361330    0.063567
 2886.025390    0.060195
 2886.690920    0.056978
 2887.354980    0.053926
 2888.020510    0.051015
 2888.685060    0.048251
 2889.349610    0.045625
 2890.015870    0.043123
 2890.680910    0.040750
 2891.347410    0.038493
 2892.012700    0.036354
 2892.679200    0.034321
 2893.344970    0.032394
 2894.010500    0.030567
 2894.677730    0.028831
 2895.343510    0.027189
 2896.011470    0.025629
 2896.677490    0.024155
 2897.345460    0.022756
 2898.011960    0.021434
 2898.678960    0.020183
 2899.347170    0.018996
 2900.014160    0.017878
 2900.682860    0.016816
 2901.350100    0.015816
 2902.019530    0.014868
 2902.687010    0.013975
 2903.354740    0.013132
 2904.024410    0.012335
 2904.692380    0.011583
 2905.361820    0.010874
 2906.030520    0.010205
 2906.700680    0.009574
 2907.369140    0.008980
 2908.038090    0.008421
 2908.708500    0.007893
 2909.377930    0.007397
 2910.048830    0.006928
 2910.718260    0.006489
 2911.389650    0.006075
 2912.059330    0.005686
 2912.729250    0.005321
 2913.400630    0.004976
 2914.070800    0.004654
 2914.742920    0.004350
 2915.413570    0.004066
 2916.085690    0.003798
 2916.756590    0.003548
 2917.429200    0.003312
 2918.100340    0.003092
 2918.771730    0.002885
 2919.444580    0.002691
 2920.116210    0.002510
 2920.789550    0.002340
 2921.461670    0.002181
 2922.135500    0.002032
 2922.807370    0.001893
 2923.479740    0.001762
 2924.154050    0.001640
 2924.826660    0.001527
 2925.500980    0.001420
 2926.174070    0.001321
 2926.848880    0.001228
 2927.522220    0.001142
 2928.195800    0.001060
 2928.870850    0.000985
 2929.544920    0.000916
 2930.220460    0.000850
 2930.894530    0.000789
 2931.570310    0.000731
 2932.244630    0.000678
 2932.919190    0.000629
 2933.595700    0.000583
 2934.270260    0.000541
 2934.947270    0.000501
 2935.622310    0.000463
 2936.299070    0.000429
 2936.974850    0.000398
 2937.650390    0.000367
 2938.327880    0.000340
 2939.003660    0.000315
 2939.681400    0.000291
 2940.357670    0.000269
 2941.035640    0.000248
 2941.712160    0.000229
 2942.389160    0.000212
 2943.067630    0.000196
 2943.744630    0.000180
 2944.423580    0.000166
 2945.100830    0.000154
 2945.780030    0.000141
 2946.457760    0.000131
 2947.135500    0.000120
 2947.815190    0.000111
 2948.493410    0.000102
 2949.173100    0.000093
 2949.851560    0.000086
 2950.531980    0.000079
 2951.210450    0.000072
 2951.889650    0.000067
 2952.570070    0.000062
 2953.249270    0.000056
 2953.930660    0.000052
 2954.610110    0.000048
 2955.291500    0.000044
 2955.971190    0.000040
 2956.651120    0.000037
 2957.333010    0.000033
 2958.013180    0.000031
 2958.695560    0.000029
 2959.376220    0.000026
 2960.058350    0.000024
 2960.739500    0.000022
 2961.420410    0.000020
 2962.103520    0.000018
 2962.784910    0.000017
 2963.468020    0.000015
 2964.149900    0.000014
 2964.833500    0.000012
 2965.515380    0.000011
 2966.197750    0.000010
 2966.881590    0.000010
 2967.564210    0.000009
 2968.248540    0.000009
 2968.931150    0.000008
 2969.615720    0.000007
 2970.299070    0.000006
 2970.984130    0.000006
 2971.667480    0.000005
 2972.351070    0.000005
 2973.036620    0.000004
 2973.720700    0.000004
 2974.406250    0.000004
 2975.090580    0.000003
 2975.776610    0.000003
 2976.461180    0.000003
 2977.146000    0.000003
 2977.832280    0.000002
 2978.517580    0.000002
 2979.204350    0.000002
 2979.889650    0.000002
 2980.576660    0.000002
 2981.262210    0.000001
 2981.948240    0.000001
 2982.635990    0.000001
 2983.322020    0.000001
 2984.010010    0.000001
 2984.696530    0.000001
 2985.384770    0.000001
 2986.071530    0.000001
 2986.758540    0.000001
 2987.447270    0.000001
 2988.134770    0.000001
 2988.823490    0.000000
 2989.510990    0.000000
 2990.200440    0.000000
 2990.888180    0.000000
 2991.576170    0.000000
 2992.266360    0.000000
 2992.954830    0.000000
 2993.644780    0.000000
 2994.333500    0.000000
 2995.023930    0.000000
 2995.713130    0.000000
 2996.402100    0.000000
 2997.093020    0.000000
 2997.782710    0.000000
 2998.473880    0.000000
 2999.163570    0.000000
 2999.855470    0.000000
 3000.545410    0.000000
 3001.235600    0.000000
 3001.927730    0.000000
 3002.618410    0.000000
 3003.310550    0.000000
 3004.001710    0.000000
 3004.694340    0.000000
 3005.385740    0.000000
 3006.076900    0.000000
 3006.770020    0.000000
 3007.461670    0.000000
 3008.155270    0.000000
 3008.847410    0.000000
 3009.541260    0.000000
 3010.233400    0.000000
 3010.926270    0.000000
 3011.620360    0.000000
 3012.313230    0.000000
 3013.007810    0.000000
 3013.700930    0.000000
 3014.395750    0.000000
 3015.089360    0.000000
 3015.783200    0.000000
 3016.478270    0.000000
 3017.172610    0.000000
 3017.868160    0.000000
 3018.562260    0.000000
 3019.258540    0.000000
 3019.952880    0.000000
 3020.647950    0.000000
 3021.344480    0.000000
 3022.039310    0.000000
 3022.736330    0.000000
 3023.431640    0.000000
 3024.128660    0.000000
 3024.824460    0.000000
 3025.522220    0.000000
 3026.218020    0.000000
 3026.914310    0.000000
 3027.612300    0.000000
 3028.308840    0.000000
 3029.007080    0.000000
 3029.703860    0.000000
 3030.402590    0.000000
 3031.099850    0.000000
 3031.797120    0.000000
 3032.496090    0.000000
 3033.193600    0.000000
 3033.893310    0.000000
 3034.591060    0.000000
 3035.290770    0.000000
 3035.989010    0.000000
 3036.687740    0.000000
 3037.387700    0.000000
 3038.086670    0.000000
 3038.787350    0.000000
 3039.486080    0.000000
 3040.187260    0.000000
 3040.886470    0.000000
 3041.586180    0.000000
 3042.287350    0.000000
 3042.987550    0.000000
 3043.689210    0.000000
 3044.389160    0.000000
 3045.091060    0.000000
 3045.791750    0.000000
 3046.492430    0.000000
 3047.194820    0.000000
 3047.896000    0.000000
 3048.598880    0.000000
 3049.300050    0.000000
