 2653.384280    0.000031
 2653.996340    0.000033
 2654.606690    0.000036
 2655.217290    0.000038
 2655.829830    0.000042
 2656.440670    0.000045
 2657.053220    0.000049
 2657.664550    0.000051
 2658.277340    0.000056
 2658.888920    0.000060
 2659.500730    0.000065
 2660.114010    0.000070
 2660.725830    0.000074
 2661.339360    0.000080
 2661.951660    0.000087
 2662.565430    0.000093
 2663.177980    0.000100
 2663.790530    0.000108
 2664.404790    0.000115
 2665.017820    0.000124
 2665.632320    0.000134
 2666.245610    0.000143
 2666.860350    0.000154
 2667.473880    0.000165
 2668.089110    0.000177
 2668.702880    0.000190
 2669.316890    0.000204
 2669.932370    0.000218
 2670.546630    0.000235
 2671.162350    0.000252
 2671.776860    0.000270
 2672.393070    0.000289
 2673.007810    0.000310
 2673.622560    0.000332
 2674.239260    0.000356
 2674.854490    0.000381
 2675.471190    0.000408
 2676.086670    0.000437
 2676.703860    0.000467
 2677.319580    0.000501
 2677.935550    0.000536
 2678.552980    0.000573
 2679.169190    0.000613
 2679.786870    0.000656
 2680.403560    0.000701
 2681.021480    0.000750
 2681.638430    0.000801
 2682.255370    0.000856
 2682.873780    0.000916
 2683.490970    0.000978
 2684.109860    0.001045
 2684.727290    0.001116
 2685.346440    0.001191
 2685.964110    0.001272
 2686.582030    0.001358
 2687.201660    0.001450
 2687.819820    0.001546
 2688.439450    0.001650
 2689.057860    0.001760
 2689.677980    0.001877
 2690.296880    0.002001
 2690.915770    0.002132
 2691.536380    0.002274
 2692.155270    0.002422
 2692.776370    0.002582
 2693.395750    0.002749
 2694.016850    0.002929
 2694.636720    0.003119
 2695.256590    0.003320
 2695.877930    0.003534
 2696.498050    0.003761
 2697.119870    0.004003
 2697.740480    0.004257
 2698.362550    0.004529
 2698.983400    0.004816
 2699.604250    0.005120
 2700.226810    0.005444
 2700.847900    0.005785
 2701.470700    0.006147
 2702.092040    0.006531
 2702.715330    0.006938
 2703.337160    0.007368
 2703.958980    0.007823
 2704.582520    0.008306
 2705.204830    0.008815
 2705.828370    0.009355
 2706.450930    0.009925
 2707.074950    0.010530
 2707.697750    0.011167
 2708.320800    0.011840
 2708.945310    0.012553
 2709.568360    0.013305
 2710.193360    0.014101
 2710.816650    0.014940
 2711.441890    0.015828
 2712.065670    0.016763
 2712.689450    0.017749
 2713.314940    0.018792
 2713.939210    0.019891
 2714.565190    0.021051
 2715.189450    0.022273
 2715.815670    0.023563
 2716.440430    0.024920
 2717.066890    0.026354
 2717.691890    0.027861
 2718.317140    0.029448
 2718.943850    0.031122
 2719.569340    0.032882
 2720.196530    0.034738
 2720.822270    0.036687
 2721.449710    0.038742
 2722.075680    0.040898
 2722.702150    0.043168
 2723.329830    0.045558
 2723.956300    0.048064
 2724.584470    0.050706
 2725.211430    0.053474
 2725.839600    0.056388
 2726.466800    0.059443
 2727.093990    0.062649
 2727.722900    0.066023
 2728.350340    0.069555
 2728.979490    0.073271
 2729.607420    0.077160
 2730.236820    0.081247
 2730.864750    0.085522
 2731.493160    0.090005
 2732.122800    0.094711
 2732.751460    0.099634
 2733.381590    0.104802
 2734.010500    0.110202
 2734.640870    0.115868
 2735.270020    0.121786
 2735.899410    0.127981
 2736.530270    0.134476
 2737.159670    0.141253
 2737.790770    0.148356
 2738.420650    0.155768
 2739.052250    0.163534
 2739.682370    0.171630
 2740.312500    0.180085
 2740.944340    0.188939
 2741.575200    0.198169
 2742.207280    0.207821
 2742.838130    0.217873
 2743.470460    0.228384
 2744.101560    0.239326
 2744.732910    0.250739
 2745.365970    0.262670
 2745.997310    0.275069
 2746.630860    0.288034
 2747.262700    0.301504
 2747.896000    0.315563
 2748.528080    0.330173
 2749.160640    0.345392
 2749.794430    0.361259
 2750.427000    0.377735
 2751.061280    0.394917
 2751.694090    0.412743
 2752.328610    0.431324
 2752.961910    0.450598
 2753.595210    0.470622
 2754.230220    0.491480
 2754.863770    0.513089
 2755.499020    0.535584
 2756.132810    0.558880
 2756.768550    0.583126
 2757.402590    0.608212
 2758.036870    0.634237
 2758.673100    0.661304
 2759.307620    0.689286
 2759.943850    0.718361
 2760.578860    0.748425
 2761.215330    0.779634
 2761.850590    0.811889
 2762.487550    0.845366
 2763.123050    0.879933
 2763.758790    0.915708
 2764.396000    0.952795
 2765.031980    0.991072
 2765.669430    1.030731
 2766.305910    1.071655
 2766.943600    1.114018
 2767.580320    1.157708
 2768.216800    1.202803
 2768.855220    1.249498
 2769.492190    1.297578
 2770.130860    1.347317
 2770.768070    1.398501
 2771.407230    1.451444
 2772.044680    1.505874
 2772.682130    1.561964
 2773.321780    1.619952
 2773.959720    1.679518
 2774.599370    1.741016
 2775.237550    1.804177
 2775.877690    1.869372
 2776.516360    1.936291
 2777.155030    2.005113
 2777.795170    2.076035
 2778.434330    2.148824
 2779.074950    2.223790
 2779.714360    2.300652
 2780.355470    2.379798
 2780.995120    2.460867
 2781.634770    2.544069
 2782.276120    2.629665
 2782.916260    2.717294
 2783.558110    2.807390
 2784.198490    2.899535
 2784.840330    2.994179
 2785.480960    3.090953
 2786.121830    3.190099
 2786.764400    3.291877
 2787.405270    3.395769
 2788.048100    3.502395
 2788.689450    3.611209
 2789.332520    3.722770
 2789.974370    3.836595
 2790.615970    3.952860
 2791.259770    4.072040
 2791.901610    4.193379
 2792.545410    4.317629
 2793.187990    4.444194
 2793.832030    4.573612
 2794.474850    4.705354
 2795.117680    4.839669
 2795.762210    4.976925
 2796.405520    5.116508
 2797.050290    5.258999
 2797.693600    5.403752
 2798.338870    5.551530
 2798.982420    5.701495
 2799.626460    5.854140
 2800.272220    6.009760
 2800.916260    6.167514
 2801.562260    6.328290
 2802.206790    6.491219
 2802.852780    6.657023
 2803.497560    6.824994
 2804.142580    6.995478
 2804.789310    7.168848
 2805.434330    7.344159
 2806.081300    7.522371
 2806.726810    7.702514
 2807.374020    7.885432
 2808.020020    8.070262
 2808.666020    8.257302
 2809.313480    8.446936
 2809.959960    8.638403
 2810.607910    8.832374
 2811.254390    9.027919
 2811.902830    9.226013
 2812.549560    9.425480
 2813.198240    9.627385
 2813.845210    9.830523
 2814.492680    10.035510
 2815.141600    10.242590
 2815.789310    10.450828
 2816.438720    10.661095
 2817.086430    10.872198
 2817.736080    11.085252
 2818.384520    11.299129
 2819.032710    11.514059
 2819.682620    11.730599
 2820.331300    11.947683
 2820.981930    12.166277
 2821.630620    12.384968
 2822.281490    12.605051
 2822.930660    12.825104
 2823.580080    13.045680
 2824.231200    13.267170
 2824.880860    13.488379
 2825.532230    13.710281
 2826.182370    13.931757
 2826.833980    14.153605
 2827.484380    14.374794
 2828.134770    14.595618
 2828.786870    14.816531
 2829.437740    15.036415
 2830.090090    15.256056
 2830.741210    15.474415
 2831.394040    15.692353
 2832.045410    15.908674
 2832.697020    16.123819
 2833.350100    16.338058
 2834.001950    16.550377
 2834.655520    16.761597
 2835.307620    16.970554
 2835.961180    17.178057
 2836.613770    17.383190
 2837.266360    17.586138
 2837.920410    17.787212
 2838.573490    17.985531
 2839.228030    18.181688
 2839.881100    18.374687
 2840.535890    18.565327
 2841.189450    18.752617
 2841.843020    18.936794
 2842.498540    19.118263
 2843.152340    19.295881
 2843.807860    19.470446
 2844.462160    19.641054
 2845.118160    19.808346
 2845.772710    19.971386
 2846.427250    20.130434
 2847.083740    20.285832
 2847.738770    20.436649
 2848.395260    20.583454
 2849.050540    20.725532
 2849.707760    20.863459
 2850.363280    20.996359
 2851.018800    21.124502
 2851.676270    21.248148
 2852.332280    21.366556
 2852.989990    21.480206
 2853.646480    21.588501
 2854.304440    21.691799
 2854.960940    21.789560
 2855.617920    21.882015
 2856.276370    21.969200
 2856.933350    22.050669
 2857.592290    22.126770
 2858.249760    22.197046
 2858.908940    22.261782
 2859.566650    22.320610
 2860.224370    22.373640
 2860.883790    22.420938
 2861.541750    22.462248
 2862.201900    22.497751
 2862.860350    22.527212
 2863.520510    22.550755
 2864.179200    22.568249
 2864.839840    22.579767
 2865.498780    22.585237
 2866.157960    22.584690
 2866.818850    22.578104
 2867.478520    22.565506
 2868.139650    22.546852
 2868.799320    22.522251
 2869.460940    22.491585
 2870.121090    22.455032
 2870.781490    22.412548
 2871.443360    22.364067
 2872.103760    22.309847
 2872.766360    22.249620
 2873.427000    22.183819
 2874.089600    22.112099
 2874.750730    22.034887
 2875.412110    21.952070
 2876.075440    21.863466
 2876.736820    21.769674
 2877.400390    21.670179
 2878.062260    21.565639
 2878.725830    21.455601
 2879.388180    21.340633
 2880.050540    21.220629
 2880.714600    21.095356
 2881.377440    20.965460
 2882.041750    20.830515
 2882.704830    20.691172
 2883.369380    20.546968
 2884.032960    20.398544
 2884.696530    20.245806
 2885.361330    20.088574
 2886.025390    19.927431
 2886.690920    19.761955
 2887.354980    19.593000
 2888.020510    19.419949
 2888.685060    19.243555
 2889.349610    19.063705
 2890.015870    18.880047
 2890.680910    18.693529
 2891.347410    18.503517
 2892.012700    18.310919
 2892.679200    18.115160
 2893.344970    17.916954
 2894.010500    17.716295
 2894.677730    17.512724
 2895.343510    17.307348
 2896.011470    17.099173
 2896.677490    16.889629
 2897.345460    16.677628
 2898.011960    16.464388
 2898.678960    16.249428
 2899.347170    16.032642
 2900.014160    15.814963
 2900.682860    15.595567
 2901.350100    15.375627
 2902.019530    15.154074
 2902.687010    14.932408
 2903.354740    14.710037
 2904.024410    14.486519
 2904.692380    14.263201
 2905.361820    14.039152
 2906.030520    13.815230
 2906.700680    13.590822
 2907.369140    13.367112
 2908.038090    13.143481
 2908.708500    12.919723
 2909.377930    12.696764
 2910.048830    12.473907
 2910.718260    12.252230
 2911.389650    12.030710
 2912.059330    11.810660
 2912.729250    11.591538
 2913.400630    11.373045
 2914.070800    11.156151
 2914.742920    10.939923
 2915.413570    10.725554
 2916.085690    10.512195
 2916.756590    10.300780
 2917.429200    10.090473
 2918.100340    9.882341
 2918.771730    9.675926
 2919.444580    9.470931
 2920.116210    9.268244
 2920.789550    9.067049
 2921.461670    8.868286
 2922.135500    8.671149
 2922.807370    8.476767
 2923.479740    8.284478
 2924.154050    8.093925
 2924.826660    7.906193
 2925.500980    7.720371
 2926.174070    7.537309
 2926.848880    7.356253
 2927.522220    7.178089
 2928.195800    7.002393
 2928.870850    6.828884
 2929.544920    6.658218
 2930.220460    6.489805
 2930.894530    6.324394
 2931.570310    6.161231
 2932.244630    6.001094
 2932.919190    5.843584
 2933.595700    5.688328
 2934.270260    5.536229
 2934.947270    5.386305
 2935.622310    5.239534
 2936.299070    5.095122
 2936.974850    4.953643
 2937.650390    4.814935
 2938.327880    4.678548
 2939.003660    4.545217
 2939.681400    4.414209
 2940.357670    4.286178
 2941.035640    4.160509
 2941.712160    4.037778
 2942.389160    3.917609
 2943.067630    3.799821
 2943.744630    3.684903
 2944.423580    3.572255
 2945.100830    3.462464
 2945.780030    3.354914
 2946.457760    3.250124
 2947.135500    3.147831
 2947.815190    3.047723
 2948.493410    2.950280
 2949.173100    2.855049
 2949.851560    2.762378
 2950.531980    2.671804
 2951.210450    2.583816
 2951.889650    2.498025
 2952.570070    2.414346
 2953.249270    2.333045
 2953.930660    2.253681
 2954.610110    2.176704
 2955.291500    2.101635
 2955.971190    2.028843
 2956.651120    1.958075
 2957.333010    1.889124
 2958.013180    1.822325
 2958.695560    1.757259
 2959.376220    1.694263
 2960.058350    1.633003
 2960.739500    1.573665
 2961.420410    1.516138
 2962.103520    1.460190
 2962.784910    1.406101
 2963.468020    1.353565
 2964.149900    1.302769
 2964.833500    1.253460
 2965.515380    1.205847
 2966.197750    1.159734
 2966.881590    1.115026
 2967.564210    1.071864
 2968.248540    1.030025
 2968.931150    0.989685
 2969.615720    0.950591
 2970.299070    0.912890
 2970.984130    0.876390
 2971.667480    0.841236
 2972.351070    0.807291
 2973.036620    0.774443
 2973.720700    0.742822
 2974.406250    0.712261
 2975.090580    0.682849
 2975.776610    0.654429
 2976.461180    0.627102
 2977.146000    0.600767
 2977.832280    0.575351
 2978.517580    0.550915
 2979.204350    0.527345
 2979.889650    0.504712
 2980.576660    0.482885
 2981.262210    0.461940
 2981.948240    0.441785
 2982.635990    0.422365
 2983.322020    0.403750
 2984.010010    0.385817
 2984.696530    0.368629
 2985.384770    0.352086
 2986.071530    0.336240
 2986.758540    0.321028
 2987.447270    0.306397
 2988.134770    0.292391
 2988.823490    0.278936
 2989.510990    0.266062
 2990.200440    0.253688
 2990.888180    0.241863
 2991.576170    0.230532
 2992.266360    0.219647
 2992.954830    0.209252
 2993.644780    0.199284
 2994.333500    0.189762
 2995.023930    0.180632
 2995.713130    0.171916
 2996.402100    0.163586
 2997.093020    0.155601
 2997.782710    0.147985
 2998.473880    0.140695
 2999.163570    0.133746
 2999.855470    0.127091
 3000.545410    0.120757
 3001.235600    0.114710
 3001.927730    0.108924
 3002.618410    0.103417
 3003.310550    0.098155
 3004.001710    0.093146
 3004.694340    0.088363
 3005.385740    0.083813
 3006.076900    0.079481
 3006.770020    0.075343
 3007.461670    0.071413
 3008.155270    0.067661
 3008.847410    0.064099
 3009.541260    0.060702
 3010.233400    0.057479
 3010.926270    0.054412
 3011.620360    0.051491
 3012.313230    0.048720
 3013.007810    0.046082
 3013.700930    0.043580
 3014.395750    0.041200
 3015.089360    0.038943
 3015.783200    0.036801
 3016.478270    0.034765
 3017.172610    0.032837
 3017.868160    0.031004
 3018.562260    0.029270
 3019.258540    0.027622
 3019.952880    0.026065
 3020.647950    0.024588
 3021.344480    0.023186
 3022.039310    0.021862
 3022.736330    0.020605
 3023.431640    0.019419
 3024.128660    0.018292
 3024.824460    0.017230
 3025.522220    0.016223
 3026.218020    0.015273
 3026.914310    0.014375
 3027.612300    0.013524
 3028.308840    0.012722
 3029.007080    0.011963
 3029.703860    0.011249
 3030.402590    0.010571
 3031.099850    0.009934
 3031.797120    0.009334
 3032.496090    0.008765
 3033.193600    0.008230
 3033.893310    0.007725
 3034.591060    0.007250
 3035.290770    0.006802
 3035.989010    0.006380
 3036.687740    0.005982
 3037.387700    0.005609
 3038.086670    0.005257
 3038.787350    0.004925
 3039.486080    0.004613
 3040.187260    0.004319
 3040.886470    0.004045
 3041.586180    0.003785
 3042.287350    0.003542
 3042.987550    0.003313
 3043.689210    0.003098
 3044.389160    0.002897
 3045.091060    0.002707
 3045.791750    0.002530
 3046.492430    0.002364
 3047.194820    0.002208
 3047.896000    0.002061
 3048.598880    0.001924
 3049.300050    0.001795
