 2653.384280    0.024397
 2653.996340    0.026731
 2654.606690    0.029261
 2655.217290    0.032008
 2655.829830    0.034999
 2656.440670    0.038234
 2657.053220    0.041747
 2657.664550    0.045545
 2658.277340    0.049662
 2658.888920    0.054104
 2659.500730    0.058905
 2660.114010    0.064098
 2660.725830    0.069687
 2661.339360    0.075727
 2661.951660    0.082219
 2662.565430    0.089222
 2663.177980    0.096738
 2663.790530    0.104813
 2664.404790    0.113505
 2665.017820    0.122814
 2665.632320    0.132816
 2666.245610    0.143509
 2666.860350    0.154982
 2667.473880    0.167227
 2668.089110    0.180349
 2668.702880    0.194329
 2669.316890    0.209250
 2669.932370    0.225198
 2670.546630    0.242152
 2671.162350    0.260242
 2671.776860    0.279446
 2672.393070    0.299912
 2673.007810    0.321594
 2673.622560    0.344598
 2674.239260    0.369066
 2674.854490    0.394924
 2675.471190    0.422361
 2676.086670    0.451323
 2676.703860    0.482014
 2677.319580    0.514343
 2677.935550    0.548465
 2678.552980    0.584521
 2679.169190    0.622423
 2679.786870    0.662408
 2680.403560    0.704388
 2681.021480    0.748581
 2681.638430    0.794902
 2682.255370    0.843485
 2682.873780    0.894520
 2683.490970    0.947853
 2684.109860    1.003806
 2684.727290    1.062154
 2685.346440    1.123261
 2685.964110    1.186872
 2686.582030    1.253214
 2687.201660    1.322510
 2687.819820    1.394456
 2688.439450    1.469440
 2689.057860    1.547183
 2689.677980    1.628094
 2690.296880    1.711831
 2690.915770    1.798578
 2691.536380    1.888614
 2692.155270    1.981459
 2692.776370    2.077718
 2693.395750    2.176795
 2694.016850    2.279239
 2694.636720    2.384563
 2695.256590    2.492952
 2695.877930    2.604653
 2696.498050    2.719155
 2697.119870    2.836967
 2697.740480    2.957492
 2698.362550    3.081200
 2698.983400    3.207495
 2699.604250    3.336549
 2700.226810    3.468646
 2700.847900    3.603026
 2701.470700    3.740278
 2702.092040    3.879597
 2702.715330    4.021633
 2703.337160    4.165483
 2703.958980    4.311344
 2704.582520    4.459476
 2705.204830    4.609032
 2705.828370    4.760433
 2706.450930    4.912974
 2707.074950    5.067072
 2707.697750    5.221875
 2708.320800    5.377543
 2708.945310    5.534179
 2709.568360    5.690834
 2710.193360    5.848144
 2710.816650    6.004961
 2711.441890    6.161969
 2712.065670    6.318070
 2712.689450    6.473389
 2713.314940    6.628094
 2713.939210    6.781208
 2714.565190    6.933190
 2715.189450    7.082948
 2715.815670    7.231100
 2716.440430    7.376571
 2717.066890    7.519834
 2717.691890    7.659900
 2718.317140    7.796897
 2718.943850    7.930822
 2719.569340    8.060843
 2720.196530    8.187306
 2720.822270    8.309325
 2721.449710    8.427272
 2722.075680    8.540308
 2722.702150    8.648568
 2723.329830    8.751936
 2723.956300    8.849793
 2724.584470    8.942389
 2725.211430    9.029088
 2725.839600    9.110043
 2726.466800    9.184793
 2727.093990    9.253310
 2727.722900    9.315607
 2728.350340    9.371226
 2728.979490    9.420327
 2729.607420    9.462564
 2730.236820    9.498020
 2730.864750    9.526451
 2731.493160    9.547901
 2732.122800    9.562316
 2732.751460    9.569612
 2733.381590    9.569790
 2734.010500    9.562847
 2734.640870    9.548764
 2735.270020    9.527630
 2735.899410    9.499456
 2736.530270    9.464225
 2737.159670    9.422178
 2737.790770    9.373192
 2738.420650    9.317595
 2739.052250    9.255245
 2739.682370    9.186588
 2740.312500    9.111637
 2740.944340    9.030327
 2741.575200    8.943170
 2742.207280    8.850045
 2742.838130    8.751513
 2743.470460    8.647363
 2744.101560    8.538250
 2744.732910    8.424164
 2745.365970    8.305054
 2745.997310    8.181807
 2746.630860    8.053907
 2747.262700    7.922397
 2747.896000    7.786880
 2748.528080    7.648194
 2749.160640    7.506240
 2749.794430    7.361114
 2750.427000    7.213649
 2751.061280    7.063433
 2751.694090    6.911492
 2752.328610    6.757338
 2752.961910    6.601953
 2753.595210    6.445310
 2754.230220    6.287250
 2754.863770    6.128826
 2755.499020    5.969504
 2756.132810    5.810333
 2756.768550    5.650704
 2757.402590    5.491779
 2758.036870    5.333302
 2758.673100    5.175079
 2759.307620    5.018240
 2759.943850    4.862156
 2760.578860    4.707752
 2761.215330    4.554570
 2761.850590    4.403447
 2762.487550    4.253866
 2763.123050    4.106744
 2763.758790    3.961836
 2764.396000    3.819028
 2765.031980    3.679061
 2765.669430    3.541480
 2766.305910    3.406937
 2766.943600    3.275084
 2767.580320    3.146479
 2768.216800    3.021063
 2768.855220    2.898503
 2769.492190    2.779539
 2770.130860    2.663650
 2770.768070    2.551476
 2771.407230    2.442477
 2772.044680    2.337328
 2772.682130    2.235775
 2773.321780    2.137523
 2773.959720    2.043206
 2774.599370    1.952345
 2775.237550    1.865412
 2775.877690    1.781963
 2776.516360    1.702460
 2777.155030    1.626717
 2777.795170    1.554579
 2778.434330    1.486329
 2779.074950    1.421714
 2779.714360    1.361008
 2780.355470    1.303936
 2780.995120    1.250784
 2781.634770    1.201417
 2782.276120    1.155720
 2782.916260    1.113908
 2783.558110    1.075797
 2784.198490    1.041585
 2784.840330    1.011124
 2785.480960    0.984553
 2786.121830    0.961822
 2786.764400    0.942911
 2787.405270    0.927947
 2788.048100    0.916872
 2788.689450    0.909781
 2789.332520    0.906681
 2789.974370    0.907631
 2790.615970    0.912667
 2791.259770    0.921881
 2791.901610    0.935276
 2792.545410    0.952997
 2793.187990    0.975038
 2793.832030    1.001570
 2794.474850    1.032569
 2795.117680    1.068171
 2795.762210    1.108585
 2796.405520    1.153736
 2797.050290    1.203923
 2797.693600    1.259031
 2798.338870    1.319479
 2798.982420    1.385051
 2799.626460    1.456083
 2800.272220    1.532877
 2800.916260    1.615160
 2801.562260    1.703549
 2802.206790    1.797728
 2802.852780    1.898273
 2803.497560    2.004920
 2804.142580    2.118052
 2804.789310    2.238108
 2805.434330    2.364608
 2806.081300    2.498430
 2806.726810    2.639028
 2807.374020    2.787249
 2808.020020    2.942578
 2808.666020    3.105438
 2809.313480    3.276363
 2809.959960    3.454852
 2810.607910    3.641724
 2811.254390    3.836255
 2811.902830    4.039598
 2812.549560    4.250719
 2813.198240    4.470913
 2813.845210    4.699031
 2814.492680    4.935896
 2815.141600    5.181964
 2815.789310    5.436273
 2816.438720    5.700012
 2817.086430    5.971811
 2817.736080    6.253212
 2818.384520    6.542836
 2819.032710    6.841050
 2819.682620    7.148731
 2820.331300    7.464419
 2820.981930    7.789576
 2821.630620    8.122128
 2822.281490    8.464063
 2822.930660    8.813171
 2823.580080    9.170284
 2824.231200    9.536024
 2824.880860    9.908373
 2825.532230    10.288885
 2826.182370    10.675563
 2826.833980    11.069686
 2827.484380    11.469288
 2828.134770    11.874734
 2828.786870    12.286711
 2829.437740    12.702946
 2830.090090    13.124714
 2830.741210    13.549806
 2831.394040    13.979633
 2832.045410    14.411588
 2832.697020    14.846245
 2833.350100    15.283861
 2834.001950    15.722042
 2834.655520    16.162148
 2835.307620    16.601410
 2835.961180    17.041151
 2836.613770    17.479059
 2837.266360    17.915110
 2837.920410    18.349586
 2838.573490    18.780153
 2839.228030    19.207701
 2839.881100    19.629585
 2840.535890    20.047125
 2841.189450    20.457712
 2841.843020    20.861391
 2842.498540    21.258600
 2843.152340    21.646383
 2843.807860    22.026032
 2844.462160    22.395117
 2845.118160    22.754566
 2845.772710    23.101929
 2846.427250    23.437332
 2847.083740    23.761053
 2847.738770    24.070730
 2848.395260    24.367119
 2849.050540    24.648380
 2849.707760    24.915270
 2850.363280    25.165729
 2851.018800    25.399942
 2851.676270    25.618036
 2852.332280    25.818388
 2852.989990    26.001520
 2853.646480    26.166204
 2854.304440    26.312738
 2854.960940    26.440153
 2855.617920    26.548590
 2856.276370    26.637880
 2856.933350    26.707430
 2857.592290    26.757425
 2858.249760    26.787476
 2858.908940    26.797646
 2859.566650    26.787849
 2860.224370    26.758160
 2860.883790    26.708485
 2861.541750    26.639164
 2862.201900    26.549933
 2862.860350    26.441496
 2863.520510    26.313534
 2864.179200    26.166929
 2864.839840    26.001234
 2865.498780    25.817713
 2866.157960    25.616287
 2866.818850    25.396873
 2867.478520    25.160896
 2868.139650    24.907900
 2868.799320    24.639545
 2869.460940    24.354999
 2870.121090    24.056313
 2870.781490    23.743381
 2871.443360    23.416225
 2872.103760    23.076965
 2872.766360    22.724392
 2873.427000    22.361416
 2874.089600    21.986620
 2874.750730    21.602663
 2875.412110    21.209326
 2876.075440    20.806305
 2876.736820    20.396734
 2877.400390    19.978804
 2878.062260    19.555737
 2878.725830    19.126110
 2879.388180    18.692572
 2880.050540    18.255095
 2880.714600    17.813278
 2881.377440    17.369806
 2882.041750    16.923603
 2882.704830    16.477188
 2883.369380    16.029442
 2884.032960    15.582689
 2884.696530    15.136930
 2885.361330    14.691983
 2886.025390    14.249774
 2886.690920    13.809443
 2887.354980    13.373489
 2888.020510    12.940540
 2888.685060    12.512705
 2889.349610    12.089834
 2890.015870    11.671327
 2890.680910    11.259465
 2891.347410    10.852997
 2892.012700    10.453945
 2892.679200    10.061199
 2893.344970    9.676235
 2894.010500    9.299054
 2894.677730    8.928838
 2895.343510    8.567586
 2896.011470    8.213543
 2896.677490    7.869091
 2897.345460    7.532368
 2898.011960    7.205235
 2898.678960    6.886822
 2899.347170    6.576891
 2900.014160    6.276632
 2900.682860    5.984767
 2901.350100    5.702699
 2902.019530    5.428887
 2902.687010    5.165002
 2903.354740    4.910091
 2904.024410    4.663479
 2904.692380    4.426437
 2905.361820    4.197731
 2906.030520    3.978014
 2906.700680    3.766448
 2907.369140    3.563890
 2908.038090    3.369498
 2908.708500    3.182861
 2909.377930    3.004495
 2910.048830    2.833576
 2910.718260    2.670662
 2911.389650    2.514735
 2912.059330    2.366447
 2912.729250    2.225137
 2913.400630    2.090364
 2914.070800    1.962462
 2914.742920    1.840620
 2915.413570    1.725247
 2916.085690    1.615625
 2916.756590    1.511977
 2917.429200    1.413641
 2918.100340    1.320870
 2918.771730    1.233202
 2919.444580    1.150286
 2920.116210    1.072248
 2920.789550    0.998548
 2921.461670    0.929311
 2922.135500    0.864044
 2922.807370    0.802905
 2923.479740    0.745474
 2924.154050    0.691463
 2924.826660    0.640986
 2925.500980    0.593617
 2926.174070    0.549397
 2926.848880    0.507975
 2927.522220    0.469388
 2928.195800    0.433382
 2928.870850    0.399755
 2929.544920    0.368494
 2930.220460    0.339351
 2930.894530    0.312324
 2931.570310    0.287164
 2932.244630    0.263872
 2932.919190    0.242273
 2933.595700    0.222212
 2934.270260    0.203704
 2934.947270    0.186531
 2935.622310    0.170716
 2936.299070    0.156084
 2936.974850    0.142611
 2937.650390    0.130205
 2938.327880    0.118753
 2939.003660    0.108248
 2939.681400    0.098568
 2940.357670    0.089702
 2941.035640    0.081549
 2941.712160    0.074094
 2942.389160    0.067263
 2943.067630    0.061000
 2943.744630    0.055289
 2944.423580    0.050058
 2945.100830    0.045299
 2945.780030    0.040947
 2946.457760    0.036992
 2947.135500    0.033393
 2947.815190    0.030111
 2948.493410    0.027137
 2949.173100    0.024431
 2949.851560    0.021982
 2950.531980    0.019756
 2951.210450    0.017748
 2951.889650    0.015929
 2952.570070    0.014282
 2953.249270    0.012798
 2953.930660    0.011456
 2954.610110    0.010248
 2955.291500    0.009158
 2955.971190    0.008180
 2956.651120    0.007300
 2957.333010    0.006507
 2958.013180    0.005798
 2958.695560    0.005159
 2959.376220    0.004589
 2960.058350    0.004078
 2960.739500    0.003621
 2961.420410    0.003213
 2962.103520    0.002848
 2962.784910    0.002522
 2963.468020    0.002232
 2964.149900    0.001974
 2964.833500    0.001743
 2965.515380    0.001539
 2966.197750    0.001358
 2966.881590    0.001197
 2967.564210    0.001054
 2968.248540    0.000927
 2968.931150    0.000815
 2969.615720    0.000716
 2970.299070    0.000628
 2970.984130    0.000551
 2971.667480    0.000483
 2972.351070    0.000422
 2973.036620    0.000370
 2973.720700    0.000323
 2974.406250    0.000282
 2975.090580    0.000246
 2975.776610    0.000215
 2976.461180    0.000187
 2977.146000    0.000163
 2977.832280    0.000141
 2978.517580    0.000123
 2979.204350    0.000107
 2979.889650    0.000093
 2980.576660    0.000080
 2981.262210    0.000070
 2981.948240    0.000060
 2982.635990    0.000052
 2983.322020    0.000045
 2984.010010    0.000039
 2984.696530    0.000033
 2985.384770    0.000029
 2986.071530    0.000025
 2986.758540    0.000021
 2987.447270    0.000018
 2988.134770    0.000015
 2988.823490    0.000013
 2989.510990    0.000011
 2990.200440    0.000010
 2990.888180    0.000009
 2991.576170    0.000008
 2992.266360    0.000006
 2992.954830    0.000006
 2993.644780    0.000005
 2994.333500    0.000004
 2995.023930    0.000003
 2995.713130    0.000003
 2996.402100    0.000002
 2997.093020    0.000002
 2997.782710    0.000002
 2998.473880    0.000002
 2999.163570    0.000001
 2999.855470    0.000001
 3000.545410    0.000001
 3001.235600    0.000001
 3001.927730    0.000001
 3002.618410    0.000001
 3003.310550    0.000000
 3004.001710    0.000000
 3004.694340    0.000000
 3005.385740    0.000000
 3006.076900    0.000000
 3006.770020    0.000000
 3007.461670    0.000000
 3008.155270    0.000000
 3008.847410    0.000000
 3009.541260    0.000000
 3010.233400    0.000000
 3010.926270    0.000000
 3011.620360    0.000000
 3012.313230    0.000000
 3013.007810    0.000000
 3013.700930    0.000000
 3014.395750    0.000000
 3015.089360    0.000000
 3015.783200    0.000000
 3016.478270    0.000000
 3017.172610    0.000000
 3017.868160    0.000000
 3018.562260    0.000000
 3019.258540    0.000000
 3019.952880    0.000000
 3020.647950    0.000000
 3021.344480    0.000000
 3022.039310    0.000000
 3022.736330    0.000000
 3023.431640    0.000000
 3024.128660    0.000000
 3024.824460    0.000000
 3025.522220    0.000000
 3026.218020    0.000000
 3026.914310    0.000000
 3027.612300    0.000000
 3028.308840    0.000000
 3029.007080    0.000000
 3029.703860    0.000000
 3030.402590    0.000000
 3031.099850    0.000000
 3031.797120    0.000000
 3032.496090    0.000000
 3033.193600    0.000000
 3033.893310    0.000000
 3034.591060    0.000000
 3035.290770    0.000000
 3035.989010    0.000000
 3036.687740    0.000000
 3037.387700    0.000000
 3038.086670    0.000000
 3038.787350    0.000000
 3039.486080    0.000000
 3040.187260    0.000000
 3040.886470    0.000000
 3041.586180    0.000000
 3042.287350    0.000000
 3042.987550    0.000000
 3043.689210    0.000000
 3044.389160    0.000000
 3045.091060    0.000000
 3045.791750    0.000000
 3046.492430    0.000000
 3047.194820    0.000000
 3047.896000    0.000000
 3048.598880    0.000000
 3049.300050    0.000000
