 2653.384280    0.000896
 2653.996340    0.000977
 2654.606690    0.001062
 2655.217290    0.001156
 2655.829830    0.001256
 2656.440670    0.001364
 2657.053220    0.001481
 2657.664550    0.001606
 2658.277340    0.001741
 2658.888920    0.001886
 2659.500730    0.002043
 2660.114010    0.002212
 2660.725830    0.002392
 2661.339360    0.002586
 2661.951660    0.002795
 2662.565430    0.003019
 2663.177980    0.003261
 2663.790530    0.003519
 2664.404790    0.003798
 2665.017820    0.004097
 2665.632320    0.004419
 2666.245610    0.004766
 2666.860350    0.005138
 2667.473880    0.005539
 2668.089110    0.005971
 2668.702880    0.006435
 2669.316890    0.006936
 2669.932370    0.007478
 2670.546630    0.008060
 2671.162350    0.008691
 2671.776860    0.009371
 2672.393070    0.010107
 2673.007810    0.010902
 2673.622560    0.011763
 2674.239260    0.012697
 2674.854490    0.013708
 2675.471190    0.014808
 2676.086670    0.015998
 2676.703860    0.017295
 2677.319580    0.018701
 2677.935550    0.020230
 2678.552980    0.021899
 2679.169190    0.023711
 2679.786870    0.025691
 2680.403560    0.027844
 2681.021480    0.030196
 2681.638430    0.032758
 2682.255370    0.035552
 2682.873780    0.038609
 2683.490970    0.041937
 2684.109860    0.045581
 2684.727290    0.049549
 2685.346440    0.053893
 2685.964110    0.058625
 2686.582030    0.063792
 2687.201660    0.069447
 2687.819820    0.075604
 2688.439450    0.082337
 2689.057860    0.089668
 2689.677980    0.097684
 2690.296880    0.106405
 2690.915770    0.115908
 2691.536380    0.126286
 2692.155270    0.137553
 2692.776370    0.149858
 2693.395750    0.163202
 2694.016850    0.177747
 2694.636720    0.193516
 2695.256590    0.210632
 2695.877930    0.229246
 2696.498050    0.249386
 2697.119870    0.271264
 2697.740480    0.294904
 2698.362550    0.320536
 2698.983400    0.348188
 2699.604250    0.378053
 2700.226810    0.410370
 2700.847900    0.445135
 2701.470700    0.482695
 2702.092040    0.523029
 2702.715330    0.566546
 2703.337160    0.613198
 2703.958980    0.663279
 2704.582520    0.717142
 2705.204830    0.774749
 2705.828370    0.836542
 2706.450930    0.902531
 2707.074950    0.973207
 2707.697750    1.048507
 2708.320800    1.128835
 2708.945310    1.214617
 2709.568360    1.305700
 2710.193360    1.402846
 2710.816650    1.505746
 2711.441890    1.615269
 2712.065670    1.731084
 2712.689450    1.853702
 2713.314940    1.983748
 2713.939210    2.120883
 2714.565190    2.266014
 2715.189450    2.418604
 2715.815670    2.579800
 2716.440430    2.748973
 2717.066890    2.927221
 2717.691890    3.113872
 2718.317140    3.309619
 2718.943850    3.515084
 2719.569340    3.729577
 2720.196530    3.954283
 2720.822270    4.188224
 2721.449710    4.432722
 2722.075680    4.686659
 2722.702150    4.950892
 2723.329830    5.225835
 2723.956300    5.510454
 2724.584470    5.806099
 2725.211430    6.111384
 2725.839600    6.427445
 2726.466800    6.753096
 2727.093990    7.088697
 2727.722900    7.435052
 2728.350340    7.790220
 2728.979490    8.155772
 2729.607420    8.529749
 2730.236820    8.913437
 2730.864750    9.304703
 2731.493160    9.704347
 2732.122800    10.112433
 2732.751460    10.527063
 2733.381590    10.949333
 2734.010500    11.376889
 2734.640870    11.810951
 2735.270020    12.249033
 2735.899410    12.691457
 2736.530270    13.138378
 2737.159670    13.586962
 2737.790770    14.038673
 2738.420650    14.490591
 2739.052250    14.943956
 2739.682370    15.395599
 2740.312500    15.845659
 2740.944340    16.294413
 2741.575200    16.738983
 2742.207280    17.179939
 2742.838130    17.614582
 2743.470460    18.043756
 2744.101560    18.464628
 2744.732910    18.877176
 2745.365970    19.281305
 2745.997310    19.673828
 2746.630860    20.056160
 2747.262700    20.424942
 2747.896000    20.781069
 2748.528080    21.122072
 2749.160640    21.447987
 2749.794430    21.758232
 2750.427000    22.050758
 2751.061280    22.326082
 2751.694090    22.582037
 2752.328610    22.819168
 2752.961910    23.035675
 2753.595210    23.231407
 2754.230220    23.406235
 2754.863770    23.558758
 2755.499020    23.689278
 2756.132810    23.796732
 2756.768550    23.881355
 2757.402590    23.942392
 2758.036870    23.979919
 2758.673100    23.993799
 2759.307620    23.983889
 2759.943850    23.950161
 2760.578860    23.892834
 2761.215330    23.811819
 2761.850590    23.707676
 2762.487550    23.580204
 2763.123050    23.430393
 2763.758790    23.258343
 2764.396000    23.064133
 2765.031980    22.849129
 2765.669430    22.613033
 2766.305910    22.357403
 2766.943600    22.082071
 2767.580320    21.788757
 2768.216800    21.477993
 2768.855220    21.149504
 2769.492190    20.805933
 2770.130860    20.446497
 2770.768070    20.073940
 2771.407230    19.687246
 2772.044680    19.289631
 2772.682130    18.881107
 2773.321780    18.461250
 2773.959720    18.033667
 2774.599370    17.597118
 2775.237550    17.154821
 2775.877690    16.705448
 2776.516360    16.252432
 2777.155030    15.795773
 2777.795170    15.335421
 2778.434330    14.874121
 2779.074950    14.411074
 2779.714360    13.949162
 2780.355470    13.487183
 2780.995120    13.028300
 2781.634770    12.572296
 2782.276120    12.118774
 2782.916260    11.670576
 2783.558110    11.226381
 2784.198490    10.789078
 2784.840330    10.357307
 2785.480960    9.933475
 2786.121830    9.517147
 2786.764400    9.107916
 2787.405270    8.708420
 2788.048100    8.316797
 2788.689450    7.935513
 2789.332520    7.563010
 2789.974370    7.201282
 2790.615970    6.849980
 2791.259770    6.508015
 2791.901610    6.177751
 2792.545410    5.857296
 2793.187990    5.548328
 2793.832030    5.249603
 2794.474850    4.962380
 2795.117680    4.686058
 2795.762210    4.419888
 2796.405520    4.165007
 2797.050290    3.920242
 2797.693600    3.686567
 2798.338870    3.462592
 2798.982420    3.249408
 2799.626460    3.046056
 2800.272220    2.851982
 2800.916260    2.667976
 2801.562260    2.492750
 2802.206790    2.326978
 2802.852780    2.169633
 2803.497560    2.021099
 2804.142580    1.880730
 2804.789310    1.747953
 2805.434330    1.623178
 2806.081300    1.505400
 2806.726810    1.394952
 2807.374020    1.290998
 2808.020020    1.193718
 2808.666020    1.102618
 2809.313480    1.017222
 2809.959960    0.937573
 2810.607910    0.863095
 2811.254390    0.793851
 2811.902830    0.729212
 2812.549560    0.669283
 2813.198240    0.613474
 2813.845210    0.561858
 2814.492680    0.514011
 2815.141600    0.469648
 2815.789310    0.428737
 2816.438720    0.390881
 2817.086430    0.356079
 2817.736080    0.323941
 2818.384520    0.294446
 2819.032710    0.267364
 2819.682620    0.242453
 2820.331300    0.219671
 2820.981930    0.198760
 2821.630620    0.179703
 2822.281490    0.162245
 2822.930660    0.146366
 2823.580080    0.131897
 2824.231200    0.118699
 2824.880860    0.106733
 2825.532230    0.095844
 2826.182370    0.085992
 2826.833980    0.077051
 2827.484380    0.068981
 2828.134770    0.061689
 2828.786870    0.055094
 2829.437740    0.049161
 2830.090090    0.043809
 2830.741210    0.039006
 2831.394040    0.034682
 2832.045410    0.030812
 2832.697020    0.027344
 2833.350100    0.024233
 2834.001950    0.021458
 2834.655520    0.018974
 2835.307620    0.016764
 2835.961180    0.014791
 2836.613770    0.013040
 2837.266360    0.011482
 2837.920410    0.010098
 2838.573490    0.008872
 2839.228030    0.007784
 2839.881100    0.006824
 2840.535890    0.005975
 2841.189450    0.005226
 2841.843020    0.004566
 2842.498540    0.003984
 2843.152340    0.003473
 2843.807860    0.003024
 2844.462160    0.002630
 2845.118160    0.002285
 2845.772710    0.001983
 2846.427250    0.001719
 2847.083740    0.001488
 2847.738770    0.001287
 2848.395260    0.001112
 2849.050540    0.000959
 2849.707760    0.000827
 2850.363280    0.000712
 2851.018800    0.000612
 2851.676270    0.000526
 2852.332280    0.000451
 2852.989990    0.000387
 2853.646480    0.000331
 2854.304440    0.000283
 2854.960940    0.000242
 2855.617920    0.000206
 2856.276370    0.000175
 2856.933350    0.000150
 2857.592290    0.000127
 2858.249760    0.000108
 2858.908940    0.000092
 2859.566650    0.000077
 2860.224370    0.000066
 2860.883790    0.000055
 2861.541750    0.000047
 2862.201900    0.000040
 2862.860350    0.000033
 2863.520510    0.000028
 2864.179200    0.000024
 2864.839840    0.000020
 2865.498780    0.000016
 2866.157960    0.000014
 2866.818850    0.000011
 2867.478520    0.000010
 2868.139650    0.000009
 2868.799320    0.000007
 2869.460940    0.000006
 2870.121090    0.000005
 2870.781490    0.000004
 2871.443360    0.000003
 2872.103760    0.000003
 2872.766360    0.000002
 2873.427000    0.000002
 2874.089600    0.000002
 2874.750730    0.000001
 2875.412110    0.000001
 2876.075440    0.000001
 2876.736820    0.000001
 2877.400390    0.000001
 2878.062260    0.000000
 2878.725830    0.000000
 2879.388180    0.000000
 2880.050540    0.000000
 2880.714600    0.000000
 2881.377440    0.000000
 2882.041750    0.000000
 2882.704830    0.000000
 2883.369380    0.000000
 2884.032960    0.000000
 2884.696530    0.000000
 2885.361330    0.000000
 2886.025390    0.000000
 2886.690920    0.000000
 2887.354980    0.000000
 2888.020510    0.000000
 2888.685060    0.000000
 2889.349610    0.000000
 2890.015870    0.000000
 2890.680910    0.000000
 2891.347410    0.000000
 2892.012700    0.000000
 2892.679200    0.000000
 2893.344970    0.000000
 2894.010500    0.000000
 2894.677730    0.000000
 2895.343510    0.000000
 2896.011470    0.000000
 2896.677490    0.000000
 2897.345460    0.000000
 2898.011960    0.000000
 2898.678960    0.000000
 2899.347170    0.000000
 2900.014160    0.000000
 2900.682860    0.000000
 2901.350100    0.000000
 2902.019530    0.000000
 2902.687010    0.000000
 2903.354740    0.000000
 2904.024410    0.000000
 2904.692380    0.000000
 2905.361820    0.000000
 2906.030520    0.000000
 2906.700680    0.000000
 2907.369140    0.000000
 2908.038090    0.000000
 2908.708500    0.000000
 2909.377930    0.000000
 2910.048830    0.000000
 2910.718260    0.000000
 2911.389650    0.000000
 2912.059330    0.000000
 2912.729250    0.000000
 2913.400630    0.000000
 2914.070800    0.000000
 2914.742920    0.000000
 2915.413570    0.000000
 2916.085690    0.000000
 2916.756590    0.000000
 2917.429200    0.000000
 2918.100340    0.000000
 2918.771730    0.000000
 2919.444580    0.000000
 2920.116210    0.000000
 2920.789550    0.000000
 2921.461670    0.000000
 2922.135500    0.000000
 2922.807370    0.000000
 2923.479740    0.000000
 2924.154050    0.000000
 2924.826660    0.000000
 2925.500980    0.000000
 2926.174070    0.000000
 2926.848880    0.000000
 2927.522220    0.000000
 2928.195800    0.000000
 2928.870850    0.000000
 2929.544920    0.000000
 2930.220460    0.000000
 2930.894530    0.000000
 2931.570310    0.000000
 2932.244630    0.000000
 2932.919190    0.000000
 2933.595700    0.000000
 2934.270260    0.000000
 2934.947270    0.000000
 2935.622310    0.000000
 2936.299070    0.000000
 2936.974850    0.000000
 2937.650390    0.000000
 2938.327880    0.000000
 2939.003660    0.000000
 2939.681400    0.000000
 2940.357670    0.000000
 2941.035640    0.000000
 2941.712160    0.000000
 2942.389160    0.000000
 2943.067630    0.000000
 2943.744630    0.000000
 2944.423580    0.000000
 2945.100830    0.000000
 2945.780030    0.000000
 2946.457760    0.000000
 2947.135500    0.000000
 2947.815190    0.000000
 2948.493410    0.000000
 2949.173100    0.000000
 2949.851560    0.000000
 2950.531980    0.000000
 2951.210450    0.000000
 2951.889650    0.000000
 2952.570070    0.000000
 2953.249270    0.000000
 2953.930660    0.000000
 2954.610110    0.000000
 2955.291500    0.000000
 2955.971190    0.000000
 2956.651120    0.000000
 2957.333010    0.000000
 2958.013180    0.000000
 2958.695560    0.000000
 2959.376220    0.000000
 2960.058350    0.000000
 2960.739500    0.000000
 2961.420410    0.000000
 2962.103520    0.000000
 2962.784910    0.000000
 2963.468020    0.000000
 2964.149900    0.000000
 2964.833500    0.000000
 2965.515380    0.000000
 2966.197750    0.000000
 2966.881590    0.000000
 2967.564210    0.000000
 2968.248540    0.000000
 2968.931150    0.000000
 2969.615720    0.000000
 2970.299070    0.000000
 2970.984130    0.000000
 2971.667480    0.000000
 2972.351070    0.000000
 2973.036620    0.000000
 2973.720700    0.000000
 2974.406250    0.000000
 2975.090580    0.000000
 2975.776610    0.000000
 2976.461180    0.000000
 2977.146000    0.000000
 2977.832280    0.000000
 2978.517580    0.000000
 2979.204350    0.000000
 2979.889650    0.000000
 2980.576660    0.000000
 2981.262210    0.000000
 2981.948240    0.000000
 2982.635990    0.000000
 2983.322020    0.000000
 2984.010010    0.000000
 2984.696530    0.000000
 2985.384770    0.000000
 2986.071530    0.000000
 2986.758540    0.000000
 2987.447270    0.000000
 2988.134770    0.000000
 2988.823490    0.000000
 2989.510990    0.000000
 2990.200440    0.000000
 2990.888180    0.000000
 2991.576170    0.000000
 2992.266360    0.000000
 2992.954830    0.000000
 2993.644780    0.000000
 2994.333500    0.000000
 2995.023930    0.000000
 2995.713130    0.000000
 2996.402100    0.000000
 2997.093020    0.000000
 2997.782710    0.000000
 2998.473880    0.000000
 2999.163570    0.000000
 2999.855470    0.000000
 3000.545410    0.000000
 3001.235600    0.000000
 3001.927730    0.000000
 3002.618410    0.000000
 3003.310550    0.000000
 3004.001710    0.000000
 3004.694340    0.000000
 3005.385740    0.000000
 3006.076900    0.000000
 3006.770020    0.000000
 3007.461670    0.000000
 3008.155270    0.000000
 3008.847410    0.000000
 3009.541260    0.000000
 3010.233400    0.000000
 3010.926270    0.000000
 3011.620360    0.000000
 3012.313230    0.000000
 3013.007810    0.000000
 3013.700930    0.000000
 3014.395750    0.000000
 3015.089360    0.000000
 3015.783200    0.000000
 3016.478270    0.000000
 3017.172610    0.000000
 3017.868160    0.000000
 3018.562260    0.000000
 3019.258540    0.000000
 3019.952880    0.000000
 3020.647950    0.000000
 3021.344480    0.000000
 3022.039310    0.000000
 3022.736330    0.000000
 3023.431640    0.000000
 3024.128660    0.000000
 3024.824460    0.000000
 3025.522220    0.000000
 3026.218020    0.000000
 3026.914310    0.000000
 3027.612300    0.000000
 3028.308840    0.000000
 3029.007080    0.000000
 3029.703860    0.000000
 3030.402590    0.000000
 3031.099850    0.000000
 3031.797120    0.000000
 3032.496090    0.000000
 3033.193600    0.000000
 3033.893310    0.000000
 3034.591060    0.000000
 3035.290770    0.000000
 3035.989010    0.000000
 3036.687740    0.000000
 3037.387700    0.000000
 3038.086670    0.000000
 3038.787350    0.000000
 3039.486080    0.000000
 3040.187260    0.000000
 3040.886470    0.000000
 3041.586180    0.000000
 3042.287350    0.000000
 3042.987550    0.000000
 3043.689210    0.000000
 3044.389160    0.000000
 3045.091060    0.000000
 3045.791750    0.000000
 3046.492430    0.000000
 3047.194820    0.000000
 3047.896000    0.000000
 3048.598880    0.000000
 3049.300050    0.000000
