 2653.384280    0.000000
 2653.996340    0.000000
 2654.606690    0.000000
 2655.217290    0.000000
 2655.829830    0.000000
 2656.440670    0.000000
 2657.053220    0.000000
 2657.664550    0.000000
 2658.277340    0.000000
 2658.888920    0.000000
 2659.500730    0.000000
 2660.114010    0.000000
 2660.725830    0.000000
 2661.339360    0.000000
 2661.951660    0.000000
 2662.565430    0.000000
 2663.177980    0.000000
 2663.790530    0.000000
 2664.404790    0.000000
 2665.017820    0.000000
 2665.632320    0.000000
 2666.245610    0.000000
 2666.860350    0.000000
 2667.473880    0.000000
 2668.089110    0.000000
 2668.702880    0.000000
 2669.316890    0.000000
 2669.932370    0.000000
 2670.546630    0.000000
 2671.162350    0.000000
 2671.776860    0.000000
 2672.393070    0.000000
 2673.007810    0.000000
 2673.622560    0.000000
 2674.239260    0.000000
 2674.854490    0.000000
 2675.471190    0.000000
 2676.086670    0.000000
 2676.703860    0.000000
 2677.319580    0.000000
 2677.935550    0.000000
 2678.552980    0.000000
 2679.169190    0.000000
 2679.786870    0.000000
 2680.403560    0.000000
 2681.021480    0.000000
 2681.638430    0.000000
 2682.255370    0.000000
 2682.873780    0.000000
 2683.490970    0.000000
 2684.109860    0.000000
 2684.727290    0.000000
 2685.346440    0.000000
 2685.964110    0.000000
 2686.582030    0.000000
 2687.201660    0.000000
 2687.819820    0.000000
 2688.439450    0.000000
 2689.057860    0.000000
 2689.677980    0.000000
 2690.296880    0.000000
 2690.915770    0.000000
 2691.536380    0.000000
 2692.155270    0.000000
 2692.776370    0.000000
 2693.395750    0.000000
 2694.016850    0.000000
 2694.636720    0.000000
 2695.256590    0.000000
 2695.877930    0.000000
 2696.498050    0.000000
 2697.119870    0.000000
 2697.740480    0.000000
 2698.362550    0.000000
 2698.983400    0.000000
 2699.604250    0.000000
 2700.226810    0.000000
 2700.847900    0.000000
 2701.470700    0.000000
 2702.092040    0.000000
 2702.715330    0.000000
 2703.337160    0.000000
 2703.958980    0.000000
 2704.582520    0.000000
 2705.204830    0.000000
 2705.828370    0.000000
 2706.450930    0.000000
 2707.074950    0.000000
 2707.697750    0.000000
 2708.320800    0.000000
 2708.945310    0.000000
 2709.568360    0.000000
 2710.193360    0.000000
 2710.816650    0.000000
 2711.441890    0.000000
 2712.065670    0.000000
 2712.689450    0.000000
 2713.314940    0.000000
 2713.939210    0.000000
 2714.565190    0.000000
 2715.189450    0.000000
 2715.815670    0.000000
 2716.440430    0.000000
 2717.066890    0.000000
 2717.691890    0.000000
 2718.317140    0.000000
 2718.943850    0.000000
 2719.569340    0.000000
 2720.196530    0.000000
 2720.822270    0.000000
 2721.449710    0.000000
 2722.075680    0.000000
 2722.702150    0.000000
 2723.329830    0.000000
 2723.956300    0.000000
 2724.584470    0.000000
 2725.211430    0.000000
 2725.839600    0.000000
 2726.466800    0.000000
 2727.093990    0.000000
 2727.722900    0.000000
 2728.350340    0.000000
 2728.979490    0.000000
 2729.607420    0.000000
 2730.236820    0.000000
 2730.864750    0.000000
 2731.493160    0.000000
 2732.122800    0.000000
 2732.751460    0.000000
 2733.381590    0.000000
 2734.010500    0.000000
 2734.640870    0.000000
 2735.270020    0.000000
 2735.899410    0.000000
 2736.530270    0.000000
 2737.159670    0.000000
 2737.790770    0.000000
 2738.420650    0.000000
 2739.052250    0.000000
 2739.682370    0.000000
 2740.312500    0.000000
 2740.944340    0.000000
 2741.575200    0.000000
 2742.207280    0.000000
 2742.838130    0.000000
 2743.470460    0.000000
 2744.101560    0.000000
 2744.732910    0.000000
 2745.365970    0.000000
 2745.997310    0.000000
 2746.630860    0.000000
 2747.262700    0.000000
 2747.896000    0.000000
 2748.528080    0.000000
 2749.160640    0.000000
 2749.794430    0.000000
 2750.427000    0.000000
 2751.061280    0.000000
 2751.694090    0.000000
 2752.328610    0.000000
 2752.961910    0.000000
 2753.595210    0.000000
 2754.230220    0.000000
 2754.863770    0.000000
 2755.499020    0.000000
 2756.132810    0.000000
 2756.768550    0.000000
 2757.402590    0.000000
 2758.036870    0.000000
 2758.673100    0.000000
 2759.307620    0.000000
 2759.943850    0.000000
 2760.578860    0.000000
 2761.215330    0.000000
 2761.850590    0.000000
 2762.487550    0.000000
 2763.123050    0.000000
 2763.758790    0.000000
 2764.396000    0.000000
 2765.031980    0.000000
 2765.669430    0.000000
 2766.305910    0.000000
 2766.943600    0.000000
 2767.580320    0.000000
 2768.216800    0.000000
 2768.855220    0.000000
 2769.492190    0.000000
 2770.130860    0.000000
 2770.768070    0.000000
 2771.407230    0.000000
 2772.044680    0.000000
 2772.682130    0.000000
 2773.321780    0.000000
 2773.959720    0.000000
 2774.599370    0.000000
 2775.237550    0.000000
 2775.877690    0.000000
 2776.516360    0.000000
 2777.155030    0.000000
 2777.795170    0.000000
 2778.434330    0.000000
 2779.074950    0.000000
 2779.714360    0.000000
 2780.355470    0.000000
 2780.995120    0.000000
 2781.634770    0.000000
 2782.276120    0.000000
 2782.916260    0.000000
 2783.558110    0.000000
 2784.198490    0.000000
 2784.840330    0.000000
 2785.480960    0.000000
 2786.121830    0.000000
 2786.764400    0.000000
 2787.405270    0.000000
 2788.048100    0.000000
 2788.689450    0.000000
 2789.332520    0.000000
 2789.974370    0.000000
 2790.615970    0.000000
 2791.259770    0.000000
 2791.901610    0.000000
 2792.545410    0.000000
 2793.187990    0.000000
 2793.832030    0.000000
 2794.474850    0.000000
 2795.117680    0.000000
 2795.762210    0.000000
 2796.405520    0.000000
 2797.050290    0.000000
 2797.693600    0.000000
 2798.338870    0.000000
 2798.982420    0.000000
 2799.626460    0.000000
 2800.272220    0.000000
 2800.916260    0.000000
 2801.562260    0.000000
 2802.206790    0.000000
 2802.852780    0.000000
 2803.497560    0.000000
 2804.142580    0.000000
 2804.789310    0.000000
 2805.434330    0.000000
 2806.081300    0.000000
 2806.726810    0.000000
 2807.374020    0.000000
 2808.020020    0.000000
 2808.666020    0.000000
 2809.313480    0.000000
 2809.959960    0.000000
 2810.607910    0.000000
 2811.254390    0.000000
 2811.902830    0.000000
 2812.549560    0.000000
 2813.198240    0.000000
 2813.845210    0.000001
 2814.492680    0.000001
 2815.141600    0.000001
 2815.789310    0.000001
 2816.438720    0.000001
 2817.086430    0.000001
 2817.736080    0.000001
 2818.384520    0.000002
 2819.032710    0.000002
 2819.682620    0.000002
 2820.331300    0.000003
 2820.981930    0.000003
 2821.630620    0.000004
 2822.281490    0.000005
 2822.930660    0.000005
 2823.580080    0.000006
 2824.231200    0.000007
 2824.880860    0.000009
 2825.532230    0.000010
 2826.182370    0.000011
 2826.833980    0.000013
 2827.484380    0.000015
 2828.134770    0.000018
 2828.786870    0.000021
 2829.437740    0.000024
 2830.090090    0.000028
 2830.741210    0.000032
 2831.394040    0.000038
 2832.045410    0.000044
 2832.697020    0.000051
 2833.350100    0.000059
 2834.001950    0.000069
 2834.655520    0.000080
 2835.307620    0.000093
 2835.961180    0.000107
 2836.613770    0.000123
 2837.266360    0.000142
 2837.920410    0.000164
 2838.573490    0.000189
 2839.228030    0.000217
 2839.881100    0.000250
 2840.535890    0.000287
 2841.189450    0.000330
 2841.843020    0.000379
 2842.498540    0.000434
 2843.152340    0.000497
 2843.807860    0.000569
 2844.462160    0.000651
 2845.118160    0.000744
 2845.772710    0.000850
 2846.427250    0.000969
 2847.083740    0.001104
 2847.738770    0.001257
 2848.395260    0.001431
 2849.050540    0.001626
 2849.707760    0.001847
 2850.363280    0.002096
 2851.018800    0.002377
 2851.676270    0.002693
 2852.332280    0.003048
 2852.989990    0.003448
 2853.646480    0.003896
 2854.304440    0.004399
 2854.960940    0.004962
 2855.617920    0.005591
 2856.276370    0.006297
 2856.933350    0.007084
 2857.592290    0.007964
 2858.249760    0.008944
 2858.908940    0.010037
 2859.566650    0.011251
 2860.224370    0.012602
 2860.883790    0.014104
 2861.541750    0.015767
 2862.201900    0.017617
 2862.860350    0.019661
 2863.520510    0.021927
 2864.179200    0.024426
 2864.839840    0.027192
 2865.498780    0.030236
 2866.157960    0.033591
 2866.818850    0.037293
 2867.478520    0.041357
 2868.139650    0.045831
 2868.799320    0.050730
 2869.460940    0.056117
 2870.121090    0.062004
 2870.781490    0.068447
 2871.443360    0.075504
 2872.103760    0.083193
 2872.766360    0.091607
 2873.427000    0.100749
 2874.089600    0.110728
 2874.750730    0.121556
 2875.412110    0.133321
 2876.075440    0.146126
 2876.736820    0.159964
 2877.400390    0.174998
 2878.062260    0.191219
 2878.725830    0.208793
 2879.388180    0.227726
 2880.050540    0.248139
 2880.714600    0.270184
 2881.377440    0.293859
 2882.041750    0.319362
 2882.704830    0.346692
 2883.369380    0.376069
 2884.032960    0.407495
 2884.696530    0.441124
 2885.361330    0.477139
 2886.025390    0.515553
 2886.690920    0.556621
 2887.354980    0.600281
 2888.020510    0.646851
 2888.685060    0.696288
 2889.349610    0.748784
 2890.015870    0.804614
 2890.680910    0.863663
 2891.347410    0.926297
 2892.012700    0.992394
 2892.679200    1.062321
 2893.344970    1.135999
 2894.010500    1.213594
 2894.677730    1.295466
 2895.343510    1.381343
 2896.011470    1.471812
 2896.677490    1.566418
 2897.345460    1.665816
 2898.011960    1.769596
 2898.678960    1.878138
 2899.347170    1.991656
 2900.014160    2.109808
 2900.682860    2.233177
 2901.350100    2.361232
 2902.019530    2.494727
 2902.687010    2.632864
 2903.354740    2.776100
 2904.024410    2.924830
 2904.692380    3.078240
 2905.361820    3.237035
 2906.030520    3.400670
 2906.700680    3.569641
 2907.369140    3.743086
 2908.038090    3.921486
 2908.708500    4.105031
 2909.377930    4.292951
 2910.048830    4.485816
 2910.718260    4.682649
 2911.389650    4.884306
 2912.059330    5.089527
 2912.729250    5.298715
 2913.400630    5.512070
 2914.070800    5.728535
 2914.742920    5.948918
 2915.413570    6.171868
 2916.085690    6.398110
 2916.756590    6.626486
 2917.429200    6.857727
 2918.100340    7.090464
 2918.771730    7.324997
 2919.444580    7.561464
 2920.116210    7.798622
 2920.789550    8.037197
 2921.461670    8.275840
 2922.135500    8.515275
 2922.807370    8.753885
 2923.479740    8.992218
 2924.154050    9.230473
 2924.826660    9.467036
 2925.500980    9.702795
 2926.174070    9.936413
 2926.848880    10.168599
 2927.522220    10.397960
 2928.195800    10.624785
 2928.870850    10.849198
 2929.544920    11.070102
 2930.220460    11.288029
 2930.894530    11.501778
 2931.570310    11.712105
 2932.244630    11.917789
 2932.919190    12.119144
 2933.595700    12.316451
 2934.270260    12.508374
 2934.947270    12.695982
 2935.622310    12.877880
 2936.299070    13.054912
 2936.974850    13.226221
 2937.650390    13.391885
 2938.327880    13.552310
 2939.003660    13.706531
 2939.681400    13.855289
 2940.357670    13.997757
 2941.035640    14.134542
 2941.712160    14.264944
 2942.389160    14.389320
 2943.067630    14.507790
 2943.744630    14.619822
 2944.423580    14.725962
 2945.100830    14.825631
 2945.780030    14.919369
 2946.457760    15.006701
 2947.135500    15.087850
 2947.815190    15.163040
 2948.493410    15.231910
 2949.173100    15.294776
 2949.851560    15.351416
 2950.531980    15.402109
 2951.210450    15.446592
 2951.889650    15.485081
 2952.570070    15.517607
 2953.249270    15.544080
 2953.930660    15.564637
 2954.610110    15.579183
 2955.291500    15.587812
 2955.971190    15.590498
 2956.651120    15.587281
 2957.333010    15.578140
 2958.013180    15.563132
 2958.695560    15.542176
 2959.376220    15.515391
 2960.058350    15.482664
 2960.739500    15.444109
 2961.420410    15.399709
 2962.103520    15.349279
 2962.784910    15.293111
 2963.468020    15.230926
 2964.149900    15.162993
 2964.833500    15.089020
 2965.515380    15.009392
 2966.197750    14.923882
 2966.881590    14.832362
 2967.564210    14.735211
 2968.248540    14.632034
 2968.931150    14.523382
 2969.615720    14.408711
 2970.299070    14.288592
 2970.984130    14.162558
 2971.667480    14.031301
 2972.351070    13.894538
 2973.036620    13.751979
 2973.720700    13.604424
 2974.406250    13.451335
 2975.090580    13.293424
 2975.776610    13.130125
 2976.461180    12.962326
 2977.146000    12.789756
 2977.832280    12.612242
 2978.517580    12.430569
 2979.204350    12.244257
 2979.889650    12.054279
 2980.576660    11.859941
 2981.262210    11.662339
 2981.948240    11.461123
 2982.635990    11.256133
 2983.322020    11.048607
 2984.010010    10.837669
 2984.696530    10.624598
 2985.384770    10.408649
 2986.071530    10.191067
 2986.758540    9.971562
 2987.447270    9.749916
 2988.134770    9.527328
 2988.823490    9.303267
 2989.510990    9.078790
 2990.200440    8.853122
 2990.888180    8.627724
 2991.576170    8.402215
 2992.266360    8.176216
 2992.954830    7.951265
 2993.644780    7.726578
 2994.333500    7.503279
 2995.023930    7.280664
 2995.713130    7.059922
 2996.402100    6.840965
 2997.093020    6.623329
 2997.782710    6.408237
 2998.473880    6.195066
 2999.163570    5.984922
 2999.855470    5.776887
 3000.545410    5.572398
 3001.235600    5.370966
 3001.927730    5.172274
 3002.618410    4.977461
 3003.310550    4.785846
 3004.001710    4.598242
 3004.694340    4.414114
 3005.385740    4.234291
 3006.076900    4.058605
 3006.770020    3.886601
 3007.461670    3.719213
 3008.155270    3.555684
 3008.847410    3.396881
 3009.541260    3.242123
 3010.233400    3.092208
 3010.926270    2.946621
 3011.620360    2.805295
 3012.313230    2.668727
 3013.007810    2.536344
 3013.700930    2.408734
 3014.395750    2.285295
 3015.089360    2.166519
 3015.783200    2.052105
 3016.478270    1.941860
 3017.172610    1.836041
 3017.868160    1.734295
 3018.562260    1.636943
 3019.258540    1.543405
 3019.952880    1.454161
 3020.647950    1.368770
 3021.344480    1.287073
 3022.039310    1.209348
 3022.736330    1.135064
 3023.431640    1.064543
 3024.128660    0.997335
 3024.824460    0.933624
 3025.522220    0.873016
 3026.218020    0.815744
 3026.914310    0.761490
 3027.612300    0.710063
 3028.308840    0.661590
 3029.007080    0.615741
 3029.703860    0.572618
 3030.402590    0.531904
 3031.099850    0.493695
 3031.797120    0.457798
 3032.496090    0.424027
 3033.193600    0.392436
 3033.893310    0.362761
 3034.591060    0.335083
 3035.290770    0.309149
 3035.989010    0.284994
 3036.687740    0.262458
 3037.387700    0.241433
 3038.086670    0.221903
 3038.787350    0.203710
 3039.486080    0.186870
 3040.187260    0.171202
 3040.886470    0.156732
 3041.586180    0.143333
 3042.287350    0.130926
 3042.987550    0.119489
 3043.689210    0.108922
 3044.389160    0.099212
 3045.091060    0.090254
 3045.791750    0.082036
 3046.492430    0.074492
 3047.194820    0.067556
 3047.896000    0.061216
 3048.598880    0.055401
 3049.300050    0.050099
