 2653.384280    0.300711
 2653.996340    0.325788
 2654.606690    0.352549
 2655.217290    0.381163
 2655.829830    0.411817
 2656.440670    0.444424
 2657.053220    0.479264
 2657.664550    0.516275
 2658.277340    0.555721
 2658.888920    0.597533
 2659.500730    0.641908
 2660.114010    0.689048
 2660.725830    0.738831
 2661.339360    0.791619
 2661.951660    0.847266
 2662.565430    0.906118
 2663.177980    0.968019
 2663.790530    1.033176
 2664.404790    1.101881
 2665.017820    1.173897
 2665.632320    1.249629
 2666.245610    1.328828
 2666.860350    1.411919
 2667.473880    1.498610
 2668.089110    1.589384
 2668.702880    1.683828
 2669.316890    1.782244
 2669.932370    1.884880
 2670.546630    1.991323
 2671.162350    2.102057
 2671.776860    2.216613
 2672.393070    2.335538
 2673.007810    2.458208
 2673.622560    2.584874
 2674.239260    2.715919
 2674.854490    2.850565
 2675.471190    2.989386
 2676.086670    3.131699
 2676.703860    3.278086
 2677.319580    3.427685
 2677.935550    3.580772
 2678.552980    3.737520
 2679.169190    3.897089
 2679.786870    4.059999
 2680.403560    4.225417
 2681.021480    4.393723
 2681.638430    4.564097
 2682.255370    4.736561
 2682.873780    4.911277
 2683.490970    5.087214
 2684.109860    5.264921
 2684.727290    5.443190
 2685.346440    5.622622
 2685.964110    5.801972
 2686.582030    5.981398
 2687.201660    6.160975
 2687.819820    6.339423
 2688.439450    6.517221
 2689.057860    6.693223
 2689.677980    6.867877
 2690.296880    7.039970
 2690.915770    7.209459
 2691.536380    7.376405
 2692.155270    7.539498
 2692.776370    7.699368
 2693.395750    7.854617
 2694.016850    8.005711
 2694.636720    8.151553
 2695.256590    8.292070
 2695.877930    8.427211
 2696.498050    8.556032
 2697.119870    8.678791
 2697.740480    8.794572
 2698.362550    8.903556
 2698.983400    9.004969
 2699.604250    9.098751
 2700.226810    9.184869
 2700.847900    9.262634
 2701.470700    9.332219
 2702.092040    9.393067
 2702.715330    9.445329
 2703.337160    9.488555
 2703.958980    9.522756
 2704.582520    9.547888
 2705.204830    9.563750
 2705.828370    9.570359
 2706.450930    9.567666
 2707.074950    9.555656
 2707.697750    9.534412
 2708.320800    9.503968
 2708.945310    9.464314
 2709.568360    9.415751
 2710.193360    9.358145
 2710.816650    9.291990
 2711.441890    9.217089
 2712.065670    9.134049
 2712.689450    9.042945
 2713.314940    8.943749
 2713.939210    8.837198
 2714.565190    8.723080
 2715.189450    8.602331
 2715.815670    8.474571
 2716.440430    8.340838
 2717.066890    8.200807
 2717.691890    8.055554
 2718.317140    7.905080
 2718.943850    7.749458
 2719.569340    7.589750
 2720.196530    7.425604
 2720.822270    7.258252
 2721.449710    7.087252
 2722.075680    6.913871
 2722.702150    6.737983
 2723.329830    6.559772
 2723.956300    6.380331
 2724.584470    6.199212
 2725.211430    6.017643
 2725.839600    5.835292
 2726.466800    5.653168
 2727.093990    5.471339
 2727.722900    5.289658
 2728.350340    5.109372
 2728.979490    4.929888
 2729.607420    4.752348
 2730.236820    4.576281
 2730.864750    4.402779
 2731.493160    4.231554
 2732.122800    4.062654
 2732.751460    3.896895
 2733.381590    3.733843
 2734.010500    3.574382
 2734.640870    3.418005
 2735.270020    3.265535
 2735.899410    3.116746
 2736.530270    2.971485
 2737.159670    2.830531
 2737.790770    2.693264
 2738.420650    2.560400
 2739.052250    2.431382
 2739.682370    2.306906
 2740.312500    2.186696
 2740.944340    2.070459
 2741.575200    1.958702
 2742.207280    1.851028
 2742.838130    1.747837
 2743.470460    1.648660
 2744.101560    1.553882
 2744.732910    1.463226
 2745.365970    1.376448
 2745.997310    1.293950
 2746.630860    1.215160
 2747.262700    1.140494
 2747.896000    1.069497
 2748.528080    1.002388
 2749.160640    0.938896
 2749.794430    0.878874
 2750.427000    0.822463
 2751.061280    0.769319
 2751.694090    0.719617
 2752.328610    0.673024
 2752.961910    0.629671
 2753.595210    0.589378
 2754.230220    0.551970
 2754.863770    0.517554
 2755.499020    0.485885
 2756.132810    0.457051
 2756.768550    0.430836
 2757.402590    0.407331
 2758.036870    0.386400
 2758.673100    0.367954
 2759.307620    0.352059
 2759.943850    0.338597
 2760.578860    0.327606
 2761.215330    0.319025
 2761.850590    0.312881
 2762.487550    0.309147
 2763.123050    0.307855
 2763.758790    0.309011
 2764.396000    0.312654
 2765.031980    0.318808
 2765.669430    0.327549
 2766.305910    0.338904
 2766.943600    0.352983
 2767.580320    0.369818
 2768.216800    0.389508
 2768.855220    0.412235
 2769.492190    0.437992
 2770.130860    0.467031
 2770.768070    0.499344
 2771.407230    0.535252
 2772.044680    0.574705
 2772.682130    0.617962
 2773.321780    0.665365
 2773.959720    0.716819
 2774.599370    0.772795
 2775.237550    0.833223
 2775.877690    0.898651
 2776.516360    0.968959
 2777.155030    1.044523
 2777.795170    1.125778
 2778.434330    1.212669
 2779.074950    1.305791
 2779.714360    1.405019
 2780.355470    1.511082
 2780.995120    1.623731
 2781.634770    1.743475
 2782.276120    1.870940
 2782.916260    2.005832
 2783.558110    2.149055
 2784.198490    2.300185
 2784.840330    2.460189
 2785.480960    2.628672
 2786.121830    2.806268
 2786.764400    2.993681
 2787.405270    3.190165
 2788.048100    3.397092
 2788.689450    3.613599
 2789.332520    3.840979
 2789.974370    4.078408
 2790.615970    4.326393
 2791.259770    4.586090
 2791.901610    4.855971
 2792.545410    5.137800
 2793.187990    5.430296
 2793.832030    5.734760
 2794.474850    6.049962
 2795.117680    6.376480
 2795.762210    6.715198
 2796.405520    7.064533
 2797.050290    7.425855
 2797.693600    7.797389
 2798.338870    8.180947
 2798.982420    8.574151
 2799.626460    8.978059
 2800.272220    9.393195
 2800.916260    9.817023
 2801.562260    10.251572
 2802.206790    10.694127
 2802.852780    11.146227
 2803.497560    11.605476
 2804.142580    12.072341
 2804.789310    12.547301
 2805.434330    13.027197
 2806.081300    13.514054
 2806.726810    14.004570
 2807.374020    14.500377
 2808.020020    14.998407
 2808.666020    15.498737
 2809.313480    16.001614
 2809.959960    16.504208
 2810.607910    17.007452
 2811.254390    17.508081
 2811.902830    18.007719
 2812.549560    18.502502
 2813.198240    18.994169
 2813.845210    19.478861
 2814.492680    19.957159
 2815.141600    20.428652
 2815.789310    20.890282
 2816.438720    21.343023
 2817.086430    21.783400
 2817.736080    22.212803
 2818.384520    22.628037
 2819.032710    23.028717
 2819.682620    23.414965
 2820.331300    23.784016
 2820.981930    24.136663
 2821.630620    24.469852
 2822.281490    24.784796
 2822.930660    25.078722
 2823.580080    25.351776
 2824.231200    25.603714
 2824.880860    25.832594
 2825.532230    26.038870
 2826.182370    26.221006
 2826.833980    26.379217
 2827.484380    26.512388
 2828.134770    26.620449
 2828.786870    26.703278
 2829.437740    26.760229
 2830.090090    26.791359
 2830.741210    26.796434
 2831.394040    26.775434
 2832.045410    26.728508
 2832.697020    26.655741
 2833.350100    26.557106
 2834.001950    26.433283
 2834.655520    26.284046
 2835.307620    26.110537
 2835.961180    25.912476
 2836.613770    25.691145
 2837.266360    25.446896
 2837.920410    25.179794
 2838.573490    24.891565
 2839.228030    24.581921
 2839.881100    24.253098
 2840.535890    23.904400
 2841.189450    23.538311
 2841.843020    23.155188
 2842.498540    22.754831
 2843.152340    22.340523
 2843.807860    21.911179
 2844.462160    21.469799
 2845.118160    21.015516
 2845.772710    20.551649
 2846.427250    20.078327
 2847.083740    19.595238
 2847.738770    19.106024
 2848.395260    18.609627
 2849.050540    18.109198
 2849.707760    17.603415
 2850.363280    17.096176
 2851.018800    16.587235
 2851.676270    16.076113
 2852.332280    15.566473
 2852.989990    15.056832
 2853.646480    14.550408
 2854.304440    14.046037
 2854.960940    13.546835
 2855.617920    13.052129
 2856.276370    12.561993
 2856.933350    12.079341
 2857.592290    11.602366
 2858.249760    11.134192
 2858.908940    10.673163
 2859.566650    10.222052
 2860.224370    9.780319
 2860.883790    9.347310
 2861.541750    8.925512
 2862.201900    8.512957
 2862.860350    8.112401
 2863.520510    7.722035
 2864.179200    7.343951
 2864.839840    6.976381
 2865.498780    6.621498
 2866.157960    6.278301
 2866.818850    5.946132
 2867.478520    5.626494
 2868.139650    5.318068
 2868.799320    5.022170
 2869.460940    4.737190
 2870.121090    4.464499
 2870.781490    4.203219
 2871.443360    3.952740
 2872.103760    3.713981
 2872.766360    3.485424
 2873.427000    3.268272
 2874.089600    3.060997
 2874.750730    2.864412
 2875.412110    2.677705
 2876.075440    2.500155
 2876.736820    2.332511
 2877.400390    2.173419
 2878.062260    2.023514
 2878.725830    1.881707
 2879.388180    1.748313
 2880.050540    1.622746
 2880.714600    1.504392
 2881.377440    1.393460
 2882.041750    1.289189
 2882.704830    1.191690
 2883.369380    1.100263
 2884.032960    1.014945
 2884.696530    0.935300
 2885.361330    0.860905
 2886.025390    0.791700
 2886.690920    0.727187
 2887.354980    0.667382
 2888.020510    0.611759
 2888.685060    0.560278
 2889.349610    0.512609
 2890.015870    0.468415
 2890.680910    0.427668
 2891.347410    0.389991
 2892.012700    0.355332
 2892.679200    0.323370
 2893.344970    0.294016
 2894.010500    0.267063
 2894.677730    0.242276
 2895.343510    0.219613
 2896.011470    0.198802
 2896.677490    0.179833
 2897.345460    0.162461
 2898.011960    0.146650
 2898.678960    0.132234
 2899.347170    0.119090
 2900.014160    0.107164
 2900.682860    0.096308
 2901.350100    0.086484
 2902.019530    0.077555
 2902.687010    0.069498
 2903.354740    0.062213
 2904.024410    0.055616
 2904.692380    0.049683
 2905.361820    0.044326
 2906.030520    0.039511
 2906.700680    0.035173
 2907.369140    0.031290
 2908.038090    0.027804
 2908.708500    0.024675
 2909.377930    0.021879
 2910.048830    0.019376
 2910.718260    0.017145
 2911.389650    0.015150
 2912.059330    0.013378
 2912.729250    0.011801
 2913.400630    0.010396
 2914.070800    0.009151
 2914.742920    0.008043
 2915.413570    0.007065
 2916.085690    0.006197
 2916.756590    0.005431
 2917.429200    0.004754
 2918.100340    0.004158
 2918.771730    0.003633
 2919.444580    0.003170
 2920.116210    0.002764
 2920.789550    0.002406
 2921.461670    0.002093
 2922.135500    0.001819
 2922.807370    0.001579
 2923.479740    0.001369
 2924.154050    0.001185
 2924.826660    0.001026
 2925.500980    0.000887
 2926.174070    0.000766
 2926.848880    0.000660
 2927.522220    0.000568
 2928.195800    0.000489
 2928.870850    0.000421
 2929.544920    0.000361
 2930.220460    0.000310
 2930.894530    0.000266
 2931.570310    0.000227
 2932.244630    0.000195
 2932.919190    0.000166
 2933.595700    0.000142
 2934.270260    0.000121
 2934.947270    0.000103
 2935.622310    0.000088
 2936.299070    0.000074
 2936.974850    0.000063
 2937.650390    0.000053
 2938.327880    0.000045
 2939.003660    0.000038
 2939.681400    0.000032
 2940.357670    0.000028
 2941.035640    0.000023
 2941.712160    0.000019
 2942.389160    0.000016
 2943.067630    0.000013
 2943.744630    0.000011
 2944.423580    0.000010
 2945.100830    0.000008
 2945.780030    0.000007
 2946.457760    0.000006
 2947.135500    0.000005
 2947.815190    0.000004
 2948.493410    0.000003
 2949.173100    0.000003
 2949.851560    0.000002
 2950.531980    0.000002
 2951.210450    0.000002
 2951.889650    0.000001
 2952.570070    0.000001
 2953.249270    0.000001
 2953.930660    0.000001
 2954.610110    0.000001
 2955.291500    0.000001
 2955.971190    0.000000
 2956.651120    0.000000
 2957.333010    0.000000
 2958.013180    0.000000
 2958.695560    0.000000
 2959.376220    0.000000
 2960.058350    0.000000
 2960.739500    0.000000
 2961.420410    0.000000
 2962.103520    0.000000
 2962.784910    0.000000
 2963.468020    0.000000
 2964.149900    0.000000
 2964.833500    0.000000
 2965.515380    0.000000
 2966.197750    0.000000
 2966.881590    0.000000
 2967.564210    0.000000
 2968.248540    0.000000
 2968.931150    0.000000
 2969.615720    0.000000
 2970.299070    0.000000
 2970.984130    0.000000
 2971.667480    0.000000
 2972.351070    0.000000
 2973.036620    0.000000
 2973.720700    0.000000
 2974.406250    0.000000
 2975.090580    0.000000
 2975.776610    0.000000
 2976.461180    0.000000
 2977.146000    0.000000
 2977.832280    0.000000
 2978.517580    0.000000
 2979.204350    0.000000
 2979.889650    0.000000
 2980.576660    0.000000
 2981.262210    0.000000
 2981.948240    0.000000
 2982.635990    0.000000
 2983.322020    0.000000
 2984.010010    0.000000
 2984.696530    0.000000
 2985.384770    0.000000
 2986.071530    0.000000
 2986.758540    0.000000
 2987.447270    0.000000
 2988.134770    0.000000
 2988.823490    0.000000
 2989.510990    0.000000
 2990.200440    0.000000
 2990.888180    0.000000
 2991.576170    0.000000
 2992.266360    0.000000
 2992.954830    0.000000
 2993.644780    0.000000
 2994.333500    0.000000
 2995.023930    0.000000
 2995.713130    0.000000
 2996.402100    0.000000
 2997.093020    0.000000
 2997.782710    0.000000
 2998.473880    0.000000
 2999.163570    0.000000
 2999.855470    0.000000
 3000.545410    0.000000
 3001.235600    0.000000
 3001.927730    0.000000
 3002.618410    0.000000
 3003.310550    0.000000
 3004.001710    0.000000
 3004.694340    0.000000
 3005.385740    0.000000
 3006.076900    0.000000
 3006.770020    0.000000
 3007.461670    0.000000
 3008.155270    0.000000
 3008.847410    0.000000
 3009.541260    0.000000
 3010.233400    0.000000
 3010.926270    0.000000
 3011.620360    0.000000
 3012.313230    0.000000
 3013.007810    0.000000
 3013.700930    0.000000
 3014.395750    0.000000
 3015.089360    0.000000
 3015.783200    0.000000
 3016.478270    0.000000
 3017.172610    0.000000
 3017.868160    0.000000
 3018.562260    0.000000
 3019.258540    0.000000
 3019.952880    0.000000
 3020.647950    0.000000
 3021.344480    0.000000
 3022.039310    0.000000
 3022.736330    0.000000
 3023.431640    0.000000
 3024.128660    0.000000
 3024.824460    0.000000
 3025.522220    0.000000
 3026.218020    0.000000
 3026.914310    0.000000
 3027.612300    0.000000
 3028.308840    0.000000
 3029.007080    0.000000
 3029.703860    0.000000
 3030.402590    0.000000
 3031.099850    0.000000
 3031.797120    0.000000
 3032.496090    0.000000
 3033.193600    0.000000
 3033.893310    0.000000
 3034.591060    0.000000
 3035.290770    0.000000
 3035.989010    0.000000
 3036.687740    0.000000
 3037.387700    0.000000
 3038.086670    0.000000
 3038.787350    0.000000
 3039.486080    0.000000
 3040.187260    0.000000
 3040.886470    0.000000
 3041.586180    0.000000
 3042.287350    0.000000
 3042.987550    0.000000
 3043.689210    0.000000
 3044.389160    0.000000
 3045.091060    0.000000
 3045.791750    0.000000
 3046.492430    0.000000
 3047.194820    0.000000
 3047.896000    0.000000
 3048.598880    0.000000
 3049.300050    0.000000
