 2653.384280    0.000000
 2653.996340    0.000000
 2654.606690    0.000000
 2655.217290    0.000000
 2655.829830    0.000000
 2656.440670    0.000000
 2657.053220    0.000000
 2657.664550    0.000000
 2658.277340    0.000000
 2658.888920    0.000000
 2659.500730    0.000000
 2660.114010    0.000000
 2660.725830    0.000000
 2661.339360    0.000000
 2661.951660    0.000000
 2662.565430    0.000000
 2663.177980    0.000000
 2663.790530    0.000000
 2664.404790    0.000000
 2665.017820    0.000000
 2665.632320    0.000000
 2666.245610    0.000000
 2666.860350    0.000000
 2667.473880    0.000000
 2668.089110    0.000000
 2668.702880    0.000000
 2669.316890    0.000000
 2669.932370    0.000000
 2670.546630    0.000000
 2671.162350    0.000000
 2671.776860    0.000000
 2672.393070    0.000000
 2673.007810    0.000000
 2673.622560    0.000000
 2674.239260    0.000000
 2674.854490    0.000000
 2675.471190    0.000000
 2676.086670    0.000000
 2676.703860    0.000000
 2677.319580    0.000000
 2677.935550    0.000000
 2678.552980    0.000000
 2679.169190    0.000000
 2679.786870    0.000000
 2680.403560    0.000000
 2681.021480    0.000000
 2681.638430    0.000000
 2682.255370    0.000000
 2682.873780    0.000000
 2683.490970    0.000000
 2684.109860    0.000000
 2684.727290    0.000000
 2685.346440    0.000000
 2685.964110    0.000000
 2686.582030    0.000000
 2687.201660    0.000000
 2687.819820    0.000000
 2688.439450    0.000000
 2689.057860    0.000000
 2689.677980    0.000000
 2690.296880    0.000000
 2690.915770    0.000000
 2691.536380    0.000000
 2692.155270    0.000000
 2692.776370    0.000000
 2693.395750    0.000000
 2694.016850    0.000000
 2694.636720    0.000000
 2695.256590    0.000000
 2695.877930    0.000000
 2696.498050    0.000000
 2697.119870    0.000000
 2697.740480    0.000000
 2698.362550    0.000000
 2698.983400    0.000000
 2699.604250    0.000000
 2700.226810    0.000000
 2700.847900    0.000000
 2701.470700    0.000000
 2702.092040    0.000000
 2702.715330    0.000000
 2703.337160    0.000000
 2703.958980    0.000000
 2704.582520    0.000000
 2705.204830    0.000000
 2705.828370    0.000000
 2706.450930    0.000000
 2707.074950    0.000000
 2707.697750    0.000000
 2708.320800    0.000000
 2708.945310    0.000000
 2709.568360    0.000000
 2710.193360    0.000000
 2710.816650    0.000000
 2711.441890    0.000000
 2712.065670    0.000000
 2712.689450    0.000000
 2713.314940    0.000000
 2713.939210    0.000000
 2714.565190    0.000000
 2715.189450    0.000000
 2715.815670    0.000000
 2716.440430    0.000000
 2717.066890    0.000000
 2717.691890    0.000000
 2718.317140    0.000000
 2718.943850    0.000000
 2719.569340    0.000000
 2720.196530    0.000000
 2720.822270    0.000001
 2721.449710    0.000001
 2722.075680    0.000001
 2722.702150    0.000001
 2723.329830    0.000001
 2723.956300    0.000001
 2724.584470    0.000001
 2725.211430    0.000001
 2725.839600    0.000001
 2726.466800    0.000001
 2727.093990    0.000001
 2727.722900    0.000001
 2728.350340    0.000001
 2728.979490    0.000002
 2729.607420    0.000002
 2730.236820    0.000002
 2730.864750    0.000002
 2731.493160    0.000002
 2732.122800    0.000002
 2732.751460    0.000003
 2733.381590    0.000003
 2734.010500    0.000003
 2734.640870    0.000003
 2735.270020    0.000004
 2735.899410    0.000004
 2736.530270    0.000004
 2737.159670    0.000005
 2737.790770    0.000005
 2738.420650    0.000005
 2739.052250    0.000006
 2739.682370    0.000006
 2740.312500    0.000007
 2740.944340    0.000008
 2741.575200    0.000008
 2742.207280    0.000009
 2742.838130    0.000010
 2743.470460    0.000010
 2744.101560    0.000010
 2744.732910    0.000011
 2745.365970    0.000012
 2745.997310    0.000013
 2746.630860    0.000014
 2747.262700    0.000016
 2747.896000    0.000017
 2748.528080    0.000019
 2749.160640    0.000020
 2749.794430    0.000022
 2750.427000    0.000024
 2751.061280    0.000026
 2751.694090    0.000028
 2752.328610    0.000030
 2752.961910    0.000032
 2753.595210    0.000034
 2754.230220    0.000037
 2754.863770    0.000040
 2755.499020    0.000044
 2756.132810    0.000047
 2756.768550    0.000051
 2757.402590    0.000054
 2758.036870    0.000059
 2758.673100    0.000064
 2759.307620    0.000069
 2759.943850    0.000073
 2760.578860    0.000079
 2761.215330    0.000085
 2761.850590    0.000092
 2762.487550    0.000099
 2763.123050    0.000106
 2763.758790    0.000114
 2764.396000    0.000123
 2765.031980    0.000133
 2765.669430    0.000142
 2766.305910    0.000153
 2766.943600    0.000164
 2767.580320    0.000176
 2768.216800    0.000189
 2768.855220    0.000203
 2769.492190    0.000217
 2770.130860    0.000234
 2770.768070    0.000251
 2771.407230    0.000269
 2772.044680    0.000288
 2772.682130    0.000309
 2773.321780    0.000331
 2773.959720    0.000355
 2774.599370    0.000380
 2775.237550    0.000407
 2775.877690    0.000436
 2776.516360    0.000466
 2777.155030    0.000499
 2777.795170    0.000534
 2778.434330    0.000571
 2779.074950    0.000611
 2779.714360    0.000653
 2780.355470    0.000698
 2780.995120    0.000746
 2781.634770    0.000797
 2782.276120    0.000852
 2782.916260    0.000910
 2783.558110    0.000971
 2784.198490    0.001037
 2784.840330    0.001106
 2785.480960    0.001181
 2786.121830    0.001259
 2786.764400    0.001343
 2787.405270    0.001431
 2788.048100    0.001527
 2788.689450    0.001627
 2789.332520    0.001734
 2789.974370    0.001846
 2790.615970    0.001966
 2791.259770    0.002093
 2791.901610    0.002229
 2792.545410    0.002372
 2793.187990    0.002523
 2793.832030    0.002685
 2794.474850    0.002855
 2795.117680    0.003036
 2795.762210    0.003227
 2796.405520    0.003429
 2797.050290    0.003644
 2797.693600    0.003870
 2798.338870    0.004110
 2798.982420    0.004364
 2799.626460    0.004633
 2800.272220    0.004917
 2800.916260    0.005217
 2801.562260    0.005534
 2802.206790    0.005869
 2802.852780    0.006224
 2803.497560    0.006597
 2804.142580    0.006990
 2804.789310    0.007408
 2805.434330    0.007847
 2806.081300    0.008311
 2806.726810    0.008800
 2807.374020    0.009315
 2808.020020    0.009858
 2808.666020    0.010430
 2809.313480    0.011035
 2809.959960    0.011670
 2810.607910    0.012341
 2811.254390    0.013044
 2811.902830    0.013787
 2812.549560    0.014567
 2813.198240    0.015390
 2813.845210    0.016253
 2814.492680    0.017161
 2815.141600    0.018118
 2815.789310    0.019121
 2816.438720    0.020179
 2817.086430    0.021285
 2817.736080    0.022451
 2818.384520    0.023674
 2819.032710    0.024956
 2819.682620    0.026304
 2820.331300    0.027717
 2820.981930    0.029202
 2821.630620    0.030755
 2822.281490    0.032389
 2822.930660    0.034096
 2823.580080    0.035886
 2824.231200    0.037766
 2824.880860    0.039730
 2825.532230    0.041792
 2826.182370    0.043946
 2826.833980    0.046206
 2827.484380    0.048565
 2828.134770    0.051033
 2828.786870    0.053620
 2829.437740    0.056321
 2830.090090    0.059150
 2830.741210    0.062100
 2831.394040    0.065191
 2832.045410    0.068412
 2832.697020    0.071776
 2833.350100    0.075296
 2834.001950    0.078964
 2834.655520    0.082801
 2835.307620    0.086794
 2835.961180    0.090969
 2836.613770    0.095315
 2837.266360    0.099845
 2837.920410    0.104577
 2838.573490    0.109501
 2839.228030    0.114641
 2839.881100    0.119982
 2840.535890    0.125558
 2841.189450    0.131351
 2841.843020    0.137380
 2842.498540    0.143670
 2843.152340    0.150197
 2843.807860    0.157002
 2844.462160    0.164064
 2845.118160    0.171424
 2845.772710    0.179054
 2846.427250    0.186982
 2847.083740    0.195241
 2847.738770    0.203797
 2848.395260    0.212700
 2849.050540    0.221924
 2849.707760    0.231524
 2850.363280    0.241456
 2851.018800    0.251758
 2851.676270    0.262470
 2852.332280    0.273552
 2852.989990    0.285067
 2853.646480    0.296975
 2854.304440    0.309340
 2854.960940    0.322116
 2855.617920    0.335353
 2856.276370    0.349087
 2856.933350    0.363268
 2857.592290    0.377984
 2858.249760    0.393172
 2858.908940    0.408920
 2859.566650    0.425165
 2860.224370    0.441957
 2860.883790    0.459352
 2861.541750    0.477285
 2862.201900    0.495870
 2862.860350    0.515010
 2863.520510    0.534822
 2864.179200    0.555224
 2864.839840    0.576340
 2865.498780    0.598065
 2866.157960    0.620480
 2866.818850    0.643651
 2867.478520    0.667494
 2868.139650    0.692120
 2868.799320    0.717437
 2869.460940    0.743591
 2870.121090    0.770468
 2870.781490    0.798147
 2871.443360    0.826701
 2872.103760    0.856020
 2872.766360    0.886284
 2873.427000    0.917318
 2874.089600    0.949326
 2874.750730    0.982157
 2875.412110    1.015910
 2876.075440    1.050694
 2876.736820    1.086322
 2877.400390    1.123032
 2878.062260    1.160625
 2878.725830    1.199312
 2879.388180    1.238940
 2880.050540    1.279594
 2880.714600    1.321400
 2881.377440    1.364188
 2882.041750    1.408149
 2882.704830    1.453121
 2883.369380    1.499301
 2884.032960    1.546535
 2884.696530    1.594905
 2885.361330    1.644518
 2886.025390    1.695242
 2886.690920    1.747260
 2887.354980    1.800357
 2888.020510    1.854780
 2888.685060    1.910343
 2889.349610    1.967135
 2890.015870    2.025322
 2890.680910    2.084657
 2891.347410    2.145391
 2892.012700    2.207292
 2892.679200    2.270595
 2893.344970    2.335124
 2894.010500    2.400933
 2894.677730    2.468225
 2895.343510    2.536690
 2896.011470    2.606710
 2896.677490    2.677858
 2897.345460    2.750556
 2898.011960    2.824435
 2898.678960    2.899714
 2899.347170    2.976481
 2900.014160    3.054459
 2900.682860    3.133990
 2901.350100    3.214699
 2902.019530    3.297027
 2902.687010    3.380464
 2903.354740    3.465276
 2904.024410    3.551680
 2904.692380    3.639201
 2905.361820    3.728247
 2906.030520    3.818519
 2906.700680    3.910308
 2907.369140    4.003168
 2908.038090    4.097390
 2908.708500    4.193104
 2909.377930    4.289950
 2910.048830    4.388268
 2910.718260    4.487612
 2911.389650    4.588472
 2912.059330    4.690282
 2912.729250    4.793314
 2913.400630    4.897738
 2914.070800    5.003117
 2914.742920    5.109925
 2915.413570    5.217595
 2916.085690    5.326572
 2916.756590    5.436392
 2917.429200    5.547507
 2918.100340    5.659361
 2918.771730    5.772205
 2919.444580    5.886214
 2920.116210    6.000897
 2920.789550    6.116720
 2921.461670    6.233141
 2922.135500    6.350630
 2922.807370    6.468506
 2923.479740    6.587154
 2924.154050    6.706792
 2924.826660    6.826725
 2925.500980    6.947518
 2926.174070    7.068597
 2926.848880    7.190443
 2927.522220    7.312431
 2928.195800    7.434819
 2928.870850    7.557776
 2929.544920    7.680805
 2930.220460    7.804296
 2930.894530    7.927657
 2931.570310    8.051412
 2932.244630    8.174918
 2932.919190    8.298433
 2933.595700    8.422206
 2934.270260    8.545461
 2934.947270    8.668939
 2935.622310    8.791772
 2936.299070    8.914564
 2936.974850    9.036761
 2937.650390    9.158432
 2938.327880    9.279902
 2939.003660    9.400448
 2939.681400    9.520654
 2940.357670    9.639845
 2941.035640    9.758508
 2941.712160    9.876021
 2942.389160    9.992656
 2943.067630    10.108502
 2943.744630    10.222992
 2944.423580    10.336632
 2945.100830    10.448736
 2945.780030    10.559840
 2946.457760    10.669311
 2947.135500    10.777322
 2947.815190    10.884106
 2948.493410    10.989056
 2949.173100    11.092552
 2949.851560    11.194118
 2950.531980    11.294155
 2951.210450    11.392022
 2951.889650    11.488045
 2952.570070    11.582213
 2953.249270    11.674127
 2953.930660    11.764177
 2954.610110    11.851749
 2955.291500    11.937284
 2955.971190    12.020261
 2956.651120    12.100861
 2957.333010    12.179216
 2958.013180    12.254848
 2958.695560    12.328131
 2959.376220    12.398584
 2960.058350    12.466488
 2960.739500    12.531541
 2961.420410    12.593771
 2962.103520    12.653340
 2962.784910    12.709860
 2963.468020    12.763565
 2964.149900    12.814181
 2964.833500    12.861882
 2965.515380    12.906389
 2966.197750    12.947815
 2966.881590    12.986177
 2967.564210    13.021285
 2968.248540    13.053258
 2968.931150    13.081909
 2969.615720    13.107365
 2970.299070    13.129480
 2970.984130    13.148321
 2971.667480    13.163782
 2972.351070    13.175900
 2973.036620    13.184673
 2973.720700    13.190048
 2974.406250    13.192039
 2975.090580    13.190631
 2975.776610    13.185812
 2976.461180    13.177603
 2977.146000    13.165996
 2977.832280    13.150962
 2978.517580    13.132560
 2979.204350    13.110734
 2979.889650    13.085587
 2980.576660    13.057018
 2981.262210    13.025179
 2981.948240    12.990005
 2982.635990    12.951443
 2983.322020    12.909712
 2984.010010    12.864615
 2984.696530    12.816406
 2985.384770    12.764894
 2986.071530    12.710354
 2986.758540    12.652695
 2987.447270    12.591824
 2988.134770    12.528040
 2988.823490    12.461162
 2989.510990    12.391478
 2990.200440    12.318708
 2990.888180    12.243295
 2991.576170    12.165086
 2992.266360    12.083900
 2992.954830    12.000256
 2993.644780    11.913825
 2994.333500    11.825008
 2995.023930    11.733488
 2995.713130    11.639715
 2996.402100    11.543634
 2997.093020    11.444996
 2997.782710    11.344320
 2998.473880    11.241286
 2999.163570    11.136402
 2999.855470    11.029182
 3000.545410    10.920343
 3001.235600    10.809622
 3001.927730    10.696811
 3002.618410    10.582542
 3003.310550    10.466411
 3004.001710    10.348903
 3004.694340    10.229680
 3005.385740    10.109283
 3006.076900    9.987629
 3006.770020    9.864404
 3007.461670    9.740294
 3008.155270    9.614766
 3008.847410    9.488520
 3009.541260    9.361053
 3010.233400    9.233075
 3010.926270    9.104217
 3011.620360    8.974463
 3012.313230    8.844348
 3013.007810    8.713401
 3013.700930    8.582297
 3014.395750    8.450514
 3015.089360    8.318683
 3015.783200    8.186602
 3016.478270    8.054157
 3017.172610    7.921797
 3017.868160    7.789221
 3018.562260    7.657012
 3019.258540    7.524544
 3019.952880    7.392674
 3020.647950    7.260962
 3021.344480    7.129336
 3022.039310    6.998460
 3022.736330    6.867663
 3023.431640    6.737742
 3024.128660    6.608118
 3024.824460    6.479394
 3025.522220    6.351045
 3026.218020    6.223844
 3026.914310    6.097394
 3027.612300    5.971533
 3028.308840    5.846883
 3029.007080    5.722927
 3029.703860    5.600275
 3030.402590    5.478372
 3031.099850    5.357859
 3031.797120    5.238521
 3032.496090    5.120110
 3033.193600    5.003202
 3033.893310    4.887222
 3034.591060    4.772894
 3035.290770    4.659608
 3035.989010    4.547952
 3036.687740    4.437638
 3037.387700    4.328582
 3038.086670    4.221154
 3038.787350    4.114967
 3039.486080    4.010595
 3040.187260    3.907404
 3040.886470    3.806060
 3041.586180    3.706222
 3042.287350    3.607769
 3042.987550    3.511061
 3043.689210    3.415772
 3044.389160    3.322343
 3045.091060    3.230293
 3045.791750    3.140047
 3046.492430    3.051449
 3047.194820    2.964292
 3047.896000    2.878943
 3048.598880    2.795048
 3049.300050    2.713013
