 2653.384280    0.000000
 2653.996340    0.000000
 2654.606690    0.000000
 2655.217290    0.000000
 2655.829830    0.000000
 2656.440670    0.000000
 2657.053220    0.000000
 2657.664550    0.000000
 2658.277340    0.000000
 2658.888920    0.000000
 2659.500730    0.000000
 2660.114010    0.000000
 2660.725830    0.000000
 2661.339360    0.000000
 2661.951660    0.000000
 2662.565430    0.000000
 2663.177980    0.000000
 2663.790530    0.000000
 2664.404790    0.000000
 2665.017820    0.000000
 2665.632320    0.000000
 2666.245610    0.000000
 2666.860350    0.000000
 2667.473880    0.000000
 2668.089110    0.000000
 2668.702880    0.000000
 2669.316890    0.000000
 2669.932370    0.000000
 2670.546630    0.000000
 2671.162350    0.000000
 2671.776860    0.000000
 2672.393070    0.000000
 2673.007810    0.000000
 2673.622560    0.000000
 2674.239260    0.000000
 2674.854490    0.000000
 2675.471190    0.000000
 2676.086670    0.000000
 2676.703860    0.000000
 2677.319580    0.000000
 2677.935550    0.000000
 2678.552980    0.000000
 2679.169190    0.000000
 2679.786870    0.000000
 2680.403560    0.000000
 2681.021480    0.000000
 2681.638430    0.000000
 2682.255370    0.000000
 2682.873780    0.000000
 2683.490970    0.000000
 2684.109860    0.000000
 2684.727290    0.000000
 2685.346440    0.000000
 2685.964110    0.000000
 2686.582030    0.000000
 2687.201660    0.000000
 2687.819820    0.000000
 2688.439450    0.000000
 2689.057860    0.000000
 2689.677980    0.000000
 2690.296880    0.000000
 2690.915770    0.000001
 2691.536380    0.000001
 2692.155270    0.000001
 2692.776370    0.000001
 2693.395750    0.000001
 2694.016850    0.000001
 2694.636720    0.000001
 2695.256590    0.000001
 2695.877930    0.000001
 2696.498050    0.000001
 2697.119870    0.000001
 2697.740480    0.000001
 2698.362550    0.000002
 2698.983400    0.000002
 2699.604250    0.000002
 2700.226810    0.000002
 2700.847900    0.000002
 2701.470700    0.000002
 2702.092040    0.000003
 2702.715330    0.000003
 2703.337160    0.000003
 2703.958980    0.000004
 2704.582520    0.000004
 2705.204830    0.000004
 2705.828370    0.000005
 2706.450930    0.000005
 2707.074950    0.000005
 2707.697750    0.000006
 2708.320800    0.000006
 2708.945310    0.000007
 2709.568360    0.000008
 2710.193360    0.000008
 2710.816650    0.000009
 2711.441890    0.000010
 2712.065670    0.000010
 2712.689450    0.000011
 2713.314940    0.000012
 2713.939210    0.000013
 2714.565190    0.000014
 2715.189450    0.000015
 2715.815670    0.000017
 2716.440430    0.000018
 2717.066890    0.000020
 2717.691890    0.000021
 2718.317140    0.000023
 2718.943850    0.000025
 2719.569340    0.000028
 2720.196530    0.000030
 2720.822270    0.000032
 2721.449710    0.000035
 2722.075680    0.000038
 2722.702150    0.000041
 2723.329830    0.000044
 2723.956300    0.000048
 2724.584470    0.000051
 2725.211430    0.000056
 2725.839600    0.000061
 2726.466800    0.000066
 2727.093990    0.000072
 2727.722900    0.000077
 2728.350340    0.000083
 2728.979490    0.000090
 2729.607420    0.000097
 2730.236820    0.000105
 2730.864750    0.000113
 2731.493160    0.000122
 2732.122800    0.000133
 2732.751460    0.000143
 2733.381590    0.000155
 2734.010500    0.000166
 2734.640870    0.000179
 2735.270020    0.000194
 2735.899410    0.000208
 2736.530270    0.000224
 2737.159670    0.000242
 2737.790770    0.000260
 2738.420650    0.000280
 2739.052250    0.000302
 2739.682370    0.000325
 2740.312500    0.000350
 2740.944340    0.000377
 2741.575200    0.000405
 2742.207280    0.000436
 2742.838130    0.000469
 2743.470460    0.000504
 2744.101560    0.000542
 2744.732910    0.000582
 2745.365970    0.000626
 2745.997310    0.000671
 2746.630860    0.000721
 2747.262700    0.000773
 2747.896000    0.000831
 2748.528080    0.000891
 2749.160640    0.000956
 2749.794430    0.001025
 2750.427000    0.001099
 2751.061280    0.001178
 2751.694090    0.001263
 2752.328610    0.001352
 2752.961910    0.001449
 2753.595210    0.001551
 2754.230220    0.001660
 2754.863770    0.001778
 2755.499020    0.001902
 2756.132810    0.002034
 2756.768550    0.002176
 2757.402590    0.002327
 2758.036870    0.002487
 2758.673100    0.002659
 2759.307620    0.002841
 2759.943850    0.003035
 2760.578860    0.003241
 2761.215330    0.003461
 2761.850590    0.003694
 2762.487550    0.003942
 2763.123050    0.004207
 2763.758790    0.004487
 2764.396000    0.004785
 2765.031980    0.005101
 2765.669430    0.005438
 2766.305910    0.005795
 2766.943600    0.006174
 2767.580320    0.006576
 2768.216800    0.007002
 2768.855220    0.007455
 2769.492190    0.007934
 2770.130860    0.008443
 2770.768070    0.008982
 2771.407230    0.009553
 2772.044680    0.010158
 2772.682130    0.010797
 2773.321780    0.011476
 2773.959720    0.012193
 2774.599370    0.012953
 2775.237550    0.013755
 2775.877690    0.014606
 2776.516360    0.015503
 2777.155030    0.016450
 2777.795170    0.017454
 2778.434330    0.018513
 2779.074950    0.019632
 2779.714360    0.020813
 2780.355470    0.022061
 2780.995120    0.023376
 2781.634770    0.024763
 2782.276120    0.026229
 2782.916260    0.027771
 2783.558110    0.029401
 2784.198490    0.031115
 2784.840330    0.032924
 2785.480960    0.034825
 2786.121830    0.036827
 2786.764400    0.038940
 2787.405270    0.041159
 2788.048100    0.043498
 2788.689450    0.045954
 2789.332520    0.048542
 2789.974370    0.051257
 2790.615970    0.054110
 2791.259770    0.057116
 2791.901610    0.060264
 2792.545410    0.063579
 2793.187990    0.067052
 2793.832030    0.070705
 2794.474850    0.074531
 2795.117680    0.078542
 2795.762210    0.082760
 2796.405520    0.087173
 2797.050290    0.091807
 2797.693600    0.096652
 2798.338870    0.101742
 2798.982420    0.107058
 2799.626460    0.112625
 2800.272220    0.118468
 2800.916260    0.124564
 2801.562260    0.130960
 2802.206790    0.137633
 2802.852780    0.144626
 2803.497560    0.151918
 2804.142580    0.159540
 2804.789310    0.167523
 2805.434330    0.175837
 2806.081300    0.184542
 2806.726810    0.193605
 2807.374020    0.203088
 2808.020020    0.212960
 2808.666020    0.223253
 2809.313480    0.234009
 2809.959960    0.245201
 2810.607910    0.256888
 2811.254390    0.269034
 2811.902830    0.281721
 2812.549560    0.294892
 2813.198240    0.308642
 2813.845210    0.322910
 2814.492680    0.337762
 2815.141600    0.353240
 2815.789310    0.369301
 2816.438720    0.386036
 2817.086430    0.403378
 2817.736080    0.421444
 2818.384520    0.440169
 2819.032710    0.459599
 2819.682620    0.479816
 2820.331300    0.500753
 2820.981930    0.522533
 2821.630620    0.545051
 2822.281490    0.568471
 2822.930660    0.592678
 2823.580080    0.617765
 2824.231200    0.643818
 2824.880860    0.670733
 2825.532230    0.698667
 2826.182370    0.727519
 2826.833980    0.757435
 2827.484380    0.788317
 2828.134770    0.820246
 2828.786870    0.853335
 2829.437740    0.887465
 2830.090090    0.922800
 2830.741210    0.959225
 2831.394040    0.996929
 2832.045410    1.035759
 2832.697020    1.075837
 2833.350100    1.117272
 2834.001950    1.159923
 2834.655520    1.204007
 2835.307620    1.249339
 2835.961180    1.296151
 2836.613770    1.344295
 2837.266360    1.393869
 2837.920410    1.445016
 2838.573490    1.497572
 2839.228030    1.551763
 2839.881100    1.607373
 2840.535890    1.664700
 2841.189450    1.723515
 2841.843020    1.783950
 2842.498540    1.846218
 2843.152340    1.909998
 2843.807860    1.975647
 2844.462160    2.042901
 2845.118160    2.112084
 2845.772710    2.182889
 2846.427250    2.255488
 2847.083740    2.330133
 2847.738770    2.406456
 2848.395260    2.484820
 2849.050540    2.564927
 2849.707760    2.647188
 2850.363280    2.731165
 2851.018800    2.817088
 2851.676270    2.905238
 2852.332280    2.995177
 2852.989990    3.087356
 2853.646480    3.181382
 2854.304440    3.277655
 2854.960940    3.375757
 2855.617920    3.475988
 2856.276370    3.578517
 2856.933350    3.682897
 2857.592290    3.789680
 2858.249760    3.898322
 2858.908940    4.009354
 2859.566650    4.122247
 2860.224370    4.237245
 2860.883790    4.354660
 2861.541750    4.473925
 2862.201900    4.595707
 2862.860350    4.719284
 2863.520510    4.845292
 2864.179200    4.973117
 2864.839840    5.103423
 2865.498780    5.235472
 2866.157960    5.369640
 2866.818850    5.506219
 2867.478520    5.644593
 2868.139650    5.785305
 2868.799320    5.927716
 2869.460940    6.072545
 2870.121090    6.219021
 2870.781490    6.367495
 2871.443360    6.518219
 2872.103760    6.670502
 2872.766360    6.825156
 2873.427000    6.981184
 2874.089600    7.139472
 2874.750730    7.299169
 2875.412110    7.460645
 2876.075440    7.624285
 2876.736820    7.789082
 2877.400390    7.956026
 2878.062260    8.124089
 2878.725830    8.294092
 2879.388180    8.465231
 2880.050540    8.637770
 2880.714600    8.812101
 2881.377440    8.987399
 2882.041750    9.164319
 2882.704830    9.342080
 2883.369380    9.521348
 2884.032960    9.701397
 2884.696530    9.882421
 2885.361330    10.064692
 2886.025390    10.247601
 2886.690920    10.431684
 2887.354980    10.616056
 2888.020510    10.801459
 2888.685060    10.987135
 2889.349610    11.173273
 2890.015870    11.360278
 2890.680910    11.547247
 2891.347410    11.734846
 2892.012700    11.922240
 2892.679200    12.110030
 2893.344970    12.297576
 2894.010500    12.484931
 2894.677730    12.672554
 2895.343510    12.859461
 2896.011470    13.046588
 2896.677490    13.232678
 2897.345460    13.418733
 2898.011960    13.603703
 2898.678960    13.788037
 2899.347170    13.971841
 2900.014160    14.154344
 2900.682860    14.336253
 2901.350100    14.516606
 2902.019530    14.696292
 2902.687010    14.874103
 2903.354740    15.050528
 2904.024410    15.225916
 2904.692380    15.399207
 2905.361820    15.571131
 2906.030520    15.741023
 2906.700680    15.909338
 2907.369140    16.075188
 2908.038090    16.239025
 2908.708500    16.400984
 2909.377930    16.560379
 2910.048830    16.717693
 2910.718260    16.872147
 2911.389650    17.024433
 2912.059330    17.173634
 2912.729250    17.320095
 2913.400630    17.463993
 2914.070800    17.604654
 2914.742920    17.742664
 2915.413570    17.877226
 2916.085690    18.008844
 2916.756590    18.136913
 2917.429200    18.261909
 2918.100340    18.383162
 2918.771730    18.500912
 2919.444580    18.615292
 2920.116210    18.725765
 2920.789550    18.832743
 2921.461670    18.935690
 2922.135500    19.034987
 2922.807370    19.130032
 2923.479740    19.221115
 2924.154050    19.308371
 2924.826660    19.391260
 2925.500980    19.470150
 2926.174070    19.544647
 2926.848880    19.615019
 2927.522220    19.680893
 2928.195800    19.742409
 2928.870850    19.799612
 2929.544920    19.852268
 2930.220460    19.900522
 2930.894530    19.944139
 2931.570310    19.983295
 2932.244630    20.017775
 2932.919190    20.047665
 2933.595700    20.072994
 2934.270260    20.093609
 2934.947270    20.109621
 2935.622310    20.120922
 2936.299070    20.127558
 2936.974850    20.129501
 2937.650390    20.126770
 2938.327880    20.119341
 2939.003660    20.107254
 2939.681400    20.090458
 2940.357670    20.069046
 2941.035640    20.042931
 2941.712160    20.012251
 2942.389160    19.976954
 2943.067630    19.936995
 2943.744630    19.892574
 2944.423580    19.843498
 2945.100830    19.790066
 2945.780030    19.732016
 2946.457760    19.669689
 2947.135500    19.602997
 2947.815190    19.531784
 2948.493410    19.456451
 2949.173100    19.376722
 2949.851560    19.292971
 2950.531980    19.204853
 2951.210450    19.112936
 2951.889650    19.016928
 2952.570070    18.916805
 2953.249270    18.813005
 2953.930660    18.705057
 2954.610110    18.593691
 2955.291500    18.478342
 2955.971190    18.359699
 2956.651120    18.237522
 2957.333010    18.111557
 2958.013180    17.982563
 2958.695560    17.849880
 2959.376220    17.714352
 2960.058350    17.575432
 2960.739500    17.433702
 2961.420410    17.289110
 2962.103520    17.141216
 2962.784910    16.990953
 2963.468020    16.837660
 2964.149900    16.682089
 2964.833500    16.523664
 2965.515380    16.363272
 2966.197750    16.200500
 2966.881590    16.035204
 2967.564210    15.868127
 2968.248540    15.698652
 2968.931150    15.527722
 2969.615720    15.354524
 2970.299070    15.179952
 2970.984130    15.003357
 2971.667480    14.825724
 2972.351070    14.646644
 2973.036620    14.465764
 2973.720700    14.284089
 2974.406250    14.100932
 2975.090580    13.917116
 2975.776610    13.731946
 2976.461180    13.546382
 2977.146000    13.360054
 2977.832280    13.172726
 2978.517580    12.985160
 2979.204350    12.796780
 2979.889650    12.608486
 2980.576660    12.419496
 2981.262210    12.230778
 2981.948240    12.041882
 2982.635990    11.852562
 2983.322020    11.663848
 2984.010010    11.474815
 2984.696530    11.286494
 2985.384770    11.098096
 2986.071530    10.910568
 2986.758540    10.723528
 2987.447270    10.536657
 2988.134770    10.350827
 2988.823490    10.165456
 2989.510990    9.981272
 2990.200440    9.797501
 2990.888180    9.615185
 2991.576170    9.433876
 2992.266360    9.253131
 2992.954830    9.074037
 2993.644780    8.895829
 2994.333500    8.719265
 2995.023930    8.543653
 2995.713130    8.369795
 2996.402100    8.197495
 2997.093020    8.026258
 2997.782710    7.856929
 2998.473880    7.688894
 2999.163570    7.522913
 2999.855470    7.358150
 3000.545410    7.195636
 3001.235600    7.034888
 3001.927730    6.875552
 3002.618410    6.718453
 3003.310550    6.562960
 3004.001710    6.409653
 3004.694340    6.258021
 3005.385740    6.108681
 3006.076900    5.961442
 3006.770020    5.815866
 3007.461670    5.672691
 3008.155270    5.531236
 3008.847410    5.392213
 3009.541260    5.255004
 3010.233400    5.120297
 3010.926270    4.987624
 3011.620360    4.856909
 3012.313230    4.728622
 3013.007810    4.602228
 3013.700930    4.478308
 3014.395750    4.356301
 3015.089360    4.236723
 3015.783200    4.119317
 3016.478270    4.003922
 3017.172610    3.890862
 3017.868160    3.779813
 3018.562260    3.671198
 3019.258540    3.564440
 3019.952880    3.460165
 3020.647950    3.357953
 3021.344480    3.257695
 3022.039310    3.159833
 3022.736330    3.063806
 3023.431640    2.970135
 3024.128660    2.878345
 3024.824460    2.788807
 3025.522220    2.701095
 3026.218020    2.615680
 3026.914310    2.532235
 3027.612300    2.450603
 3028.308840    2.371131
 3029.007080    2.293436
 3029.703860    2.217849
 3030.402590    2.143974
 3031.099850    2.072151
 3031.797120    2.002195
 3032.496090    1.933917
 3033.193600    1.867599
 3033.893310    1.802868
 3034.591060    1.740082
 3035.290770    1.678859
 3035.989010    1.619473
 3036.687740    1.561724
 3037.387700    1.505527
 3038.086670    1.451033
 3038.787350    1.398002
 3039.486080    1.346682
 3040.187260    1.296719
 3040.886470    1.248400
 3041.586180    1.201520
 3042.287350    1.155990
 3042.987550    1.111938
 3043.689210    1.069183
 3044.389160    1.027887
 3045.091060    0.987803
 3045.791750    0.949087
 3046.492430    0.911635
 3047.194820    0.875332
 3047.896000    0.840301
 3048.598880    0.806365
 3049.300050    0.773664
