 2653.384280    0.001230
 2653.996340    0.001430
 2654.606690    0.001657
 2655.217290    0.001917
 2655.829830    0.002215
 2656.440670    0.002556
 2657.053220    0.002944
 2657.664550    0.003385
 2658.277340    0.003885
 2658.888920    0.004453
 2659.500730    0.005094
 2660.114010    0.005819
 2660.725830    0.006636
 2661.339360    0.007557
 2661.951660    0.008590
 2662.565430    0.009750
 2663.177980    0.011046
 2663.790530    0.012495
 2664.404790    0.014115
 2665.017820    0.015916
 2665.632320    0.017921
 2666.245610    0.020144
 2666.860350    0.022612
 2667.473880    0.025336
 2668.089110    0.028353
 2668.702880    0.031670
 2669.316890    0.035321
 2669.932370    0.039343
 2670.546630    0.043746
 2671.162350    0.048579
 2671.776860    0.053854
 2672.393070    0.059628
 2673.007810    0.065907
 2673.622560    0.072740
 2674.239260    0.080188
 2674.854490    0.088250
 2675.471190    0.097007
 2676.086670    0.106461
 2676.703860    0.116702
 2677.319580    0.127725
 2677.935550    0.139604
 2678.552980    0.152414
 2679.169190    0.166152
 2679.786870    0.180929
 2680.403560    0.196743
 2681.021480    0.213705
 2681.638430    0.231813
 2682.255370    0.251153
 2682.873780    0.271835
 2683.490970    0.293836
 2684.109860    0.317326
 2684.727290    0.342252
 2685.346440    0.368815
 2685.964110    0.396955
 2686.582030    0.426817
 2687.201660    0.458561
 2687.819820    0.492107
 2688.439450    0.527700
 2689.057860    0.565277
 2689.677980    0.605109
 2690.296880    0.647108
 2690.915770    0.691451
 2691.536380    0.738375
 2692.155270    0.787729
 2692.776370    0.839943
 2693.395750    0.894807
 2694.016850    0.952745
 2694.636720    1.013615
 2695.256590    1.077653
 2695.877930    1.145156
 2696.498050    1.215970
 2697.119870    1.290570
 2697.740480    1.368750
 2698.362550    1.450990
 2698.983400    1.537079
 2699.604250    1.627316
 2700.226810    1.722101
 2700.847900    1.821094
 2701.470700    1.924931
 2702.092040    2.033211
 2702.715330    2.146653
 2703.337160    2.264749
 2703.958980    2.387856
 2704.582520    2.516416
 2705.204830    2.649900
 2705.828370    2.788883
 2706.450930    2.932911
 2707.074950    3.082564
 2707.697750    3.237190
 2708.320800    3.397098
 2708.945310    3.562556
 2709.568360    3.732693
 2710.193360    3.908318
 2710.816650    4.088243
 2711.441890    4.273329
 2712.065670    4.462339
 2712.689450    4.655429
 2713.314940    4.852834
 2713.939210    5.053287
 2714.565190    5.257344
 2715.189450    5.463464
 2715.815670    5.672391
 2716.440430    5.882485
 2717.066890    6.094273
 2717.691890    6.306108
 2718.317140    6.517960
 2718.943850    6.729604
 2719.569340    6.939466
 2720.196530    7.147836
 2720.822270    7.352946
 2721.449710    7.555104
 2722.075680    7.752544
 2722.702150    7.945143
 2723.329830    8.132348
 2723.956300    8.312680
 2724.584470    8.486224
 2725.211430    8.651429
 2725.839600    8.808217
 2726.466800    8.955339
 2727.093990    9.092376
 2727.722900    9.219025
 2728.350340    9.334038
 2728.979490    9.437437
 2729.607420    9.528214
 2730.236820    9.606288
 2730.864750    9.670895
 2731.493160    9.721923
 2732.122800    9.759089
 2732.751460    9.782034
 2733.381590    9.790681
 2734.010500    9.784894
 2734.640870    9.764626
 2735.270020    9.730003
 2735.899410    9.681102
 2736.530270    9.617953
 2737.159670    9.541108
 2737.790770    9.450488
 2738.420650    9.346884
 2739.052250    9.230238
 2739.682370    9.101627
 2740.312500    8.961348
 2740.944340    8.809566
 2741.575200    8.647552
 2742.207280    8.475421
 2742.838130    8.294551
 2743.470460    8.104912
 2744.101560    7.908070
 2744.732910    7.704373
 2745.365970    7.494116
 2745.997310    7.279238
 2746.630860    7.059213
 2747.262700    6.836196
 2747.896000    6.609865
 2748.528080    6.381961
 2749.160640    6.152634
 2749.794430    5.922356
 2750.427000    5.692731
 2751.061280    5.463385
 2751.694090    5.236120
 2752.328610    5.010418
 2752.961910    4.787906
 2753.595210    4.568686
 2754.230220    4.352684
 2754.863770    4.141440
 2755.499020    3.934314
 2756.132810    3.732717
 2756.768550    3.535895
 2757.402590    3.345273
 2758.036870    3.160485
 2758.673100    2.981267
 2759.307620    2.808815
 2759.943850    2.642325
 2760.578860    2.482655
 2761.215330    2.329185
 2761.850590    2.182584
 2762.487550    2.042169
 2763.123050    1.908602
 2763.758790    1.781436
 2764.396000    1.660359
 2765.031980    1.545773
 2765.669430    1.437059
 2766.305910    1.334494
 2766.943600    1.237557
 2767.580320    1.146410
 2768.216800    1.060742
 2768.855220    0.980081
 2769.492190    0.904661
 2770.130860    0.833900
 2770.768070    0.767941
 2771.407230    0.706221
 2772.044680    0.648882
 2772.682130    0.595543
 2773.321780    0.545827
 2773.959720    0.499838
 2774.599370    0.457126
 2775.237550    0.417706
 2775.877690    0.381178
 2776.516360    0.347555
 2777.155030    0.316571
 2777.795170    0.287992
 2778.434330    0.261764
 2779.074950    0.237630
 2779.714360    0.215544
 2780.355470    0.195263
 2780.995120    0.176752
 2781.634770    0.159837
 2782.276120    0.144357
 2782.916260    0.130271
 2783.558110    0.117410
 2784.198490    0.105737
 2784.840330    0.095106
 2785.480960    0.085474
 2786.121830    0.076737
 2786.764400    0.068803
 2787.405270    0.061643
 2788.048100    0.055152
 2788.689450    0.049306
 2789.332520    0.044019
 2789.974370    0.039266
 2790.615970    0.034989
 2791.259770    0.031133
 2791.901610    0.027679
 2792.545410    0.024573
 2793.187990    0.021796
 2793.832030    0.019305
 2794.474850    0.017082
 2795.117680    0.015099
 2795.762210    0.013324
 2796.405520    0.011747
 2797.050290    0.010341
 2797.693600    0.009094
 2798.338870    0.007985
 2798.982420    0.007004
 2799.626460    0.006135
 2800.272220    0.005365
 2800.916260    0.004687
 2801.562260    0.004087
 2802.206790    0.003561
 2802.852780    0.003098
 2803.497560    0.002691
 2804.142580    0.002335
 2804.789310    0.002021
 2805.434330    0.001748
 2806.081300    0.001510
 2806.726810    0.001302
 2807.374020    0.001121
 2808.020020    0.000963
 2808.666020    0.000827
 2809.313480    0.000709
 2809.959960    0.000607
 2810.607910    0.000518
 2811.254390    0.000442
 2811.902830    0.000376
 2812.549560    0.000319
 2813.198240    0.000271
 2813.845210    0.000230
 2814.492680    0.000195
 2815.141600    0.000164
 2815.789310    0.000138
 2816.438720    0.000116
 2817.086430    0.000098
 2817.736080    0.000082
 2818.384520    0.000069
 2819.032710    0.000057
 2819.682620    0.000048
 2820.331300    0.000040
 2820.981930    0.000033
 2821.630620    0.000028
 2822.281490    0.000023
 2822.930660    0.000019
 2823.580080    0.000015
 2824.231200    0.000013
 2824.880860    0.000010
 2825.532230    0.000009
 2826.182370    0.000007
 2826.833980    0.000006
 2827.484380    0.000005
 2828.134770    0.000004
 2828.786870    0.000003
 2829.437740    0.000003
 2830.090090    0.000002
 2830.741210    0.000002
 2831.394040    0.000001
 2832.045410    0.000001
 2832.697020    0.000001
 2833.350100    0.000001
 2834.001950    0.000001
 2834.655520    0.000000
 2835.307620    0.000000
 2835.961180    0.000000
 2836.613770    0.000000
 2837.266360    0.000000
 2837.920410    0.000000
 2838.573490    0.000000
 2839.228030    0.000000
 2839.881100    0.000000
 2840.535890    0.000000
 2841.189450    0.000000
 2841.843020    0.000000
 2842.498540    0.000000
 2843.152340    0.000000
 2843.807860    0.000000
 2844.462160    0.000000
 2845.118160    0.000000
 2845.772710    0.000000
 2846.427250    0.000000
 2847.083740    0.000000
 2847.738770    0.000000
 2848.395260    0.000000
 2849.050540    0.000000
 2849.707760    0.000000
 2850.363280    0.000000
 2851.018800    0.000000
 2851.676270    0.000000
 2852.332280    0.000000
 2852.989990    0.000000
 2853.646480    0.000000
 2854.304440    0.000000
 2854.960940    0.000000
 2855.617920    0.000000
 2856.276370    0.000000
 2856.933350    0.000000
 2857.592290    0.000000
 2858.249760    0.000000
 2858.908940    0.000000
 2859.566650    0.000000
 2860.224370    0.000000
 2860.883790    0.000000
 2861.541750    0.000000
 2862.201900    0.000000
 2862.860350    0.000000
 2863.520510    0.000000
 2864.179200    0.000000
 2864.839840    0.000000
 2865.498780    0.000000
 2866.157960    0.000000
 2866.818850    0.000000
 2867.478520    0.000000
 2868.139650    0.000000
 2868.799320    0.000000
 2869.460940    0.000000
 2870.121090    0.000000
 2870.781490    0.000000
 2871.443360    0.000000
 2872.103760    0.000000
 2872.766360    0.000000
 2873.427000    0.000000
 2874.089600    0.000000
 2874.750730    0.000000
 2875.412110    0.000000
 2876.075440    0.000000
 2876.736820    0.000000
 2877.400390    0.000000
 2878.062260    0.000000
 2878.725830    0.000000
 2879.388180    0.000000
 2880.050540    0.000000
 2880.714600    0.000000
 2881.377440    0.000000
 2882.041750    0.000000
 2882.704830    0.000000
 2883.369380    0.000000
 2884.032960    0.000000
 2884.696530    0.000000
 2885.361330    0.000000
 2886.025390    0.000000
 2886.690920    0.000000
 2887.354980    0.000000
 2888.020510    0.000000
 2888.685060    0.000000
 2889.349610    0.000000
 2890.015870    0.000000
 2890.680910    0.000000
 2891.347410    0.000000
 2892.012700    0.000000
 2892.679200    0.000000
 2893.344970    0.000000
 2894.010500    0.000000
 2894.677730    0.000000
 2895.343510    0.000000
 2896.011470    0.000000
 2896.677490    0.000000
 2897.345460    0.000000
 2898.011960    0.000000
 2898.678960    0.000000
 2899.347170    0.000000
 2900.014160    0.000000
 2900.682860    0.000000
 2901.350100    0.000000
 2902.019530    0.000000
 2902.687010    0.000000
 2903.354740    0.000000
 2904.024410    0.000000
 2904.692380    0.000000
 2905.361820    0.000000
 2906.030520    0.000000
 2906.700680    0.000000
 2907.369140    0.000000
 2908.038090    0.000000
 2908.708500    0.000000
 2909.377930    0.000000
 2910.048830    0.000000
 2910.718260    0.000000
 2911.389650    0.000000
 2912.059330    0.000000
 2912.729250    0.000000
 2913.400630    0.000000
 2914.070800    0.000000
 2914.742920    0.000000
 2915.413570    0.000000
 2916.085690    0.000000
 2916.756590    0.000000
 2917.429200    0.000000
 2918.100340    0.000000
 2918.771730    0.000000
 2919.444580    0.000000
 2920.116210    0.000000
 2920.789550    0.000000
 2921.461670    0.000000
 2922.135500    0.000000
 2922.807370    0.000000
 2923.479740    0.000000
 2924.154050    0.000000
 2924.826660    0.000000
 2925.500980    0.000000
 2926.174070    0.000000
 2926.848880    0.000000
 2927.522220    0.000000
 2928.195800    0.000000
 2928.870850    0.000000
 2929.544920    0.000000
 2930.220460    0.000000
 2930.894530    0.000000
 2931.570310    0.000000
 2932.244630    0.000000
 2932.919190    0.000000
 2933.595700    0.000000
 2934.270260    0.000000
 2934.947270    0.000000
 2935.622310    0.000000
 2936.299070    0.000000
 2936.974850    0.000000
 2937.650390    0.000000
 2938.327880    0.000000
 2939.003660    0.000000
 2939.681400    0.000000
 2940.357670    0.000000
 2941.035640    0.000000
 2941.712160    0.000000
 2942.389160    0.000000
 2943.067630    0.000000
 2943.744630    0.000000
 2944.423580    0.000000
 2945.100830    0.000000
 2945.780030    0.000000
 2946.457760    0.000000
 2947.135500    0.000000
 2947.815190    0.000000
 2948.493410    0.000000
 2949.173100    0.000000
 2949.851560    0.000000
 2950.531980    0.000000
 2951.210450    0.000000
 2951.889650    0.000000
 2952.570070    0.000000
 2953.249270    0.000000
 2953.930660    0.000000
 2954.610110    0.000000
 2955.291500    0.000000
 2955.971190    0.000000
 2956.651120    0.000000
 2957.333010    0.000000
 2958.013180    0.000000
 2958.695560    0.000000
 2959.376220    0.000000
 2960.058350    0.000000
 2960.739500    0.000000
 2961.420410    0.000000
 2962.103520    0.000000
 2962.784910    0.000000
 2963.468020    0.000000
 2964.149900    0.000000
 2964.833500    0.000000
 2965.515380    0.000000
 2966.197750    0.000000
 2966.881590    0.000000
 2967.564210    0.000000
 2968.248540    0.000000
 2968.931150    0.000000
 2969.615720    0.000000
 2970.299070    0.000000
 2970.984130    0.000000
 2971.667480    0.000000
 2972.351070    0.000000
 2973.036620    0.000000
 2973.720700    0.000000
 2974.406250    0.000000
 2975.090580    0.000000
 2975.776610    0.000000
 2976.461180    0.000000
 2977.146000    0.000000
 2977.832280    0.000000
 2978.517580    0.000000
 2979.204350    0.000000
 2979.889650    0.000000
 2980.576660    0.000000
 2981.262210    0.000000
 2981.948240    0.000000
 2982.635990    0.000000
 2983.322020    0.000000
 2984.010010    0.000000
 2984.696530    0.000000
 2985.384770    0.000000
 2986.071530    0.000000
 2986.758540    0.000000
 2987.447270    0.000000
 2988.134770    0.000000
 2988.823490    0.000000
 2989.510990    0.000000
 2990.200440    0.000000
 2990.888180    0.000000
 2991.576170    0.000000
 2992.266360    0.000000
 2992.954830    0.000000
 2993.644780    0.000000
 2994.333500    0.000000
 2995.023930    0.000000
 2995.713130    0.000000
 2996.402100    0.000000
 2997.093020    0.000000
 2997.782710    0.000000
 2998.473880    0.000000
 2999.163570    0.000000
 2999.855470    0.000000
 3000.545410    0.000000
 3001.235600    0.000000
 3001.927730    0.000000
 3002.618410    0.000000
 3003.310550    0.000000
 3004.001710    0.000000
 3004.694340    0.000000
 3005.385740    0.000000
 3006.076900    0.000000
 3006.770020    0.000000
 3007.461670    0.000000
 3008.155270    0.000000
 3008.847410    0.000000
 3009.541260    0.000000
 3010.233400    0.000000
 3010.926270    0.000000
 3011.620360    0.000000
 3012.313230    0.000000
 3013.007810    0.000000
 3013.700930    0.000000
 3014.395750    0.000000
 3015.089360    0.000000
 3015.783200    0.000000
 3016.478270    0.000000
 3017.172610    0.000000
 3017.868160    0.000000
 3018.562260    0.000000
 3019.258540    0.000000
 3019.952880    0.000000
 3020.647950    0.000000
 3021.344480    0.000000
 3022.039310    0.000000
 3022.736330    0.000000
 3023.431640    0.000000
 3024.128660    0.000000
 3024.824460    0.000000
 3025.522220    0.000000
 3026.218020    0.000000
 3026.914310    0.000000
 3027.612300    0.000000
 3028.308840    0.000000
 3029.007080    0.000000
 3029.703860    0.000000
 3030.402590    0.000000
 3031.099850    0.000000
 3031.797120    0.000000
 3032.496090    0.000000
 3033.193600    0.000000
 3033.893310    0.000000
 3034.591060    0.000000
 3035.290770    0.000000
 3035.989010    0.000000
 3036.687740    0.000000
 3037.387700    0.000000
 3038.086670    0.000000
 3038.787350    0.000000
 3039.486080    0.000000
 3040.187260    0.000000
 3040.886470    0.000000
 3041.586180    0.000000
 3042.287350    0.000000
 3042.987550    0.000000
 3043.689210    0.000000
 3044.389160    0.000000
 3045.091060    0.000000
 3045.791750    0.000000
 3046.492430    0.000000
 3047.194820    0.000000
 3047.896000    0.000000
 3048.598880    0.000000
 3049.300050    0.000000
