 2653.384280    0.000000
 2653.996340    0.000000
 2654.606690    0.000000
 2655.217290    0.000000
 2655.829830    0.000000
 2656.440670    0.000000
 2657.053220    0.000000
 2657.664550    0.000000
 2658.277340    0.000000
 2658.888920    0.000000
 2659.500730    0.000000
 2660.114010    0.000000
 2660.725830    0.000000
 2661.339360    0.000000
 2661.951660    0.000000
 2662.565430    0.000000
 2663.177980    0.000000
 2663.790530    0.000000
 2664.404790    0.000000
 2665.017820    0.000000
 2665.632320    0.000000
 2666.245610    0.000000
 2666.860350    0.000000
 2667.473880    0.000000
 2668.089110    0.000000
 2668.702880    0.000000
 2669.316890    0.000000
 2669.932370    0.000000
 2670.546630    0.000000
 2671.162350    0.000000
 2671.776860    0.000000
 2672.393070    0.000000
 2673.007810    0.000000
 2673.622560    0.000000
 2674.239260    0.000000
 2674.854490    0.000000
 2675.471190    0.000000
 2676.086670    0.000000
 2676.703860    0.000000
 2677.319580    0.000000
 2677.935550    0.000000
 2678.552980    0.000000
 2679.169190    0.000000
 2679.786870    0.000000
 2680.403560    0.000000
 2681.021480    0.000000
 2681.638430    0.000000
 2682.255370    0.000000
 2682.873780    0.000000
 2683.490970    0.000000
 2684.109860    0.000000
 2684.727290    0.000000
 2685.346440    0.000000
 2685.964110    0.000000
 2686.582030    0.000000
 2687.201660    0.000000
 2687.819820    0.000000
 2688.439450    0.000000
 2689.057860    0.000000
 2689.677980    0.000000
 2690.296880    0.000000
 2690.915770    0.000000
 2691.536380    0.000000
 2692.155270    0.000000
 2692.776370    0.000000
 2693.395750    0.000000
 2694.016850    0.000000
 2694.636720    0.000000
 2695.256590    0.000000
 2695.877930    0.000000
 2696.498050    0.000000
 2697.119870    0.000000
 2697.740480    0.000000
 2698.362550    0.000000
 2698.983400    0.000000
 2699.604250    0.000000
 2700.226810    0.000000
 2700.847900    0.000000
 2701.470700    0.000000
 2702.092040    0.000000
 2702.715330    0.000000
 2703.337160    0.000000
 2703.958980    0.000000
 2704.582520    0.000000
 2705.204830    0.000000
 2705.828370    0.000000
 2706.450930    0.000000
 2707.074950    0.000000
 2707.697750    0.000000
 2708.320800    0.000000
 2708.945310    0.000000
 2709.568360    0.000000
 2710.193360    0.000000
 2710.816650    0.000000
 2711.441890    0.000000
 2712.065670    0.000000
 2712.689450    0.000000
 2713.314940    0.000000
 2713.939210    0.000000
 2714.565190    0.000000
 2715.189450    0.000000
 2715.815670    0.000000
 2716.440430    0.000000
 2717.066890    0.000000
 2717.691890    0.000000
 2718.317140    0.000000
 2718.943850    0.000000
 2719.569340    0.000000
 2720.196530    0.000000
 2720.822270    0.000000
 2721.449710    0.000000
 2722.075680    0.000000
 2722.702150    0.000000
 2723.329830    0.000000
 2723.956300    0.000000
 2724.584470    0.000000
 2725.211430    0.000000
 2725.839600    0.000000
 2726.466800    0.000000
 2727.093990    0.000000
 2727.722900    0.000000
 2728.350340    0.000000
 2728.979490    0.000000
 2729.607420    0.000000
 2730.236820    0.000000
 2730.864750    0.000000
 2731.493160    0.000000
 2732.122800    0.000000
 2732.751460    0.000000
 2733.381590    0.000000
 2734.010500    0.000000
 2734.640870    0.000000
 2735.270020    0.000000
 2735.899410    0.000000
 2736.530270    0.000000
 2737.159670    0.000000
 2737.790770    0.000000
 2738.420650    0.000000
 2739.052250    0.000000
 2739.682370    0.000000
 2740.312500    0.000000
 2740.944340    0.000000
 2741.575200    0.000000
 2742.207280    0.000000
 2742.838130    0.000000
 2743.470460    0.000000
 2744.101560    0.000000
 2744.732910    0.000000
 2745.365970    0.000000
 2745.997310    0.000000
 2746.630860    0.000000
 2747.262700    0.000000
 2747.896000    0.000000
 2748.528080    0.000000
 2749.160640    0.000000
 2749.794430    0.000000
 2750.427000    0.000000
 2751.061280    0.000000
 2751.694090    0.000000
 2752.328610    0.000000
 2752.961910    0.000000
 2753.595210    0.000000
 2754.230220    0.000000
 2754.863770    0.000000
 2755.499020    0.000000
 2756.132810    0.000000
 2756.768550    0.000000
 2757.402590    0.000000
 2758.036870    0.000000
 2758.673100    0.000000
 2759.307620    0.000000
 2759.943850    0.000000
 2760.578860    0.000000
 2761.215330    0.000000
 2761.850590    0.000000
 2762.487550    0.000000
 2763.123050    0.000000
 2763.758790    0.000000
 2764.396000    0.000000
 2765.031980    0.000000
 2765.669430    0.000000
 2766.305910    0.000000
 2766.943600    0.000000
 2767.580320    0.000000
 2768.216800    0.000000
 2768.855220    0.000000
 2769.492190    0.000000
 2770.130860    0.000000
 2770.768070    0.000000
 2771.407230    0.000000
 2772.044680    0.000000
 2772.682130    0.000000
 2773.321780    0.000000
 2773.959720    0.000000
 2774.599370    0.000000
 2775.237550    0.000000
 2775.877690    0.000000
 2776.516360    0.000000
 2777.155030    0.000000
 2777.795170    0.000000
 2778.434330    0.000000
 2779.074950    0.000000
 2779.714360    0.000000
 2780.355470    0.000000
 2780.995120    0.000000
 2781.634770    0.000000
 2782.276120    0.000000
 2782.916260    0.000000
 2783.558110    0.000000
 2784.198490    0.000000
 2784.840330    0.000000
 2785.480960    0.000000
 2786.121830    0.000000
 2786.764400    0.000000
 2787.405270    0.000000
 2788.048100    0.000000
 2788.689450    0.000000
 2789.332520    0.000000
 2789.974370    0.000000
 2790.615970    0.000000
 2791.259770    0.000000
 2791.901610    0.000000
 2792.545410    0.000000
 2793.187990    0.000000
 2793.832030    0.000000
 2794.474850    0.000000
 2795.117680    0.000000
 2795.762210    0.000000
 2796.405520    0.000000
 2797.050290    0.000000
 2797.693600    0.000000
 2798.338870    0.000000
 2798.982420    0.000000
 2799.626460    0.000000
 2800.272220    0.000000
 2800.916260    0.000000
 2801.562260    0.000000
 2802.206790    0.000000
 2802.852780    0.000000
 2803.497560    0.000000
 2804.142580    0.000000
 2804.789310    0.000000
 2805.434330    0.000000
 2806.081300    0.000000
 2806.726810    0.000000
 2807.374020    0.000000
 2808.020020    0.000000
 2808.666020    0.000000
 2809.313480    0.000000
 2809.959960    0.000000
 2810.607910    0.000000
 2811.254390    0.000000
 2811.902830    0.000000
 2812.549560    0.000000
 2813.198240    0.000000
 2813.845210    0.000000
 2814.492680    0.000000
 2815.141600    0.000000
 2815.789310    0.000000
 2816.438720    0.000000
 2817.086430    0.000000
 2817.736080    0.000000
 2818.384520    0.000000
 2819.032710    0.000000
 2819.682620    0.000000
 2820.331300    0.000000
 2820.981930    0.000000
 2821.630620    0.000000
 2822.281490    0.000000
 2822.930660    0.000000
 2823.580080    0.000000
 2824.231200    0.000000
 2824.880860    0.000000
 2825.532230    0.000000
 2826.182370    0.000000
 2826.833980    0.000000
 2827.484380    0.000000
 2828.134770    0.000000
 2828.786870    0.000000
 2829.437740    0.000000
 2830.090090    0.000000
 2830.741210    0.000000
 2831.394040    0.000000
 2832.045410    0.000000
 2832.697020    0.000000
 2833.350100    0.000000
 2834.001950    0.000000
 2834.655520    0.000000
 2835.307620    0.000000
 2835.961180    0.000000
 2836.613770    0.000000
 2837.266360    0.000000
 2837.920410    0.000000
 2838.573490    0.000000
 2839.228030    0.000000
 2839.881100    0.000000
 2840.535890    0.000000
 2841.189450    0.000000
 2841.843020    0.000000
 2842.498540    0.000000
 2843.152340    0.000000
 2843.807860    0.000000
 2844.462160    0.000000
 2845.118160    0.000001
 2845.772710    0.000001
 2846.427250    0.000001
 2847.083740    0.000001
 2847.738770    0.000002
 2848.395260    0.000003
 2849.050540    0.000004
 2849.707760    0.000005
 2850.363280    0.000007
 2851.018800    0.000009
 2851.676270    0.000011
 2852.332280    0.000014
 2852.989990    0.000019
 2853.646480    0.000026
 2854.304440    0.000033
 2854.960940    0.000043
 2855.617920    0.000056
 2856.276370    0.000072
 2856.933350    0.000093
 2857.592290    0.000119
 2858.249760    0.000153
 2858.908940    0.000194
 2859.566650    0.000245
 2860.224370    0.000308
 2860.883790    0.000387
 2861.541750    0.000484
 2862.201900    0.000604
 2862.860350    0.000750
 2863.520510    0.000928
 2864.179200    0.001144
 2864.839840    0.001408
 2865.498780    0.001725
 2866.157960    0.002108
 2866.818850    0.002568
 2867.478520    0.003119
 2868.139650    0.003780
 2868.799320    0.004567
 2869.460940    0.005508
 2870.121090    0.006626
 2870.781490    0.007954
 2871.443360    0.009534
 2872.103760    0.011402
 2872.766360    0.013623
 2873.427000    0.016245
 2874.089600    0.019356
 2874.750730    0.023025
 2875.412110    0.027362
 2876.075440    0.032498
 2876.736820    0.038545
 2877.400390    0.045700
 2878.062260    0.054112
 2878.725830    0.064045
 2879.388180    0.075707
 2880.050540    0.089408
 2880.714600    0.105523
 2881.377440    0.124364
 2882.041750    0.146438
 2882.704830    0.172138
 2883.369380    0.202113
 2884.032960    0.236855
 2884.696530    0.277058
 2885.361330    0.323530
 2886.025390    0.376918
 2886.690920    0.438240
 2887.354980    0.508106
 2888.020510    0.587748
 2888.685060    0.677836
 2889.349610    0.779449
 2890.015870    0.893869
 2890.680910    1.021566
 2891.347410    1.163987
 2892.012700    1.321425
 2892.679200    1.495235
 2893.344970    1.685584
 2894.010500    1.893085
 2894.677730    2.118747
 2895.343510    2.361638
 2896.011470    2.623027
 2896.677490    2.900941
 2897.345460    3.196366
 2898.011960    3.506865
 2898.678960    3.832049
 2899.347170    4.170743
 2900.014160    4.519795
 2900.682860    4.878512
 2901.350100    5.242659
 2902.019530    5.611420
 2902.687010    5.979447
 2903.354740    6.344693
 2904.024410    6.704652
 2904.692380    7.053841
 2905.361820    7.390374
 2906.030520    7.709621
 2906.700680    8.009202
 2907.369140    8.284503
 2908.038090    8.533557
 2908.708500    8.753988
 2909.377930    8.942755
 2910.048830    9.098742
 2910.718260    9.220030
 2911.389650    9.306497
 2912.059330    9.357546
 2912.729250    9.373922
 2913.400630    9.356606
 2914.070800    9.307319
 2914.742920    9.228017
 2915.413570    9.121830
 2916.085690    8.991530
 2916.756590    8.841255
 2917.429200    8.674309
 2918.100340    8.495684
 2918.771730    8.309329
 2919.444580    8.119334
 2920.116210    7.930874
 2920.789550    7.747439
 2921.461670    7.573928
 2922.135500    7.413405
 2922.807370    7.270155
 2923.479740    7.146579
 2924.154050    7.045002
 2924.826660    6.967923
 2925.500980    6.916311
 2926.174070    6.891175
 2926.848880    6.892591
 2927.522220    6.920125
 2928.195800    6.972765
 2928.870850    7.049150
 2929.544920    7.146987
 2930.220460    7.264175
 2930.894530    7.397368
 2931.570310    7.544059
 2932.244630    7.700226
 2932.919190    7.862769
 2933.595700    8.028596
 2934.270260    8.193264
 2934.947270    8.354453
 2935.622310    8.507928
 2936.299070    8.651581
 2936.974850    8.782197
 2937.650390    8.897692
 2938.327880    8.996511
 2939.003660    9.076655
 2939.681400    9.137532
 2940.357670    9.178226
 2941.035640    9.198750
 2941.712160    9.199228
 2942.389160    9.180300
 2943.067630    9.142775
 2943.744630    9.088000
 2944.423580    9.017098
 2945.100830    8.932015
 2945.780030    8.833960
 2946.457760    8.725130
 2947.135500    8.607038
 2947.815190    8.480948
 2948.493410    8.349033
 2949.173100    8.212118
 2949.851560    8.071960
 2950.531980    7.928921
 2951.210450    7.784631
 2951.889650    7.639115
 2952.570070    7.492643
 2953.249270    7.345919
 2953.930660    7.198194
 2954.610110    7.050201
 2955.291500    6.900788
 2955.971190    6.750354
 2956.651120    6.598002
 2957.333010    6.442831
 2958.013180    6.285163
 2958.695560    6.123606
 2959.376220    5.958651
 2960.058350    5.789183
 2960.739500    5.615555
 2961.420410    5.437456
 2962.103520    5.254220
 2962.784910    5.067008
 2963.468020    4.875134
 2964.149900    4.679796
 2964.833500    4.480651
 2965.515380    4.279301
 2966.197750    4.075806
 2966.881590    3.870647
 2967.564210    3.665470
 2968.248540    3.460278
 2968.931150    3.256997
 2969.615720    3.055449
 2970.299070    2.857460
 2970.984130    2.663050
 2971.667480    2.473999
 2972.351070    2.290501
 2973.036620    2.112804
 2973.720700    1.942402
 2974.406250    1.779075
 2975.090580    1.623884
 2975.776610    1.476501
 2976.461180    1.337842
 2977.146000    1.207675
 2977.832280    1.085852
 2978.517580    0.972778
 2979.204350    0.867953
 2979.889650    0.771642
 2980.576660    0.683160
 2981.262210    0.602627
 2981.948240    0.529457
 2982.635990    0.463181
 2983.322020    0.403725
 2984.010010    0.350352
 2984.696530    0.302904
 2985.384770    0.260724
 2986.071530    0.223575
 2986.758540    0.190925
 2987.447270    0.162305
 2988.134770    0.137445
 2988.823490    0.115872
 2989.510990    0.097306
 2990.200440    0.081331
 2990.888180    0.067722
 2991.576170    0.056148
 2992.266360    0.046325
 2992.954830    0.038075
 2993.644780    0.031147
 2994.333500    0.025378
 2995.023930    0.020578
 2995.713130    0.016620
 2996.402100    0.013366
 2997.093020    0.010694
 2997.782710    0.008523
 2998.473880    0.006760
 2999.163570    0.005340
 2999.855470    0.004196
 3000.545410    0.003285
 3001.235600    0.002561
 3001.927730    0.001986
 3002.618410    0.001534
 3003.310550    0.001178
 3004.001710    0.000901
 3004.694340    0.000687
 3005.385740    0.000521
 3006.076900    0.000393
 3006.770020    0.000295
 3007.461670    0.000220
 3008.155270    0.000164
 3008.847410    0.000122
 3009.541260    0.000090
 3010.233400    0.000066
 3010.926270    0.000048
 3011.620360    0.000035
 3012.313230    0.000026
 3013.007810    0.000018
 3013.700930    0.000013
 3014.395750    0.000010
 3015.089360    0.000007
 3015.783200    0.000005
 3016.478270    0.000003
 3017.172610    0.000002
 3017.868160    0.000002
 3018.562260    0.000001
 3019.258540    0.000001
 3019.952880    0.000001
 3020.647950    0.000000
 3021.344480    0.000000
 3022.039310    0.000000
 3022.736330    0.000000
 3023.431640    0.000000
 3024.128660    0.000000
 3024.824460    0.000000
 3025.522220    0.000000
 3026.218020    0.000000
 3026.914310    0.000000
 3027.612300    0.000000
 3028.308840    0.000000
 3029.007080    0.000000
 3029.703860    0.000000
 3030.402590    0.000000
 3031.099850    0.000000
 3031.797120    0.000000
 3032.496090    0.000000
 3033.193600    0.000000
 3033.893310    0.000000
 3034.591060    0.000000
 3035.290770    0.000000
 3035.989010    0.000000
 3036.687740    0.000000
 3037.387700    0.000000
 3038.086670    0.000000
 3038.787350    0.000000
 3039.486080    0.000000
 3040.187260    0.000000
 3040.886470    0.000000
 3041.586180    0.000000
 3042.287350    0.000000
 3042.987550    0.000000
 3043.689210    0.000000
 3044.389160    0.000000
 3045.091060    0.000000
 3045.791750    0.000000
 3046.492430    0.000000
 3047.194820    0.000000
 3047.896000    0.000000
 3048.598880    0.000000
 3049.300050    0.000000
