 2653.384280    0.000000
 2653.996340    0.000000
 2654.606690    0.000000
 2655.217290    0.000000
 2655.829830    0.000000
 2656.440670    0.000000
 2657.053220    0.000000
 2657.664550    0.000000
 2658.277340    0.000000
 2658.888920    0.000000
 2659.500730    0.000000
 2660.114010    0.000000
 2660.725830    0.000000
 2661.339360    0.000000
 2661.951660    0.000000
 2662.565430    0.000000
 2663.177980    0.000000
 2663.790530    0.000000
 2664.404790    0.000000
 2665.017820    0.000000
 2665.632320    0.000000
 2666.245610    0.000000
 2666.860350    0.000000
 2667.473880    0.000000
 2668.089110    0.000000
 2668.702880    0.000000
 2669.316890    0.000000
 2669.932370    0.000000
 2670.546630    0.000000
 2671.162350    0.000000
 2671.776860    0.000000
 2672.393070    0.000000
 2673.007810    0.000000
 2673.622560    0.000000
 2674.239260    0.000000
 2674.854490    0.000000
 2675.471190    0.000000
 2676.086670    0.000000
 2676.703860    0.000000
 2677.319580    0.000000
 2677.935550    0.000000
 2678.552980    0.000000
 2679.169190    0.000000
 2679.786870    0.000000
 2680.403560    0.000000
 2681.021480    0.000000
 2681.638430    0.000000
 2682.255370    0.000000
 2682.873780    0.000000
 2683.490970    0.000000
 2684.109860    0.000000
 2684.727290    0.000000
 2685.346440    0.000000
 2685.964110    0.000000
 2686.582030    0.000000
 2687.201660    0.000000
 2687.819820    0.000000
 2688.439450    0.000000
 2689.057860    0.000000
 2689.677980    0.000000
 2690.296880    0.000000
 2690.915770    0.000000
 2691.536380    0.000000
 2692.155270    0.000000
 2692.776370    0.000000
 2693.395750    0.000000
 2694.016850    0.000000
 2694.636720    0.000000
 2695.256590    0.000000
 2695.877930    0.000000
 2696.498050    0.000000
 2697.119870    0.000000
 2697.740480    0.000000
 2698.362550    0.000000
 2698.983400    0.000000
 2699.604250    0.000000
 2700.226810    0.000000
 2700.847900    0.000000
 2701.470700    0.000000
 2702.092040    0.000000
 2702.715330    0.000000
 2703.337160    0.000000
 2703.958980    0.000000
 2704.582520    0.000000
 2705.204830    0.000000
 2705.828370    0.000000
 2706.450930    0.000000
 2707.074950    0.000000
 2707.697750    0.000000
 2708.320800    0.000000
 2708.945310    0.000000
 2709.568360    0.000000
 2710.193360    0.000000
 2710.816650    0.000000
 2711.441890    0.000000
 2712.065670    0.000000
 2712.689450    0.000000
 2713.314940    0.000000
 2713.939210    0.000000
 2714.565190    0.000000
 2715.189450    0.000000
 2715.815670    0.000000
 2716.440430    0.000000
 2717.066890    0.000000
 2717.691890    0.000000
 2718.317140    0.000000
 2718.943850    0.000000
 2719.569340    0.000000
 2720.196530    0.000000
 2720.822270    0.000000
 2721.449710    0.000000
 2722.075680    0.000000
 2722.702150    0.000000
 2723.329830    0.000000
 2723.956300    0.000000
 2724.584470    0.000000
 2725.211430    0.000000
 2725.839600    0.000000
 2726.466800    0.000000
 2727.093990    0.000000
 2727.722900    0.000000
 2728.350340    0.000000
 2728.979490    0.000000
 2729.607420    0.000000
 2730.236820    0.000000
 2730.864750    0.000000
 2731.493160    0.000000
 2732.122800    0.000000
 2732.751460    0.000000
 2733.381590    0.000000
 2734.010500    0.000000
 2734.640870    0.000000
 2735.270020    0.000000
 2735.899410    0.000000
 2736.530270    0.000000
 2737.159670    0.000000
 2737.790770    0.000000
 2738.420650    0.000000
 2739.052250    0.000000
 2739.682370    0.000000
 2740.312500    0.000000
 2740.944340    0.000000
 2741.575200    0.000000
 2742.207280    0.000000
 2742.838130    0.000000
 2743.470460    0.000000
 2744.101560    0.000000
 2744.732910    0.000000
 2745.365970    0.000000
 2745.997310    0.000000
 2746.630860    0.000000
 2747.262700    0.000000
 2747.896000    0.000000
 2748.528080    0.000000
 2749.160640    0.000001
 2749.794430    0.000001
 2750.427000    0.000001
 2751.061280    0.000001
 2751.694090    0.000001
 2752.328610    0.000001
 2752.961910    0.000001
 2753.595210    0.000001
 2754.230220    0.000001
 2754.863770    0.000001
 2755.499020    0.000001
 2756.132810    0.000002
 2756.768550    0.000002
 2757.402590    0.000002
 2758.036870    0.000002
 2758.673100    0.000002
 2759.307620    0.000003
 2759.943850    0.000003
 2760.578860    0.000003
 2761.215330    0.000003
 2761.850590    0.000004
 2762.487550    0.000004
 2763.123050    0.000004
 2763.758790    0.000005
 2764.396000    0.000005
 2765.031980    0.000006
 2765.669430    0.000006
 2766.305910    0.000007
 2766.943600    0.000008
 2767.580320    0.000008
 2768.216800    0.000009
 2768.855220    0.000010
 2769.492190    0.000010
 2770.130860    0.000011
 2770.768070    0.000012
 2771.407230    0.000013
 2772.044680    0.000015
 2772.682130    0.000016
 2773.321780    0.000018
 2773.959720    0.000019
 2774.599370    0.000021
 2775.237550    0.000023
 2775.877690    0.000026
 2776.516360    0.000028
 2777.155030    0.000031
 2777.795170    0.000032
 2778.434330    0.000035
 2779.074950    0.000039
 2779.714360    0.000042
 2780.355470    0.000046
 2780.995120    0.000051
 2781.634770    0.000054
 2782.276120    0.000059
 2782.916260    0.000065
 2783.558110    0.000071
 2784.198490    0.000076
 2784.840330    0.000083
 2785.480960    0.000090
 2786.121830    0.000097
 2786.764400    0.000106
 2787.405270    0.000115
 2788.048100    0.000125
 2788.689450    0.000135
 2789.332520    0.000147
 2789.974370    0.000159
 2790.615970    0.000173
 2791.259770    0.000187
 2791.901610    0.000202
 2792.545410    0.000218
 2793.187990    0.000237
 2793.832030    0.000256
 2794.474850    0.000277
 2795.117680    0.000298
 2795.762210    0.000323
 2796.405520    0.000349
 2797.050290    0.000377
 2797.693600    0.000407
 2798.338870    0.000440
 2798.982420    0.000474
 2799.626460    0.000511
 2800.272220    0.000551
 2800.916260    0.000594
 2801.562260    0.000641
 2802.206790    0.000690
 2802.852780    0.000744
 2803.497560    0.000801
 2804.142580    0.000862
 2804.789310    0.000928
 2805.434330    0.000998
 2806.081300    0.001073
 2806.726810    0.001154
 2807.374020    0.001240
 2808.020020    0.001332
 2808.666020    0.001431
 2809.313480    0.001537
 2809.959960    0.001650
 2810.607910    0.001771
 2811.254390    0.001900
 2811.902830    0.002038
 2812.549560    0.002185
 2813.198240    0.002342
 2813.845210    0.002509
 2814.492680    0.002688
 2815.141600    0.002879
 2815.789310    0.003082
 2816.438720    0.003300
 2817.086430    0.003530
 2817.736080    0.003776
 2818.384520    0.004038
 2819.032710    0.004315
 2819.682620    0.004613
 2820.331300    0.004928
 2820.981930    0.005263
 2821.630620    0.005619
 2822.281490    0.005999
 2822.930660    0.006401
 2823.580080    0.006827
 2824.231200    0.007282
 2824.880860    0.007763
 2825.532230    0.008275
 2826.182370    0.008816
 2826.833980    0.009392
 2827.484380    0.010000
 2828.134770    0.010645
 2828.786870    0.011330
 2829.437740    0.012053
 2830.090090    0.012820
 2830.741210    0.013631
 2831.394040    0.014490
 2832.045410    0.015397
 2832.697020    0.016356
 2833.350100    0.017372
 2834.001950    0.018443
 2834.655520    0.019577
 2835.307620    0.020771
 2835.961180    0.022035
 2836.613770    0.023366
 2837.266360    0.024771
 2837.920410    0.026255
 2838.573490    0.027816
 2839.228030    0.029466
 2839.881100    0.031199
 2840.535890    0.033031
 2841.189450    0.034954
 2841.843020    0.036979
 2842.498540    0.039115
 2843.152340    0.041356
 2843.807860    0.043719
 2844.462160    0.046199
 2845.118160    0.048811
 2845.772710    0.051548
 2846.427250    0.054423
 2847.083740    0.057451
 2847.738770    0.060621
 2848.395260    0.063955
 2849.050540    0.067446
 2849.707760    0.071116
 2850.363280    0.074954
 2851.018800    0.078976
 2851.676270    0.083201
 2852.332280    0.087618
 2852.989990    0.092253
 2853.646480    0.097095
 2854.304440    0.102173
 2854.960940    0.107472
 2855.617920    0.113018
 2856.276370    0.118829
 2856.933350    0.124887
 2857.592290    0.131235
 2858.249760    0.137852
 2858.908940    0.144777
 2859.566650    0.151990
 2860.224370    0.159515
 2860.883790    0.167387
 2861.541750    0.175577
 2862.201900    0.184144
 2862.860350    0.193049
 2863.520510    0.202353
 2864.179200    0.212021
 2864.839840    0.222118
 2865.498780    0.232602
 2866.157960    0.243516
 2866.818850    0.254899
 2867.478520    0.266716
 2868.139650    0.279031
 2868.799320    0.291801
 2869.460940    0.305112
 2870.121090    0.318907
 2870.781490    0.333239
 2871.443360    0.348150
 2872.103760    0.363592
 2872.766360    0.379668
 2873.427000    0.396294
 2874.089600    0.413585
 2874.750730    0.431469
 2875.412110    0.450010
 2876.075440    0.469275
 2876.736820    0.489171
 2877.400390    0.509839
 2878.062260    0.531178
 2878.725830    0.553318
 2879.388180    0.576179
 2880.050540    0.599820
 2880.714600    0.624327
 2881.377440    0.649610
 2882.041750    0.675792
 2882.704830    0.702787
 2883.369380    0.730727
 2884.032960    0.759529
 2884.696530    0.789253
 2885.361330    0.819978
 2886.025390    0.851634
 2886.690920    0.884349
 2887.354980    0.917998
 2888.020510    0.952751
 2888.685060    0.988502
 2889.349610    1.025324
 2890.015870    1.063332
 2890.680910    1.102383
 2891.347410    1.142655
 2892.012700    1.184008
 2892.679200    1.226612
 2893.344970    1.270365
 2894.010500    1.315314
 2894.677730    1.361618
 2895.343510    1.409073
 2896.011470    1.457964
 2896.677490    1.508005
 2897.345460    1.559508
 2898.011960    1.612230
 2898.678960    1.666341
 2899.347170    1.721920
 2900.014160    1.778782
 2900.682860    1.837194
 2901.350100    1.896897
 2902.019530    1.958236
 2902.687010    2.020844
 2903.354740    2.084936
 2904.024410    2.150698
 2904.692380    2.217783
 2905.361820    2.286520
 2906.030520    2.356697
 2906.700680    2.428557
 2907.369140    2.501769
 2908.038090    2.576577
 2908.708500    2.653104
 2909.377930    2.731079
 2910.048830    2.810795
 2910.718260    2.891907
 2911.389650    2.974833
 2912.059330    3.059125
 2912.729250    3.145022
 2913.400630    3.232689
 2914.070800    3.321772
 2914.742920    3.412693
 2915.413570    3.504986
 2916.085690    3.599048
 2916.756590    3.694498
 2917.429200    3.791743
 2918.100340    3.890316
 2918.771730    3.990451
 2919.444580    4.092322
 2920.116210    4.195509
 2920.789550    4.300445
 2921.461670    4.406656
 2922.135500    4.514585
 2922.807370    4.623626
 2923.479740    4.734141
 2924.154050    4.846357
 2924.826660    4.959635
 2925.500980    5.074520
 2926.174070    5.190484
 2926.848880    5.307997
 2927.522220    5.426474
 2928.195800    5.546173
 2928.870850    5.667276
 2929.544920    5.789305
 2930.220460    5.912659
 2930.894530    6.036756
 2931.570310    6.162135
 2932.244630    6.288157
 2932.919190    6.415086
 2933.595700    6.543197
 2934.270260    6.671691
 2934.947270    6.801350
 2935.622310    6.931273
 2936.299070    7.062101
 2936.974850    7.193254
 2937.650390    7.324809
 2938.327880    7.457124
 2939.003660    7.589417
 2939.681400    7.722333
 2940.357670    7.855129
 2941.035640    7.988357
 2941.712160    8.121312
 2942.389160    8.254303
 2943.067630    8.387442
 2943.744630    8.520073
 2944.423580    8.652782
 2945.100830    8.784771
 2945.780030    8.916668
 2946.457760    9.047723
 2947.135500    9.178132
 2947.815190    9.308181
 2948.493410    9.437126
 2949.173100    9.565434
 2949.851560    9.692506
 2950.531980    9.818842
 2951.210450    9.943628
 2951.889650    10.067266
 2952.570070    10.189746
 2953.249270    10.310537
 2953.930660    10.430150
 2954.610110    10.547761
 2955.291500    10.663954
 2955.971190    10.778008
 2956.651120    10.890168
 2957.333010    11.000610
 2958.013180    11.108652
 2958.695560    11.214819
 2959.376220    11.318409
 2960.058350    11.419819
 2960.739500    11.518595
 2961.420410    11.614763
 2962.103520    11.708570
 2962.784910    11.799396
 2963.468020    11.887609
 2964.149900    11.972751
 2964.833500    12.055102
 2965.515380    12.134176
 2966.197750    12.210159
 2966.881590    12.283075
 2967.564210    12.352567
 2968.248540    12.418859
 2968.931150    12.481553
 2969.615720    12.540926
 2970.299070    12.596633
 2970.984130    12.648854
 2971.667480    12.697275
 2972.351070    12.741992
 2973.036620    12.783055
 2973.720700    12.820210
 2974.406250    12.853573
 2975.090580    12.882976
 2975.776610    12.908504
 2976.461180    12.930010
 2977.146000    12.947529
 2977.832280    12.961054
 2978.517580    12.970514
 2979.204350    12.975924
 2979.889650    12.977249
 2980.576660    12.974483
 2981.262210    12.967635
 2981.948240    12.956695
 2982.635990    12.941627
 2983.322020    12.922512
 2984.010010    12.899261
 2984.696530    12.871999
 2985.384770    12.840620
 2986.071530    12.805291
 2986.758540    12.765961
 2987.447270    12.722559
 2988.134770    12.675305
 2988.823490    12.624070
 2989.510990    12.569077
 2990.200440    12.510117
 2990.888180    12.447546
 2991.576170    12.381256
 2992.266360    12.311098
 2992.954830    12.237523
 2993.644780    12.160261
 2994.333500    12.079678
 2995.023930    11.995499
 2995.713130    11.908151
 2996.402100    11.817596
 2997.093020    11.723618
 2997.782710    11.626720
 2998.473880    11.526611
 2999.163570    11.423804
 2999.855470    11.317838
 3000.545410    11.209437
 3001.235600    11.098362
 3001.927730    10.984421
 3002.618410    10.868272
 3003.310550    10.749522
 3004.001710    10.628688
 3004.694340    10.505444
 3005.385740    10.380369
 3006.076900    10.253399
 3006.770020    10.124228
 3007.461670    9.993597
 3008.155270    9.860967
 3008.847410    9.727096
 3009.541260    9.591477
 3010.233400    9.454887
 3010.926270    9.316955
 3011.620360    9.177685
 3012.313230    9.037676
 3013.007810    8.896442
 3013.700930    8.754733
 3014.395750    8.612007
 3015.089360    8.468971
 3015.783200    8.325427
 3016.478270    8.181274
 3017.172610    8.037021
 3017.868160    7.892359
 3018.562260    7.747948
 3019.258540    7.603123
 3019.952880    7.458843
 3020.647950    7.314645
 3021.344480    7.170469
 3022.039310    7.027062
 3022.736330    6.883708
 3023.431640    6.741296
 3024.128660    6.599209
 3024.824460    6.458128
 3025.522220    6.317489
 3026.218020    6.178157
 3026.914310    6.039715
 3027.612300    5.901995
 3028.308840    5.765694
 3029.007080    5.630259
 3029.703860    5.496368
 3030.402590    5.363429
 3031.099850    5.232152
 3031.797120    5.102311
 3032.496090    4.973649
 3033.193600    4.846798
 3033.893310    4.721144
 3034.591060    4.597477
 3035.290770    4.475147
 3035.989010    4.354794
 3036.687740    4.236111
 3037.387700    4.119016
 3038.086670    4.003908
 3038.787350    3.890376
 3039.486080    3.779038
 3040.187260    3.669219
 3040.886470    3.561630
 3041.586180    3.455906
 3042.287350    3.351924
 3042.987550    3.250061
 3043.689210    3.149974
 3044.389160    3.052124
 3045.091060    2.956004
 3045.791750    2.862057
 3046.492430    2.770114
 3047.194820    2.679960
 3047.896000    2.591969
 3048.598880    2.505770
 3049.300050    2.421776
