 2653.384280    0.000000
 2653.996340    0.000000
 2654.606690    0.000000
 2655.217290    0.000000
 2655.829830    0.000000
 2656.440670    0.000000
 2657.053220    0.000000
 2657.664550    0.000000
 2658.277340    0.000000
 2658.888920    0.000000
 2659.500730    0.000000
 2660.114010    0.000000
 2660.725830    0.000000
 2661.339360    0.000000
 2661.951660    0.000000
 2662.565430    0.000000
 2663.177980    0.000000
 2663.790530    0.000000
 2664.404790    0.000000
 2665.017820    0.000000
 2665.632320    0.000000
 2666.245610    0.000000
 2666.860350    0.000000
 2667.473880    0.000000
 2668.089110    0.000000
 2668.702880    0.000000
 2669.316890    0.000000
 2669.932370    0.000000
 2670.546630    0.000000
 2671.162350    0.000000
 2671.776860    0.000000
 2672.393070    0.000000
 2673.007810    0.000000
 2673.622560    0.000000
 2674.239260    0.000000
 2674.854490    0.000000
 2675.471190    0.000000
 2676.086670    0.000000
 2676.703860    0.000000
 2677.319580    0.000000
 2677.935550    0.000000
 2678.552980    0.000000
 2679.169190    0.000000
 2679.786870    0.000000
 2680.403560    0.000000
 2681.021480    0.000000
 2681.638430    0.000000
 2682.255370    0.000000
 2682.873780    0.000000
 2683.490970    0.000000
 2684.109860    0.000000
 2684.727290    0.000000
 2685.346440    0.000000
 2685.964110    0.000000
 2686.582030    0.000000
 2687.201660    0.000000
 2687.819820    0.000000
 2688.439450    0.000000
 2689.057860    0.000000
 2689.677980    0.000000
 2690.296880    0.000000
 2690.915770    0.000000
 2691.536380    0.000000
 2692.155270    0.000000
 2692.776370    0.000000
 2693.395750    0.000000
 2694.016850    0.000000
 2694.636720    0.000000
 2695.256590    0.000000
 2695.877930    0.000000
 2696.498050    0.000000
 2697.119870    0.000000
 2697.740480    0.000000
 2698.362550    0.000000
 2698.983400    0.000000
 2699.604250    0.000000
 2700.226810    0.000000
 2700.847900    0.000000
 2701.470700    0.000000
 2702.092040    0.000000
 2702.715330    0.000000
 2703.337160    0.000000
 2703.958980    0.000000
 2704.582520    0.000000
 2705.204830    0.000000
 2705.828370    0.000000
 2706.450930    0.000000
 2707.074950    0.000000
 2707.697750    0.000000
 2708.320800    0.000000
 2708.945310    0.000000
 2709.568360    0.000000
 2710.193360    0.000000
 2710.816650    0.000000
 2711.441890    0.000000
 2712.065670    0.000000
 2712.689450    0.000000
 2713.314940    0.000000
 2713.939210    0.000000
 2714.565190    0.000000
 2715.189450    0.000000
 2715.815670    0.000000
 2716.440430    0.000000
 2717.066890    0.000000
 2717.691890    0.000000
 2718.317140    0.000000
 2718.943850    0.000000
 2719.569340    0.000000
 2720.196530    0.000000
 2720.822270    0.000000
 2721.449710    0.000000
 2722.075680    0.000000
 2722.702150    0.000000
 2723.329830    0.000000
 2723.956300    0.000000
 2724.584470    0.000000
 2725.211430    0.000000
 2725.839600    0.000000
 2726.466800    0.000000
 2727.093990    0.000000
 2727.722900    0.000000
 2728.350340    0.000000
 2728.979490    0.000000
 2729.607420    0.000000
 2730.236820    0.000000
 2730.864750    0.000000
 2731.493160    0.000000
 2732.122800    0.000000
 2732.751460    0.000000
 2733.381590    0.000000
 2734.010500    0.000000
 2734.640870    0.000000
 2735.270020    0.000000
 2735.899410    0.000000
 2736.530270    0.000000
 2737.159670    0.000000
 2737.790770    0.000000
 2738.420650    0.000000
 2739.052250    0.000000
 2739.682370    0.000000
 2740.312500    0.000000
 2740.944340    0.000000
 2741.575200    0.000000
 2742.207280    0.000000
 2742.838130    0.000000
 2743.470460    0.000000
 2744.101560    0.000000
 2744.732910    0.000000
 2745.365970    0.000000
 2745.997310    0.000000
 2746.630860    0.000000
 2747.262700    0.000000
 2747.896000    0.000000
 2748.528080    0.000001
 2749.160640    0.000001
 2749.794430    0.000001
 2750.427000    0.000001
 2751.061280    0.000001
 2751.694090    0.000001
 2752.328610    0.000001
 2752.961910    0.000001
 2753.595210    0.000001
 2754.230220    0.000001
 2754.863770    0.000001
 2755.499020    0.000002
 2756.132810    0.000002
 2756.768550    0.000002
 2757.402590    0.000002
 2758.036870    0.000002
 2758.673100    0.000003
 2759.307620    0.000003
 2759.943850    0.000003
 2760.578860    0.000004
 2761.215330    0.000004
 2761.850590    0.000005
 2762.487550    0.000005
 2763.123050    0.000006
 2763.758790    0.000006
 2764.396000    0.000007
 2765.031980    0.000008
 2765.669430    0.000008
 2766.305910    0.000009
 2766.943600    0.000010
 2767.580320    0.000010
 2768.216800    0.000011
 2768.855220    0.000013
 2769.492190    0.000014
 2770.130860    0.000015
 2770.768070    0.000017
 2771.407230    0.000019
 2772.044680    0.000021
 2772.682130    0.000023
 2773.321780    0.000025
 2773.959720    0.000028
 2774.599370    0.000031
 2775.237550    0.000033
 2775.877690    0.000037
 2776.516360    0.000040
 2777.155030    0.000044
 2777.795170    0.000049
 2778.434330    0.000053
 2779.074950    0.000058
 2779.714360    0.000064
 2780.355470    0.000071
 2780.995120    0.000077
 2781.634770    0.000084
 2782.276120    0.000093
 2782.916260    0.000101
 2783.558110    0.000111
 2784.198490    0.000120
 2784.840330    0.000132
 2785.480960    0.000144
 2786.121830    0.000157
 2786.764400    0.000172
 2787.405270    0.000188
 2788.048100    0.000205
 2788.689450    0.000223
 2789.332520    0.000244
 2789.974370    0.000266
 2790.615970    0.000290
 2791.259770    0.000316
 2791.901610    0.000343
 2792.545410    0.000375
 2793.187990    0.000407
 2793.832030    0.000443
 2794.474850    0.000483
 2795.117680    0.000525
 2795.762210    0.000570
 2796.405520    0.000620
 2797.050290    0.000673
 2797.693600    0.000731
 2798.338870    0.000794
 2798.982420    0.000862
 2799.626460    0.000935
 2800.272220    0.001015
 2800.916260    0.001100
 2801.562260    0.001192
 2802.206790    0.001291
 2802.852780    0.001399
 2803.497560    0.001515
 2804.142580    0.001639
 2804.789310    0.001775
 2805.434330    0.001920
 2806.081300    0.002076
 2806.726810    0.002244
 2807.374020    0.002425
 2808.020020    0.002620
 2808.666020    0.002830
 2809.313480    0.003055
 2809.959960    0.003297
 2810.607910    0.003557
 2811.254390    0.003837
 2811.902830    0.004137
 2812.549560    0.004458
 2813.198240    0.004804
 2813.845210    0.005174
 2814.492680    0.005570
 2815.141600    0.005997
 2815.789310    0.006452
 2816.438720    0.006941
 2817.086430    0.007463
 2817.736080    0.008022
 2818.384520    0.008620
 2819.032710    0.009258
 2819.682620    0.009943
 2820.331300    0.010673
 2820.981930    0.011455
 2821.630620    0.012287
 2822.281490    0.013178
 2822.930660    0.014127
 2823.580080    0.015138
 2824.231200    0.016219
 2824.880860    0.017368
 2825.532230    0.018596
 2826.182370    0.019901
 2826.833980    0.021294
 2827.484380    0.022772
 2828.134770    0.024344
 2828.786870    0.026022
 2829.437740    0.027801
 2830.090090    0.029696
 2830.741210    0.031704
 2831.394040    0.033842
 2832.045410    0.036106
 2832.697020    0.038509
 2833.350100    0.041064
 2834.001950    0.043767
 2834.655520    0.046640
 2835.307620    0.049677
 2835.961180    0.052899
 2836.613770    0.056306
 2837.266360    0.059911
 2837.920410    0.063733
 2838.573490    0.067769
 2839.228030    0.072045
 2839.881100    0.076553
 2840.535890    0.081327
 2841.189450    0.086359
 2841.843020    0.091669
 2842.498540    0.097289
 2843.152340    0.103201
 2843.807860    0.109450
 2844.462160    0.116024
 2845.118160    0.122969
 2845.772710    0.130265
 2846.427250    0.137946
 2847.083740    0.146053
 2847.738770    0.154562
 2848.395260    0.163530
 2849.050540    0.172939
 2849.707760    0.182855
 2850.363280    0.193243
 2851.018800    0.204149
 2851.676270    0.215631
 2852.332280    0.227649
 2852.989990    0.240286
 2853.646480    0.253510
 2854.304440    0.267399
 2854.960940    0.281916
 2855.617920    0.297128
 2856.276370    0.313087
 2856.933350    0.329748
 2857.592290    0.347227
 2858.249760    0.365462
 2858.908940    0.384570
 2859.566650    0.404489
 2860.224370    0.425289
 2860.883790    0.447061
 2861.541750    0.469728
 2862.201900    0.493454
 2862.860350    0.518129
 2863.520510    0.543916
 2864.179200    0.570724
 2864.839840    0.598727
 2865.498780    0.627807
 2866.157960    0.658080
 2866.818850    0.689654
 2867.478520    0.722428
 2868.139650    0.756573
 2868.799320    0.791972
 2869.460940    0.828849
 2870.121090    0.867052
 2870.781490    0.906715
 2871.443360    0.947955
 2872.103760    0.990626
 2872.766360    1.035008
 2873.427000    1.080862
 2874.089600    1.128498
 2874.750730    1.177711
 2875.412110    1.228662
 2876.075440    1.281530
 2876.736820    1.336043
 2877.400390    1.392584
 2878.062260    1.450858
 2878.725830    1.511206
 2879.388180    1.573400
 2880.050540    1.637587
 2880.714600    1.703979
 2881.377440    1.772318
 2882.041750    1.842920
 2882.704830    1.915538
 2883.369380    1.990498
 2884.032960    2.067563
 2884.696530    2.146872
 2885.361330    2.228610
 2886.025390    2.312570
 2886.690920    2.399063
 2887.354980    2.487736
 2888.020510    2.579009
 2888.685060    2.672574
 2889.349610    2.768589
 2890.015870    2.867331
 2890.680910    2.968390
 2891.347410    3.072198
 2892.012700    3.178353
 2892.679200    3.287261
 2893.344970    3.398620
 2894.010500    3.512519
 2894.677730    3.629310
 2895.343510    3.748446
 2896.011470    3.870595
 2896.677490    3.995000
 2897.345460    4.122394
 2898.011960    4.252125
 2898.678960    4.384567
 2899.347170    4.519865
 2900.014160    4.657518
 2900.682860    4.798121
 2901.350100    4.940997
 2902.019530    5.086913
 2902.687010    5.234948
 2903.354740    5.385557
 2904.024410    5.539111
 2904.692380    5.694746
 2905.361820    5.853166
 2906.030520    6.013821
 2906.700680    6.177206
 2907.369140    6.342504
 2908.038090    6.510210
 2908.708500    6.680530
 2909.377930    6.852798
 2910.048830    7.027589
 2910.718260    7.204083
 2911.389650    7.383130
 2912.059330    7.563686
 2912.729250    7.746206
 2913.400630    7.930964
 2914.070800    8.117146
 2914.742920    8.305568
 2915.413570    8.495190
 2916.085690    8.686759
 2916.756590    8.879430
 2917.429200    9.073956
 2918.100340    9.269335
 2918.771730    9.465964
 2919.444580    9.664111
 2920.116210    9.862888
 2920.789550    10.063064
 2921.461670    10.263664
 2922.135500    10.465461
 2922.807370    10.667247
 2923.479740    10.869643
 2924.154050    11.072987
 2924.826660    11.276052
 2925.500980    11.479760
 2926.174070    11.683106
 2926.848880    11.886857
 2927.522220    12.089931
 2928.195800    12.292722
 2928.870850    12.495474
 2929.544920    12.697328
 2930.220460    12.898882
 2930.894530    13.099141
 2931.570310    13.298921
 2932.244630    13.497146
 2932.919190    13.694197
 2933.595700    13.890437
 2934.270260    14.084605
 2934.947270    14.277831
 2935.622310    14.468727
 2936.299070    14.658202
 2936.974850    14.845371
 2937.650390    15.030313
 2938.327880    15.213491
 2939.003660    15.393788
 2939.681400    15.572050
 2940.357670    15.747252
 2941.035640    15.920087
 2941.712160    16.089623
 2942.389160    16.256231
 2943.067630    16.420021
 2943.744630    16.580168
 2944.423580    16.737350
 2945.100830    16.890615
 2945.780030    17.040676
 2946.457760    17.186655
 2947.135500    17.328777
 2947.815190    17.467331
 2948.493410    17.601509
 2949.173100    17.731796
 2949.851560    17.857576
 2950.531980    17.979336
 2951.210450    18.096285
 2951.889650    18.208815
 2952.570070    18.316902
 2953.249270    18.420074
 2953.930660    18.518766
 2954.610110    18.612307
 2955.291500    18.701153
 2955.971190    18.784761
 2956.651120    18.863335
 2957.333010    18.936983
 2958.013180    19.005253
 2958.695560    19.068481
 2959.376220    19.126259
 2960.058350    19.178816
 2960.739500    19.225914
 2961.420410    19.267595
 2962.103520    19.303951
 2962.784910    19.334749
 2963.468020    19.360117
 2964.149900    19.379932
 2964.833500    19.394258
 2965.515380    19.403017
 2966.197750    19.406256
 2966.881590    19.403950
 2967.564210    19.396114
 2968.248540    19.382725
 2968.931150    19.363863
 2969.615720    19.339441
 2970.299070    19.309589
 2970.984130    19.274204
 2971.667480    19.233496
 2972.351070    19.187401
 2973.036620    19.135818
 2973.720700    19.079048
 2974.406250    19.016895
 2975.090580    18.949657
 2975.776610    18.877096
 2976.461180    18.799604
 2977.146000    18.717072
 2977.832280    18.629398
 2978.517580    18.536966
 2979.204350    18.439512
 2979.889650    18.337538
 2980.576660    18.230650
 2981.262210    18.119429
 2981.948240    18.003647
 2982.635990    17.883183
 2983.322020    17.758722
 2984.010010    17.629700
 2984.696530    17.496857
 2985.384770    17.359676
 2986.071530    17.218899
 2986.758540    17.074291
 2987.447270    16.925642
 2988.134770    16.773693
 2988.823490    16.618017
 2989.510990    16.459290
 2990.200440    16.296886
 2990.888180    16.131790
 2991.576170    15.963666
 2992.266360    15.792143
 2992.954830    15.618314
 2993.644780    15.441505
 2994.333500    15.262532
 2995.023930    15.080758
 2995.713130    14.897076
 2996.402100    14.711369
 2997.093020    14.523159
 2997.782710    14.333441
 2998.473880    14.141606
 2999.163570    13.948596
 2999.855470    13.753511
 3000.545410    13.557652
 3001.235600    13.360530
 3001.927730    13.161776
 3002.618410    12.962502
 3003.310550    12.761987
 3004.001710    12.561064
 3004.694340    12.359149
 3005.385740    12.157146
 3006.076900    11.954895
 3006.770020    11.751872
 3007.461670    11.549197
 3008.155270    11.345988
 3008.847410    11.143361
 3009.541260    10.940501
 3010.233400    10.738522
 3010.926270    10.536819
 3011.620360    10.335360
 3012.313230    10.134960
 3013.007810    9.934875
 3013.700930    9.736124
 3014.395750    9.537892
 3015.089360    9.341116
 3015.783200    9.145468
 3016.478270    8.950769
 3017.172610    8.757657
 3017.868160    8.565674
 3018.562260    8.375644
 3019.258540    8.186646
 3019.952880    7.999882
 3020.647950    7.814703
 3021.344480    7.630991
 3022.039310    7.449649
 3022.736330    7.269726
 3023.431640    7.092293
 3024.128660    6.916536
 3024.824460    6.743252
 3025.522220    6.571708
 3026.218020    6.402909
 3026.914310    6.236307
 3027.612300    6.071660
 3028.308840    5.909760
 3029.007080    5.749908
 3029.703860    5.592864
 3030.402590    5.437891
 3031.099850    5.285780
 3031.797120    5.136227
 3032.496090    4.988895
 3033.193600    4.844477
 3033.893310    4.702233
 3034.591060    4.563023
 3035.290770    4.426077
 3035.989010    4.292076
 3036.687740    4.160645
 3037.387700    4.031659
 3038.086670    3.905524
 3038.787350    3.781758
 3039.486080    3.661003
 3040.187260    3.542494
 3040.886470    3.426969
 3041.586180    3.314004
 3042.287350    3.203441
 3042.987550    3.095651
 3043.689210    2.990243
 3044.389160    2.887675
 3045.091060    2.787391
 3045.791750    2.689825
 3046.492430    2.594775
 3047.194820    2.501995
 3047.896000    2.411845
 3048.598880    2.323924
 3049.300050    2.238629
