 2653.384280    0.000000
 2653.996340    0.000000
 2654.606690    0.000000
 2655.217290    0.000000
 2655.829830    0.000000
 2656.440670    0.000000
 2657.053220    0.000000
 2657.664550    0.000000
 2658.277340    0.000000
 2658.888920    0.000000
 2659.500730    0.000000
 2660.114010    0.000000
 2660.725830    0.000000
 2661.339360    0.000000
 2661.951660    0.000000
 2662.565430    0.000000
 2663.177980    0.000000
 2663.790530    0.000000
 2664.404790    0.000000
 2665.017820    0.000000
 2665.632320    0.000000
 2666.245610    0.000000
 2666.860350    0.000000
 2667.473880    0.000000
 2668.089110    0.000000
 2668.702880    0.000000
 2669.316890    0.000000
 2669.932370    0.000000
 2670.546630    0.000000
 2671.162350    0.000000
 2671.776860    0.000000
 2672.393070    0.000000
 2673.007810    0.000000
 2673.622560    0.000000
 2674.239260    0.000000
 2674.854490    0.000000
 2675.471190    0.000000
 2676.086670    0.000000
 2676.703860    0.000000
 2677.319580    0.000000
 2677.935550    0.000000
 2678.552980    0.000000
 2679.169190    0.000000
 2679.786870    0.000000
 2680.403560    0.000000
 2681.021480    0.000000
 2681.638430    0.000000
 2682.255370    0.000000
 2682.873780    0.000000
 2683.490970    0.000000
 2684.109860    0.000000
 2684.727290    0.000000
 2685.346440    0.000000
 2685.964110    0.000000
 2686.582030    0.000000
 2687.201660    0.000000
 2687.819820    0.000000
 2688.439450    0.000000
 2689.057860    0.000000
 2689.677980    0.000000
 2690.296880    0.000000
 2690.915770    0.000000
 2691.536380    0.000000
 2692.155270    0.000000
 2692.776370    0.000000
 2693.395750    0.000000
 2694.016850    0.000000
 2694.636720    0.000000
 2695.256590    0.000000
 2695.877930    0.000000
 2696.498050    0.000000
 2697.119870    0.000000
 2697.740480    0.000000
 2698.362550    0.000000
 2698.983400    0.000000
 2699.604250    0.000000
 2700.226810    0.000000
 2700.847900    0.000000
 2701.470700    0.000000
 2702.092040    0.000000
 2702.715330    0.000000
 2703.337160    0.000000
 2703.958980    0.000000
 2704.582520    0.000000
 2705.204830    0.000000
 2705.828370    0.000000
 2706.450930    0.000000
 2707.074950    0.000000
 2707.697750    0.000000
 2708.320800    0.000000
 2708.945310    0.000000
 2709.568360    0.000000
 2710.193360    0.000000
 2710.816650    0.000000
 2711.441890    0.000000
 2712.065670    0.000000
 2712.689450    0.000000
 2713.314940    0.000000
 2713.939210    0.000000
 2714.565190    0.000000
 2715.189450    0.000000
 2715.815670    0.000000
 2716.440430    0.000000
 2717.066890    0.000000
 2717.691890    0.000000
 2718.317140    0.000000
 2718.943850    0.000000
 2719.569340    0.000000
 2720.196530    0.000000
 2720.822270    0.000000
 2721.449710    0.000000
 2722.075680    0.000000
 2722.702150    0.000000
 2723.329830    0.000000
 2723.956300    0.000000
 2724.584470    0.000000
 2725.211430    0.000000
 2725.839600    0.000000
 2726.466800    0.000000
 2727.093990    0.000000
 2727.722900    0.000000
 2728.350340    0.000000
 2728.979490    0.000000
 2729.607420    0.000000
 2730.236820    0.000000
 2730.864750    0.000000
 2731.493160    0.000000
 2732.122800    0.000000
 2732.751460    0.000000
 2733.381590    0.000000
 2734.010500    0.000000
 2734.640870    0.000000
 2735.270020    0.000000
 2735.899410    0.000000
 2736.530270    0.000000
 2737.159670    0.000000
 2737.790770    0.000000
 2738.420650    0.000000
 2739.052250    0.000000
 2739.682370    0.000000
 2740.312500    0.000000
 2740.944340    0.000000
 2741.575200    0.000000
 2742.207280    0.000000
 2742.838130    0.000000
 2743.470460    0.000000
 2744.101560    0.000000
 2744.732910    0.000000
 2745.365970    0.000000
 2745.997310    0.000000
 2746.630860    0.000000
 2747.262700    0.000000
 2747.896000    0.000000
 2748.528080    0.000000
 2749.160640    0.000000
 2749.794430    0.000000
 2750.427000    0.000000
 2751.061280    0.000000
 2751.694090    0.000000
 2752.328610    0.000000
 2752.961910    0.000000
 2753.595210    0.000000
 2754.230220    0.000000
 2754.863770    0.000000
 2755.499020    0.000000
 2756.132810    0.000000
 2756.768550    0.000000
 2757.402590    0.000000
 2758.036870    0.000000
 2758.673100    0.000000
 2759.307620    0.000000
 2759.943850    0.000000
 2760.578860    0.000000
 2761.215330    0.000000
 2761.850590    0.000000
 2762.487550    0.000000
 2763.123050    0.000000
 2763.758790    0.000000
 2764.396000    0.000000
 2765.031980    0.000000
 2765.669430    0.000000
 2766.305910    0.000000
 2766.943600    0.000000
 2767.580320    0.000000
 2768.216800    0.000000
 2768.855220    0.000000
 2769.492190    0.000000
 2770.130860    0.000000
 2770.768070    0.000000
 2771.407230    0.000000
 2772.044680    0.000000
 2772.682130    0.000000
 2773.321780    0.000000
 2773.959720    0.000000
 2774.599370    0.000000
 2775.237550    0.000000
 2775.877690    0.000000
 2776.516360    0.000000
 2777.155030    0.000000
 2777.795170    0.000000
 2778.434330    0.000001
 2779.074950    0.000001
 2779.714360    0.000001
 2780.355470    0.000001
 2780.995120    0.000001
 2781.634770    0.000001
 2782.276120    0.000001
 2782.916260    0.000001
 2783.558110    0.000001
 2784.198490    0.000001
 2784.840330    0.000001
 2785.480960    0.000002
 2786.121830    0.000002
 2786.764400    0.000002
 2787.405270    0.000002
 2788.048100    0.000002
 2788.689450    0.000003
 2789.332520    0.000003
 2789.974370    0.000003
 2790.615970    0.000004
 2791.259770    0.000004
 2791.901610    0.000004
 2792.545410    0.000005
 2793.187990    0.000005
 2793.832030    0.000006
 2794.474850    0.000006
 2795.117680    0.000007
 2795.762210    0.000008
 2796.405520    0.000008
 2797.050290    0.000009
 2797.693600    0.000010
 2798.338870    0.000010
 2798.982420    0.000011
 2799.626460    0.000013
 2800.272220    0.000014
 2800.916260    0.000015
 2801.562260    0.000017
 2802.206790    0.000019
 2802.852780    0.000020
 2803.497560    0.000022
 2804.142580    0.000025
 2804.789310    0.000027
 2805.434330    0.000030
 2806.081300    0.000031
 2806.726810    0.000035
 2807.374020    0.000038
 2808.020020    0.000042
 2808.666020    0.000046
 2809.313480    0.000050
 2809.959960    0.000054
 2810.607910    0.000059
 2811.254390    0.000064
 2811.902830    0.000071
 2812.549560    0.000076
 2813.198240    0.000083
 2813.845210    0.000091
 2814.492680    0.000098
 2815.141600    0.000108
 2815.789310    0.000116
 2816.438720    0.000127
 2817.086430    0.000138
 2817.736080    0.000150
 2818.384520    0.000163
 2819.032710    0.000177
 2819.682620    0.000192
 2820.331300    0.000209
 2820.981930    0.000226
 2821.630620    0.000245
 2822.281490    0.000266
 2822.930660    0.000288
 2823.580080    0.000313
 2824.231200    0.000339
 2824.880860    0.000366
 2825.532230    0.000397
 2826.182370    0.000429
 2826.833980    0.000464
 2827.484380    0.000503
 2828.134770    0.000544
 2828.786870    0.000587
 2829.437740    0.000634
 2830.090090    0.000685
 2830.741210    0.000740
 2831.394040    0.000798
 2832.045410    0.000861
 2832.697020    0.000929
 2833.350100    0.001002
 2834.001950    0.001080
 2834.655520    0.001163
 2835.307620    0.001254
 2835.961180    0.001350
 2836.613770    0.001453
 2837.266360    0.001564
 2837.920410    0.001683
 2838.573490    0.001810
 2839.228030    0.001946
 2839.881100    0.002091
 2840.535890    0.002248
 2841.189450    0.002414
 2841.843020    0.002591
 2842.498540    0.002782
 2843.152340    0.002985
 2843.807860    0.003202
 2844.462160    0.003434
 2845.118160    0.003681
 2845.772710    0.003945
 2846.427250    0.004226
 2847.083740    0.004526
 2847.738770    0.004846
 2848.395260    0.005187
 2849.050540    0.005549
 2849.707760    0.005936
 2850.363280    0.006347
 2851.018800    0.006783
 2851.676270    0.007249
 2852.332280    0.007743
 2852.989990    0.008269
 2853.646480    0.008827
 2854.304440    0.009421
 2854.960940    0.010050
 2855.617920    0.010717
 2856.276370    0.011428
 2856.933350    0.012179
 2857.592290    0.012978
 2858.249760    0.013823
 2858.908940    0.014720
 2859.566650    0.015668
 2860.224370    0.016671
 2860.883790    0.017735
 2861.541750    0.018860
 2862.201900    0.020052
 2862.860350    0.021310
 2863.520510    0.022642
 2864.179200    0.024047
 2864.839840    0.025535
 2865.498780    0.027102
 2866.157960    0.028756
 2866.818850    0.030506
 2867.478520    0.032348
 2868.139650    0.034294
 2868.799320    0.036342
 2869.460940    0.038506
 2870.121090    0.040779
 2870.781490    0.043175
 2871.443360    0.045701
 2872.103760    0.048354
 2872.766360    0.051154
 2873.427000    0.054090
 2874.089600    0.057184
 2874.750730    0.060430
 2875.412110    0.063840
 2876.075440    0.067432
 2876.736820    0.071193
 2877.400390    0.075151
 2878.062260    0.079294
 2878.725830    0.083651
 2879.388180    0.088210
 2880.050540    0.092988
 2880.714600    0.098007
 2881.377440    0.103255
 2882.041750    0.108762
 2882.704830    0.114516
 2883.369380    0.120550
 2884.032960    0.126853
 2884.696530    0.133443
 2885.361330    0.140346
 2886.025390    0.147551
 2886.690920    0.155095
 2887.354980    0.162956
 2888.020510    0.171183
 2888.685060    0.179755
 2889.349610    0.188700
 2890.015870    0.198052
 2890.680910    0.207788
 2891.347410    0.217957
 2892.012700    0.228534
 2892.679200    0.239573
 2893.344970    0.251056
 2894.010500    0.263005
 2894.677730    0.275474
 2895.343510    0.288416
 2896.011470    0.301922
 2896.677490    0.315923
 2897.345460    0.330519
 2898.011960    0.345652
 2898.678960    0.361382
 2899.347170    0.377746
 2900.014160    0.394702
 2900.682860    0.412344
 2901.350100    0.430607
 2902.019530    0.449611
 2902.687010    0.469255
 2903.354740    0.489624
 2904.024410    0.510790
 2904.692380    0.532660
 2905.361820    0.555354
 2906.030520    0.578822
 2906.700680    0.603162
 2907.369140    0.628278
 2908.038090    0.654271
 2908.708500    0.681205
 2909.377930    0.709002
 2910.048830    0.737788
 2910.718260    0.767457
 2911.389650    0.798183
 2912.059330    0.829822
 2912.729250    0.862483
 2913.400630    0.896251
 2914.070800    0.931014
 2914.742920    0.966961
 2915.413570    1.003930
 2916.085690    1.042107
 2916.756590    1.081359
 2917.429200    1.121881
 2918.100340    1.163507
 2918.771730    1.206356
 2919.444580    1.250536
 2920.116210    1.295889
 2920.789550    1.342638
 2921.461670    1.390600
 2922.135500    1.440006
 2922.807370    1.490608
 2923.479740    1.542603
 2924.154050    1.596132
 2924.826660    1.650925
 2925.500980    1.707276
 2926.174070    1.764962
 2926.848880    1.824253
 2927.522220    1.884887
 2928.195800    1.947030
 2928.870850    2.010817
 2929.544920    2.076032
 2930.220460    2.142928
 2930.894530    2.211229
 2931.570310    2.281270
 2932.244630    2.352733
 2932.919190    2.425807
 2933.595700    2.500694
 2934.270260    2.576972
 2934.947270    2.655146
 2935.622310    2.734717
 2936.299070    2.816123
 2936.974850    2.899046
 2937.650390    2.983576
 2938.327880    3.069996
 2939.003660    3.157840
 2939.681400    3.247583
 2940.357670    3.338776
 2941.035640    3.431839
 2941.712160    3.526335
 2942.389160    3.622526
 2943.067630    3.720551
 2943.744630    3.819973
 2944.423580    3.921288
 2945.100830    4.023934
 2945.780030    4.128453
 2946.457760    4.234304
 2947.135500    4.341692
 2947.815190    4.450912
 2948.493410    4.561393
 2949.173100    4.673588
 2949.851560    4.787027
 2950.531980    4.902217
 2951.210450    5.018463
 2951.889650    5.136189
 2952.570070    5.255450
 2953.249270    5.375784
 2953.930660    5.497756
 2954.610110    5.620585
 2955.291500    5.744931
 2955.971190    5.870082
 2956.651120    5.996346
 2957.333010    6.123994
 2958.013180    6.252289
 2958.695560    6.381913
 2959.376220    6.512070
 2960.058350    6.643305
 2960.739500    6.775088
 2961.420410    6.907495
 2962.103520    7.040938
 2962.784910    7.174586
 2963.468020    7.309041
 2964.149900    7.443652
 2964.833500    7.578926
 2965.515380    7.714108
 2966.197750    7.849555
 2966.881590    7.985384
 2967.564210    8.120975
 2968.248540    8.256831
 2968.931150    8.392183
 2969.615720    8.527675
 2970.299070    8.662584
 2970.984130    8.797401
 2971.667480    8.931362
 2972.351070    9.064757
 2973.036620    9.197823
 2973.720700    9.329800
 2974.406250    9.461154
 2975.090580    9.591276
 2975.776610    9.720622
 2976.461180    9.848495
 2977.146000    9.975115
 2977.832280    10.100605
 2978.517580    10.224417
 2979.204350    10.346887
 2979.889650    10.467394
 2980.576660    10.586392
 2981.262210    10.703232
 2981.948240    10.818149
 2982.635990    10.931237
 2983.322020    11.041837
 2984.010010    11.150437
 2984.696530    11.256397
 2985.384770    11.360110
 2986.071530    11.460999
 2986.758540    11.559230
 2987.447270    11.654906
 2988.134770    11.747526
 2988.823490    11.837329
 2989.510990    11.923909
 2990.200440    12.007576
 2990.888180    12.087798
 2991.576170    12.164736
 2992.266360    12.238507
 2992.954830    12.308619
 2993.644780    12.375319
 2994.333500    12.438275
 2995.023930    12.497688
 2995.713130    12.553235
 2996.402100    12.604944
 2997.093020    12.652909
 2997.782710    12.696851
 2998.473880    12.736886
 2999.163570    12.772799
 2999.855470    12.804730
 3000.545410    12.832445
 3001.235600    12.856015
 3001.927730    12.875446
 3002.618410    12.890610
 3003.310550    12.901547
 3004.001710    12.908200
 3004.694340    12.910569
 3005.385740    12.908634
 3006.076900    12.902401
 3006.770020    12.891832
 3007.461670    12.876978
 3008.155270    12.857769
 3008.847410    12.834308
 3009.541260    12.806499
 3010.233400    12.774504
 3010.926270    12.738240
 3011.620360    12.697698
 3012.313230    12.653051
 3013.007810    12.604147
 3013.700930    12.551250
 3014.395750    12.494164
 3015.089360    12.433171
 3015.783200    12.368212
 3016.478270    12.299239
 3017.172610    12.226507
 3017.868160    12.149875
 3018.562260    12.069708
 3019.258540    11.985655
 3019.952880    11.898293
 3020.647950    11.807372
 3021.344480    11.712869
 3022.039310    11.615299
 3022.736330    11.514204
 3023.431640    11.410239
 3024.128660    11.302992
 3024.824460    11.193007
 3025.522220    11.079880
 3026.218020    10.964347
 3026.914310    10.846117
 3027.612300    10.725079
 3028.308840    10.601890
 3029.007080    10.476099
 3029.703860    10.348387
 3030.402590    10.218242
 3031.099850    10.086411
 3031.797120    9.952738
 3032.496090    9.817007
 3033.193600    9.679947
 3033.893310    9.540956
 3034.591060    9.400972
 3035.290770    9.259332
 3035.989010    9.116841
 3036.687740    8.973222
 3037.387700    8.828436
 3038.086670    8.683050
 3038.787350    8.536625
 3039.486080    8.390036
 3040.187260    8.242476
 3040.886470    8.094979
 3041.586180    7.947145
 3042.287350    7.798871
 3042.987550    7.650782
 3043.689210    7.502470
 3044.389160    7.354706
 3045.091060    7.206820
 3045.791750    7.059579
 3046.492430    6.912824
 3047.194820    6.766293
 3047.896000    6.620690
 3048.598880    6.475498
 3049.300050    6.331510
