 2653.384280    2.298321
 2653.996340    2.382847
 2654.606690    2.469094
 2655.217290    2.557321
 2655.829830    2.647770
 2656.440670    2.739888
 2657.053220    2.834169
 2657.664550    2.930141
 2658.277340    3.028200
 2658.888920    3.127888
 2659.500730    3.229405
 2660.114010    3.332923
 2660.725830    3.437908
 2661.339360    3.544859
 2661.951660    3.653219
 2662.565430    3.763412
 2663.177980    3.874900
 2663.790530    3.987841
 2664.404790    4.102491
 2665.017820    4.218238
 2665.632320    4.335517
 2666.245610    4.453740
 2666.860350    4.573348
 2667.473880    4.693733
 2668.089110    4.815385
 2668.702880    4.937588
 2669.316890    5.060583
 2669.932370    5.184522
 2670.546630    5.308761
 2671.162350    5.433741
 2671.776860    5.558809
 2672.393070    5.684452
 2673.007810    5.809906
 2673.622560    5.935357
 2674.239260    6.061082
 2674.854490    6.186265
 2675.471190    6.311376
 2676.086670    6.435745
 2676.703860    6.559835
 2677.319580    6.682880
 2677.935550    6.805091
 2678.552980    6.926577
 2679.169190    7.046673
 2679.786870    7.165769
 2680.403560    7.283258
 2681.021480    7.399424
 2681.638430    7.513716
 2682.255370    7.626186
 2682.873780    7.736960
 2683.490970    7.845424
 2684.109860    7.951955
 2684.727290    8.055877
 2685.346440    8.157592
 2685.964110    8.256447
 2686.582030    8.352602
 2687.201660    8.446147
 2687.819820    8.536480
 2688.439450    8.623913
 2689.057860    8.707948
 2689.677980    8.788869
 2690.296880    8.866183
 2690.915770    8.939951
 2691.536380    9.010260
 2692.155270    9.076630
 2692.776370    9.139382
 2693.395750    9.198034
 2694.016850    9.252829
 2694.636720    9.303429
 2695.256590    9.349874
 2695.877930    9.392200
 2696.498050    9.430158
 2697.119870    9.463872
 2697.740480    9.493133
 2698.362550    9.518023
 2698.983400    9.538402
 2699.604250    9.554293
 2700.226810    9.565702
 2700.847900    9.572555
 2701.470700    9.574875
 2702.092040    9.572650
 2702.715330    9.565866
 2703.337160    9.554568
 2703.958980    9.538767
 2704.582520    9.518425
 2705.204830    9.493668
 2705.828370    9.464437
 2706.450930    9.430880
 2707.074950    9.392912
 2707.697750    9.350755
 2708.320800    9.304382
 2708.945310    9.253760
 2709.568360    9.199204
 2710.193360    9.140493
 2710.816650    9.078059
 2711.441890    9.011627
 2712.065670    8.941658
 2712.689450    8.868104
 2713.314940    8.790862
 2713.939210    8.710404
 2714.565190    8.626472
 2715.189450    8.539644
 2715.815670    8.449543
 2716.440430    8.356787
 2717.066890    8.261041
 2717.691890    8.162929
 2718.317140    8.062332
 2718.943850    7.959191
 2719.569340    7.854096
 2720.196530    7.746704
 2720.822270    7.637710
 2721.449710    7.526716
 2722.075680    7.414441
 2722.702150    7.300696
 2723.329830    7.185505
 2723.956300    7.069473
 2724.584470    6.952223
 2725.211430    6.834459
 2725.839600    6.715889
 2726.466800    6.597089
 2727.093990    6.478038
 2727.722900    6.358573
 2728.350340    6.239459
 2728.979490    6.120255
 2729.607420    6.001677
 2730.236820    5.883380
 2730.864750    5.766071
 2731.493160    5.649540
 2732.122800    5.533813
 2732.751460    5.419446
 2733.381590    5.306150
 2734.010500    5.194561
 2734.640870    5.084350
 2735.270020    4.976135
 2735.899410    4.869805
 2736.530270    4.765303
 2737.159670    4.663258
 2737.790770    4.563291
 2738.420650    4.466008
 2739.052250    4.371092
 2739.682370    4.279153
 2740.312500    4.190097
 2740.944340    4.103821
 2741.575200    4.020821
 2742.207280    3.940933
 2742.838130    3.864584
 2743.470460    3.791571
 2744.101560    3.722320
 2744.732910    3.656774
 2745.365970    3.594910
 2745.997310    3.537171
 2746.630860    3.483311
 2747.262700    3.433772
 2747.896000    3.388404
 2748.528080    3.347502
 2749.160640    3.311049
 2749.794430    3.279114
 2750.427000    3.251916
 2751.061280    3.229428
 2751.694090    3.211855
 2752.328610    3.199202
 2752.961910    3.191618
 2753.595210    3.189161
 2754.230220    3.191929
 2754.863770    3.199990
 2755.499020    3.213470
 2756.132810    3.232381
 2756.768550    3.256908
 2757.402590    3.286988
 2758.036870    3.322764
 2758.673100    3.364434
 2759.307620    3.411828
 2759.943850    3.465266
 2760.578860    3.524574
 2761.215330    3.590068
 2761.850590    3.661532
 2762.487550    3.739358
 2763.123050    3.823217
 2763.758790    3.913363
 2764.396000    4.010045
 2765.031980    4.112902
 2765.669430    4.222412
 2766.305910    4.338199
 2766.943600    4.460701
 2767.580320    4.589528
 2768.216800    4.724834
 2768.855220    4.867133
 2769.492190    5.015688
 2770.130860    5.171251
 2770.768070    5.333059
 2771.407230    5.501989
 2772.044680    5.677071
 2772.682130    5.858737
 2773.321780    6.047630
 2773.959720    6.242580
 2774.599370    6.444600
 2775.237550    6.652655
 2775.877690    6.867823
 2776.516360    7.088910
 2777.155030    7.316339
 2777.795170    7.550591
 2778.434330    7.790698
 2779.074950    8.037506
 2779.714360    8.289886
 2780.355470    8.548903
 2780.995120    8.813169
 2781.634770    9.083147
 2782.276120    9.359451
 2782.916260    9.640691
 2783.558110    9.928009
 2784.198490    10.219831
 2784.840330    10.517323
 2785.480960    10.819065
 2786.121830    11.125551
 2786.764400    11.437303
 2787.405270    11.752456
 2788.048100    12.072594
 2788.689450    12.395793
 2789.332520    12.723417
 2789.974370    13.053730
 2790.615970    13.386965
 2791.259770    13.724137
 2791.901610    14.062801
 2792.545410    14.404731
 2793.187990    14.747950
 2793.832030    15.093587
 2794.474850    15.439896
 2795.117680    15.787210
 2795.762210    16.136129
 2796.405520    16.484732
 2797.050290    16.834133
 2797.693600    17.182396
 2798.338870    17.531017
 2798.982420    17.877657
 2799.626460    18.223141
 2800.272220    18.567741
 2800.916260    18.909269
 2801.562260    19.249277
 2802.206790    19.585592
 2802.852780    19.919357
 2803.497560    20.248804
 2804.142580    20.574299
 2804.789310    20.896189
 2805.434330    21.212378
 2806.081300    21.524282
 2806.726810    21.829868
 2807.374020    22.130255
 2808.020020    22.423700
 2808.666020    22.710413
 2809.313480    22.990650
 2809.959960    23.262989
 2810.607910    23.528097
 2811.254390    23.784432
 2811.902830    24.032995
 2812.549560    24.272055
 2813.198240    24.502638
 2813.845210    24.723126
 2814.492680    24.933998
 2815.141600    25.135239
 2815.789310    25.325733
 2816.438720    25.506071
 2817.086430    25.675055
 2817.736080    25.833389
 2818.384520    25.980068
 2819.032710    26.115143
 2819.682620    26.238789
 2820.331300    26.350262
 2820.981930    26.449928
 2821.630620    26.537046
 2822.281490    26.612043
 2822.930660    26.674345
 2823.580080    26.724091
 2824.231200    26.761269
 2824.880860    26.785631
 2825.532230    26.797258
 2826.182370    26.796063
 2826.833980    26.782038
 2827.484380    26.755249
 2828.134770    26.715721
 2828.786870    26.663357
 2829.437740    26.598452
 2830.090090    26.520824
 2830.741210    26.430897
 2831.394040    26.328379
 2832.045410    26.213907
 2832.697020    26.087380
 2833.350100    25.948688
 2834.001950    25.798594
 2834.655520    25.636622
 2835.307620    25.463779
 2835.961180    25.279530
 2836.613770    25.084806
 2837.266360    24.879610
 2837.920410    24.663729
 2838.573490    24.438253
 2839.228030    24.202635
 2839.881100    23.958252
 2840.535890    23.704235
 2841.189450    23.442053
 2841.843020    23.171585
 2842.498540    22.892347
 2843.152340    22.606253
 2843.807860    22.312180
 2844.462160    22.011814
 2845.118160    21.704180
 2845.772710    21.391151
 2846.427250    21.072435
 2847.083740    20.747448
 2847.738770    20.418272
 2848.395260    20.083828
 2849.050540    19.745878
 2849.707760    19.403177
 2850.363280    19.058027
 2851.018800    18.709930
 2851.676270    18.358227
 2852.332280    18.005133
 2852.989990    17.649321
 2853.646480    17.292748
 2854.304440    16.934338
 2854.960940    16.576042
 2855.617920    16.217163
 2856.276370    15.857522
 2856.933350    15.499058
 2857.592290    15.140252
 2858.249760    14.783294
 2858.908940    14.426781
 2859.566650    14.072742
 2860.224370    13.720684
 2860.883790    13.369992
 2861.541750    13.022635
 2862.201900    12.676953
 2862.860350    12.335258
 2863.520510    11.996020
 2864.179200    11.661110
 2864.839840    11.329020
 2865.498780    11.001804
 2866.157960    10.678679
 2866.818850    10.359138
 2867.478520    10.044778
 2868.139650    9.734489
 2868.799320    9.429799
 2869.460940    9.129274
 2870.121090    8.834609
 2870.781490    8.545138
 2871.443360    8.260457
 2872.103760    7.981920
 2872.766360    7.708078
 2873.427000    7.440721
 2874.089600    7.178332
 2874.750730    6.922322
 2875.412110    6.672055
 2876.075440    6.426947
 2876.736820    6.188461
 2877.400390    5.955118
 2878.062260    5.728302
 2878.725830    5.506835
 2879.388180    5.291688
 2880.050540    5.082428
 2880.714600    4.878508
 2881.377440    4.680795
 2882.041750    4.488448
 2882.704830    4.302197
 2883.369380    4.121235
 2884.032960    3.946169
 2884.696530    3.776659
 2885.361330    3.612338
 2886.025390    3.453613
 2886.690920    3.299885
 2887.354980    3.151744
 2888.020510    3.008444
 2888.685060    2.870421
 2889.349610    2.737366
 2890.015870    2.608852
 2890.680910    2.485348
 2891.347410    2.366251
 2892.012700    2.251936
 2892.679200    2.141874
 2893.344970    2.036284
 2894.010500    1.934966
 2894.677730    1.837525
 2895.343510    1.744314
 2896.011470    1.654715
 2896.677490    1.569171
 2897.345460    1.487070
 2898.011960    1.408723
 2898.678960    1.333780
 2899.347170    1.262061
 2900.014160    1.193720
 2900.682860    1.128347
 2901.350100    1.066151
 2902.019530    1.006683
 2902.687010    0.950215
 2903.354740    0.896442
 2904.024410    0.845142
 2904.692380    0.796495
 2905.361820    0.750171
 2906.030520    0.706230
 2906.700680    0.664438
 2907.369140    0.624901
 2908.038090    0.587393
 2908.708500    0.551782
 2909.377930    0.518114
 2910.048830    0.486187
 2910.718260    0.456058
 2911.389650    0.427501
 2912.059330    0.400593
 2912.729250    0.375180
 2913.400630    0.351151
 2914.070800    0.328532
 2914.742920    0.307156
 2915.413570    0.287066
 2916.085690    0.268112
 2916.756590    0.250315
 2917.429200    0.233539
 2918.100340    0.217809
 2918.771730    0.203029
 2919.444580    0.189127
 2920.116210    0.176110
 2920.789550    0.163875
 2921.461670    0.152432
 2922.135500    0.141689
 2922.807370    0.131665
 2923.479740    0.122280
 2924.154050    0.113482
 2924.826660    0.105283
 2925.500980    0.097608
 2926.174070    0.090457
 2926.848880    0.083772
 2927.522220    0.077554
 2928.195800    0.071758
 2928.870850    0.066351
 2929.544920    0.061326
 2930.220460    0.056643
 2930.894530    0.052300
 2931.570310    0.048255
 2932.244630    0.044508
 2932.919190    0.041029
 2933.595700    0.037794
 2934.270260    0.034804
 2934.947270    0.032025
 2935.622310    0.029460
 2936.299070    0.027081
 2936.974850    0.024883
 2937.650390    0.022853
 2938.327880    0.020972
 2939.003660    0.019240
 2939.681400    0.017638
 2940.357670    0.016165
 2941.035640    0.014803
 2941.712160    0.013552
 2942.389160    0.012399
 2943.067630    0.011335
 2943.744630    0.010361
 2944.423580    0.009461
 2945.100830    0.008638
 2945.780030    0.007881
 2946.457760    0.007187
 2947.135500    0.006552
 2947.815190    0.005967
 2948.493410    0.005433
 2949.173100    0.004943
 2949.851560    0.004496
 2950.531980    0.004086
 2951.210450    0.003713
 2951.889650    0.003371
 2952.570070    0.003058
 2953.249270    0.002774
 2953.930660    0.002515
 2954.610110    0.002278
 2955.291500    0.002063
 2955.971190    0.001867
 2956.651120    0.001689
 2957.333010    0.001527
 2958.013180    0.001379
 2958.695560    0.001245
 2959.376220    0.001124
 2960.058350    0.001014
 2960.739500    0.000915
 2961.420410    0.000824
 2962.103520    0.000742
 2962.784910    0.000668
 2963.468020    0.000601
 2964.149900    0.000540
 2964.833500    0.000485
 2965.515380    0.000436
 2966.197750    0.000391
 2966.881590    0.000351
 2967.564210    0.000315
 2968.248540    0.000282
 2968.931150    0.000253
 2969.615720    0.000226
 2970.299070    0.000202
 2970.984130    0.000180
 2971.667480    0.000161
 2972.351070    0.000144
 2973.036620    0.000129
 2973.720700    0.000114
 2974.406250    0.000102
 2975.090580    0.000092
 2975.776610    0.000081
 2976.461180    0.000072
 2977.146000    0.000065
 2977.832280    0.000057
 2978.517580    0.000051
 2979.204350    0.000045
 2979.889650    0.000040
 2980.576660    0.000035
 2981.262210    0.000031
 2981.948240    0.000028
 2982.635990    0.000025
 2983.322020    0.000022
 2984.010010    0.000019
 2984.696530    0.000017
 2985.384770    0.000015
 2986.071530    0.000013
 2986.758540    0.000011
 2987.447270    0.000010
 2988.134770    0.000010
 2988.823490    0.000008
 2989.510990    0.000007
 2990.200440    0.000007
 2990.888180    0.000006
 2991.576170    0.000005
 2992.266360    0.000004
 2992.954830    0.000004
 2993.644780    0.000003
 2994.333500    0.000003
 2995.023930    0.000003
 2995.713130    0.000002
 2996.402100    0.000002
 2997.093020    0.000002
 2997.782710    0.000002
 2998.473880    0.000001
 2999.163570    0.000001
 2999.855470    0.000001
 3000.545410    0.000001
 3001.235600    0.000001
 3001.927730    0.000001
 3002.618410    0.000001
 3003.310550    0.000001
 3004.001710    0.000000
 3004.694340    0.000000
 3005.385740    0.000000
 3006.076900    0.000000
 3006.770020    0.000000
 3007.461670    0.000000
 3008.155270    0.000000
 3008.847410    0.000000
 3009.541260    0.000000
 3010.233400    0.000000
 3010.926270    0.000000
 3011.620360    0.000000
 3012.313230    0.000000
 3013.007810    0.000000
 3013.700930    0.000000
 3014.395750    0.000000
 3015.089360    0.000000
 3015.783200    0.000000
 3016.478270    0.000000
 3017.172610    0.000000
 3017.868160    0.000000
 3018.562260    0.000000
 3019.258540    0.000000
 3019.952880    0.000000
 3020.647950    0.000000
 3021.344480    0.000000
 3022.039310    0.000000
 3022.736330    0.000000
 3023.431640    0.000000
 3024.128660    0.000000
 3024.824460    0.000000
 3025.522220    0.000000
 3026.218020    0.000000
 3026.914310    0.000000
 3027.612300    0.000000
 3028.308840    0.000000
 3029.007080    0.000000
 3029.703860    0.000000
 3030.402590    0.000000
 3031.099850    0.000000
 3031.797120    0.000000
 3032.496090    0.000000
 3033.193600    0.000000
 3033.893310    0.000000
 3034.591060    0.000000
 3035.290770    0.000000
 3035.989010    0.000000
 3036.687740    0.000000
 3037.387700    0.000000
 3038.086670    0.000000
 3038.787350    0.000000
 3039.486080    0.000000
 3040.187260    0.000000
 3040.886470    0.000000
 3041.586180    0.000000
 3042.287350    0.000000
 3042.987550    0.000000
 3043.689210    0.000000
 3044.389160    0.000000
 3045.091060    0.000000
 3045.791750    0.000000
 3046.492430    0.000000
 3047.194820    0.000000
 3047.896000    0.000000
 3048.598880    0.000000
 3049.300050    0.000000
