 2653.384280    0.000000
 2653.996340    0.000000
 2654.606690    0.000000
 2655.217290    0.000000
 2655.829830    0.000000
 2656.440670    0.000000
 2657.053220    0.000000
 2657.664550    0.000000
 2658.277340    0.000000
 2658.888920    0.000000
 2659.500730    0.000000
 2660.114010    0.000000
 2660.725830    0.000000
 2661.339360    0.000000
 2661.951660    0.000000
 2662.565430    0.000000
 2663.177980    0.000000
 2663.790530    0.000000
 2664.404790    0.000000
 2665.017820    0.000000
 2665.632320    0.000000
 2666.245610    0.000000
 2666.860350    0.000000
 2667.473880    0.000000
 2668.089110    0.000000
 2668.702880    0.000001
 2669.316890    0.000001
 2669.932370    0.000001
 2670.546630    0.000001
 2671.162350    0.000001
 2671.776860    0.000001
 2672.393070    0.000001
 2673.007810    0.000001
 2673.622560    0.000001
 2674.239260    0.000001
 2674.854490    0.000001
 2675.471190    0.000002
 2676.086670    0.000002
 2676.703860    0.000002
 2677.319580    0.000002
 2677.935550    0.000002
 2678.552980    0.000003
 2679.169190    0.000003
 2679.786870    0.000003
 2680.403560    0.000004
 2681.021480    0.000004
 2681.638430    0.000004
 2682.255370    0.000005
 2682.873780    0.000005
 2683.490970    0.000006
 2684.109860    0.000007
 2684.727290    0.000007
 2685.346440    0.000008
 2685.964110    0.000009
 2686.582030    0.000010
 2687.201660    0.000010
 2687.819820    0.000011
 2688.439450    0.000012
 2689.057860    0.000013
 2689.677980    0.000015
 2690.296880    0.000016
 2690.915770    0.000018
 2691.536380    0.000020
 2692.155270    0.000022
 2692.776370    0.000024
 2693.395750    0.000026
 2694.016850    0.000029
 2694.636720    0.000031
 2695.256590    0.000034
 2695.877930    0.000037
 2696.498050    0.000041
 2697.119870    0.000045
 2697.740480    0.000050
 2698.362550    0.000053
 2698.983400    0.000059
 2699.604250    0.000064
 2700.226810    0.000071
 2700.847900    0.000077
 2701.470700    0.000084
 2702.092040    0.000092
 2702.715330    0.000100
 2703.337160    0.000110
 2703.958980    0.000119
 2704.582520    0.000130
 2705.204830    0.000142
 2705.828370    0.000155
 2706.450930    0.000169
 2707.074950    0.000184
 2707.697750    0.000200
 2708.320800    0.000217
 2708.945310    0.000237
 2709.568360    0.000257
 2710.193360    0.000280
 2710.816650    0.000305
 2711.441890    0.000332
 2712.065670    0.000360
 2712.689450    0.000391
 2713.314940    0.000425
 2713.939210    0.000462
 2714.565190    0.000501
 2715.189450    0.000544
 2715.815670    0.000589
 2716.440430    0.000640
 2717.066890    0.000693
 2717.691890    0.000751
 2718.317140    0.000814
 2718.943850    0.000882
 2719.569340    0.000956
 2720.196530    0.001035
 2720.822270    0.001121
 2721.449710    0.001212
 2722.075680    0.001311
 2722.702150    0.001418
 2723.329830    0.001534
 2723.956300    0.001657
 2724.584470    0.001791
 2725.211430    0.001935
 2725.839600    0.002090
 2726.466800    0.002257
 2727.093990    0.002437
 2727.722900    0.002629
 2728.350340    0.002837
 2728.979490    0.003060
 2729.607420    0.003300
 2730.236820    0.003558
 2730.864750    0.003835
 2731.493160    0.004131
 2732.122800    0.004451
 2732.751460    0.004793
 2733.381590    0.005161
 2734.010500    0.005556
 2734.640870    0.005980
 2735.270020    0.006433
 2735.899410    0.006919
 2736.530270    0.007441
 2737.159670    0.007998
 2737.790770    0.008597
 2738.420650    0.009237
 2739.052250    0.009924
 2739.682370    0.010657
 2740.312500    0.011442
 2740.944340    0.012283
 2741.575200    0.013182
 2742.207280    0.014143
 2742.838130    0.015169
 2743.470460    0.016268
 2744.101560    0.017439
 2744.732910    0.018690
 2745.365970    0.020029
 2745.997310    0.021454
 2746.630860    0.022980
 2747.262700    0.024603
 2747.896000    0.026338
 2748.528080    0.028184
 2749.160640    0.030152
 2749.794430    0.032253
 2750.427000    0.034487
 2751.061280    0.036872
 2751.694090    0.039405
 2752.328610    0.042108
 2752.961910    0.044977
 2753.595210    0.048029
 2754.230220    0.051283
 2754.863770    0.054734
 2755.499020    0.058411
 2756.132810    0.062307
 2756.768550    0.066459
 2757.402590    0.070853
 2758.036870    0.075520
 2758.673100    0.080485
 2759.307620    0.085738
 2759.943850    0.091323
 2760.578860    0.097232
 2761.215330    0.103507
 2761.850590    0.110142
 2762.487550    0.117186
 2763.123050    0.124626
 2763.758790    0.132503
 2764.396000    0.140854
 2765.031980    0.149670
 2765.669430    0.159010
 2766.305910    0.168867
 2766.943600    0.179299
 2767.580320    0.190301
 2768.216800    0.201910
 2768.855220    0.214199
 2769.492190    0.227135
 2770.130860    0.240813
 2770.768070    0.255200
 2771.407230    0.270408
 2772.044680    0.286386
 2772.682130    0.303211
 2773.321780    0.320983
 2773.959720    0.339635
 2774.599370    0.359306
 2775.237550    0.379944
 2775.877690    0.401702
 2776.516360    0.424511
 2777.155030    0.448465
 2777.795170    0.473672
 2778.434330    0.500084
 2779.074950    0.527855
 2779.714360    0.556921
 2780.355470    0.587470
 2780.995120    0.619406
 2781.634770    0.652851
 2782.276120    0.687961
 2782.916260    0.724631
 2783.558110    0.763094
 2784.198490    0.803221
 2784.840330    0.845256
 2785.480960    0.889088
 2786.121830    0.934877
 2786.764400    0.982801
 2787.405270    1.032674
 2788.048100    1.084846
 2788.689450    1.139111
 2789.332520    1.195808
 2789.974370    1.254750
 2790.615970    1.316090
 2791.259770    1.380141
 2791.901610    1.446564
 2792.545410    1.515834
 2793.187990    1.587686
 2793.832030    1.662491
 2794.474850    1.740014
 2795.117680    1.820462
 2795.762210    1.904134
 2796.405520    1.990723
 2797.050290    2.080661
 2797.693600    2.173610
 2798.338870    2.270135
 2798.982420    2.369759
 2799.626460    2.472877
 2800.272220    2.579766
 2800.916260    2.689925
 2801.562260    2.804043
 2802.206790    2.921579
 2802.852780    3.043125
 2803.497560    3.168232
 2804.142580    3.297227
 2804.789310    3.430471
 2805.434330    3.567305
 2806.081300    3.708550
 2806.726810    3.853507
 2807.374020    4.002924
 2808.020020    4.156163
 2808.666020    4.313528
 2809.313480    4.475415
 2809.959960    4.641236
 2810.607910    4.811637
 2811.254390    4.985857
 2811.902830    5.164824
 2812.549560    5.347530
 2813.198240    5.535005
 2813.845210    5.726177
 2814.492680    5.921669
 2815.141600    6.121767
 2815.789310    6.325613
 2816.438720    6.534099
 2817.086430    6.746078
 2817.736080    6.962704
 2818.384520    7.182862
 2819.032710    7.406808
 2819.682620    7.635155
 2820.331300    7.866797
 2820.981930    8.102785
 2821.630620    8.341607
 2822.281490    8.584692
 2822.930660    8.830468
 2823.580080    9.079549
 2824.231200    9.332381
 2824.880860    9.587602
 2825.532230    9.846315
 2826.182370    10.107211
 2826.833980    10.371210
 2827.484380    10.637060
 2828.134770    10.905080
 2828.786870    11.175803
 2829.437740    11.447824
 2830.090090    11.722075
 2830.741210    11.997221
 2831.394040    12.274295
 2832.045410    12.551732
 2832.697020    12.830039
 2833.350100    13.109508
 2834.001950    13.388757
 2834.655520    13.668801
 2835.307620    13.948032
 2835.961180    14.227458
 2836.613770    14.505776
 2837.266360    14.783148
 2837.920410    15.059927
 2838.573490    15.334812
 2839.228030    15.608561
 2839.881100    15.879672
 2840.535890    16.149187
 2841.189450    16.415625
 2841.843020    16.679207
 2842.498540    16.940430
 2843.152340    17.197557
 2843.807860    17.451653
 2844.462160    17.701292
 2845.118160    17.947315
 2845.772710    18.188257
 2846.427250    18.424395
 2847.083740    18.656141
 2847.738770    18.882015
 2848.395260    19.102764
 2849.050540    19.317226
 2849.707760    19.526173
 2850.363280    19.728186
 2851.018800    19.923573
 2851.676270    20.112654
 2852.332280    20.294208
 2852.989990    20.468884
 2853.646480    20.635683
 2854.304440    20.795076
 2854.960940    20.946157
 2855.617920    21.089205
 2856.276370    21.224220
 2856.933350    21.350426
 2857.592290    21.468319
 2858.249760    21.577127
 2858.908940    21.677239
 2859.566650    21.768036
 2860.224370    21.849642
 2860.883790    21.922133
 2861.541750    21.985062
 2862.201900    22.038691
 2862.860350    22.082628
 2863.520510    22.117050
 2864.179200    22.141746
 2864.839840    22.156811
 2865.498780    22.162142
 2866.157960    22.157785
 2866.818850    22.143711
 2867.478520    22.119991
 2868.139650    22.086565
 2868.799320    22.043633
 2869.460940    21.991030
 2870.121090    21.929094
 2870.781490    21.857782
 2871.443360    21.777031
 2872.103760    21.687309
 2872.766360    21.588236
 2873.427000    21.480564
 2874.089600    21.363802
 2874.750730    21.238712
 2875.412110    21.105158
 2876.075440    20.962940
 2876.736820    20.813082
 2877.400390    20.654840
 2878.062260    20.489349
 2878.725830    20.315971
 2879.388180    20.135691
 2880.050540    19.948427
 2880.714600    19.753914
 2881.377440    19.553238
 2882.041750    19.345852
 2882.704830    19.132833
 2883.369380    18.913595
 2884.032960    18.689192
 2884.696530    18.459581
 2885.361330    18.224600
 2886.025390    17.985216
 2886.690920    17.740904
 2887.354980    17.493023
 2888.020510    17.240761
 2888.685060    16.985327
 2889.349610    16.726633
 2890.015870    16.464287
 2890.680910    16.199718
 2891.347410    15.932142
 2892.012700    15.662914
 2892.679200    15.391320
 2893.344970    15.118433
 2894.010500    14.844320
 2894.677730    14.568444
 2895.343510    14.292381
 2896.011470    14.014867
 2896.677490    13.737880
 2897.345460    13.460047
 2898.011960    13.183029
 2898.678960    12.906252
 2899.347170    12.629649
 2900.014160    12.354452
 2900.682860    12.079669
 2901.350100    11.806820
 2902.019530    11.534615
 2902.687010    11.264936
 2903.354740    10.997080
 2904.024410    10.730551
 2904.692380    10.466984
 2905.361820    10.205292
 2906.030520    9.946496
 2906.700680    9.689899
 2907.369140    9.436862
 2908.038090    9.186674
 2908.708500    8.939115
 2909.377930    8.695203
 2910.048830    8.454167
 2910.718260    8.217161
 2911.389650    7.983076
 2912.059330    7.753275
 2912.729250    7.527155
 2913.400630    7.304394
 2914.070800    7.085946
 2914.742920    6.870840
 2915.413570    6.660226
 2916.085690    6.453227
 2916.756590    6.250709
 2917.429200    6.051818
 2918.100340    5.857524
 2918.771730    5.667333
 2919.444580    5.480926
 2920.116210    5.299058
 2920.789550    5.120936
 2921.461670    4.947335
 2922.135500    4.777493
 2922.807370    4.612311
 2923.479740    4.451158
 2924.154050    4.293676
 2924.826660    4.140697
 2925.500980    3.991406
 2926.174070    3.846420
 2926.848880    3.705071
 2927.522220    3.567981
 2928.195800    3.434744
 2928.870850    3.305082
 2929.544920    3.179415
 2930.220460    3.057235
 2930.894530    2.939013
 2931.570310    2.824137
 2932.244630    2.713082
 2932.919190    2.605495
 2933.595700    2.501054
 2934.270260    2.400297
 2934.947270    2.302501
 2935.622310    2.208235
 2936.299070    2.116918
 2936.974850    2.028844
 2937.650390    1.943840
 2938.327880    1.861569
 2939.003660    1.782406
 2939.681400    1.705851
 2940.357670    1.632220
 2941.035640    1.561099
 2941.712160    1.492750
 2942.389160    1.426899
 2943.067630    1.363392
 2943.744630    1.302431
 2944.423580    1.243644
 2945.100830    1.187278
 2945.780030    1.132962
 2946.457760    1.080905
 2947.135500    1.030922
 2947.815190    0.982810
 2948.493410    0.936751
 2949.173100    0.892483
 2949.851560    0.850119
 2950.531980    0.809402
 2951.210450    0.770506
 2951.889650    0.733214
 2952.570070    0.697451
 2953.249270    0.663287
 2953.930660    0.630499
 2954.610110    0.599235
 2955.291500    0.569261
 2955.971190    0.540689
 2956.651120    0.513383
 2957.333010    0.487231
 2958.013180    0.462330
 2958.695560    0.438489
 2959.376220    0.415804
 2960.058350    0.394123
 2960.739500    0.373485
 2961.420410    0.353823
 2962.103520    0.335032
 2962.784910    0.317182
 2963.468020    0.300146
 2964.149900    0.283962
 2964.833500    0.268528
 2965.515380    0.253887
 2966.197750    0.239958
 2966.881590    0.226691
 2967.564210    0.214110
 2968.248540    0.202132
 2968.931150    0.190789
 2969.615720    0.179994
 2970.299070    0.169770
 2970.984130    0.160051
 2971.667480    0.150860
 2972.351070    0.142146
 2973.036620    0.133867
 2973.720700    0.126043
 2974.406250    0.118621
 2975.090580    0.111609
 2975.776610    0.104960
 2976.461180    0.098686
 2977.146000    0.092752
 2977.832280    0.087133
 2978.517580    0.081833
 2979.204350    0.076817
 2979.889650    0.072093
 2980.576660    0.067624
 2981.262210    0.063417
 2981.948240    0.059448
 2982.635990    0.055698
 2983.322020    0.052175
 2984.010010    0.048846
 2984.696530    0.045720
 2985.384770    0.042770
 2986.071530    0.040002
 2986.758540    0.037397
 2987.447270    0.034943
 2988.134770    0.032641
 2988.823490    0.030476
 2989.510990    0.028446
 2990.200440    0.026536
 2990.888180    0.024749
 2991.576170    0.023073
 2992.266360    0.021497
 2992.954830    0.020023
 2993.644780    0.018641
 2994.333500    0.017349
 2995.023930    0.016138
 2995.713130    0.015007
 2996.402100    0.013949
 2997.093020    0.012959
 2997.782710    0.012035
 2998.473880    0.011170
 2999.163570    0.010365
 2999.855470    0.009612
 3000.545410    0.008912
 3001.235600    0.008259
 3001.927730    0.007648
 3002.618410    0.007082
 3003.310550    0.006553
 3004.001710    0.006062
 3004.694340    0.005604
 3005.385740    0.005179
 3006.076900    0.004785
 3006.770020    0.004417
 3007.461670    0.004077
 3008.155270    0.003760
 3008.847410    0.003468
 3009.541260    0.003195
 3010.233400    0.002944
 3010.926270    0.002710
 3011.620360    0.002494
 3012.313230    0.002295
 3013.007810    0.002110
 3013.700930    0.001939
 3014.395750    0.001781
 3015.089360    0.001636
 3015.783200    0.001501
 3016.478270    0.001376
 3017.172610    0.001262
 3017.868160    0.001156
 3018.562260    0.001060
 3019.258540    0.000970
 3019.952880    0.000887
 3020.647950    0.000812
 3021.344480    0.000742
 3022.039310    0.000678
 3022.736330    0.000619
 3023.431640    0.000565
 3024.128660    0.000515
 3024.824460    0.000470
 3025.522220    0.000428
 3026.218020    0.000390
 3026.914310    0.000355
 3027.612300    0.000323
 3028.308840    0.000294
 3029.007080    0.000267
 3029.703860    0.000243
 3030.402590    0.000220
 3031.099850    0.000200
 3031.797120    0.000181
 3032.496090    0.000165
 3033.193600    0.000150
 3033.893310    0.000135
 3034.591060    0.000122
 3035.290770    0.000111
 3035.989010    0.000100
 3036.687740    0.000091
 3037.387700    0.000082
 3038.086670    0.000074
 3038.787350    0.000067
 3039.486080    0.000060
 3040.187260    0.000054
 3040.886470    0.000049
 3041.586180    0.000044
 3042.287350    0.000040
 3042.987550    0.000035
 3043.689210    0.000032
 3044.389160    0.000029
 3045.091060    0.000026
 3045.791750    0.000023
 3046.492430    0.000021
 3047.194820    0.000019
 3047.896000    0.000017
 3048.598880    0.000015
 3049.300050    0.000013
