 2653.384280    0.000000
 2653.996340    0.000000
 2654.606690    0.000000
 2655.217290    0.000000
 2655.829830    0.000000
 2656.440670    0.000000
 2657.053220    0.000000
 2657.664550    0.000000
 2658.277340    0.000000
 2658.888920    0.000000
 2659.500730    0.000000
 2660.114010    0.000000
 2660.725830    0.000000
 2661.339360    0.000000
 2661.951660    0.000000
 2662.565430    0.000000
 2663.177980    0.000000
 2663.790530    0.000000
 2664.404790    0.000000
 2665.017820    0.000000
 2665.632320    0.000000
 2666.245610    0.000000
 2666.860350    0.000000
 2667.473880    0.000000
 2668.089110    0.000000
 2668.702880    0.000000
 2669.316890    0.000000
 2669.932370    0.000000
 2670.546630    0.000000
 2671.162350    0.000000
 2671.776860    0.000000
 2672.393070    0.000000
 2673.007810    0.000000
 2673.622560    0.000000
 2674.239260    0.000000
 2674.854490    0.000000
 2675.471190    0.000000
 2676.086670    0.000000
 2676.703860    0.000000
 2677.319580    0.000000
 2677.935550    0.000000
 2678.552980    0.000000
 2679.169190    0.000000
 2679.786870    0.000000
 2680.403560    0.000000
 2681.021480    0.000000
 2681.638430    0.000000
 2682.255370    0.000000
 2682.873780    0.000000
 2683.490970    0.000000
 2684.109860    0.000000
 2684.727290    0.000000
 2685.346440    0.000000
 2685.964110    0.000000
 2686.582030    0.000000
 2687.201660    0.000000
 2687.819820    0.000000
 2688.439450    0.000000
 2689.057860    0.000000
 2689.677980    0.000000
 2690.296880    0.000000
 2690.915770    0.000000
 2691.536380    0.000000
 2692.155270    0.000000
 2692.776370    0.000000
 2693.395750    0.000000
 2694.016850    0.000000
 2694.636720    0.000000
 2695.256590    0.000000
 2695.877930    0.000000
 2696.498050    0.000000
 2697.119870    0.000000
 2697.740480    0.000000
 2698.362550    0.000000
 2698.983400    0.000000
 2699.604250    0.000000
 2700.226810    0.000000
 2700.847900    0.000000
 2701.470700    0.000000
 2702.092040    0.000000
 2702.715330    0.000000
 2703.337160    0.000000
 2703.958980    0.000000
 2704.582520    0.000000
 2705.204830    0.000000
 2705.828370    0.000000
 2706.450930    0.000000
 2707.074950    0.000000
 2707.697750    0.000000
 2708.320800    0.000000
 2708.945310    0.000000
 2709.568360    0.000000
 2710.193360    0.000000
 2710.816650    0.000000
 2711.441890    0.000000
 2712.065670    0.000000
 2712.689450    0.000000
 2713.314940    0.000000
 2713.939210    0.000000
 2714.565190    0.000000
 2715.189450    0.000000
 2715.815670    0.000000
 2716.440430    0.000000
 2717.066890    0.000000
 2717.691890    0.000000
 2718.317140    0.000000
 2718.943850    0.000000
 2719.569340    0.000000
 2720.196530    0.000000
 2720.822270    0.000000
 2721.449710    0.000000
 2722.075680    0.000000
 2722.702150    0.000000
 2723.329830    0.000000
 2723.956300    0.000000
 2724.584470    0.000000
 2725.211430    0.000000
 2725.839600    0.000000
 2726.466800    0.000000
 2727.093990    0.000000
 2727.722900    0.000000
 2728.350340    0.000000
 2728.979490    0.000000
 2729.607420    0.000000
 2730.236820    0.000000
 2730.864750    0.000000
 2731.493160    0.000000
 2732.122800    0.000000
 2732.751460    0.000000
 2733.381590    0.000000
 2734.010500    0.000000
 2734.640870    0.000000
 2735.270020    0.000000
 2735.899410    0.000000
 2736.530270    0.000000
 2737.159670    0.000000
 2737.790770    0.000000
 2738.420650    0.000000
 2739.052250    0.000000
 2739.682370    0.000000
 2740.312500    0.000000
 2740.944340    0.000000
 2741.575200    0.000000
 2742.207280    0.000000
 2742.838130    0.000000
 2743.470460    0.000000
 2744.101560    0.000000
 2744.732910    0.000000
 2745.365970    0.000000
 2745.997310    0.000000
 2746.630860    0.000000
 2747.262700    0.000000
 2747.896000    0.000000
 2748.528080    0.000000
 2749.160640    0.000000
 2749.794430    0.000000
 2750.427000    0.000000
 2751.061280    0.000000
 2751.694090    0.000000
 2752.328610    0.000000
 2752.961910    0.000000
 2753.595210    0.000000
 2754.230220    0.000000
 2754.863770    0.000000
 2755.499020    0.000000
 2756.132810    0.000000
 2756.768550    0.000000
 2757.402590    0.000000
 2758.036870    0.000000
 2758.673100    0.000000
 2759.307620    0.000000
 2759.943850    0.000000
 2760.578860    0.000000
 2761.215330    0.000000
 2761.850590    0.000000
 2762.487550    0.000000
 2763.123050    0.000000
 2763.758790    0.000000
 2764.396000    0.000000
 2765.031980    0.000000
 2765.669430    0.000000
 2766.305910    0.000000
 2766.943600    0.000000
 2767.580320    0.000000
 2768.216800    0.000000
 2768.855220    0.000000
 2769.492190    0.000000
 2770.130860    0.000000
 2770.768070    0.000000
 2771.407230    0.000000
 2772.044680    0.000000
 2772.682130    0.000000
 2773.321780    0.000000
 2773.959720    0.000000
 2774.599370    0.000000
 2775.237550    0.000000
 2775.877690    0.000000
 2776.516360    0.000000
 2777.155030    0.000000
 2777.795170    0.000000
 2778.434330    0.000000
 2779.074950    0.000000
 2779.714360    0.000000
 2780.355470    0.000000
 2780.995120    0.000000
 2781.634770    0.000000
 2782.276120    0.000000
 2782.916260    0.000000
 2783.558110    0.000000
 2784.198490    0.000000
 2784.840330    0.000000
 2785.480960    0.000000
 2786.121830    0.000000
 2786.764400    0.000000
 2787.405270    0.000000
 2788.048100    0.000000
 2788.689450    0.000000
 2789.332520    0.000000
 2789.974370    0.000000
 2790.615970    0.000000
 2791.259770    0.000000
 2791.901610    0.000000
 2792.545410    0.000000
 2793.187990    0.000000
 2793.832030    0.000000
 2794.474850    0.000000
 2795.117680    0.000000
 2795.762210    0.000000
 2796.405520    0.000000
 2797.050290    0.000000
 2797.693600    0.000000
 2798.338870    0.000000
 2798.982420    0.000000
 2799.626460    0.000000
 2800.272220    0.000000
 2800.916260    0.000000
 2801.562260    0.000000
 2802.206790    0.000000
 2802.852780    0.000000
 2803.497560    0.000000
 2804.142580    0.000000
 2804.789310    0.000000
 2805.434330    0.000000
 2806.081300    0.000000
 2806.726810    0.000000
 2807.374020    0.000000
 2808.020020    0.000000
 2808.666020    0.000000
 2809.313480    0.000000
 2809.959960    0.000000
 2810.607910    0.000000
 2811.254390    0.000000
 2811.902830    0.000000
 2812.549560    0.000000
 2813.198240    0.000000
 2813.845210    0.000000
 2814.492680    0.000000
 2815.141600    0.000000
 2815.789310    0.000000
 2816.438720    0.000000
 2817.086430    0.000000
 2817.736080    0.000000
 2818.384520    0.000000
 2819.032710    0.000000
 2819.682620    0.000000
 2820.331300    0.000000
 2820.981930    0.000000
 2821.630620    0.000000
 2822.281490    0.000000
 2822.930660    0.000000
 2823.580080    0.000000
 2824.231200    0.000000
 2824.880860    0.000000
 2825.532230    0.000000
 2826.182370    0.000000
 2826.833980    0.000000
 2827.484380    0.000000
 2828.134770    0.000000
 2828.786870    0.000000
 2829.437740    0.000000
 2830.090090    0.000000
 2830.741210    0.000000
 2831.394040    0.000000
 2832.045410    0.000000
 2832.697020    0.000001
 2833.350100    0.000001
 2834.001950    0.000001
 2834.655520    0.000001
 2835.307620    0.000001
 2835.961180    0.000002
 2836.613770    0.000002
 2837.266360    0.000003
 2837.920410    0.000004
 2838.573490    0.000005
 2839.228030    0.000006
 2839.881100    0.000008
 2840.535890    0.000010
 2841.189450    0.000011
 2841.843020    0.000015
 2842.498540    0.000019
 2843.152340    0.000023
 2843.807860    0.000029
 2844.462160    0.000036
 2845.118160    0.000045
 2845.772710    0.000056
 2846.427250    0.000069
 2847.083740    0.000085
 2847.738770    0.000105
 2848.395260    0.000130
 2849.050540    0.000158
 2849.707760    0.000195
 2850.363280    0.000237
 2851.018800    0.000290
 2851.676270    0.000353
 2852.332280    0.000429
 2852.989990    0.000521
 2853.646480    0.000630
 2854.304440    0.000763
 2854.960940    0.000921
 2855.617920    0.001110
 2856.276370    0.001336
 2856.933350    0.001605
 2857.592290    0.001925
 2858.249760    0.002307
 2858.908940    0.002760
 2859.566650    0.003296
 2860.224370    0.003931
 2860.883790    0.004683
 2861.541750    0.005569
 2862.201900    0.006617
 2862.860350    0.007848
 2863.520510    0.009299
 2864.179200    0.010999
 2864.839840    0.012998
 2865.498780    0.015332
 2866.157960    0.018061
 2866.818850    0.021255
 2867.478520    0.024969
 2868.139650    0.029301
 2868.799320    0.034319
 2869.460940    0.040155
 2870.121090    0.046896
 2870.781490    0.054684
 2871.443360    0.063683
 2872.103760    0.074016
 2872.766360    0.085921
 2873.427000    0.099525
 2874.089600    0.115129
 2874.750730    0.132895
 2875.412110    0.153124
 2876.075440    0.176170
 2876.736820    0.202209
 2877.400390    0.231740
 2878.062260    0.264953
 2878.725830    0.302403
 2879.388180    0.344338
 2880.050540    0.391249
 2880.714600    0.443725
 2881.377440    0.502007
 2882.041750    0.566819
 2882.704830    0.638393
 2883.369380    0.717526
 2884.032960    0.804437
 2884.696530    0.899733
 2885.361330    1.004103
 2886.025390    1.117721
 2886.690920    1.241426
 2887.354980    1.375090
 2888.020510    1.519673
 2888.685060    1.674981
 2889.349610    1.841478
 2890.015870    2.019832
 2890.680910    2.209381
 2891.347410    2.410929
 2892.012700    2.623598
 2892.679200    2.847999
 2893.344970    3.083200
 2894.010500    3.328951
 2894.677730    3.585487
 2895.343510    3.850947
 2896.011470    4.126034
 2896.677490    4.408148
 2897.345460    4.697921
 2898.011960    4.992744
 2898.678960    5.292223
 2899.347170    5.595353
 2900.014160    5.899591
 2900.682860    6.204761
 2901.350100    6.507838
 2902.019530    6.808867
 2902.687010    7.104341
 2903.354740    7.393613
 2904.024410    7.675770
 2904.692380    7.947687
 2905.361820    8.209148
 2906.030520    8.457851
 2906.700680    8.693278
 2907.369140    8.913138
 2908.038090    9.117168
 2908.708500    9.304729
 2909.377930    9.474447
 2910.048830    9.626438
 2910.718260    9.759764
 2911.389650    9.875027
 2912.059330    9.971745
 2912.729250    10.050634
 2913.400630    10.112350
 2914.070800    10.157422
 2914.742920    10.187015
 2915.413570    10.202108
 2916.085690    10.204082
 2916.756590    10.194358
 2917.429200    10.174433
 2918.100340    10.146031
 2918.771730    10.110787
 2919.444580    10.070333
 2920.116210    10.026536
 2920.789550    9.980890
 2921.461670    9.935215
 2922.135500    9.890852
 2922.807370    9.849463
 2923.479740    9.812176
 2924.154050    9.780069
 2924.826660    9.754282
 2925.500980    9.735463
 2926.174070    9.724287
 2926.848880    9.721100
 2927.522220    9.726098
 2928.195800    9.739257
 2928.870850    9.760416
 2929.544920    9.789110
 2930.220460    9.824883
 2930.894530    9.866852
 2931.570310    9.914347
 2932.244630    9.966169
 2932.919190    10.021356
 2933.595700    10.078906
 2934.270260    10.137287
 2934.947270    10.195640
 2935.622310    10.252346
 2936.299070    10.306492
 2936.974850    10.356675
 2937.650390    10.401841
 2938.327880    10.441051
 2939.003660    10.473133
 2939.681400    10.497387
 2940.357670    10.512918
 2941.035640    10.519151
 2941.712160    10.515522
 2942.389160    10.501636
 2943.067630    10.477133
 2943.744630    10.441940
 2944.423580    10.395799
 2945.100830    10.338977
 2945.780030    10.271287
 2946.457760    10.193251
 2947.135500    10.105005
 2947.815190    10.006582
 2948.493410    9.898843
 2949.173100    9.781730
 2949.851560    9.656144
 2950.531980    9.521937
 2951.210450    9.380344
 2951.889650    9.231286
 2952.570070    9.075080
 2953.249270    8.912732
 2953.930660    8.743843
 2954.610110    8.569853
 2955.291500    8.390155
 2955.971190    8.206093
 2956.651120    8.017509
 2957.333010    7.824257
 2958.013180    7.627705
 2958.695560    7.427043
 2959.376220    7.223738
 2960.058350    7.017162
 2960.739500    6.808369
 2961.420410    6.597467
 2962.103520    6.384025
 2962.784910    6.169604
 2963.468020    5.953490
 2964.149900    5.736979
 2964.833500    5.519529
 2965.515380    5.302629
 2966.197750    5.085996
 2966.881590    4.869751
 2967.564210    4.655182
 2968.248540    4.441819
 2968.931150    4.231176
 2969.615720    4.022577
 2970.299070    3.817440
 2970.984130    3.615329
 2971.667480    3.417679
 2972.351070    3.224321
 2973.036620    3.035183
 2973.720700    2.851578
 2974.406250    2.673055
 2975.090580    2.500621
 2975.776610    2.333815
 2976.461180    2.173642
 2977.146000    2.019882
 2977.832280    1.872439
 2978.517580    1.731961
 2979.204350    1.598028
 2979.889650    1.471247
 2980.576660    1.351029
 2981.262210    1.237895
 2981.948240    1.131429
 2982.635990    1.031366
 2983.322020    0.938065
 2984.010010    0.850860
 2984.696530    0.770002
 2985.384770    0.694906
 2986.071530    0.625690
 2986.758540    0.561921
 2987.447270    0.503226
 2988.134770    0.449594
 2988.823490    0.400561
 2989.510990    0.356024
 2990.200440    0.315508
 2990.888180    0.278955
 2991.576170    0.245979
 2992.266360    0.216241
 2992.954830    0.189655
 2993.644780    0.165849
 2994.333500    0.144677
 2995.023930    0.125828
 2995.713130    0.109166
 2996.402100    0.094460
 2997.093020    0.081481
 2997.782710    0.070112
 2998.473880    0.060146
 2999.163570    0.051473
 2999.855470    0.043907
 3000.545410    0.037367
 3001.235600    0.031712
 3001.927730    0.026826
 3002.618410    0.022637
 3003.310550    0.019043
 3004.001710    0.015979
 3004.694340    0.013365
 3005.385740    0.011151
 3006.076900    0.009278
 3006.770020    0.007694
 3007.461670    0.006366
 3008.155270    0.005248
 3008.847410    0.004316
 3009.541260    0.003539
 3010.233400    0.002894
 3010.926270    0.002359
 3011.620360    0.001918
 3012.313230    0.001554
 3013.007810    0.001256
 3013.700930    0.001013
 3014.395750    0.000813
 3015.089360    0.000651
 3015.783200    0.000521
 3016.478270    0.000415
 3017.172610    0.000329
 3017.868160    0.000260
 3018.562260    0.000206
 3019.258540    0.000162
 3019.952880    0.000127
 3020.647950    0.000099
 3021.344480    0.000077
 3022.039310    0.000060
 3022.736330    0.000047
 3023.431640    0.000036
 3024.128660    0.000028
 3024.824460    0.000021
 3025.522220    0.000016
 3026.218020    0.000012
 3026.914310    0.000010
 3027.612300    0.000008
 3028.308840    0.000006
 3029.007080    0.000004
 3029.703860    0.000003
 3030.402590    0.000002
 3031.099850    0.000002
 3031.797120    0.000001
 3032.496090    0.000001
 3033.193600    0.000001
 3033.893310    0.000001
 3034.591060    0.000000
 3035.290770    0.000000
 3035.989010    0.000000
 3036.687740    0.000000
 3037.387700    0.000000
 3038.086670    0.000000
 3038.787350    0.000000
 3039.486080    0.000000
 3040.187260    0.000000
 3040.886470    0.000000
 3041.586180    0.000000
 3042.287350    0.000000
 3042.987550    0.000000
 3043.689210    0.000000
 3044.389160    0.000000
 3045.091060    0.000000
 3045.791750    0.000000
 3046.492430    0.000000
 3047.194820    0.000000
 3047.896000    0.000000
 3048.598880    0.000000
 3049.300050    0.000000
