 2653.384280    0.000000
 2653.996340    0.000000
 2654.606690    0.000000
 2655.217290    0.000000
 2655.829830    0.000000
 2656.440670    0.000000
 2657.053220    0.000000
 2657.664550    0.000000
 2658.277340    0.000000
 2658.888920    0.000000
 2659.500730    0.000000
 2660.114010    0.000000
 2660.725830    0.000000
 2661.339360    0.000000
 2661.951660    0.000000
 2662.565430    0.000000
 2663.177980    0.000000
 2663.790530    0.000000
 2664.404790    0.000000
 2665.017820    0.000000
 2665.632320    0.000000
 2666.245610    0.000000
 2666.860350    0.000000
 2667.473880    0.000000
 2668.089110    0.000000
 2668.702880    0.000000
 2669.316890    0.000000
 2669.932370    0.000000
 2670.546630    0.000000
 2671.162350    0.000000
 2671.776860    0.000000
 2672.393070    0.000000
 2673.007810    0.000000
 2673.622560    0.000000
 2674.239260    0.000000
 2674.854490    0.000000
 2675.471190    0.000000
 2676.086670    0.000000
 2676.703860    0.000000
 2677.319580    0.000000
 2677.935550    0.000000
 2678.552980    0.000000
 2679.169190    0.000000
 2679.786870    0.000000
 2680.403560    0.000000
 2681.021480    0.000000
 2681.638430    0.000000
 2682.255370    0.000000
 2682.873780    0.000000
 2683.490970    0.000000
 2684.109860    0.000000
 2684.727290    0.000000
 2685.346440    0.000000
 2685.964110    0.000000
 2686.582030    0.000000
 2687.201660    0.000000
 2687.819820    0.000000
 2688.439450    0.000000
 2689.057860    0.000000
 2689.677980    0.000000
 2690.296880    0.000000
 2690.915770    0.000000
 2691.536380    0.000000
 2692.155270    0.000000
 2692.776370    0.000000
 2693.395750    0.000000
 2694.016850    0.000000
 2694.636720    0.000000
 2695.256590    0.000000
 2695.877930    0.000000
 2696.498050    0.000000
 2697.119870    0.000000
 2697.740480    0.000000
 2698.362550    0.000000
 2698.983400    0.000000
 2699.604250    0.000000
 2700.226810    0.000000
 2700.847900    0.000000
 2701.470700    0.000000
 2702.092040    0.000000
 2702.715330    0.000000
 2703.337160    0.000000
 2703.958980    0.000000
 2704.582520    0.000000
 2705.204830    0.000000
 2705.828370    0.000000
 2706.450930    0.000000
 2707.074950    0.000000
 2707.697750    0.000000
 2708.320800    0.000000
 2708.945310    0.000000
 2709.568360    0.000000
 2710.193360    0.000000
 2710.816650    0.000000
 2711.441890    0.000000
 2712.065670    0.000000
 2712.689450    0.000000
 2713.314940    0.000000
 2713.939210    0.000000
 2714.565190    0.000000
 2715.189450    0.000000
 2715.815670    0.000000
 2716.440430    0.000000
 2717.066890    0.000000
 2717.691890    0.000000
 2718.317140    0.000000
 2718.943850    0.000000
 2719.569340    0.000000
 2720.196530    0.000000
 2720.822270    0.000000
 2721.449710    0.000000
 2722.075680    0.000000
 2722.702150    0.000000
 2723.329830    0.000000
 2723.956300    0.000000
 2724.584470    0.000000
 2725.211430    0.000000
 2725.839600    0.000000
 2726.466800    0.000000
 2727.093990    0.000000
 2727.722900    0.000000
 2728.350340    0.000000
 2728.979490    0.000000
 2729.607420    0.000000
 2730.236820    0.000000
 2730.864750    0.000000
 2731.493160    0.000000
 2732.122800    0.000000
 2732.751460    0.000000
 2733.381590    0.000000
 2734.010500    0.000000
 2734.640870    0.000000
 2735.270020    0.000001
 2735.899410    0.000001
 2736.530270    0.000001
 2737.159670    0.000001
 2737.790770    0.000001
 2738.420650    0.000001
 2739.052250    0.000001
 2739.682370    0.000001
 2740.312500    0.000001
 2740.944340    0.000001
 2741.575200    0.000001
 2742.207280    0.000001
 2742.838130    0.000002
 2743.470460    0.000002
 2744.101560    0.000002
 2744.732910    0.000002
 2745.365970    0.000002
 2745.997310    0.000002
 2746.630860    0.000003
 2747.262700    0.000003
 2747.896000    0.000003
 2748.528080    0.000003
 2749.160640    0.000004
 2749.794430    0.000004
 2750.427000    0.000004
 2751.061280    0.000005
 2751.694090    0.000005
 2752.328610    0.000006
 2752.961910    0.000006
 2753.595210    0.000007
 2754.230220    0.000007
 2754.863770    0.000008
 2755.499020    0.000009
 2756.132810    0.000010
 2756.768550    0.000010
 2757.402590    0.000010
 2758.036870    0.000011
 2758.673100    0.000013
 2759.307620    0.000014
 2759.943850    0.000015
 2760.578860    0.000016
 2761.215330    0.000018
 2761.850590    0.000019
 2762.487550    0.000021
 2763.123050    0.000023
 2763.758790    0.000025
 2764.396000    0.000027
 2765.031980    0.000030
 2765.669430    0.000031
 2766.305910    0.000034
 2766.943600    0.000037
 2767.580320    0.000040
 2768.216800    0.000044
 2768.855220    0.000047
 2769.492190    0.000051
 2770.130860    0.000055
 2770.768070    0.000059
 2771.407230    0.000065
 2772.044680    0.000070
 2772.682130    0.000075
 2773.321780    0.000081
 2773.959720    0.000088
 2774.599370    0.000094
 2775.237550    0.000102
 2775.877690    0.000111
 2776.516360    0.000119
 2777.155030    0.000129
 2777.795170    0.000138
 2778.434330    0.000150
 2779.074950    0.000161
 2779.714360    0.000174
 2780.355470    0.000187
 2780.995120    0.000201
 2781.634770    0.000216
 2782.276120    0.000234
 2782.916260    0.000251
 2783.558110    0.000270
 2784.198490    0.000291
 2784.840330    0.000313
 2785.480960    0.000336
 2786.121830    0.000361
 2786.764400    0.000388
 2787.405270    0.000417
 2788.048100    0.000447
 2788.689450    0.000481
 2789.332520    0.000516
 2789.974370    0.000553
 2790.615970    0.000594
 2791.259770    0.000637
 2791.901610    0.000683
 2792.545410    0.000732
 2793.187990    0.000785
 2793.832030    0.000841
 2794.474850    0.000900
 2795.117680    0.000964
 2795.762210    0.001033
 2796.405520    0.001105
 2797.050290    0.001183
 2797.693600    0.001265
 2798.338870    0.001353
 2798.982420    0.001447
 2799.626460    0.001546
 2800.272220    0.001653
 2800.916260    0.001765
 2801.562260    0.001885
 2802.206790    0.002013
 2802.852780    0.002150
 2803.497560    0.002294
 2804.142580    0.002448
 2804.789310    0.002611
 2805.434330    0.002785
 2806.081300    0.002969
 2806.726810    0.003164
 2807.374020    0.003372
 2808.020020    0.003592
 2808.666020    0.003826
 2809.313480    0.004075
 2809.959960    0.004337
 2810.607910    0.004617
 2811.254390    0.004911
 2811.902830    0.005225
 2812.549560    0.005556
 2813.198240    0.005908
 2813.845210    0.006279
 2814.492680    0.006672
 2815.141600    0.007089
 2815.789310    0.007528
 2816.438720    0.007995
 2817.086430    0.008486
 2817.736080    0.009006
 2818.384520    0.009556
 2819.032710    0.010135
 2819.682620    0.010749
 2820.331300    0.011394
 2820.981930    0.012079
 2821.630620    0.012798
 2822.281490    0.013560
 2822.930660    0.014360
 2823.580080    0.015204
 2824.231200    0.016097
 2824.880860    0.017035
 2825.532230    0.018024
 2826.182370    0.019065
 2826.833980    0.020163
 2827.484380    0.021316
 2828.134770    0.022529
 2828.786870    0.023808
 2829.437740    0.025151
 2830.090090    0.026566
 2830.741210    0.028049
 2831.394040    0.029613
 2832.045410    0.031251
 2832.697020    0.032972
 2833.350100    0.034783
 2834.001950    0.036680
 2834.655520    0.038676
 2835.307620    0.040765
 2835.961180    0.042960
 2836.613770    0.045259
 2837.266360    0.047667
 2837.920410    0.050197
 2838.573490    0.052843
 2839.228030    0.055621
 2839.881100    0.058522
 2840.535890    0.061568
 2841.189450    0.064749
 2841.843020    0.068076
 2842.498540    0.071567
 2843.152340    0.075208
 2843.807860    0.079023
 2844.462160    0.083003
 2845.118160    0.087173
 2845.772710    0.091518
 2846.427250    0.096055
 2847.083740    0.100806
 2847.738770    0.105754
 2848.395260    0.110928
 2849.050540    0.116315
 2849.707760    0.121949
 2850.363280    0.127809
 2851.018800    0.133916
 2851.676270    0.140299
 2852.332280    0.146933
 2852.989990    0.153860
 2853.646480    0.161060
 2854.304440    0.168571
 2854.960940    0.176371
 2855.617920    0.184490
 2856.276370    0.192955
 2856.933350    0.201736
 2857.592290    0.210894
 2858.249760    0.220388
 2858.908940    0.230281
 2859.566650    0.240533
 2860.224370    0.251179
 2860.883790    0.262259
 2861.541750    0.273735
 2862.201900    0.285684
 2862.860350    0.298046
 2863.520510    0.310900
 2864.179200    0.324199
 2864.839840    0.338024
 2865.498780    0.352314
 2866.157960    0.367124
 2866.818850    0.382503
 2867.478520    0.398397
 2868.139650    0.414888
 2868.799320    0.431917
 2869.460940    0.449589
 2870.121090    0.467827
 2870.781490    0.486693
 2871.443360    0.506242
 2872.103760    0.526402
 2872.766360    0.547301
 2873.427000    0.568828
 2874.089600    0.591125
 2874.750730    0.614095
 2875.412110    0.637812
 2876.075440    0.662359
 2876.736820    0.687608
 2877.400390    0.713736
 2878.062260    0.740607
 2878.725830    0.768378
 2879.388180    0.796945
 2880.050540    0.826375
 2880.714600    0.856767
 2881.377440    0.888004
 2882.041750    0.920233
 2882.704830    0.953341
 2883.369380    0.987479
 2884.032960    1.022544
 2884.696530    1.058601
 2885.361330    1.095738
 2886.025390    1.133865
 2886.690920    1.173128
 2887.354980    1.213369
 2888.020510    1.254787
 2888.685060    1.297246
 2889.349610    1.340824
 2890.015870    1.385654
 2890.680910    1.431557
 2891.347410    1.478735
 2892.012700    1.527017
 2892.679200    1.576593
 2893.344970    1.627337
 2894.010500    1.679298
 2894.677730    1.732649
 2895.343510    1.787148
 2896.011470    1.843114
 2896.677490    1.900212
 2897.345460    1.958792
 2898.011960    2.018566
 2898.678960    2.079720
 2899.347170    2.142336
 2900.014160    2.206199
 2900.682860    2.271598
 2901.350100    2.338235
 2902.019530    2.406487
 2902.687010    2.475938
 2903.354740    2.546820
 2904.024410    2.619328
 2904.692380    2.693072
 2905.361820    2.768406
 2906.030520    2.845089
 2906.700680    2.923380
 2907.369140    3.002906
 2908.038090    3.083930
 2908.708500    3.166573
 2909.377930    3.250537
 2910.048830    3.336126
 2910.718260    3.422964
 2911.389650    3.511492
 2912.059330    3.601221
 2912.729250    3.692403
 2913.400630    3.785200
 2914.070800    3.879232
 2914.742920    3.974937
 2915.413570    4.071819
 2916.085690    4.170286
 2916.756590    4.269930
 2917.429200    4.371174
 2918.100340    4.473522
 2918.771730    4.577212
 2919.444580    4.682417
 2920.116210    4.788696
 2920.789550    4.896490
 2921.461670    5.005308
 2922.135500    5.115596
 2922.807370    5.226729
 2923.479740    5.339075
 2924.154050    5.452854
 2924.826660    5.567418
 2925.500980    5.683311
 2926.174070    5.799995
 2926.848880    5.917944
 2927.522220    6.036562
 2928.195800    6.156106
 2928.870850    6.276755
 2929.544920    6.398029
 2930.220460    6.520320
 2930.894530    6.643053
 2931.570310    6.766756
 2932.244630    6.890796
 2932.919190    7.015435
 2933.595700    7.140938
 2934.270260    7.266524
 2934.947270    7.392956
 2935.622310    7.519354
 2936.299070    7.646345
 2936.974850    7.773362
 2937.650390    7.900483
 2938.327880    8.028054
 2939.003660    8.155325
 2939.681400    8.282914
 2940.357670    8.410114
 2941.035640    8.537451
 2941.712160    8.664259
 2942.389160    8.790834
 2943.067630    8.917284
 2943.744630    9.042992
 2944.423580    9.168516
 2945.100830    9.293106
 2945.780030    9.417358
 2946.457760    9.540569
 2947.135500    9.662935
 2947.815190    9.784724
 2948.493410    9.905247
 2949.173100    10.024942
 2949.851560    10.143262
 2950.531980    10.260677
 2951.210450    10.376435
 2951.889650    10.490918
 2952.570070    10.604125
 2953.249270    10.715568
 2953.930660    10.825727
 2954.610110    10.933852
 2955.291500    11.040485
 2955.971190    11.144979
 2956.651120    11.247556
 2957.333010    11.348392
 2958.013180    11.446871
 2958.695560    11.543477
 2959.376220    11.637583
 2960.058350    11.729554
 2960.739500    11.818989
 2961.420410    11.905920
 2962.103520    11.990576
 2962.784910    12.072406
 2963.468020    12.151751
 2964.149900    12.228205
 2964.833500    12.302029
 2965.515380    12.372793
 2966.197750    12.440675
 2966.881590    12.505699
 2967.564210    12.567554
 2968.248540    12.626451
 2968.931150    12.682040
 2969.615720    12.734573
 2970.299070    12.783752
 2970.984130    12.829741
 2971.667480    12.872269
 2972.351070    12.911428
 2973.036620    12.947266
 2973.720700    12.979563
 2974.406250    13.008429
 2975.090580    13.033718
 2975.776610    13.055513
 2976.461180    13.073687
 2977.146000    13.088273
 2977.832280    13.099270
 2978.517580    13.106621
 2979.204350    13.110335
 2979.889650    13.110392
 2980.576660    13.106784
 2981.262210    13.099524
 2981.948240    13.088602
 2982.635990    13.073986
 2983.322020    13.055756
 2984.010010    13.033822
 2984.696530    13.008308
 2985.384770    12.979107
 2986.071530    12.946375
 2986.758540    12.910064
 2987.447270    12.870106
 2988.134770    12.826696
 2988.823490    12.779716
 2989.510990    12.729366
 2990.200440    12.675447
 2990.888180    12.618286
 2991.576170    12.557775
 2992.266360    12.493770
 2992.954830    12.426682
 2993.644780    12.356255
 2994.333500    12.282815
 2995.023930    12.206105
 2995.713130    12.126510
 2996.402100    12.043983
 2997.093020    11.958322
 2997.782710    11.869977
 2998.473880    11.778674
 2999.163570    11.684869
 2999.855470    11.588136
 3000.545410    11.489127
 3001.235600    11.387612
 3001.927730    11.283407
 3002.618410    11.177103
 3003.310550    11.068333
 3004.001710    10.957558
 3004.694340    10.844469
 3005.385740    10.729589
 3006.076900    10.612848
 3006.770020    10.493954
 3007.461670    10.373580
 3008.155270    10.251218
 3008.847410    10.127558
 3009.541260    10.002121
 3010.233400    9.875615
 3010.926270    9.747688
 3011.620360    9.618334
 3012.313230    9.488098
 3013.007810    9.356520
 3013.700930    9.224288
 3014.395750    9.090888
 3015.089360    8.956972
 3015.783200    8.822346
 3016.478270    8.686907
 3017.172610    8.551124
 3017.868160    8.414700
 3018.562260    8.278249
 3019.258540    8.141135
 3019.952880    8.004261
 3020.647950    7.867179
 3021.344480    7.729828
 3022.039310    7.592913
 3022.736330    7.455745
 3023.431640    7.319168
 3024.128660    7.182589
 3024.824460    7.046658
 3025.522220    6.910825
 3026.218020    6.775926
 3026.914310    6.641552
 3027.612300    6.507540
 3028.308840    6.374564
 3029.007080    6.242084
 3029.703860    6.110765
 3030.402590    5.980022
 3031.099850    5.850555
 3031.797120    5.722144
 3032.496090    5.594532
 3033.193600    5.468351
 3033.893310    5.342989
 3034.591060    5.219240
 3035.290770    5.096455
 3035.989010    4.975277
 3036.687740    4.855408
 3037.387700    4.736764
 3038.086670    4.619756
 3038.787350    4.503971
 3039.486080    4.390045
 3040.187260    4.277294
 3040.886470    4.166454
 3041.586180    4.057158
 3042.287350    3.949287
 3042.987550    3.843236
 3043.689210    3.738659
 3044.389160    3.636044
 3045.091060    3.534873
 3045.791750    3.435618
 3046.492430    3.338114
 3047.194820    3.242138
 3047.896000    3.148102
 3048.598880    3.055619
 3049.300050    2.965144
