 2653.384280    2.701166
 2653.996340    2.781436
 2654.606690    2.862881
 2655.217290    2.945739
 2655.829830    3.030233
 2656.440670    3.115839
 2657.053220    3.203014
 2657.664550    3.291321
 2658.277340    3.381123
 2658.888920    3.471998
 2659.500730    3.564134
 2660.114010    3.657685
 2660.725830    3.752174
 2661.339360    3.848054
 2661.951660    3.944832
 2662.565430    4.042891
 2663.177980    4.141764
 2663.790530    4.241597
 2664.404790    4.342628
 2665.017820    4.444329
 2665.632320    4.547094
 2666.245610    4.650422
 2666.860350    4.754712
 2667.473880    4.859452
 2668.089110    4.965084
 2668.702880    5.071003
 2669.316890    5.177440
 2669.932370    5.284545
 2670.546630    5.391785
 2671.162350    5.499560
 2671.776860    5.607331
 2672.393070    5.715543
 2673.007810    5.823563
 2673.622560    5.931576
 2674.239260    6.039849
 2674.854490    6.147705
 2675.471190    6.255580
 2676.086670    6.362925
 2676.703860    6.470169
 2677.319580    6.576679
 2677.935550    6.682672
 2678.552980    6.788271
 2679.169190    6.892933
 2679.786870    6.997030
 2680.403560    7.100065
 2681.021480    7.202320
 2681.638430    7.303345
 2682.255370    7.403216
 2682.873780    7.502084
 2683.490970    7.599432
 2684.109860    7.695636
 2684.727290    7.790118
 2685.346440    7.883279
 2685.964110    7.974557
 2686.582030    8.064127
 2687.201660    8.152114
 2687.819820    8.237984
 2688.439450    8.322066
 2689.057860    8.403916
 2689.677980    8.483843
 2690.296880    8.561395
 2690.915770    8.636654
 2691.536380    8.709752
 2692.155270    8.780217
 2692.776370    8.848422
 2693.395750    8.913871
 2694.016850    8.976864
 2694.636720    9.037041
 2695.256590    9.094471
 2695.877930    9.149226
 2696.498050    9.201017
 2697.119870    9.250035
 2697.740480    9.296003
 2698.362550    9.339074
 2698.983400    9.379023
 2699.604250    9.415899
 2700.226810    9.449760
 2700.847900    9.480404
 2701.470700    9.507959
 2702.092040    9.532263
 2702.715330    9.553427
 2703.337160    9.571318
 2703.958980    9.585978
 2704.582520    9.597428
 2705.204830    9.605610
 2705.828370    9.610556
 2706.450930    9.612252
 2707.074950    9.610712
 2707.697750    9.605955
 2708.320800    9.597993
 2708.945310    9.586821
 2709.568360    9.572516
 2710.193360    9.555028
 2710.816650    9.534490
 2711.441890    9.510817
 2712.065670    9.484178
 2712.689450    9.454566
 2713.314940    9.421941
 2713.939210    9.386502
 2714.565190    9.348142
 2715.189450    9.307127
 2715.815670    9.263284
 2716.440430    9.216917
 2717.066890    9.167861
 2717.691890    9.116442
 2718.317140    9.062602
 2718.943850    9.006314
 2719.569340    8.947901
 2720.196530    8.887178
 2720.822270    8.824544
 2721.449710    8.759775
 2722.075680    8.693298
 2722.702150    8.625010
 2723.329830    8.554930
 2723.956300    8.483434
 2724.584470    8.410299
 2725.211430    8.335977
 2725.839600    8.260289
 2726.466800    8.183618
 2727.093990    8.105965
 2727.722900    8.027234
 2728.350340    7.947945
 2728.979490    7.867819
 2729.607420    7.787355
 2730.236820    7.706334
 2730.864750    7.625263
 2731.493160    7.544016
 2732.122800    7.462632
 2732.751460    7.381522
 2733.381590    7.300507
 2734.010500    7.220062
 2734.640870    7.139978
 2735.270020    7.060730
 2735.899410    6.982265
 2736.530270    6.904569
 2737.159670    6.828135
 2737.790770    6.752713
 2738.420650    6.678788
 2739.052250    6.606152
 2739.682370    6.535302
 2740.312500    6.466201
 2740.944340    6.398800
 2741.575200    6.333519
 2742.207280    6.270262
 2742.838130    6.209403
 2743.470460    6.150810
 2744.101560    6.094863
 2744.732910    6.041549
 2745.365970    5.990882
 2745.997310    5.943256
 2746.630860    5.898502
 2747.262700    5.857018
 2747.896000    5.818711
 2748.528080    5.783860
 2749.160640    5.752479
 2749.794430    5.724655
 2750.427000    5.700605
 2751.061280    5.680330
 2751.694090    5.664036
 2752.328610    5.651746
 2752.961910    5.643620
 2753.595210    5.639725
 2754.230220    5.640165
 2754.863770    5.645028
 2755.499020    5.654430
 2756.132810    5.668411
 2756.768550    5.687135
 2757.402590    5.710573
 2758.036870    5.738857
 2758.673100    5.772160
 2759.307620    5.810361
 2759.943850    5.853730
 2760.578860    5.902135
 2761.215330    5.955841
 2761.850590    6.014677
 2762.487550    6.078971
 2763.123050    6.148451
 2763.758790    6.223328
 2764.396000    6.303807
 2765.031980    6.389584
 2765.669430    6.481052
 2766.305910    6.577892
 2766.943600    6.680460
 2767.580320    6.788422
 2768.216800    6.901897
 2768.855220    7.021302
 2769.492190    7.146005
 2770.130860    7.276627
 2770.768070    7.412510
 2771.407230    7.554377
 2772.044680    7.701400
 2772.682130    7.853921
 2773.321780    8.012466
 2773.959720    8.176039
 2774.599370    8.345469
 2775.237550    8.519876
 2775.877690    8.700147
 2776.516360    8.885265
 2777.155030    9.075573
 2777.795170    9.271454
 2778.434330    9.472094
 2779.074950    9.678181
 2779.714360    9.888769
 2780.355470    10.104732
 2780.995120    10.324901
 2781.634770    10.549665
 2782.276120    10.779528
 2782.916260    11.013328
 2783.558110    11.252017
 2784.198490    11.494287
 2784.840330    11.741112
 2785.480960    11.991317
 2786.121830    12.245321
 2786.764400    12.503570
 2787.405270    12.764528
 2788.048100    13.029526
 2788.689450    13.296988
 2789.332520    13.568062
 2789.974370    13.841338
 2790.615970    14.117035
 2791.259770    14.396023
 2791.901610    14.676307
 2792.545410    14.959392
 2793.187990    15.243677
 2793.832030    15.530144
 2794.474850    15.817379
 2795.117680    16.105711
 2795.762210    16.395679
 2796.405520    16.685745
 2797.050290    16.976885
 2797.693600    17.267544
 2798.338870    17.559023
 2798.982420    17.849430
 2799.626460    18.139517
 2800.272220    18.429579
 2800.916260    18.717836
 2801.562260    19.005672
 2802.206790    19.291315
 2802.852780    19.575809
 2803.497560    19.857714
 2804.142580    20.137425
 2804.789310    20.415300
 2805.434330    20.689629
 2806.081300    20.961699
 2806.726810    21.229826
 2807.374020    21.495066
 2808.020020    21.755961
 2808.666020    22.012766
 2809.313480    22.265799
 2809.959960    22.513859
 2810.607910    22.757626
 2811.254390    22.995760
 2811.902830    23.229277
 2812.549560    23.456619
 2813.198240    23.678841
 2813.845210    23.894461
 2814.492680    24.104004
 2815.141600    24.307545
 2815.789310    24.504026
 2816.438720    24.694124
 2817.086430    24.876640
 2817.736080    25.052408
 2818.384520    25.220375
 2819.032710    25.380638
 2819.682620    25.533482
 2820.331300    25.678045
 2820.981930    25.814869
 2821.630620    25.942982
 2822.281490    26.063057
 2822.930660    26.174238
 2823.580080    26.276762
 2824.231200    26.370710
 2824.880860    26.455517
 2825.532230    26.531492
 2826.182370    26.598204
 2826.833980    26.655844
 2827.484380    26.704109
 2828.134770    26.743055
 2828.786870    26.772707
 2829.437740    26.792879
 2830.090090    26.803631
 2830.741210    26.804895
 2831.394040    26.796661
 2832.045410    26.778973
 2832.697020    26.751820
 2833.350100    26.715147
 2834.001950    26.669136
 2834.655520    26.613611
 2835.307620    26.548901
 2835.961180    26.474773
 2836.613770    26.391577
 2837.266360    26.299292
 2837.920410    26.197779
 2838.573490    26.087507
 2839.228030    25.968176
 2839.881100    25.840441
 2840.535890    25.703806
 2841.189450    25.559017
 2841.843020    25.405977
 2842.498540    25.244350
 2843.152340    25.075199
 2843.807860    24.897814
 2844.462160    24.713158
 2845.118160    24.520586
 2845.772710    24.321220
 2846.427250    24.114838
 2847.083740    23.901001
 2847.738770    23.681025
 2848.395260    23.454147
 2849.050540    23.221512
 2849.707760    22.982212
 2850.363280    22.737812
 2851.018800    22.487928
 2851.676270    22.232033
 2852.332280    21.971695
 2852.989990    21.705894
 2853.646480    21.436060
 2854.304440    21.161335
 2854.960940    20.883196
 2855.617920    20.601074
 2856.276370    20.314789
 2856.933350    20.025868
 2857.592290    19.733057
 2858.249760    19.438128
 2858.908940    19.139912
 2859.566650    18.840090
 2860.224370    18.538260
 2860.883790    18.233873
 2861.541750    17.928646
 2862.201900    17.621119
 2862.860350    17.313353
 2863.520510    17.003994
 2864.179200    16.694767
 2864.839840    16.384295
 2865.498780    16.074533
 2866.157960    15.764787
 2866.818850    15.454587
 2867.478520    15.145528
 2868.139650    14.836565
 2868.799320    14.529274
 2869.460940    14.222265
 2870.121090    13.917318
 2870.781490    13.613838
 2871.443360    13.311450
 2872.103760    13.011672
 2872.766360    12.713019
 2873.427000    12.417532
 2874.089600    12.123620
 2874.750730    11.832962
 2875.412110    11.544944
 2876.075440    11.258978
 2876.736820    10.976882
 2877.400390    10.697019
 2878.062260    10.421161
 2878.725830    10.147995
 2879.388180    9.878845
 2880.050540    9.613304
 2880.714600    9.350801
 2881.377440    9.092579
 2882.041750    8.837683
 2882.704830    8.587219
 2883.369380    8.340245
 2884.032960    8.097737
 2884.696530    7.859383
 2885.361330    7.624812
 2886.025390    7.394755
 2886.690920    7.168503
 2887.354980    6.947084
 2888.020510    6.729547
 2888.685060    6.516715
 2889.349610    6.308283
 2890.015870    6.103744
 2890.680910    5.904006
 2891.347410    5.708269
 2892.012700    5.517314
 2892.679200    5.330435
 2893.344970    5.148173
 2894.010500    4.970363
 2894.677730    4.796475
 2895.343510    4.627316
 2896.011470    4.461932
 2896.677490    4.301315
 2897.345460    4.144491
 2898.011960    3.992225
 2898.678960    3.844018
 2899.347170    3.699675
 2900.014160    3.559674
 2900.682860    3.423353
 2901.350100    3.291308
 2902.019530    3.162762
 2902.687010    3.038456
 2903.354740    2.917904
 2904.024410    2.800754
 2904.692380    2.687584
 2905.361820    2.577787
 2906.030520    2.471664
 2906.700680    2.368803
 2907.369140    2.269619
 2908.038090    2.173706
 2908.708500    2.080868
 2909.377930    1.991375
 2910.048830    1.904830
 2910.718260    1.821539
 2911.389650    1.741009
 2912.059330    1.663604
 2912.729250    1.589018
 2913.400630    1.517053
 2914.070800    1.447924
 2914.742920    1.381236
 2915.413570    1.317258
 2916.085690    1.255640
 2916.756590    1.196557
 2917.429200    1.139685
 2918.100340    1.085219
 2918.771730    1.032950
 2919.444580    0.982720
 2920.116210    0.934665
 2920.789550    0.888509
 2921.461670    0.844391
 2922.135500    0.802054
 2922.807370    0.761666
 2923.479740    0.723012
 2924.154050    0.685955
 2924.826660    0.650637
 2925.500980    0.616820
 2926.174070    0.584596
 2926.848880    0.553769
 2927.522220    0.524430
 2928.195800    0.496448
 2928.870850    0.469723
 2929.544920    0.444304
 2930.220460    0.420049
 2930.894530    0.397016
 2931.570310    0.375048
 2932.244630    0.354205
 2932.919190    0.334387
 2933.595700    0.315503
 2934.270260    0.297623
 2934.947270    0.280589
 2935.622310    0.264475
 2936.299070    0.249152
 2936.974850    0.234649
 2937.650390    0.220909
 2938.327880    0.207859
 2939.003660    0.195535
 2939.681400    0.183838
 2940.357670    0.172797
 2941.035640    0.162333
 2941.712160    0.152464
 2942.389160    0.143133
 2943.067630    0.134304
 2943.744630    0.125988
 2944.423580    0.118120
 2945.100830    0.110719
 2945.780030    0.103722
 2946.457760    0.097143
 2947.135500    0.090947
 2947.815190    0.085097
 2948.493410    0.079604
 2949.173100    0.074426
 2949.851560    0.069567
 2950.531980    0.064986
 2951.210450    0.060697
 2951.889650    0.056664
 2952.570070    0.052872
 2953.249270    0.049321
 2953.930660    0.045980
 2954.610110    0.042858
 2955.291500    0.039924
 2955.971190    0.037183
 2956.651120    0.034616
 2957.333010    0.032207
 2958.013180    0.029960
 2958.695560    0.027852
 2959.376220    0.025887
 2960.058350    0.024048
 2960.739500    0.022332
 2961.420410    0.020732
 2962.103520    0.019235
 2962.784910    0.017841
 2963.468020    0.016540
 2964.149900    0.015328
 2964.833500    0.014198
 2965.515380    0.013149
 2966.197750    0.012172
 2966.881590    0.011261
 2967.564210    0.010415
 2968.248540    0.009627
 2968.931150    0.008898
 2969.615720    0.008218
 2970.299070    0.007588
 2970.984130    0.007003
 2971.667480    0.006462
 2972.351070    0.005960
 2973.036620    0.005493
 2973.720700    0.005062
 2974.406250    0.004662
 2975.090580    0.004292
 2975.776610    0.003950
 2976.461180    0.003634
 2977.146000    0.003342
 2977.832280    0.003072
 2978.517580    0.002822
 2979.204350    0.002592
 2979.889650    0.002379
 2980.576660    0.002184
 2981.262210    0.002003
 2981.948240    0.001837
 2982.635990    0.001683
 2983.322020    0.001542
 2984.010010    0.001412
 2984.696530    0.001293
 2985.384770    0.001183
 2986.071530    0.001081
 2986.758540    0.000989
 2987.447270    0.000904
 2988.134770    0.000826
 2988.823490    0.000753
 2989.510990    0.000689
 2990.200440    0.000628
 2990.888180    0.000572
 2991.576170    0.000522
 2992.266360    0.000476
 2992.954830    0.000433
 2993.644780    0.000394
 2994.333500    0.000359
 2995.023930    0.000326
 2995.713130    0.000297
 2996.402100    0.000270
 2997.093020    0.000245
 2997.782710    0.000222
 2998.473880    0.000202
 2999.163570    0.000183
 2999.855470    0.000166
 3000.545410    0.000151
 3001.235600    0.000136
 3001.927730    0.000124
 3002.618410    0.000113
 3003.310550    0.000101
 3004.001710    0.000092
 3004.694340    0.000083
 3005.385740    0.000075
 3006.076900    0.000068
 3006.770020    0.000061
 3007.461670    0.000055
 3008.155270    0.000050
 3008.847410    0.000045
 3009.541260    0.000041
 3010.233400    0.000036
 3010.926270    0.000033
 3011.620360    0.000030
 3012.313230    0.000027
 3013.007810    0.000024
 3013.700930    0.000022
 3014.395750    0.000019
 3015.089360    0.000017
 3015.783200    0.000015
 3016.478270    0.000014
 3017.172610    0.000012
 3017.868160    0.000011
 3018.562260    0.000010
 3019.258540    0.000010
 3019.952880    0.000009
 3020.647950    0.000008
 3021.344480    0.000007
 3022.039310    0.000006
 3022.736330    0.000005
 3023.431640    0.000005
 3024.128660    0.000004
 3024.824460    0.000004
 3025.522220    0.000003
 3026.218020    0.000003
 3026.914310    0.000003
 3027.612300    0.000002
 3028.308840    0.000002
 3029.007080    0.000002
 3029.703860    0.000002
 3030.402590    0.000002
 3031.099850    0.000001
 3031.797120    0.000001
 3032.496090    0.000001
 3033.193600    0.000001
 3033.893310    0.000001
 3034.591060    0.000001
 3035.290770    0.000001
 3035.989010    0.000001
 3036.687740    0.000001
 3037.387700    0.000000
 3038.086670    0.000000
 3038.787350    0.000000
 3039.486080    0.000000
 3040.187260    0.000000
 3040.886470    0.000000
 3041.586180    0.000000
 3042.287350    0.000000
 3042.987550    0.000000
 3043.689210    0.000000
 3044.389160    0.000000
 3045.091060    0.000000
 3045.791750    0.000000
 3046.492430    0.000000
 3047.194820    0.000000
 3047.896000    0.000000
 3048.598880    0.000000
 3049.300050    0.000000
