 2653.384280    0.824554
 2653.996340    0.857608
 2654.606690    0.891626
 2655.217290    0.926734
 2655.829830    0.963058
 2656.440670    1.000403
 2657.053220    1.038998
 2657.664550    1.078681
 2658.277340    1.119647
 2658.888920    1.161737
 2659.500730    1.205071
 2660.114010    1.249758
 2660.725830    1.295603
 2661.339360    1.342864
 2661.951660    1.391335
 2662.565430    1.441248
 2663.177980    1.492400
 2663.790530    1.544907
 2664.404790    1.598936
 2665.017820    1.654245
 2665.632320    1.711094
 2666.245610    1.769246
 2666.860350    1.828970
 2667.473880    1.890018
 2668.089110    1.952692
 2668.702880    2.016682
 2669.316890    2.082168
 2669.932370    2.149295
 2670.546630    2.217775
 2671.162350    2.287918
 2671.776860    2.359419
 2672.393070    2.432623
 2673.007810    2.507157
 2673.622560    2.583194
 2674.239260    2.660978
 2674.854490    2.740079
 2675.471190    2.820868
 2676.086670    2.902987
 2676.703860    2.986823
 2677.319580    3.071935
 2677.935550    3.158544
 2678.552980    3.246815
 2679.169190    3.336350
 2679.786870    3.427524
 2680.403560    3.519960
 2681.021480    3.613968
 2681.638430    3.709194
 2682.255370    3.805758
 2682.873780    3.903872
 2683.490970    4.003080
 2684.109860    4.103827
 2684.727290    4.205563
 2685.346440    4.308779
 2685.964110    4.412911
 2686.582030    4.518205
 2687.201660    4.624877
 2687.819820    4.732338
 2688.439450    4.841053
 2689.057860    4.950507
 2689.677980    5.061171
 2690.296880    5.172472
 2690.915770    5.284575
 2691.536380    5.397741
 2692.155270    5.511288
 2692.776370    5.625875
 2693.395750    5.740725
 2694.016850    5.856407
 2694.636720    5.972314
 2695.256590    6.088607
 2695.877930    6.205494
 2696.498050    6.322403
 2697.119870    6.439815
 2697.740480    6.557103
 2698.362550    6.674704
 2698.983400    6.792032
 2699.604250    6.909245
 2700.226810    7.026584
 2700.847900    7.143373
 2701.470700    7.260127
 2702.092040    7.376171
 2702.715330    7.492059
 2703.337160    7.607072
 2703.958980    7.721400
 2704.582520    7.835268
 2705.204830    7.948055
 2705.828370    8.060118
 2706.450930    8.170975
 2707.074950    8.280972
 2707.697750    8.389549
 2708.320800    8.496874
 2708.945310    8.603069
 2709.568360    8.707549
 2710.193360    8.810796
 2710.816650    8.912120
 2711.441890    9.012028
 2712.065670    9.109887
 2712.689450    9.205849
 2713.314940    9.300086
 2713.939210    9.392072
 2714.565190    9.482154
 2715.189450    9.569758
 2715.815670    9.655324
 2716.440430    9.738296
 2717.066890    9.819026
 2717.691890    9.897024
 2718.317140    9.972441
 2718.943850    10.045342
 2719.569340    10.115346
 2720.196530    10.182712
 2720.822270    10.247031
 2721.449710    10.308566
 2722.075680    10.366946
 2722.702150    10.422304
 2723.329830    10.474638
 2723.956300    10.523693
 2724.584470    10.569646
 2725.211430    10.612236
 2725.839600    10.651584
 2726.466800    10.687510
 2727.093990    10.720044
 2727.722900    10.749227
 2728.350340    10.774879
 2728.979490    10.797103
 2729.607420    10.815769
 2730.236820    10.830936
 2730.864750    10.842514
 2731.493160    10.850537
 2732.122800    10.854989
 2732.751460    10.855851
 2733.381590    10.853116
 2734.010500    10.846797
 2734.640870    10.836871
 2735.270020    10.823385
 2735.899410    10.806332
 2736.530270    10.785676
 2737.159670    10.761535
 2737.790770    10.733809
 2738.420650    10.702648
 2739.052250    10.667933
 2739.682370    10.629869
 2740.312500    10.588422
 2740.944340    10.543497
 2741.575200    10.495328
 2742.207280    10.443791
 2742.838130    10.389134
 2743.470460    10.331176
 2744.101560    10.270217
 2744.732910    10.206182
 2745.365970    10.138963
 2745.997310    10.068997
 2746.630860    9.995910
 2747.262700    9.920217
 2747.896000    9.841609
 2748.528080    9.760497
 2749.160640    9.676739
 2749.794430    9.590305
 2750.427000    9.501609
 2751.061280    9.410319
 2751.694090    9.316974
 2752.328610    9.221189
 2752.961910    9.123488
 2753.595210    9.023779
 2754.230220    8.921873
 2754.863770    8.818367
 2755.499020    8.712834
 2756.132810    8.605891
 2756.768550    8.497051
 2757.402590    8.387033
 2758.036870    8.275597
 2758.673100    8.162528
 2759.307620    8.048570
 2759.943850    7.933203
 2760.578860    7.817049
 2761.215330    7.699709
 2761.850590    7.581774
 2762.487550    7.462787
 2763.123050    7.343435
 2763.758790    7.223489
 2764.396000    7.102807
 2765.031980    6.981985
 2765.669430    6.860601
 2766.305910    6.739209
 2766.943600    6.617473
 2767.580320    6.495896
 2768.216800    6.374424
 2768.855220    6.252717
 2769.492190    6.131508
 2770.130860    6.010271
 2770.768070    5.889683
 2771.407230    5.769174
 2772.044680    5.649508
 2772.682130    5.530430
 2773.321780    5.411603
 2773.959720    5.293821
 2774.599370    5.176514
 2775.237550    5.060329
 2775.877690    4.944705
 2776.516360    4.830317
 2777.155030    4.716955
 2777.795170    4.604416
 2778.434330    4.493181
 2779.074950    4.382874
 2779.714360    4.274007
 2780.355470    4.166123
 2780.995120    4.059802
 2781.634770    3.954830
 2782.276120    3.850973
 2782.916260    3.748739
 2783.558110    3.647694
 2784.198490    3.548369
 2784.840330    3.450336
 2785.480960    3.354032
 2786.121830    3.259255
 2786.764400    3.165816
 2787.405270    3.074232
 2788.048100    2.983994
 2788.689450    2.895600
 2789.332520    2.808625
 2789.974370    2.723476
 2790.615970    2.640026
 2791.259770    2.557972
 2791.901610    2.477847
 2792.545410    2.399165
 2793.187990    2.322318
 2793.832030    2.246985
 2794.474850    2.173477
 2795.117680    2.101645
 2795.762210    2.031298
 2796.405520    1.962750
 2797.050290    1.895708
 2797.693600    1.830464
 2798.338870    1.766663
 2798.982420    1.704653
 2799.626460    1.644203
 2800.272220    1.585192
 2800.916260    1.527916
 2801.562260    1.472032
 2802.206790    1.417817
 2802.852780    1.365006
 2803.497560    1.313800
 2804.142580    1.264056
 2804.789310    1.215648
 2805.434330    1.168806
 2806.081300    1.123243
 2806.726810    1.079178
 2807.374020    1.036368
 2808.020020    0.994987
 2808.666020    0.954925
 2809.313480    0.916070
 2809.959960    0.878545
 2810.607910    0.842183
 2811.254390    0.807121
 2811.902830    0.773149
 2812.549560    0.740432
 2813.198240    0.708759
 2813.845210    0.678283
 2814.492680    0.648869
 2815.141600    0.620451
 2815.789310    0.593120
 2816.438720    0.566728
 2817.086430    0.541386
 2817.736080    0.516924
 2818.384520    0.493438
 2819.032710    0.470862
 2819.682620    0.449108
 2820.331300    0.428247
 2820.981930    0.408153
 2821.630620    0.388922
 2822.281490    0.370406
 2822.930660    0.352695
 2823.580080    0.335706
 2824.231200    0.319383
 2824.880860    0.303781
 2825.532230    0.288801
 2826.182370    0.274490
 2826.833980    0.260767
 2827.484380    0.247667
 2828.134770    0.235144
 2828.786870    0.223145
 2829.437740    0.211705
 2830.090090    0.200757
 2830.741210    0.190328
 2831.394040    0.180351
 2832.045410    0.170859
 2832.697020    0.161806
 2833.350100    0.153161
 2834.001950    0.144941
 2834.655520    0.137095
 2835.307620    0.129644
 2835.961180    0.122540
 2836.613770    0.115795
 2837.266360    0.109383
 2837.920410    0.103275
 2838.573490    0.097484
 2839.228030    0.091973
 2839.881100    0.086755
 2840.535890    0.081791
 2841.189450    0.077093
 2841.843020    0.072639
 2842.498540    0.068406
 2843.152340    0.064408
 2843.807860    0.060613
 2844.462160    0.057027
 2845.118160    0.053627
 2845.772710    0.050418
 2846.427250    0.047385
 2847.083740    0.044511
 2847.738770    0.041801
 2848.395260    0.039238
 2849.050540    0.036823
 2849.707760    0.034538
 2850.363280    0.032390
 2851.018800    0.030364
 2851.676270    0.028449
 2852.332280    0.026650
 2852.989990    0.024952
 2853.646480    0.023356
 2854.304440    0.021852
 2854.960940    0.020440
 2855.617920    0.019112
 2856.276370    0.017861
 2856.933350    0.016689
 2857.592290    0.015585
 2858.249760    0.014551
 2858.908940    0.013579
 2859.566650    0.012670
 2860.224370    0.011816
 2860.883790    0.011015
 2861.541750    0.010265
 2862.201900    0.009562
 2862.860350    0.008905
 2863.520510    0.008288
 2864.179200    0.007713
 2864.839840    0.007174
 2865.498780    0.006672
 2866.157960    0.006202
 2866.818850    0.005762
 2867.478520    0.005353
 2868.139650    0.004970
 2868.799320    0.004613
 2869.460940    0.004279
 2870.121090    0.003969
 2870.781490    0.003680
 2871.443360    0.003410
 2872.103760    0.003160
 2872.766360    0.002927
 2873.427000    0.002709
 2874.089600    0.002507
 2874.750730    0.002319
 2875.412110    0.002145
 2876.075440    0.001983
 2876.736820    0.001833
 2877.400390    0.001693
 2878.062260    0.001563
 2878.725830    0.001443
 2879.388180    0.001331
 2880.050540    0.001228
 2880.714600    0.001132
 2881.377440    0.001043
 2882.041750    0.000961
 2882.704830    0.000886
 2883.369380    0.000815
 2884.032960    0.000751
 2884.696530    0.000690
 2885.361330    0.000635
 2886.025390    0.000584
 2886.690920    0.000536
 2887.354980    0.000493
 2888.020510    0.000453
 2888.685060    0.000416
 2889.349610    0.000381
 2890.015870    0.000350
 2890.680910    0.000320
 2891.347410    0.000294
 2892.012700    0.000269
 2892.679200    0.000247
 2893.344970    0.000226
 2894.010500    0.000207
 2894.677730    0.000189
 2895.343510    0.000173
 2896.011470    0.000158
 2896.677490    0.000145
 2897.345460    0.000132
 2898.011960    0.000120
 2898.678960    0.000110
 2899.347170    0.000100
 2900.014160    0.000092
 2900.682860    0.000084
 2901.350100    0.000076
 2902.019530    0.000070
 2902.687010    0.000063
 2903.354740    0.000057
 2904.024410    0.000052
 2904.692380    0.000048
 2905.361820    0.000043
 2906.030520    0.000039
 2906.700680    0.000036
 2907.369140    0.000032
 2908.038090    0.000030
 2908.708500    0.000027
 2909.377930    0.000025
 2910.048830    0.000022
 2910.718260    0.000020
 2911.389650    0.000018
 2912.059330    0.000016
 2912.729250    0.000015
 2913.400630    0.000013
 2914.070800    0.000012
 2914.742920    0.000011
 2915.413570    0.000010
 2916.085690    0.000009
 2916.756590    0.000009
 2917.429200    0.000008
 2918.100340    0.000007
 2918.771730    0.000006
 2919.444580    0.000006
 2920.116210    0.000005
 2920.789550    0.000005
 2921.461670    0.000004
 2922.135500    0.000004
 2922.807370    0.000003
 2923.479740    0.000003
 2924.154050    0.000003
 2924.826660    0.000002
 2925.500980    0.000002
 2926.174070    0.000002
 2926.848880    0.000002
 2927.522220    0.000002
 2928.195800    0.000001
 2928.870850    0.000001
 2929.544920    0.000001
 2930.220460    0.000001
 2930.894530    0.000001
 2931.570310    0.000001
 2932.244630    0.000001
 2932.919190    0.000001
 2933.595700    0.000001
 2934.270260    0.000001
 2934.947270    0.000000
 2935.622310    0.000000
 2936.299070    0.000000
 2936.974850    0.000000
 2937.650390    0.000000
 2938.327880    0.000000
 2939.003660    0.000000
 2939.681400    0.000000
 2940.357670    0.000000
 2941.035640    0.000000
 2941.712160    0.000000
 2942.389160    0.000000
 2943.067630    0.000000
 2943.744630    0.000000
 2944.423580    0.000000
 2945.100830    0.000000
 2945.780030    0.000000
 2946.457760    0.000000
 2947.135500    0.000000
 2947.815190    0.000000
 2948.493410    0.000000
 2949.173100    0.000000
 2949.851560    0.000000
 2950.531980    0.000000
 2951.210450    0.000000
 2951.889650    0.000000
 2952.570070    0.000000
 2953.249270    0.000000
 2953.930660    0.000000
 2954.610110    0.000000
 2955.291500    0.000000
 2955.971190    0.000000
 2956.651120    0.000000
 2957.333010    0.000000
 2958.013180    0.000000
 2958.695560    0.000000
 2959.376220    0.000000
 2960.058350    0.000000
 2960.739500    0.000000
 2961.420410    0.000000
 2962.103520    0.000000
 2962.784910    0.000000
 2963.468020    0.000000
 2964.149900    0.000000
 2964.833500    0.000000
 2965.515380    0.000000
 2966.197750    0.000000
 2966.881590    0.000000
 2967.564210    0.000000
 2968.248540    0.000000
 2968.931150    0.000000
 2969.615720    0.000000
 2970.299070    0.000000
 2970.984130    0.000000
 2971.667480    0.000000
 2972.351070    0.000000
 2973.036620    0.000000
 2973.720700    0.000000
 2974.406250    0.000000
 2975.090580    0.000000
 2975.776610    0.000000
 2976.461180    0.000000
 2977.146000    0.000000
 2977.832280    0.000000
 2978.517580    0.000000
 2979.204350    0.000000
 2979.889650    0.000000
 2980.576660    0.000000
 2981.262210    0.000000
 2981.948240    0.000000
 2982.635990    0.000000
 2983.322020    0.000000
 2984.010010    0.000000
 2984.696530    0.000000
 2985.384770    0.000000
 2986.071530    0.000000
 2986.758540    0.000000
 2987.447270    0.000000
 2988.134770    0.000000
 2988.823490    0.000000
 2989.510990    0.000000
 2990.200440    0.000000
 2990.888180    0.000000
 2991.576170    0.000000
 2992.266360    0.000000
 2992.954830    0.000000
 2993.644780    0.000000
 2994.333500    0.000000
 2995.023930    0.000000
 2995.713130    0.000000
 2996.402100    0.000000
 2997.093020    0.000000
 2997.782710    0.000000
 2998.473880    0.000000
 2999.163570    0.000000
 2999.855470    0.000000
 3000.545410    0.000000
 3001.235600    0.000000
 3001.927730    0.000000
 3002.618410    0.000000
 3003.310550    0.000000
 3004.001710    0.000000
 3004.694340    0.000000
 3005.385740    0.000000
 3006.076900    0.000000
 3006.770020    0.000000
 3007.461670    0.000000
 3008.155270    0.000000
 3008.847410    0.000000
 3009.541260    0.000000
 3010.233400    0.000000
 3010.926270    0.000000
 3011.620360    0.000000
 3012.313230    0.000000
 3013.007810    0.000000
 3013.700930    0.000000
 3014.395750    0.000000
 3015.089360    0.000000
 3015.783200    0.000000
 3016.478270    0.000000
 3017.172610    0.000000
 3017.868160    0.000000
 3018.562260    0.000000
 3019.258540    0.000000
 3019.952880    0.000000
 3020.647950    0.000000
 3021.344480    0.000000
 3022.039310    0.000000
 3022.736330    0.000000
 3023.431640    0.000000
 3024.128660    0.000000
 3024.824460    0.000000
 3025.522220    0.000000
 3026.218020    0.000000
 3026.914310    0.000000
 3027.612300    0.000000
 3028.308840    0.000000
 3029.007080    0.000000
 3029.703860    0.000000
 3030.402590    0.000000
 3031.099850    0.000000
 3031.797120    0.000000
 3032.496090    0.000000
 3033.193600    0.000000
 3033.893310    0.000000
 3034.591060    0.000000
 3035.290770    0.000000
 3035.989010    0.000000
 3036.687740    0.000000
 3037.387700    0.000000
 3038.086670    0.000000
 3038.787350    0.000000
 3039.486080    0.000000
 3040.187260    0.000000
 3040.886470    0.000000
 3041.586180    0.000000
 3042.287350    0.000000
 3042.987550    0.000000
 3043.689210    0.000000
 3044.389160    0.000000
 3045.091060    0.000000
 3045.791750    0.000000
 3046.492430    0.000000
 3047.194820    0.000000
 3047.896000    0.000000
 3048.598880    0.000000
 3049.300050    0.000000
