 2653.384280    0.000000
 2653.996340    0.000000
 2654.606690    0.000000
 2655.217290    0.000000
 2655.829830    0.000000
 2656.440670    0.000000
 2657.053220    0.000000
 2657.664550    0.000000
 2658.277340    0.000000
 2658.888920    0.000000
 2659.500730    0.000000
 2660.114010    0.000000
 2660.725830    0.000000
 2661.339360    0.000000
 2661.951660    0.000000
 2662.565430    0.000000
 2663.177980    0.000000
 2663.790530    0.000000
 2664.404790    0.000000
 2665.017820    0.000000
 2665.632320    0.000000
 2666.245610    0.000000
 2666.860350    0.000000
 2667.473880    0.000000
 2668.089110    0.000000
 2668.702880    0.000000
 2669.316890    0.000000
 2669.932370    0.000000
 2670.546630    0.000000
 2671.162350    0.000000
 2671.776860    0.000000
 2672.393070    0.000000
 2673.007810    0.000000
 2673.622560    0.000000
 2674.239260    0.000000
 2674.854490    0.000000
 2675.471190    0.000000
 2676.086670    0.000000
 2676.703860    0.000000
 2677.319580    0.000000
 2677.935550    0.000000
 2678.552980    0.000000
 2679.169190    0.000000
 2679.786870    0.000000
 2680.403560    0.000000
 2681.021480    0.000000
 2681.638430    0.000000
 2682.255370    0.000000
 2682.873780    0.000000
 2683.490970    0.000000
 2684.109860    0.000000
 2684.727290    0.000000
 2685.346440    0.000000
 2685.964110    0.000000
 2686.582030    0.000000
 2687.201660    0.000000
 2687.819820    0.000000
 2688.439450    0.000000
 2689.057860    0.000000
 2689.677980    0.000000
 2690.296880    0.000000
 2690.915770    0.000000
 2691.536380    0.000000
 2692.155270    0.000000
 2692.776370    0.000000
 2693.395750    0.000000
 2694.016850    0.000000
 2694.636720    0.000000
 2695.256590    0.000000
 2695.877930    0.000000
 2696.498050    0.000000
 2697.119870    0.000000
 2697.740480    0.000000
 2698.362550    0.000000
 2698.983400    0.000000
 2699.604250    0.000000
 2700.226810    0.000000
 2700.847900    0.000000
 2701.470700    0.000000
 2702.092040    0.000000
 2702.715330    0.000000
 2703.337160    0.000000
 2703.958980    0.000000
 2704.582520    0.000000
 2705.204830    0.000000
 2705.828370    0.000001
 2706.450930    0.000001
 2707.074950    0.000001
 2707.697750    0.000001
 2708.320800    0.000001
 2708.945310    0.000001
 2709.568360    0.000001
 2710.193360    0.000001
 2710.816650    0.000002
 2711.441890    0.000002
 2712.065670    0.000002
 2712.689450    0.000002
 2713.314940    0.000003
 2713.939210    0.000003
 2714.565190    0.000004
 2715.189450    0.000004
 2715.815670    0.000005
 2716.440430    0.000005
 2717.066890    0.000006
 2717.691890    0.000007
 2718.317140    0.000008
 2718.943850    0.000009
 2719.569340    0.000010
 2720.196530    0.000010
 2720.822270    0.000011
 2721.449710    0.000013
 2722.075680    0.000015
 2722.702150    0.000017
 2723.329830    0.000019
 2723.956300    0.000022
 2724.584470    0.000025
 2725.211430    0.000028
 2725.839600    0.000031
 2726.466800    0.000035
 2727.093990    0.000039
 2727.722900    0.000044
 2728.350340    0.000050
 2728.979490    0.000055
 2729.607420    0.000062
 2730.236820    0.000070
 2730.864750    0.000077
 2731.493160    0.000087
 2732.122800    0.000097
 2732.751460    0.000108
 2733.381590    0.000120
 2734.010500    0.000134
 2734.640870    0.000150
 2735.270020    0.000167
 2735.899410    0.000185
 2736.530270    0.000206
 2737.159670    0.000229
 2737.790770    0.000254
 2738.420650    0.000282
 2739.052250    0.000313
 2739.682370    0.000346
 2740.312500    0.000383
 2740.944340    0.000424
 2741.575200    0.000468
 2742.207280    0.000518
 2742.838130    0.000572
 2743.470460    0.000631
 2744.101560    0.000696
 2744.732910    0.000767
 2745.365970    0.000845
 2745.997310    0.000930
 2746.630860    0.001022
 2747.262700    0.001123
 2747.896000    0.001235
 2748.528080    0.001355
 2749.160640    0.001487
 2749.794430    0.001631
 2750.427000    0.001787
 2751.061280    0.001958
 2751.694090    0.002143
 2752.328610    0.002345
 2752.961910    0.002563
 2753.595210    0.002801
 2754.230220    0.003059
 2754.863770    0.003339
 2755.499020    0.003643
 2756.132810    0.003972
 2756.768550    0.004330
 2757.402590    0.004715
 2758.036870    0.005133
 2758.673100    0.005587
 2759.307620    0.006075
 2759.943850    0.006604
 2760.578860    0.007175
 2761.215330    0.007793
 2761.850590    0.008460
 2762.487550    0.009180
 2763.123050    0.009955
 2763.758790    0.010793
 2764.396000    0.011696
 2765.031980    0.012669
 2765.669430    0.013718
 2766.305910    0.014847
 2766.943600    0.016064
 2767.580320    0.017372
 2768.216800    0.018779
 2768.855220    0.020298
 2769.492190    0.021927
 2770.130860    0.023683
 2770.768070    0.025566
 2771.407230    0.027596
 2772.044680    0.029773
 2772.682130    0.032110
 2773.321780    0.034629
 2773.959720    0.037326
 2774.599370    0.040229
 2775.237550    0.043339
 2775.877690    0.046685
 2776.516360    0.050268
 2777.155030    0.054111
 2777.795170    0.058243
 2778.434330    0.062666
 2779.074950    0.067420
 2779.714360    0.072506
 2780.355470    0.077970
 2780.995120    0.083814
 2781.634770    0.090073
 2782.276120    0.096794
 2782.916260    0.103979
 2783.558110    0.111691
 2784.198490    0.119929
 2784.840330    0.128764
 2785.480960    0.138199
 2786.121830    0.148293
 2786.764400    0.159118
 2787.405270    0.170659
 2788.048100    0.183031
 2788.689450    0.196221
 2789.332520    0.210348
 2789.974370    0.225404
 2790.615970    0.241469
 2791.259770    0.258672
 2791.901610    0.276967
 2792.545410    0.296535
 2793.187990    0.317356
 2793.832030    0.339592
 2794.474850    0.363232
 2795.117680    0.388399
 2795.762210    0.415255
 2796.405520    0.443768
 2797.050290    0.474156
 2797.693600    0.506378
 2798.338870    0.540711
 2798.982420    0.577067
 2799.626460    0.615675
 2800.272220    0.656733
 2800.916260    0.700143
 2801.562260    0.746275
 2802.206790    0.795014
 2802.852780    0.846712
 2803.497560    0.901287
 2804.142580    0.958993
 2804.789310    1.020114
 2805.434330    1.084472
 2806.081300    1.152577
 2806.726810    1.224223
 2807.374020    1.299915
 2808.020020    1.379466
 2808.666020    1.463168
 2809.313480    1.551382
 2809.959960    1.643935
 2810.607910    1.741339
 2811.254390    1.843308
 2811.902830    1.950545
 2812.549560    2.062602
 2813.198240    2.180268
 2813.845210    2.303035
 2814.492680    2.431450
 2815.141600    2.565878
 2815.789310    2.705906
 2816.438720    2.852312
 2817.086430    3.004453
 2817.736080    3.163318
 2818.384520    3.328257
 2819.032710    3.499607
 2819.682620    3.678005
 2820.331300    3.862746
 2820.981930    4.054826
 2821.630620    4.253159
 2822.281490    4.459077
 2822.930660    4.671394
 2823.580080    4.890758
 2824.231200    5.117709
 2824.880860    5.351147
 2825.532230    5.592199
 2826.182370    5.839759
 2826.833980    6.094801
 2827.484380    6.356211
 2828.134770    6.624372
 2828.786870    6.899908
 2829.437740    7.181463
 2830.090090    7.470054
 2830.741210    7.764325
 2831.394040    8.065419
 2832.045410    8.371662
 2832.697020    8.683606
 2833.350100    9.001599
 2834.001950    9.324061
 2834.655520    9.652142
 2835.307620    9.983925
 2835.961180    10.320555
 2836.613770    10.660410
 2837.266360    11.003602
 2837.920410    11.350499
 2838.573490    11.699376
 2839.228030    12.051090
 2839.881100    12.403593
 2840.535890    12.758108
 2841.189450    13.112544
 2841.843020    13.467041
 2842.498540    13.822113
 2843.152340    14.175225
 2843.807860    14.527661
 2844.462160    14.877262
 2845.118160    15.225006
 2845.772710    15.568612
 2846.427250    15.908262
 2847.083740    16.244347
 2847.738770    16.574501
 2848.395260    16.899588
 2849.050540    17.217670
 2849.707760    17.529667
 2850.363280    17.833237
 2851.018800    18.128607
 2851.676270    18.416033
 2852.332280    18.693438
 2852.989990    18.961594
 2853.646480    19.218744
 2854.304440    19.465408
 2854.960940    19.699974
 2855.617920    19.922676
 2856.276370    20.133314
 2856.933350    20.330513
 2857.592290    20.514858
 2858.249760    20.684990
 2858.908940    20.841356
 2859.566650    20.982862
 2860.224370    21.109572
 2860.883790    21.221489
 2861.541750    21.317825
 2862.201900    21.398897
 2862.860350    21.464039
 2863.520510    21.513462
 2864.179200    21.546827
 2864.839840    21.564238
 2865.498780    21.565569
 2866.157960    21.550899
 2866.818850    21.520184
 2867.478520    21.473637
 2868.139650    21.411190
 2868.799320    21.333286
 2869.460940    21.239717
 2870.121090    21.131184
 2870.781490    21.007715
 2871.443360    20.869335
 2872.103760    20.716999
 2872.766360    20.550199
 2873.427000    20.370377
 2874.089600    20.176887
 2874.750730    19.971170
 2875.412110    19.753199
 2876.075440    19.522850
 2876.736820    19.281996
 2877.400390    19.029655
 2878.062260    18.767860
 2878.725830    18.495825
 2879.388180    18.215313
 2880.050540    17.926432
 2880.714600    17.628998
 2881.377440    17.324921
 2882.041750    17.013578
 2882.704830    16.696833
 2883.369380    16.374018
 2884.032960    16.046919
 2884.696530    15.715676
 2885.361330    15.380270
 2886.025390    15.042275
 2886.690920    14.701159
 2887.354980    14.358997
 2888.020510    14.014844
 2888.685060    13.670511
 2889.349610    13.326030
 2890.015870    12.981030
 2890.680910    12.637533
 2891.347410    12.294637
 2892.012700    11.954187
 2892.679200    11.615383
 2893.344970    11.279638
 2894.010500    10.947104
 2894.677730    10.617194
 2895.343510    10.291839
 2896.011470    9.969587
 2896.677490    9.652759
 2897.345460    9.339783
 2898.011960    9.032534
 2898.678960    8.730341
 2899.347170    8.433115
 2900.014160    8.142140
 2900.682860    7.856322
 2901.350100    7.577173
 2902.019530    7.303307
 2902.687010    7.036538
 2903.354740    6.776055
 2904.024410    6.521300
 2904.692380    6.273722
 2905.361820    6.032184
 2906.030520    5.797504
 2906.700680    5.568933
 2907.369140    5.347535
 2908.038090    5.132543
 2908.708500    4.923632
 2909.377930    4.721519
 2910.048830    4.525412
 2910.718260    4.336094
 2911.389650    4.152522
 2912.059330    3.975609
 2912.729250    3.804717
 2913.400630    3.639451
 2914.070800    3.480361
 2914.742920    3.326583
 2915.413570    3.178779
 2916.085690    3.036174
 2916.756590    2.899207
 2917.429200    2.767150
 2918.100340    2.640490
 2918.771730    2.518750
 2919.444580    2.401588
 2920.116210    2.289330
 2920.789550    2.181352
 2921.461670    2.077983
 2922.135500    1.978639
 2922.807370    1.883716
 2923.479740    1.792717
 2924.154050    1.705330
 2924.826660    1.621895
 2925.500980    1.541856
 2926.174070    1.465435
 2926.848880    1.392176
 2927.522220    1.322298
 2928.195800    1.255497
 2928.870850    1.191543
 2929.544920    1.130554
 2930.220460    1.072203
 2930.894530    1.016630
 2931.570310    0.963473
 2932.244630    0.912878
 2932.919190    0.864612
 2933.595700    0.818468
 2934.270260    0.774620
 2934.947270    0.732695
 2935.622310    0.692880
 2936.299070    0.654877
 2936.974850    0.618756
 2937.650390    0.584399
 2938.327880    0.551625
 2939.003660    0.520541
 2939.681400    0.490910
 2940.357670    0.462814
 2941.035640    0.436063
 2941.712160    0.410717
 2942.389160    0.386644
 2943.067630    0.363756
 2943.744630    0.342098
 2944.423580    0.321510
 2945.100830    0.302053
 2945.780030    0.283571
 2946.457760    0.266114
 2947.135500    0.249597
 2947.815190    0.233932
 2948.493410    0.219156
 2949.173100    0.205167
 2949.851560    0.191982
 2950.531980    0.179504
 2951.210450    0.167768
 2951.889650    0.156694
 2952.570070    0.146242
 2953.249270    0.136418
 2953.930660    0.127146
 2954.610110    0.118450
 2955.291500    0.110256
 2955.971190    0.102579
 2956.651120    0.095371
 2957.333010    0.088592
 2958.013180    0.082253
 2958.695560    0.076297
 2959.376220    0.070737
 2960.058350    0.065525
 2960.739500    0.060661
 2961.420410    0.056120
 2962.103520    0.051867
 2962.784910    0.047913
 2963.468020    0.044218
 2964.149900    0.040784
 2964.833500    0.037581
 2965.515380    0.034611
 2966.197750    0.031850
 2966.881590    0.029281
 2967.564210    0.026903
 2968.248540    0.024694
 2968.931150    0.022655
 2969.615720    0.020761
 2970.299070    0.019014
 2970.984130    0.017398
 2971.667480    0.015909
 2972.351070    0.014536
 2973.036620    0.013267
 2973.720700    0.012101
 2974.406250    0.011027
 2975.090580    0.010042
 2975.776610    0.009135
 2976.461180    0.008306
 2977.146000    0.007545
 2977.832280    0.006846
 2978.517580    0.006208
 2979.204350    0.005625
 2979.889650    0.005092
 2980.576660    0.004605
 2981.262210    0.004162
 2981.948240    0.003758
 2982.635990    0.003390
 2983.322020    0.003056
 2984.010010    0.002751
 2984.696530    0.002477
 2985.384770    0.002226
 2986.071530    0.002000
 2986.758540    0.001795
 2987.447270    0.001609
 2988.134770    0.001442
 2988.823490    0.001290
 2989.510990    0.001154
 2990.200440    0.001031
 2990.888180    0.000920
 2991.576170    0.000821
 2992.266360    0.000731
 2992.954830    0.000651
 2993.644780    0.000580
 2994.333500    0.000515
 2995.023930    0.000457
 2995.713130    0.000405
 2996.402100    0.000360
 2997.093020    0.000319
 2997.782710    0.000281
 2998.473880    0.000249
 2999.163570    0.000220
 2999.855470    0.000194
 3000.545410    0.000171
 3001.235600    0.000151
 3001.927730    0.000133
 3002.618410    0.000116
 3003.310550    0.000102
 3004.001710    0.000090
 3004.694340    0.000079
 3005.385740    0.000069
 3006.076900    0.000060
 3006.770020    0.000052
 3007.461670    0.000046
 3008.155270    0.000040
 3008.847410    0.000035
 3009.541260    0.000031
 3010.233400    0.000027
 3010.926270    0.000023
 3011.620360    0.000020
 3012.313230    0.000017
 3013.007810    0.000015
 3013.700930    0.000013
 3014.395750    0.000011
 3015.089360    0.000010
 3015.783200    0.000009
 3016.478270    0.000008
 3017.172610    0.000007
 3017.868160    0.000006
 3018.562260    0.000005
 3019.258540    0.000004
 3019.952880    0.000004
 3020.647950    0.000003
 3021.344480    0.000003
 3022.039310    0.000002
 3022.736330    0.000002
 3023.431640    0.000002
 3024.128660    0.000001
 3024.824460    0.000001
 3025.522220    0.000001
 3026.218020    0.000001
 3026.914310    0.000001
 3027.612300    0.000001
 3028.308840    0.000001
 3029.007080    0.000000
 3029.703860    0.000000
 3030.402590    0.000000
 3031.099850    0.000000
 3031.797120    0.000000
 3032.496090    0.000000
 3033.193600    0.000000
 3033.893310    0.000000
 3034.591060    0.000000
 3035.290770    0.000000
 3035.989010    0.000000
 3036.687740    0.000000
 3037.387700    0.000000
 3038.086670    0.000000
 3038.787350    0.000000
 3039.486080    0.000000
 3040.187260    0.000000
 3040.886470    0.000000
 3041.586180    0.000000
 3042.287350    0.000000
 3042.987550    0.000000
 3043.689210    0.000000
 3044.389160    0.000000
 3045.091060    0.000000
 3045.791750    0.000000
 3046.492430    0.000000
 3047.194820    0.000000
 3047.896000    0.000000
 3048.598880    0.000000
 3049.300050    0.000000
