 2653.384280    0.107560
 2653.996340    0.113832
 2654.606690    0.120409
 2655.217290    0.127325
 2655.829830    0.134616
 2656.440670    0.142254
 2657.053220    0.150296
 2657.664550    0.158721
 2658.277340    0.167583
 2658.888920    0.176859
 2659.500730    0.186588
 2660.114010    0.196810
 2660.725830    0.207495
 2661.339360    0.218716
 2661.951660    0.230440
 2662.565430    0.242740
 2663.177980    0.255581
 2663.790530    0.269009
 2664.404790    0.283084
 2665.017820    0.297764
 2665.632320    0.313133
 2666.245610    0.329150
 2666.860350    0.345907
 2667.473880    0.363357
 2668.089110    0.381605
 2668.702880    0.400585
 2669.316890    0.420371
 2669.932370    0.441032
 2670.546630    0.462504
 2671.162350    0.484907
 2671.776860    0.508172
 2672.393070    0.532436
 2673.007810    0.557603
 2673.622560    0.583756
 2674.239260    0.611012
 2674.854490    0.639248
 2675.471190    0.668627
 2676.086670    0.699049
 2676.703860    0.730689
 2677.319580    0.763414
 2677.935550    0.797340
 2678.552980    0.832567
 2679.169190    0.868971
 2679.786870    0.906740
 2680.403560    0.945754
 2681.021480    0.986180
 2681.638430    1.027905
 2682.255370    1.071018
 2682.873780    1.115653
 2683.490970    1.161644
 2684.109860    1.209237
 2684.727290    1.258215
 2685.346440    1.308855
 2685.964110    1.360924
 2686.582030    1.414583
 2687.201660    1.469992
 2687.819820    1.526887
 2688.439450    1.585562
 2689.057860    1.645782
 2689.677980    1.707852
 2690.296880    1.771502
 2690.915770    1.836865
 2691.536380    1.904147
 2692.155270    1.972990
 2692.776370    2.043842
 2693.395750    2.116272
 2694.016850    2.190688
 2694.636720    2.266748
 2695.256590    2.344604
 2695.877930    2.424448
 2696.498050    2.505939
 2697.119870    2.589466
 2697.740480    2.674631
 2698.362550    2.761803
 2698.983400    2.850598
 2699.604250    2.941178
 2700.226810    3.033788
 2700.847900    3.127943
 2701.470700    3.224109
 2702.092040    3.321778
 2702.715330    3.421469
 2703.337160    3.522613
 2703.958980    3.625415
 2704.582520    3.730136
 2705.204830    3.836252
 2705.828370    3.944145
 2706.450930    4.053399
 2707.074950    4.164402
 2707.697750    4.276633
 2708.320800    4.390306
 2708.945310    4.505601
 2709.568360    4.621922
 2710.193360    4.739856
 2710.816650    4.858651
 2711.441890    4.978945
 2712.065670    5.100016
 2712.689450    5.222079
 2713.314940    5.345401
 2713.939210    5.469331
 2714.565190    5.594378
 2715.189450    5.719775
 2715.815670    5.846180
 2716.440430    5.972818
 2717.066890    6.100247
 2717.691890    6.227729
 2718.317140    6.355520
 2718.943850    6.483777
 2719.569340    6.611854
 2720.196530    6.740250
 2720.822270    6.868215
 2721.449710    6.996294
 2722.075680    7.123734
 2722.702150    7.250827
 2723.329830    7.377612
 2723.956300    7.503486
 2724.584470    7.628924
 2725.211430    7.753230
 2725.839600    7.876772
 2726.466800    7.999006
 2727.093990    8.120008
 2727.722900    8.239988
 2728.350340    8.358226
 2728.979490    8.475203
 2729.607420    8.590253
 2730.236820    8.703755
 2730.864750    8.815066
 2731.493160    8.924421
 2732.122800    9.031826
 2732.751460    9.136793
 2733.381590    9.239615
 2734.010500    9.339743
 2734.640870    9.437493
 2735.270020    9.532343
 2735.899410    9.624414
 2736.530270    9.713771
 2737.159670    9.799899
 2737.790770    9.883134
 2738.420650    9.962990
 2739.052250    10.039744
 2739.682370    10.112920
 2740.312500    10.182615
 2740.944340    10.248919
 2741.575200    10.311470
 2742.207280    10.370407
 2742.838130    10.425432
 2743.470460    10.476710
 2744.101560    10.523962
 2744.732910    10.567246
 2745.365970    10.606593
 2745.997310    10.641741
 2746.630860    10.672857
 2747.262700    10.699708
 2747.896000    10.722395
 2748.528080    10.740792
 2749.160640    10.754932
 2749.794430    10.764795
 2750.427000    10.770328
 2751.061280    10.771544
 2751.694090    10.768429
 2752.328610    10.760971
 2752.961910    10.749202
 2753.595210    10.733129
 2754.230220    10.712704
 2754.863770    10.688053
 2755.499020    10.659078
 2756.132810    10.625954
 2756.768550    10.588535
 2757.402590    10.547079
 2758.036870    10.501519
 2758.673100    10.451765
 2759.307620    10.398162
 2759.943850    10.340479
 2760.578860    10.279049
 2761.215330    10.213678
 2761.850590    10.144718
 2762.487550    10.071924
 2763.123050    9.995744
 2763.758790    9.916069
 2764.396000    9.832826
 2765.031980    9.746456
 2765.669430    9.656692
 2766.305910    9.563975
 2766.943600    9.468090
 2767.580320    9.369471
 2768.216800    9.268123
 2768.855220    9.163797
 2769.492190    9.057161
 2770.130860    8.947803
 2770.768070    8.836380
 2771.407230    8.722412
 2772.044680    8.606670
 2772.682130    8.488978
 2773.321780    8.369039
 2773.959720    8.247707
 2774.599370    8.124459
 2775.237550    8.000028
 2775.877690    7.873870
 2776.516360    7.746783
 2777.155030    7.618602
 2777.795170    7.489151
 2778.434330    7.359048
 2779.074950    7.227916
 2779.714360    7.096423
 2780.355470    6.964088
 2780.995120    6.831681
 2781.634770    6.699017
 2782.276120    6.565855
 2782.916260    6.432914
 2783.558110    6.299697
 2784.198490    6.166971
 2784.840330    6.034233
 2785.480960    5.902143
 2786.121830    5.770496
 2786.764400    5.639093
 2787.405270    5.508729
 2788.048100    5.378747
 2788.689450    5.249931
 2789.332520    5.121729
 2789.974370    4.994809
 2790.615970    4.869051
 2791.259770    4.744061
 2791.901610    4.620715
 2792.545410    4.498333
 2793.187990    4.377586
 2793.832030    4.258033
 2794.474850    4.140231
 2795.117680    4.024007
 2795.762210    3.909112
 2796.405520    3.796117
 2797.050290    3.684596
 2797.693600    3.575098
 2798.338870    3.467081
 2798.982420    3.361194
 2799.626460    3.257100
 2800.272220    3.154642
 2800.916260    3.054385
 2801.562260    2.955784
 2802.206790    2.859378
 2802.852780    2.764748
 2803.497560    2.672297
 2804.142580    2.581824
 2804.789310    2.493137
 2805.434330    2.406710
 2806.081300    2.322053
 2806.726810    2.239616
 2807.374020    2.158991
 2808.020020    2.080538
 2808.666020    2.004095
 2809.313480    1.929484
 2809.959960    1.856978
 2810.607910    1.786289
 2811.254390    1.717720
 2811.902830    1.650892
 2812.549560    1.586164
 2813.198240    1.523149
 2813.845210    1.462178
 2814.492680    1.403016
 2815.141600    1.345555
 2815.789310    1.290007
 2816.438720    1.236093
 2817.086430    1.184068
 2817.736080    1.133608
 2818.384520    1.084930
 2819.032710    1.037925
 2819.682620    0.992422
 2820.331300    0.948595
 2820.981930    0.906199
 2821.630620    0.865452
 2822.281490    0.826061
 2822.930660    0.788228
 2823.580080    0.751799
 2824.231200    0.716661
 2824.880860    0.682953
 2825.532230    0.650474
 2826.182370    0.619336
 2826.833980    0.589375
 2827.484380    0.560679
 2828.134770    0.533158
 2828.786870    0.506707
 2829.437740    0.481412
 2830.090090    0.457134
 2830.741210    0.433941
 2831.394040    0.411695
 2832.045410    0.390470
 2832.697020    0.370179
 2833.350100    0.350752
 2834.001950    0.332238
 2834.655520    0.314525
 2835.307620    0.297667
 2835.961180    0.281561
 2836.613770    0.266235
 2837.266360    0.251639
 2837.920410    0.237714
 2838.573490    0.224483
 2839.228030    0.211873
 2839.881100    0.199913
 2840.535890    0.188521
 2841.189450    0.177723
 2841.843020    0.167473
 2842.498540    0.157721
 2843.152340    0.148497
 2843.807860    0.139731
 2844.462160    0.131444
 2845.118160    0.123576
 2845.772710    0.116147
 2846.427250    0.109118
 2847.083740    0.102454
 2847.738770    0.096169
 2848.395260    0.090219
 2849.050540    0.084613
 2849.707760    0.079307
 2850.363280    0.074314
 2851.018800    0.069607
 2851.676270    0.065158
 2852.332280    0.060977
 2852.989990    0.057031
 2853.646480    0.053324
 2854.304440    0.049829
 2854.960940    0.046553
 2855.617920    0.043470
 2856.276370    0.040568
 2856.933350    0.037851
 2857.592290    0.035294
 2858.249760    0.032901
 2858.908940    0.030651
 2859.566650    0.028548
 2860.224370    0.026579
 2860.883790    0.024730
 2861.541750    0.023004
 2862.201900    0.021384
 2862.860350    0.019875
 2863.520510    0.018459
 2864.179200    0.017141
 2864.839840    0.015907
 2865.498780    0.014758
 2866.157960    0.013687
 2866.818850    0.012685
 2867.478520    0.011754
 2868.139650    0.010884
 2868.799320    0.010077
 2869.460940    0.009323
 2870.121090    0.008623
 2870.781490    0.007973
 2871.443360    0.007367
 2872.103760    0.006805
 2872.766360    0.006283
 2873.427000    0.005799
 2874.089600    0.005349
 2874.750730    0.004933
 2875.412110    0.004547
 2876.075440    0.004189
 2876.736820    0.003858
 2877.400390    0.003551
 2878.062260    0.003267
 2878.725830    0.003005
 2879.388180    0.002763
 2880.050540    0.002539
 2880.714600    0.002332
 2881.377440    0.002141
 2882.041750    0.001965
 2882.704830    0.001802
 2883.369380    0.001653
 2884.032960    0.001514
 2884.696530    0.001388
 2885.361330    0.001271
 2886.025390    0.001163
 2886.690920    0.001064
 2887.354980    0.000974
 2888.020510    0.000890
 2888.685060    0.000813
 2889.349610    0.000743
 2890.015870    0.000678
 2890.680910    0.000619
 2891.347410    0.000565
 2892.012700    0.000515
 2892.679200    0.000469
 2893.344970    0.000427
 2894.010500    0.000389
 2894.677730    0.000354
 2895.343510    0.000322
 2896.011470    0.000293
 2896.677490    0.000266
 2897.345460    0.000242
 2898.011960    0.000220
 2898.678960    0.000199
 2899.347170    0.000181
 2900.014160    0.000164
 2900.682860    0.000149
 2901.350100    0.000135
 2902.019530    0.000122
 2902.687010    0.000111
 2903.354740    0.000100
 2904.024410    0.000091
 2904.692380    0.000082
 2905.361820    0.000074
 2906.030520    0.000067
 2906.700680    0.000060
 2907.369140    0.000054
 2908.038090    0.000050
 2908.708500    0.000045
 2909.377930    0.000040
 2910.048830    0.000036
 2910.718260    0.000032
 2911.389650    0.000030
 2912.059330    0.000027
 2912.729250    0.000024
 2913.400630    0.000021
 2914.070800    0.000019
 2914.742920    0.000017
 2915.413570    0.000015
 2916.085690    0.000014
 2916.756590    0.000012
 2917.429200    0.000011
 2918.100340    0.000010
 2918.771730    0.000009
 2919.444580    0.000008
 2920.116210    0.000008
 2920.789550    0.000007
 2921.461670    0.000006
 2922.135500    0.000005
 2922.807370    0.000005
 2923.479740    0.000004
 2924.154050    0.000004
 2924.826660    0.000003
 2925.500980    0.000003
 2926.174070    0.000003
 2926.848880    0.000002
 2927.522220    0.000002
 2928.195800    0.000002
 2928.870850    0.000002
 2929.544920    0.000002
 2930.220460    0.000001
 2930.894530    0.000001
 2931.570310    0.000001
 2932.244630    0.000001
 2932.919190    0.000001
 2933.595700    0.000001
 2934.270260    0.000001
 2934.947270    0.000001
 2935.622310    0.000001
 2936.299070    0.000000
 2936.974850    0.000000
 2937.650390    0.000000
 2938.327880    0.000000
 2939.003660    0.000000
 2939.681400    0.000000
 2940.357670    0.000000
 2941.035640    0.000000
 2941.712160    0.000000
 2942.389160    0.000000
 2943.067630    0.000000
 2943.744630    0.000000
 2944.423580    0.000000
 2945.100830    0.000000
 2945.780030    0.000000
 2946.457760    0.000000
 2947.135500    0.000000
 2947.815190    0.000000
 2948.493410    0.000000
 2949.173100    0.000000
 2949.851560    0.000000
 2950.531980    0.000000
 2951.210450    0.000000
 2951.889650    0.000000
 2952.570070    0.000000
 2953.249270    0.000000
 2953.930660    0.000000
 2954.610110    0.000000
 2955.291500    0.000000
 2955.971190    0.000000
 2956.651120    0.000000
 2957.333010    0.000000
 2958.013180    0.000000
 2958.695560    0.000000
 2959.376220    0.000000
 2960.058350    0.000000
 2960.739500    0.000000
 2961.420410    0.000000
 2962.103520    0.000000
 2962.784910    0.000000
 2963.468020    0.000000
 2964.149900    0.000000
 2964.833500    0.000000
 2965.515380    0.000000
 2966.197750    0.000000
 2966.881590    0.000000
 2967.564210    0.000000
 2968.248540    0.000000
 2968.931150    0.000000
 2969.615720    0.000000
 2970.299070    0.000000
 2970.984130    0.000000
 2971.667480    0.000000
 2972.351070    0.000000
 2973.036620    0.000000
 2973.720700    0.000000
 2974.406250    0.000000
 2975.090580    0.000000
 2975.776610    0.000000
 2976.461180    0.000000
 2977.146000    0.000000
 2977.832280    0.000000
 2978.517580    0.000000
 2979.204350    0.000000
 2979.889650    0.000000
 2980.576660    0.000000
 2981.262210    0.000000
 2981.948240    0.000000
 2982.635990    0.000000
 2983.322020    0.000000
 2984.010010    0.000000
 2984.696530    0.000000
 2985.384770    0.000000
 2986.071530    0.000000
 2986.758540    0.000000
 2987.447270    0.000000
 2988.134770    0.000000
 2988.823490    0.000000
 2989.510990    0.000000
 2990.200440    0.000000
 2990.888180    0.000000
 2991.576170    0.000000
 2992.266360    0.000000
 2992.954830    0.000000
 2993.644780    0.000000
 2994.333500    0.000000
 2995.023930    0.000000
 2995.713130    0.000000
 2996.402100    0.000000
 2997.093020    0.000000
 2997.782710    0.000000
 2998.473880    0.000000
 2999.163570    0.000000
 2999.855470    0.000000
 3000.545410    0.000000
 3001.235600    0.000000
 3001.927730    0.000000
 3002.618410    0.000000
 3003.310550    0.000000
 3004.001710    0.000000
 3004.694340    0.000000
 3005.385740    0.000000
 3006.076900    0.000000
 3006.770020    0.000000
 3007.461670    0.000000
 3008.155270    0.000000
 3008.847410    0.000000
 3009.541260    0.000000
 3010.233400    0.000000
 3010.926270    0.000000
 3011.620360    0.000000
 3012.313230    0.000000
 3013.007810    0.000000
 3013.700930    0.000000
 3014.395750    0.000000
 3015.089360    0.000000
 3015.783200    0.000000
 3016.478270    0.000000
 3017.172610    0.000000
 3017.868160    0.000000
 3018.562260    0.000000
 3019.258540    0.000000
 3019.952880    0.000000
 3020.647950    0.000000
 3021.344480    0.000000
 3022.039310    0.000000
 3022.736330    0.000000
 3023.431640    0.000000
 3024.128660    0.000000
 3024.824460    0.000000
 3025.522220    0.000000
 3026.218020    0.000000
 3026.914310    0.000000
 3027.612300    0.000000
 3028.308840    0.000000
 3029.007080    0.000000
 3029.703860    0.000000
 3030.402590    0.000000
 3031.099850    0.000000
 3031.797120    0.000000
 3032.496090    0.000000
 3033.193600    0.000000
 3033.893310    0.000000
 3034.591060    0.000000
 3035.290770    0.000000
 3035.989010    0.000000
 3036.687740    0.000000
 3037.387700    0.000000
 3038.086670    0.000000
 3038.787350    0.000000
 3039.486080    0.000000
 3040.187260    0.000000
 3040.886470    0.000000
 3041.586180    0.000000
 3042.287350    0.000000
 3042.987550    0.000000
 3043.689210    0.000000
 3044.389160    0.000000
 3045.091060    0.000000
 3045.791750    0.000000
 3046.492430    0.000000
 3047.194820    0.000000
 3047.896000    0.000000
 3048.598880    0.000000
 3049.300050    0.000000
