 2653.384280    0.000002
 2653.996340    0.000002
 2654.606690    0.000002
 2655.217290    0.000002
 2655.829830    0.000002
 2656.440670    0.000002
 2657.053220    0.000002
 2657.664550    0.000003
 2658.277340    0.000003
 2658.888920    0.000003
 2659.500730    0.000003
 2660.114010    0.000004
 2660.725830    0.000004
 2661.339360    0.000004
 2661.951660    0.000005
 2662.565430    0.000005
 2663.177980    0.000006
 2663.790530    0.000006
 2664.404790    0.000006
 2665.017820    0.000007
 2665.632320    0.000008
 2666.245610    0.000008
 2666.860350    0.000009
 2667.473880    0.000010
 2668.089110    0.000010
 2668.702880    0.000010
 2669.316890    0.000011
 2669.932370    0.000012
 2670.546630    0.000013
 2671.162350    0.000014
 2671.776860    0.000016
 2672.393070    0.000017
 2673.007810    0.000018
 2673.622560    0.000020
 2674.239260    0.000022
 2674.854490    0.000023
 2675.471190    0.000025
 2676.086670    0.000027
 2676.703860    0.000030
 2677.319580    0.000031
 2677.935550    0.000034
 2678.552980    0.000036
 2679.169190    0.000039
 2679.786870    0.000043
 2680.403560    0.000046
 2681.021480    0.000050
 2681.638430    0.000053
 2682.255370    0.000057
 2682.873780    0.000062
 2683.490970    0.000066
 2684.109860    0.000072
 2684.727290    0.000076
 2685.346440    0.000083
 2685.964110    0.000089
 2686.582030    0.000095
 2687.201660    0.000103
 2687.819820    0.000111
 2688.439450    0.000119
 2689.057860    0.000128
 2689.677980    0.000137
 2690.296880    0.000147
 2690.915770    0.000158
 2691.536380    0.000170
 2692.155270    0.000182
 2692.776370    0.000196
 2693.395750    0.000210
 2694.016850    0.000226
 2694.636720    0.000242
 2695.256590    0.000259
 2695.877930    0.000278
 2696.498050    0.000298
 2697.119870    0.000320
 2697.740480    0.000343
 2698.362550    0.000368
 2698.983400    0.000394
 2699.604250    0.000422
 2700.226810    0.000452
 2700.847900    0.000484
 2701.470700    0.000519
 2702.092040    0.000555
 2702.715330    0.000594
 2703.337160    0.000636
 2703.958980    0.000681
 2704.582520    0.000728
 2705.204830    0.000779
 2705.828370    0.000833
 2706.450930    0.000891
 2707.074950    0.000952
 2707.697750    0.001018
 2708.320800    0.001087
 2708.945310    0.001162
 2709.568360    0.001241
 2710.193360    0.001325
 2710.816650    0.001414
 2711.441890    0.001511
 2712.065670    0.001612
 2712.689450    0.001720
 2713.314940    0.001836
 2713.939210    0.001958
 2714.565190    0.002089
 2715.189450    0.002227
 2715.815670    0.002375
 2716.440430    0.002531
 2717.066890    0.002698
 2717.691890    0.002874
 2718.317140    0.003062
 2718.943850    0.003263
 2719.569340    0.003474
 2720.196530    0.003699
 2720.822270    0.003938
 2721.449710    0.004191
 2722.075680    0.004460
 2722.702150    0.004745
 2723.329830    0.005049
 2723.956300    0.005369
 2724.584470    0.005710
 2725.211430    0.006069
 2725.839600    0.006452
 2726.466800    0.006856
 2727.093990    0.007284
 2727.722900    0.007738
 2728.350340    0.008219
 2728.979490    0.008728
 2729.607420    0.009266
 2730.236820    0.009836
 2730.864750    0.010438
 2731.493160    0.011075
 2732.122800    0.011749
 2732.751460    0.012461
 2733.381590    0.013215
 2734.010500    0.014010
 2734.640870    0.014852
 2735.270020    0.015739
 2735.899410    0.016676
 2736.530270    0.017668
 2737.159670    0.018711
 2737.790770    0.019815
 2738.420650    0.020978
 2739.052250    0.022208
 2739.682370    0.023501
 2740.312500    0.024865
 2740.944340    0.026306
 2741.575200    0.027822
 2742.207280    0.029422
 2742.838130    0.031104
 2743.470460    0.032880
 2744.101560    0.034745
 2744.732910    0.036710
 2745.365970    0.038782
 2745.997310    0.040957
 2746.630860    0.043251
 2747.262700    0.045658
 2747.896000    0.048195
 2748.528080    0.050856
 2749.160640    0.053654
 2749.794430    0.056599
 2750.427000    0.059687
 2751.061280    0.062938
 2751.694090    0.066343
 2752.328610    0.069927
 2752.961910    0.073682
 2753.595210    0.077620
 2754.230220    0.081761
 2754.863770    0.086094
 2755.499020    0.090650
 2756.132810    0.095412
 2756.768550    0.100419
 2757.402590    0.105650
 2758.036870    0.111131
 2758.673100    0.116888
 2759.307620    0.122898
 2759.943850    0.129206
 2760.578860    0.135793
 2761.215330    0.142700
 2761.850590    0.149910
 2762.487550    0.157469
 2763.123050    0.165352
 2763.758790    0.173594
 2764.396000    0.182224
 2765.031980    0.191223
 2765.669430    0.200642
 2766.305910    0.210460
 2766.943600    0.220728
 2767.580320    0.231426
 2768.216800    0.242582
 2768.855220    0.254254
 2769.492190    0.266397
 2770.130860    0.279089
 2770.768070    0.292286
 2771.407230    0.306079
 2772.044680    0.320408
 2772.682130    0.335330
 2773.321780    0.350919
 2773.959720    0.367102
 2774.599370    0.383986
 2775.237550    0.401511
 2775.877690    0.419793
 2776.516360    0.438760
 2777.155030    0.458475
 2777.795170    0.479010
 2778.434330    0.500312
 2779.074950    0.522489
 2779.714360    0.545473
 2780.355470    0.569399
 2780.995120    0.594172
 2781.634770    0.619875
 2782.276120    0.646608
 2782.916260    0.674277
 2783.558110    0.703039
 2784.198490    0.732782
 2784.840330    0.763671
 2785.480960    0.795607
 2786.121830    0.828690
 2786.764400    0.863033
 2787.405270    0.898485
 2788.048100    0.935280
 2788.689450    0.973255
 2789.332520    1.012632
 2789.974370    1.053267
 2790.615970    1.095247
 2791.259770    1.138775
 2791.901610    1.183601
 2792.545410    1.230035
 2793.187990    1.277883
 2793.832030    1.327380
 2794.474850    1.378355
 2795.117680    1.430936
 2795.762210    1.485302
 2796.405520    1.541244
 2797.050290    1.599030
 2797.693600    1.658433
 2798.338870    1.719805
 2798.982420    1.782834
 2799.626460    1.847764
 2800.272220    1.914763
 2800.916260    1.983508
 2801.562260    2.054428
 2802.206790    2.127181
 2802.852780    2.202132
 2803.497560    2.279005
 2804.142580    2.358000
 2804.789310    2.439341
 2805.434330    2.522626
 2806.081300    2.608363
 2806.726810    2.696129
 2807.374020    2.786387
 2808.020020    2.878762
 2808.666020    2.973448
 2809.313480    3.070695
 2809.959960    3.170165
 2810.607910    3.272262
 2811.254390    3.376547
 2811.902830    3.483598
 2812.549560    3.592833
 2813.198240    3.704894
 2813.845210    3.819166
 2814.492680    3.936050
 2815.141600    4.055751
 2815.789310    4.177787
 2816.438720    4.302728
 2817.086430    4.429927
 2817.736080    4.560115
 2818.384520    4.692667
 2819.032710    4.827784
 2819.682620    4.965882
 2820.331300    5.106345
 2820.981930    5.249866
 2821.630620    5.395582
 2822.281490    5.544421
 2822.930660    5.695487
 2823.580080    5.849219
 2824.231200    6.005963
 2824.880860    6.164944
 2825.532230    6.326924
 2826.182370    6.491162
 2826.833980    6.658314
 2827.484380    6.827669
 2828.134770    6.999515
 2828.786870    7.174283
 2829.437740    7.351161
 2830.090090    7.530845
 2830.741210    7.712558
 2831.394040    7.897084
 2832.045410    8.083484
 2832.697020    8.272195
 2833.350100    8.463531
 2834.001950    8.656655
 2834.655520    8.852383
 2835.307620    9.049709
 2835.961180    9.249460
 2836.613770    9.450830
 2837.266360    9.654049
 2837.920410    9.859509
 2838.573490    10.066377
 2839.228030    10.275350
 2839.881100    10.485415
 2840.535890    10.697516
 2841.189450    10.910620
 2841.843020    11.125033
 2842.498540    11.341315
 2843.152340    11.558167
 2843.807860    11.776625
 2844.462160    11.995617
 2845.118160    12.216026
 2845.772710    12.436683
 2846.427250    12.657973
 2847.083740    12.880450
 2847.738770    13.102849
 2848.395260    13.326051
 2849.050540    13.549028
 2849.707760    13.772743
 2850.363280    13.995831
 2851.018800    14.218754
 2851.676270    14.442051
 2852.332280    14.664437
 2852.989990    14.886860
 2853.646480    15.108201
 2854.304440    15.329238
 2854.960940    15.548854
 2855.617920    15.767572
 2856.276370    15.985582
 2856.933350    16.201778
 2857.592290    16.417150
 2858.249760    16.630444
 2858.908940    16.842548
 2859.566650    17.052307
 2860.224370    17.260059
 2860.883790    17.466200
 2861.541750    17.669598
 2862.201900    17.871241
 2862.860350    18.069805
 2863.520510    18.266178
 2864.179200    18.459282
 2864.839840    18.649982
 2865.498780    18.837088
 2866.157960    19.021027
 2866.818850    19.202068
 2867.478520    19.379274
 2868.139650    19.553236
 2868.799320    19.723057
 2869.460940    19.889488
 2870.121090    20.051542
 2870.781490    20.209534
 2871.443360    20.363621
 2872.103760    20.513002
 2872.766360    20.658392
 2873.427000    20.798763
 2874.089600    20.934843
 2874.750730    21.065817
 2875.412110    21.191940
 2876.075440    21.313415
 2876.736820    21.429438
 2877.400390    21.540638
 2878.062260    21.646271
 2878.725830    21.746807
 2879.388180    21.841705
 2880.050540    21.931095
 2880.714600    22.015110
 2881.377440    22.093304
 2882.041750    22.165939
 2882.704830    22.232656
 2883.369380    22.293669
 2884.032960    22.348703
 2884.696530    22.397812
 2885.361330    22.441025
 2886.025390    22.478184
 2886.690920    22.509365
 2887.354980    22.534414
 2888.020510    22.553423
 2888.685060    22.566301
 2889.349610    22.573072
 2890.015870    22.573729
 2890.680910    22.568260
 2891.347410    22.556652
 2892.012700    22.538956
 2892.679200    22.515123
 2893.344970    22.485247
 2894.010500    22.449335
 2894.677730    22.407303
 2895.343510    22.359379
 2896.011470    22.305334
 2896.677490    22.245542
 2897.345460    22.179712
 2898.011960    22.108227
 2898.678960    22.030949
 2899.347170    21.947838
 2900.014160    21.859266
 2900.682860    21.764916
 2901.350100    21.665306
 2902.019530    21.559965
 2902.687010    21.449631
 2903.354740    21.334045
 2904.024410    21.212990
 2904.692380    21.087215
 2905.361820    20.956234
 2906.030520    20.820566
 2906.700680    20.679871
 2907.369140    20.534927
 2908.038090    20.385385
 2908.708500    20.231127
 2909.377930    20.072824
 2910.048830    19.910023
 2910.718260    19.743557
 2911.389650    19.572700
 2912.059330    19.398512
 2912.729250    19.220627
 2913.400630    19.038845
 2914.070800    18.854017
 2914.742920    18.665409
 2915.413570    18.474106
 2916.085690    18.279415
 2916.756590    18.082252
 2917.429200    17.881895
 2918.100340    17.679426
 2918.771730    17.474480
 2919.444580    17.266815
 2920.116210    17.057404
 2920.789550    16.845470
 2921.461670    16.632080
 2922.135500    16.416437
 2922.807370    16.199862
 2923.479740    15.981708
 2924.154050    15.761634
 2924.826660    15.540976
 2925.500980    15.318746
 2926.174070    15.096046
 2926.848880    14.872046
 2927.522220    14.647929
 2928.195800    14.423262
 2928.870850    14.197763
 2929.544920    13.972382
 2930.220460    13.746424
 2930.894530    13.520998
 2931.570310    13.295162
 2932.244630    13.070100
 2932.919190    12.845358
 2933.595700    12.620485
 2934.270260    12.396892
 2934.947270    12.173233
 2935.622310    11.951071
 2936.299070    11.729303
 2936.974850    11.508917
 2937.650390    11.289766
 2938.327880    11.071241
 2939.003660    10.854618
 2939.681400    10.638812
 2940.357670    10.425004
 2941.035640    10.212275
 2941.712160    10.001701
 2942.389160    9.792751
 2943.067630    9.585207
 2943.744630    9.380035
 2944.423580    9.176271
 2945.100830    8.975082
 2945.780030    8.775443
 2946.457760    8.578420
 2947.135500    8.383636
 2947.815190    8.190591
 2948.493410    8.000310
 2949.173100    7.812017
 2949.851560    7.626501
 2950.531980    7.442939
 2951.210450    7.262421
 2951.889650    7.084259
 2952.570070    6.908371
 2953.249270    6.735413
 2953.930660    6.564549
 2954.610110    6.396841
 2955.291500    6.231346
 2955.971190    6.068972
 2956.651120    5.909257
 2957.333010    5.751826
 2958.013180    5.597535
 2958.695560    5.445507
 2959.376220    5.296618
 2960.058350    5.150178
 2960.739500    5.006711
 2961.420410    4.866054
 2962.103520    4.727708
 2962.784910    4.592461
 2963.468020    4.459626
 2964.149900    4.329763
 2964.833500    4.202306
 2965.515380    4.077876
 2966.197750    3.956048
 2966.881590    3.836642
 2967.564210    3.720109
 2968.248540    3.605928
 2968.931150    3.494648
 2969.615720    3.385650
 2970.299070    3.279416
 2970.984130    3.175467
 2971.667480    3.074293
 2972.351070    2.975569
 2973.036620    2.879029
 2973.720700    2.785126
 2974.406250    2.693425
 2975.090580    2.604254
 2975.776610    2.517199
 2976.461180    2.432631
 2977.146000    2.350296
 2977.832280    2.270020
 2978.517580    2.192057
 2979.204350    2.116091
 2979.889650    2.042412
 2980.576660    1.970640
 2981.262210    1.901072
 2981.948240    1.833465
 2982.635990    1.767670
 2983.322020    1.703977
 2984.010010    1.642006
 2984.696530    1.582030
 2985.384770    1.523734
 2986.071530    1.467348
 2986.758540    1.412688
 2987.447270    1.359608
 2988.134770    1.308294
 2988.823490    1.258528
 2989.510990    1.210446
 2990.200440    1.163793
 2990.888180    1.118778
 2991.576170    1.075233
 2992.266360    1.033003
 2992.954830    0.992292
 2993.644780    0.952877
 2994.333500    0.914875
 2995.023930    0.878090
 2995.713130    0.842645
 2996.402100    0.808450
 2997.093020    0.775368
 2997.782710    0.743517
 2998.473880    0.712742
 2999.163570    0.683141
 2999.855470    0.654525
 3000.545410    0.627035
 3001.235600    0.600550
 3001.927730    0.574977
 3002.618410    0.550413
 3003.310550    0.526727
 3004.001710    0.503971
 3004.694340    0.482040
 3005.385740    0.460992
 3006.076900    0.440766
 3006.770020    0.421276
 3007.461670    0.402591
 3008.155270    0.384595
 3008.847410    0.367352
 3009.541260    0.350761
 3010.233400    0.334880
 3010.926270    0.319627
 3011.620360    0.304972
 3012.313230    0.290944
 3013.007810    0.277465
 3013.700930    0.264575
 3014.395750    0.252195
 3015.089360    0.240358
 3015.783200    0.229020
 3016.478270    0.218147
 3017.172610    0.207752
 3017.868160    0.197789
 3018.562260    0.188280
 3019.258540    0.179157
 3019.952880    0.170462
 3020.647950    0.162141
 3021.344480    0.154174
 3022.039310    0.146583
 3022.736330    0.139310
 3023.431640    0.132383
 3024.128660    0.125756
 3024.824460    0.119444
 3025.522220    0.113404
 3026.218020    0.107661
 3026.914310    0.102181
 3027.612300    0.096945
 3028.308840    0.091966
 3029.007080    0.087211
 3029.703860    0.082690
 3030.402590    0.078375
 3031.099850    0.074275
 3031.797120    0.070373
 3032.496090    0.066651
 3033.193600    0.063119
 3033.893310    0.059750
 3034.591060    0.056555
 3035.290770    0.053510
 3035.989010    0.050623
 3036.687740    0.047878
 3037.387700    0.045268
 3038.086670    0.042792
 3038.787350    0.040437
 3039.486080    0.038208
 3040.187260    0.036087
 3040.886470    0.034081
 3041.586180    0.032176
 3042.287350    0.030367
 3042.987550    0.028656
 3043.689210    0.027031
 3044.389160    0.025496
 3045.091060    0.024037
 3045.791750    0.022659
 3046.492430    0.021356
 3047.194820    0.020119
 3047.896000    0.018951
 3048.598880    0.017844
 3049.300050    0.016800
