 2653.384280    1.529795
 2653.996340    1.578959
 2654.606690    1.629111
 2655.217290    1.680418
 2655.829830    1.733036
 2656.440670    1.786658
 2657.053220    1.841590
 2657.664550    1.897573
 2658.277340    1.954862
 2658.888920    2.013206
 2659.500730    2.072748
 2660.114010    2.133611
 2660.725830    2.195504
 2661.339360    2.258751
 2661.951660    2.323048
 2662.565430    2.388675
 2663.177980    2.455344
 2663.790530    2.523179
 2664.404790    2.592368
 2665.017820    2.662576
 2665.632320    2.734103
 2666.245610    2.806628
 2666.860350    2.880460
 2667.473880    2.955264
 2668.089110    3.031386
 2668.702880    3.108421
 2669.316890    3.186563
 2669.932370    3.265958
 2670.546630    3.346240
 2671.162350    3.427742
 2671.776860    3.510088
 2672.393070    3.593650
 2673.007810    3.677976
 2673.622560    3.763237
 2674.239260    3.849683
 2674.854490    3.936809
 2675.471190    4.025001
 2676.086670    4.113844
 2676.703860    4.203731
 2677.319580    4.294168
 2677.935550    4.385368
 2678.552980    4.477481
 2679.169190    4.570067
 2679.786870    4.663495
 2680.403560    4.757353
 2681.021480    4.851938
 2681.638430    4.946869
 2682.255370    5.042253
 2682.873780    5.138275
 2683.490970    5.234468
 2684.109860    5.331246
 2684.727290    5.428062
 2685.346440    5.525367
 2685.964110    5.622609
 2686.582030    5.720007
 2687.201660    5.817739
 2687.819820    5.915253
 2688.439450    6.012954
 2689.057860    6.110364
 2689.677980    6.207891
 2690.296880    6.305014
 2690.915770    6.401870
 2691.536380    6.498666
 2692.155270    6.594812
 2692.776370    6.690853
 2693.395750    6.786127
 2694.016850    6.881099
 2694.636720    6.975260
 2695.256590    7.068736
 2695.877930    7.161686
 2696.498050    7.253647
 2697.119870    7.344992
 2697.740480    7.435227
 2698.362550    7.524684
 2698.983400    7.612914
 2699.604250    7.700034
 2700.226810    7.786219
 2700.847900    7.870970
 2701.470700    7.954661
 2702.092040    8.036806
 2702.715330    8.117798
 2703.337160    8.197133
 2703.958980    8.274949
 2704.582520    8.351399
 2705.204830    8.426066
 2705.828370    8.499192
 2706.450930    8.570466
 2707.074950    8.640114
 2707.697750    8.707788
 2708.320800    8.773602
 2708.945310    8.837633
 2709.568360    8.899535
 2710.193360    8.959602
 2710.816650    9.017441
 2711.441890    9.073350
 2712.065670    9.126984
 2712.689450    9.178441
 2713.314940    9.227820
 2713.939210    9.274855
 2714.565190    9.319736
 2715.189450    9.362191
 2715.815670    9.402442
 2716.440430    9.440245
 2717.066890    9.475770
 2717.691890    9.508820
 2718.317140    9.539475
 2718.943850    9.567777
 2719.569340    9.593588
 2720.196530    9.617023
 2720.822270    9.637958
 2721.449710    9.656492
 2722.075680    9.672536
 2722.702150    9.686146
 2723.329830    9.697336
 2723.956300    9.706075
 2724.584470    9.712408
 2725.211430    9.716324
 2725.839600    9.717852
 2726.466800    9.717008
 2727.093990    9.713820
 2727.722900    9.708299
 2728.350340    9.700500
 2728.979490    9.690415
 2729.607420    9.678124
 2730.236820    9.663614
 2730.864750    9.646992
 2731.493160    9.628257
 2732.122800    9.607424
 2732.751460    9.584618
 2733.381590    9.559798
 2734.010500    9.533126
 2734.640870    9.504546
 2735.270020    9.474240
 2735.899410    9.442204
 2736.530270    9.408436
 2737.159670    9.373160
 2737.790770    9.336273
 2738.420650    9.298016
 2739.052250    9.258284
 2739.682370    9.217357
 2740.312500    9.175223
 2740.944340    9.131847
 2741.575200    9.087497
 2742.207280    9.042106
 2742.838130    8.995935
 2743.470460    8.948881
 2744.101560    8.901237
 2744.732910    8.852985
 2745.365970    8.804110
 2745.997310    8.754971
 2746.630860    8.705364
 2747.262700    8.655695
 2747.896000    8.605818
 2748.528080    8.556046
 2749.160640    8.506348
 2749.794430    8.456773
 2750.427000    8.407617
 2751.061280    8.358761
 2751.694090    8.310556
 2752.328610    8.262871
 2752.961910    8.216032
 2753.595210    8.170057
 2754.230220    8.124937
 2754.863770    8.081004
 2755.499020    8.038151
 2756.132810    7.996699
 2756.768550    7.956540
 2757.402590    7.918011
 2758.036870    7.881099
 2758.673100    7.845819
 2759.307620    7.812485
 2759.943850    7.781022
 2760.578860    7.751686
 2761.215330    7.724457
 2761.850590    7.699558
 2762.487550    7.676978
 2763.123050    7.656934
 2763.758790    7.639464
 2764.396000    7.624644
 2765.031980    7.612637
 2765.669430    7.603488
 2766.305910    7.597332
 2766.943600    7.594238
 2767.580320    7.594312
 2768.216800    7.597631
 2768.855220    7.604308
 2769.492190    7.614392
 2770.130860    7.628017
 2770.768070    7.645199
 2771.407230    7.666107
 2772.044680    7.690701
 2772.682130    7.719097
 2773.321780    7.751485
 2773.959720    7.787735
 2774.599370    7.828104
 2775.237550    7.872454
 2775.877690    7.921080
 2776.516360    7.973782
 2777.155030    8.030714
 2777.795170    8.092068
 2778.434330    8.157653
 2779.074950    8.227768
 2779.714360    8.302153
 2780.355470    8.381185
 2780.995120    8.464504
 2781.634770    8.552306
 2782.276120    8.644865
 2782.916260    8.741777
 2783.558110    8.843503
 2784.198490    8.949547
 2784.840330    9.060398
 2785.480960    9.175594
 2786.121830    9.295382
 2786.764400    9.420042
 2787.405270    9.548903
 2788.048100    9.682676
 2788.689450    9.820639
 2789.332520    9.963445
 2789.974370    10.110415
 2790.615970    10.261723
 2791.259770    10.417919
 2791.901610    10.577954
 2792.545410    10.742749
 2793.187990    10.911446
 2793.832030    11.084688
 2794.474850    11.261692
 2795.117680    11.442712
 2795.762210    11.628169
 2796.405520    11.817146
 2797.050290    12.010352
 2797.693600    12.206819
 2798.338870    12.407502
 2798.982420    12.611166
 2799.626460    12.818397
 2800.272220    13.029494
 2800.916260    13.243235
 2801.562260    13.460715
 2802.206790    13.680672
 2802.852780    13.903979
 2803.497560    14.129583
 2804.142580    14.357859
 2804.789310    14.589198
 2805.434330    14.822241
 2806.081300    15.058167
 2806.726810    15.295587
 2807.374020    15.535513
 2808.020020    15.776711
 2808.666020    16.019472
 2809.313480    16.264193
 2809.959960    16.509785
 2810.607910    16.757011
 2811.254390    17.004583
 2811.902830    17.253639
 2812.549560    17.502594
 2813.198240    17.752684
 2813.845210    18.002312
 2814.492680    18.252148
 2815.141600    18.502384
 2815.789310    18.751795
 2816.438720    19.001326
 2817.086430    19.249468
 2817.736080    19.497438
 2818.384520    19.743835
 2819.032710    19.988834
 2819.682620    20.232983
 2820.331300    20.474979
 2820.981930    20.715818
 2821.630620    20.953857
 2822.281490    21.190424
 2822.930660    21.423904
 2823.580080    21.654818
 2824.231200    21.883480
 2824.880860    22.108585
 2825.532230    22.331043
 2826.182370    22.549662
 2826.833980    22.765156
 2827.484380    22.976452
 2828.134770    23.183775
 2828.786870    23.387470
 2829.437740    23.586449
 2830.090090    23.781351
 2830.741210    23.971203
 2831.394040    24.156679
 2832.045410    24.336718
 2832.697020    24.511639
 2833.350100    24.681595
 2834.001950    24.845730
 2834.655520    25.004631
 2835.307620    25.157371
 2835.961180    25.304499
 2836.613770    25.445328
 2837.266360    25.579945
 2837.920410    25.708511
 2838.573490    25.830416
 2839.228030    25.945993
 2839.881100    26.054621
 2840.535890    26.156715
 2841.189450    26.251715
 2841.843020    26.339724
 2842.498540    26.420895
 2843.152340    26.494686
 2843.807860    26.561411
 2844.462160    26.620695
 2845.118160    26.672739
 2845.772710    26.717232
 2846.427250    26.754251
 2847.083740    26.783836
 2847.738770    26.805788
 2848.395260    26.820183
 2849.050540    26.826931
 2849.707760    26.826048
 2850.363280    26.817524
 2851.018800    26.801369
 2851.676270    26.777508
 2852.332280    26.746071
 2852.989990    26.706926
 2853.646480    26.660269
 2854.304440    26.605936
 2854.960940    26.544214
 2855.617920    26.474983
 2856.276370    26.398165
 2856.933350    26.314163
 2857.592290    26.222599
 2858.249760    26.124016
 2858.908940    26.018015
 2859.566650    25.905189
 2860.224370    25.785406
 2860.883790    25.658426
 2861.541750    25.524958
 2862.201900    25.384363
 2862.860350    25.237577
 2863.520510    25.083965
 2864.179200    24.924381
 2864.839840    24.758129
 2865.498780    24.586256
 2866.157960    24.408419
 2866.818850    24.224337
 2867.478520    24.034973
 2868.139650    23.839701
 2868.799320    23.639545
 2869.460940    23.433626
 2870.121090    23.223162
 2870.781490    23.007790
 2871.443360    22.787262
 2872.103760    22.562727
 2872.766360    22.333109
 2873.427000    22.100016
 2874.089600    21.862255
 2874.750730    21.621223
 2875.412110    21.376497
 2876.075440    21.127605
 2876.736820    20.876196
 2877.400390    20.620880
 2878.062260    20.363338
 2878.725830    20.102434
 2879.388180    19.839502
 2880.050540    19.574245
 2880.714600    19.306162
 2881.377440    19.036613
 2882.041750    18.764698
 2882.704830    18.491695
 2883.369380    18.216681
 2884.032960    17.940845
 2884.696530    17.663971
 2885.361330    17.385717
 2886.025390    17.107082
 2886.690920    16.827318
 2887.354980    16.547825
 2888.020510    16.267544
 2888.685060    15.987668
 2889.349610    15.707952
 2890.015870    15.427839
 2890.680910    15.148717
 2891.347410    14.869618
 2892.012700    14.591823
 2892.679200    14.314455
 2893.344970    14.038478
 2894.010500    13.763825
 2894.677730    13.489835
 2895.343510    13.217946
 2896.011470    12.946795
 2896.677490    12.678195
 2897.345460    12.410690
 2898.011960    12.145775
 2898.678960    11.882777
 2899.347170    11.621528
 2900.014160    11.363088
 2900.682860    11.106425
 2901.350100    10.852855
 2902.019530    10.601084
 2902.687010    10.352760
 2903.354740    10.107143
 2904.024410    9.863693
 2904.692380    9.623821
 2905.361820    9.386453
 2906.030520    9.152440
 2906.700680    8.921083
 2907.369140    8.693529
 2908.038090    8.469076
 2908.708500    8.247457
 2909.377930    8.029534
 2910.048830    7.814552
 2910.718260    7.603485
 2911.389650    7.395294
 2912.059330    7.191141
 2912.729250    6.990449
 2913.400630    6.792884
 2914.070800    6.599254
 2914.742920    6.408662
 2915.413570    6.222091
 2916.085690    6.038734
 2916.756590    5.859323
 2917.429200    5.683084
 2918.100340    5.510844
 2918.771730    5.342146
 2919.444580    5.176691
 2920.116210    5.015126
 2920.789550    4.856736
 2921.461670    4.702193
 2922.135500    4.550807
 2922.807370    4.403378
 2923.479740    4.259330
 2924.154050    4.118340
 2924.826660    3.981146
 2925.500980    3.847020
 2926.174070    3.716510
 2926.848880    3.589017
 2927.522220    3.465105
 2928.195800    3.344410
 2928.870850    3.226684
 2929.544920    3.112312
 2930.220460    3.000842
 2930.894530    2.892708
 2931.570310    2.787358
 2932.244630    2.685240
 2932.919190    2.586039
 2933.595700    2.489467
 2934.270260    2.396031
 2934.947270    2.305076
 2935.622310    2.217141
 2936.299070    2.131697
 2936.974850    2.049031
 2937.650390    1.968997
 2938.327880    1.891290
 2939.003660    1.816275
 2939.681400    1.743495
 2940.357670    1.673265
 2941.035640    1.605203
 2941.712160    1.539573
 2942.389160    1.476129
 2943.067630    1.414732
 2943.744630    1.355597
 2944.423580    1.298371
 2945.100830    1.243314
 2945.780030    1.190074
 2946.457760    1.138870
 2947.135500    1.089533
 2947.815190    1.041878
 2948.493410    0.996095
 2949.173100    0.951936
 2949.851560    0.909528
 2950.531980    0.868626
 2951.210450    0.829415
 2951.889650    0.791691
 2952.570070    0.755383
 2953.249270    0.720579
 2953.930660    0.687059
 2954.610110    0.654985
 2955.291500    0.624128
 2955.971190    0.594612
 2956.651120    0.566307
 2957.333010    0.539104
 2958.013180    0.513113
 2958.695560    0.488145
 2959.376220    0.464305
 2960.058350    0.441443
 2960.739500    0.419607
 2961.420410    0.398734
 2962.103520    0.378718
 2962.784910    0.359642
 2963.468020    0.341375
 2964.149900    0.323965
 2964.833500    0.307306
 2965.515380    0.291451
 2966.197750    0.276318
 2966.881590    0.261858
 2967.564210    0.248101
 2968.248540    0.234961
 2968.931150    0.222477
 2969.615720    0.210558
 2970.299070    0.199234
 2970.984130    0.188435
 2971.667480    0.178188
 2972.351070    0.168444
 2973.036620    0.159156
 2973.720700    0.150352
 2974.406250    0.141972
 2975.090580    0.134031
 2975.776610    0.126476
 2976.461180    0.119324
 2977.146000    0.112538
 2977.832280    0.106092
 2978.517580    0.099992
 2979.204350    0.094201
 2979.889650    0.088729
 2980.576660    0.083535
 2981.262210    0.078631
 2981.948240    0.073988
 2982.635990    0.069587
 2983.322020    0.065436
 2984.010010    0.061503
 2984.696530    0.057796
 2985.384770    0.054287
 2986.071530    0.050982
 2986.758540    0.047860
 2987.447270    0.044909
 2988.134770    0.042131
 2988.823490    0.039509
 2989.510990    0.037042
 2990.200440    0.034711
 2990.888180    0.032522
 2991.576170    0.030460
 2992.266360    0.028515
 2992.954830    0.026690
 2993.644780    0.024969
 2994.333500    0.023355
 2995.023930    0.021835
 2995.713130    0.020410
 2996.402100    0.019072
 2997.093020    0.017812
 2997.782710    0.016632
 2998.473880    0.015524
 2999.163570    0.014486
 2999.855470    0.013512
 3000.545410    0.012600
 3001.235600    0.011746
 3001.927730    0.010944
 3002.618410    0.010196
 3003.310550    0.009494
 3004.001710    0.008839
 3004.694340    0.008224
 3005.385740    0.007651
 3006.076900    0.007116
 3006.770020    0.006615
 3007.461670    0.006148
 3008.155270    0.005711
 3008.847410    0.005304
 3009.541260    0.004924
 3010.233400    0.004570
 3010.926270    0.004240
 3011.620360    0.003932
 3012.313230    0.003646
 3013.007810    0.003379
 3013.700930    0.003131
 3014.395750    0.002899
 3015.089360    0.002685
 3015.783200    0.002485
 3016.478270    0.002299
 3017.172610    0.002127
 3017.868160    0.001966
 3018.562260    0.001818
 3019.258540    0.001678
 3019.952880    0.001551
 3020.647950    0.001432
 3021.344480    0.001322
 3022.039310    0.001220
 3022.736330    0.001124
 3023.431640    0.001038
 3024.128660    0.000956
 3024.824460    0.000881
 3025.522220    0.000812
 3026.218020    0.000747
 3026.914310    0.000688
 3027.612300    0.000633
 3028.308840    0.000582
 3029.007080    0.000535
 3029.703860    0.000492
 3030.402590    0.000452
 3031.099850    0.000415
 3031.797120    0.000381
 3032.496090    0.000350
 3033.193600    0.000321
 3033.893310    0.000295
 3034.591060    0.000270
 3035.290770    0.000248
 3035.989010    0.000227
 3036.687740    0.000208
 3037.387700    0.000191
 3038.086670    0.000175
 3038.787350    0.000159
 3039.486080    0.000146
 3040.187260    0.000134
 3040.886470    0.000122
 3041.586180    0.000112
 3042.287350    0.000102
 3042.987550    0.000093
 3043.689210    0.000085
 3044.389160    0.000077
 3045.091060    0.000071
 3045.791750    0.000065
 3046.492430    0.000059
 3047.194820    0.000053
 3047.896000    0.000049
 3048.598880    0.000045
 3049.300050    0.000040
