 2653.384280    0.000000
 2653.996340    0.000000
 2654.606690    0.000000
 2655.217290    0.000000
 2655.829830    0.000000
 2656.440670    0.000000
 2657.053220    0.000000
 2657.664550    0.000000
 2658.277340    0.000000
 2658.888920    0.000000
 2659.500730    0.000000
 2660.114010    0.000000
 2660.725830    0.000000
 2661.339360    0.000000
 2661.951660    0.000000
 2662.565430    0.000000
 2663.177980    0.000000
 2663.790530    0.000000
 2664.404790    0.000000
 2665.017820    0.000000
 2665.632320    0.000000
 2666.245610    0.000000
 2666.860350    0.000000
 2667.473880    0.000000
 2668.089110    0.000000
 2668.702880    0.000000
 2669.316890    0.000000
 2669.932370    0.000000
 2670.546630    0.000000
 2671.162350    0.000000
 2671.776860    0.000000
 2672.393070    0.000000
 2673.007810    0.000000
 2673.622560    0.000000
 2674.239260    0.000000
 2674.854490    0.000000
 2675.471190    0.000000
 2676.086670    0.000000
 2676.703860    0.000000
 2677.319580    0.000000
 2677.935550    0.000000
 2678.552980    0.000000
 2679.169190    0.000000
 2679.786870    0.000000
 2680.403560    0.000000
 2681.021480    0.000000
 2681.638430    0.000000
 2682.255370    0.000000
 2682.873780    0.000000
 2683.490970    0.000000
 2684.109860    0.000000
 2684.727290    0.000000
 2685.346440    0.000000
 2685.964110    0.000000
 2686.582030    0.000000
 2687.201660    0.000000
 2687.819820    0.000000
 2688.439450    0.000000
 2689.057860    0.000000
 2689.677980    0.000000
 2690.296880    0.000000
 2690.915770    0.000000
 2691.536380    0.000000
 2692.155270    0.000000
 2692.776370    0.000000
 2693.395750    0.000000
 2694.016850    0.000000
 2694.636720    0.000000
 2695.256590    0.000000
 2695.877930    0.000000
 2696.498050    0.000000
 2697.119870    0.000000
 2697.740480    0.000000
 2698.362550    0.000000
 2698.983400    0.000000
 2699.604250    0.000000
 2700.226810    0.000000
 2700.847900    0.000000
 2701.470700    0.000000
 2702.092040    0.000000
 2702.715330    0.000000
 2703.337160    0.000000
 2703.958980    0.000000
 2704.582520    0.000000
 2705.204830    0.000001
 2705.828370    0.000001
 2706.450930    0.000001
 2707.074950    0.000001
 2707.697750    0.000001
 2708.320800    0.000001
 2708.945310    0.000001
 2709.568360    0.000001
 2710.193360    0.000001
 2710.816650    0.000001
 2711.441890    0.000001
 2712.065670    0.000001
 2712.689450    0.000001
 2713.314940    0.000002
 2713.939210    0.000002
 2714.565190    0.000002
 2715.189450    0.000002
 2715.815670    0.000002
 2716.440430    0.000002
 2717.066890    0.000003
 2717.691890    0.000003
 2718.317140    0.000003
 2718.943850    0.000004
 2719.569340    0.000004
 2720.196530    0.000004
 2720.822270    0.000005
 2721.449710    0.000005
 2722.075680    0.000005
 2722.702150    0.000006
 2723.329830    0.000006
 2723.956300    0.000007
 2724.584470    0.000008
 2725.211430    0.000008
 2725.839600    0.000009
 2726.466800    0.000010
 2727.093990    0.000010
 2727.722900    0.000010
 2728.350340    0.000011
 2728.979490    0.000012
 2729.607420    0.000014
 2730.236820    0.000015
 2730.864750    0.000016
 2731.493160    0.000018
 2732.122800    0.000019
 2732.751460    0.000021
 2733.381590    0.000023
 2734.010500    0.000025
 2734.640870    0.000027
 2735.270020    0.000029
 2735.899410    0.000031
 2736.530270    0.000033
 2737.159670    0.000036
 2737.790770    0.000039
 2738.420650    0.000043
 2739.052250    0.000046
 2739.682370    0.000050
 2740.312500    0.000054
 2740.944340    0.000058
 2741.575200    0.000063
 2742.207280    0.000069
 2742.838130    0.000073
 2743.470460    0.000079
 2744.101560    0.000086
 2744.732910    0.000093
 2745.365970    0.000100
 2745.997310    0.000108
 2746.630860    0.000116
 2747.262700    0.000126
 2747.896000    0.000135
 2748.528080    0.000146
 2749.160640    0.000157
 2749.794430    0.000170
 2750.427000    0.000183
 2751.061280    0.000196
 2751.694090    0.000212
 2752.328610    0.000228
 2752.961910    0.000246
 2753.595210    0.000264
 2754.230220    0.000284
 2754.863770    0.000306
 2755.499020    0.000329
 2756.132810    0.000354
 2756.768550    0.000381
 2757.402590    0.000408
 2758.036870    0.000439
 2758.673100    0.000471
 2759.307620    0.000506
 2759.943850    0.000544
 2760.578860    0.000583
 2761.215330    0.000626
 2761.850590    0.000671
 2762.487550    0.000720
 2763.123050    0.000772
 2763.758790    0.000828
 2764.396000    0.000887
 2765.031980    0.000951
 2765.669430    0.001019
 2766.305910    0.001091
 2766.943600    0.001168
 2767.580320    0.001250
 2768.216800    0.001338
 2768.855220    0.001432
 2769.492190    0.001533
 2770.130860    0.001639
 2770.768070    0.001753
 2771.407230    0.001874
 2772.044680    0.002003
 2772.682130    0.002139
 2773.321780    0.002286
 2773.959720    0.002441
 2774.599370    0.002607
 2775.237550    0.002783
 2775.877690    0.002971
 2776.516360    0.003170
 2777.155030    0.003381
 2777.795170    0.003607
 2778.434330    0.003845
 2779.074950    0.004100
 2779.714360    0.004369
 2780.355470    0.004656
 2780.995120    0.004959
 2781.634770    0.005281
 2782.276120    0.005625
 2782.916260    0.005987
 2783.558110    0.006372
 2784.198490    0.006780
 2784.840330    0.007213
 2785.480960    0.007670
 2786.121830    0.008156
 2786.764400    0.008671
 2787.405270    0.009213
 2788.048100    0.009790
 2788.689450    0.010400
 2789.332520    0.011045
 2789.974370    0.011727
 2790.615970    0.012447
 2791.259770    0.013211
 2791.901610    0.014016
 2792.545410    0.014869
 2793.187990    0.015767
 2793.832030    0.016718
 2794.474850    0.017720
 2795.117680    0.018778
 2795.762210    0.019896
 2796.405520    0.021073
 2797.050290    0.022318
 2797.693600    0.023626
 2798.338870    0.025010
 2798.982420    0.026464
 2799.626460    0.027997
 2800.272220    0.029615
 2800.916260    0.031314
 2801.562260    0.033109
 2802.206790    0.034992
 2802.852780    0.036978
 2803.497560    0.039062
 2804.142580    0.041255
 2804.789310    0.043567
 2805.434330    0.045989
 2806.081300    0.048542
 2806.726810    0.051217
 2807.374020    0.054033
 2808.020020    0.056985
 2808.666020    0.060082
 2809.313480    0.063339
 2809.959960    0.066751
 2810.607910    0.070337
 2811.254390    0.074089
 2811.902830    0.078032
 2812.549560    0.082154
 2813.198240    0.086485
 2813.845210    0.091009
 2814.492680    0.095749
 2815.141600    0.100721
 2815.789310    0.105916
 2816.438720    0.111364
 2817.086430    0.117048
 2817.736080    0.123010
 2818.384520    0.129231
 2819.032710    0.135728
 2819.682620    0.142535
 2820.331300    0.149632
 2820.981930    0.157065
 2821.630620    0.164803
 2822.281490    0.172905
 2822.930660    0.181336
 2823.580080    0.190135
 2824.231200    0.199335
 2824.880860    0.208905
 2825.532230    0.218905
 2826.182370    0.229307
 2826.833980    0.240168
 2827.484380    0.251456
 2828.134770    0.263210
 2828.786870    0.275476
 2829.437740    0.288216
 2830.090090    0.301499
 2830.741210    0.315289
 2831.394040    0.329664
 2832.045410    0.344574
 2832.697020    0.360073
 2833.350100    0.376210
 2834.001950    0.392941
 2834.655520    0.410357
 2835.307620    0.428395
 2835.961180    0.447157
 2836.613770    0.466593
 2837.266360    0.486751
 2837.920410    0.507700
 2838.573490    0.529383
 2839.228030    0.551905
 2839.881100    0.575186
 2840.535890    0.599361
 2841.189450    0.624349
 2841.843020    0.650214
 2842.498540    0.677062
 2843.152340    0.704767
 2843.807860    0.733498
 2844.462160    0.763149
 2845.118160    0.793882
 2845.772710    0.825572
 2846.427250    0.858312
 2847.083740    0.892227
 2847.738770    0.927170
 2848.395260    0.963322
 2849.050540    1.000560
 2849.707760    1.039093
 2850.363280    1.078733
 2851.018800    1.119605
 2851.676270    1.161862
 2852.332280    1.205313
 2852.989990    1.250193
 2853.646480    1.296330
 2854.304440    1.343942
 2854.960940    1.392841
 2855.617920    1.443197
 2856.276370    1.495116
 2856.933350    1.548394
 2857.592290    1.603335
 2858.249760    1.659682
 2858.908940    1.717732
 2859.566650    1.777233
 2860.224370    1.838336
 2860.883790    1.901231
 2861.541750    1.965640
 2862.201900    2.031949
 2862.860350    2.099792
 2863.520510    2.169541
 2864.179200    2.240887
 2864.839840    2.314222
 2865.498780    2.389165
 2866.157960    2.465950
 2866.818850    2.544778
 2867.478520    2.625319
 2868.139650    2.707923
 2868.799320    2.792242
 2869.460940    2.878731
 2870.121090    2.966962
 2870.781490    3.057174
 2871.443360    3.149556
 2872.103760    3.243713
 2872.766360    3.340183
 2873.427000    3.438375
 2874.089600    3.538879
 2874.750730    3.641190
 2875.412110    3.745574
 2876.075440    3.852317
 2876.736820    3.960798
 2877.400390    4.071704
 2878.062260    4.184387
 2878.725830    4.299431
 2879.388180    4.416330
 2880.050540    4.535294
 2880.714600    4.656634
 2881.377440    4.779813
 2882.041750    4.905330
 2882.704830    5.032668
 2883.369380    5.162336
 2884.032960    5.293849
 2884.696530    5.427386
 2885.361330    5.563182
 2886.025390    5.700828
 2886.690920    5.840765
 2887.354980    5.982355
 2888.020510    6.126205
 2888.685060    6.271768
 2889.349610    6.419228
 2890.015870    6.568943
 2890.680910    6.720234
 2891.347410    6.873679
 2892.012700    7.028629
 2892.679200    7.185619
 2893.344970    7.344157
 2894.010500    7.504317
 2894.677730    7.666534
 2895.343510    7.829998
 2896.011470    7.995566
 2896.677490    8.162165
 2897.345460    8.330721
 2898.011960    8.500331
 2898.678960    8.671432
 2899.347170    8.844166
 2900.014160    9.017850
 2900.682860    9.193187
 2901.350100    9.369287
 2902.019530    9.547060
 2902.687010    9.725341
 2903.354740    9.904648
 2904.024410    10.085381
 2904.692380    10.266480
 2905.361820    10.448741
 2906.030520    10.631493
 2906.700680    10.815266
 2907.369140    10.999113
 2908.038090    11.183564
 2908.708500    11.368810
 2909.377930    11.554100
 2910.048830    11.740028
 2910.718260    11.925705
 2911.389650    12.111989
 2912.059330    12.297787
 2912.729250    12.483551
 2913.400630    12.669536
 2914.070800    12.854907
 2914.742920    13.040456
 2915.413570    13.225146
 2916.085690    13.409699
 2916.756590    13.593281
 2917.429200    13.776603
 2918.100340    13.958709
 2918.771730    14.139971
 2919.444580    14.320618
 2920.116210    14.499840
 2920.789550    14.678319
 2921.461670    14.855187
 2922.135500    15.031116
 2922.807370    15.205056
 2923.479740    15.377551
 2924.154050    15.548871
 2924.826660    15.717992
 2925.500980    15.885680
 2926.174070    16.051109
 2926.848880    16.214905
 2927.522220    16.376202
 2928.195800    16.535324
 2928.870850    16.692459
 2929.544920    16.846945
 2930.220460    16.999247
 2930.894530    17.148624
 2931.570310    17.295679
 2932.244630    17.439638
 2932.919190    17.580790
 2933.595700    17.719391
 2934.270260    17.854559
 2934.947270    17.987091
 2935.622310    18.116041
 2936.299070    18.242037
 2936.974850    18.364491
 2937.650390    18.483471
 2938.327880    18.599281
 2939.003660    18.711224
 2939.681400    18.819830
 2940.357670    18.924484
 2941.035640    19.025612
 2941.712160    19.122671
 2942.389160    19.215895
 2943.067630    19.305342
 2943.744630    19.390568
 2944.423580    19.471943
 2945.100830    19.548988
 2945.780030    19.622059
 2946.457760    19.690739
 2947.135500    19.755152
 2947.815190    19.815424
 2948.493410    19.871206
 2949.173100    19.922712
 2949.851560    19.969702
 2950.531980    20.012356
 2951.210450    20.050409
 2951.889650    20.084003
 2952.570070    20.113113
 2953.249270    20.137629
 2953.930660    20.157642
 2954.610110    20.173021
 2955.291500    20.183849
 2955.971190    20.190060
 2956.651120    20.191681
 2957.333010    20.188698
 2958.013180    20.181130
 2958.695560    20.168938
 2959.376220    20.152193
 2960.058350    20.130833
 2960.739500    20.104952
 2961.420410    20.074549
 2962.103520    20.039520
 2962.784910    20.000088
 2963.468020    19.956079
 2964.149900    19.907711
 2964.833500    19.854809
 2965.515380    19.797668
 2966.197750    19.736160
 2966.881590    19.670219
 2967.564210    19.600153
 2968.248540    19.525698
 2968.931150    19.447277
 2969.615720    19.364529
 2970.299070    19.277872
 2970.984130    19.187002
 2971.667480    19.092424
 2972.351070    18.993948
 2973.036620    18.891378
 2973.720700    18.785280
 2974.406250    18.675274
 2975.090580    18.561861
 2975.776610    18.444628
 2976.461180    18.324183
 2977.146000    18.200319
 2977.832280    18.072878
 2978.517580    17.942394
 2979.204350    17.808479
 2979.889650    17.671789
 2980.576660    17.531776
 2981.262210    17.389170
 2981.948240    17.243660
 2982.635990    17.095064
 2983.322020    16.944208
 2984.010010    16.790380
 2984.696530    16.634434
 2985.384770    16.475740
 2986.071530    16.315125
 2986.758540    16.152287
 2987.447270    15.986964
 2988.134770    15.819956
 2988.823490    15.650764
 2989.510990    15.480087
 2990.200440    15.307230
 2990.888180    15.133206
 2991.576170    14.957626
 2992.266360    14.780079
 2992.954830    14.601664
 2993.644780    14.421657
 2994.333500    14.240854
 2995.023930    14.058585
 2995.713130    13.875712
 2996.402100    13.692080
 2997.093020    13.507190
 2997.782710    13.321988
 2998.473880    13.135843
 2999.163570    12.949639
 2999.855470    12.762478
 3000.545410    12.575573
 3001.235600    12.388417
 3001.927730    12.200638
 3002.618410    12.013247
 3003.310550    11.825538
 3004.001710    11.638257
 3004.694340    11.450827
 3005.385740    11.264058
 3006.076900    11.077765
 3006.770020    10.891436
 3007.461670    10.706067
 3008.155270    10.520823
 3008.847410    10.336689
 3009.541260    10.152896
 3010.233400    9.970416
 3010.926270    9.788678
 3011.620360    9.607623
 3012.313230    9.427955
 3013.007810    9.248979
 3013.700930    9.071573
 3014.395750    8.894989
 3015.089360    8.720031
 3015.783200    8.546381
 3016.478270    8.373854
 3017.172610    8.202990
 3017.868160    8.033357
 3018.562260    7.865661
 3019.258540    7.699064
 3019.952880    7.534605
 3020.647950    7.371686
 3021.344480    7.210184
 3022.039310    7.050871
 3022.736330    6.892890
 3023.431640    6.737164
 3024.128660    6.582956
 3024.824460    6.430951
 3025.522220    6.280483
 3026.218020    6.132423
 3026.914310    5.986269
 3027.612300    5.841796
 3028.308840    5.699683
 3029.007080    5.559301
 3029.703860    5.421308
 3030.402590    5.285042
 3031.099850    5.151186
 3031.797120    5.019462
 3032.496090    4.889565
 3033.193600    4.762095
 3033.893310    4.636391
 3034.591060    4.513203
 3035.290770    4.391845
 3035.989010    4.272913
 3036.687740    4.156070
 3037.387700    4.041199
 3038.086670    3.928658
 3038.787350    3.818012
 3039.486080    3.709833
 3040.187260    3.603436
 3040.886470    3.499478
 3041.586180    3.397583
 3042.287350    3.297602
 3042.987550    3.199875
 3043.689210    3.104048
 3044.389160    3.010540
 3045.091060    2.918844
 3045.791750    2.829364
 3046.492430    2.741919
 3047.194820    2.656282
 3047.896000    2.572796
 3048.598880    2.491090
 3049.300050    2.411542
