 2653.384280    0.518415
 2653.996340    0.542033
 2654.606690    0.566514
 2655.217290    0.591962
 2655.829830    0.618484
 2656.440670    0.645950
 2657.053220    0.674549
 2657.664550    0.704174
 2658.277340    0.734988
 2658.888920    0.766891
 2659.500730    0.799990
 2660.114010    0.834389
 2660.725830    0.869957
 2661.339360    0.906916
 2661.951660    0.945125
 2662.565430    0.984789
 2663.177980    1.025771
 2663.790530    1.068186
 2664.404790    1.112194
 2665.017820    1.157626
 2665.632320    1.204718
 2666.245610    1.253305
 2666.860350    1.303638
 2667.473880    1.355537
 2668.089110    1.409291
 2668.702880    1.464664
 2669.316890    1.521842
 2669.932370    1.580988
 2670.546630    1.641882
 2671.162350    1.704834
 2671.776860    1.769609
 2672.393070    1.836555
 2673.007810    1.905374
 2673.622560    1.976256
 2674.239260    2.049480
 2674.854490    2.124679
 2675.471190    2.202251
 2676.086670    2.281898
 2676.703860    2.364040
 2677.319580    2.448293
 2677.935550    2.534923
 2678.552980    2.624146
 2679.169190    2.715612
 2679.786870    2.809758
 2680.403560    2.906247
 2681.021480    3.005460
 2681.638430    3.107079
 2682.255370    3.211289
 2682.873780    3.318379
 2683.490970    3.427916
 2684.109860    3.540450
 2684.727290    3.655436
 2685.346440    3.773491
 2685.964110    3.894037
 2686.582030    4.017422
 2687.201660    4.143976
 2687.819820    4.273071
 2688.439450    4.405338
 2689.057860    4.540224
 2689.677980    4.678384
 2690.296880    4.819184
 2690.915770    4.962904
 2691.536380    5.109962
 2692.155270    5.259557
 2692.776370    5.412638
 2693.395750    5.568253
 2694.016850    5.727259
 2694.636720    5.888906
 2695.256590    6.053502
 2695.877930    6.221438
 2696.498050    6.391979
 2697.119870    6.565924
 2697.740480    6.742441
 2698.362550    6.922278
 2698.983400    7.104639
 2699.604250    7.289850
 2700.226810    7.478408
 2700.847900    7.669322
 2701.470700    7.863537
 2702.092040    8.060027
 2702.715330    8.259840
 2703.337160    8.461840
 2703.958980    8.666447
 2704.582520    8.874186
 2705.204830    9.084029
 2705.828370    9.296747
 2706.450930    9.511534
 2707.074950    9.729167
 2707.697750    9.948650
 2708.320800    10.170424
 2708.945310    10.394855
 2709.568360    10.620820
 2710.193360    10.849480
 2710.816650    11.079411
 2711.441890    11.311880
 2712.065670    11.545528
 2712.689450    11.780806
 2713.314940    12.018267
 2713.939210    12.256701
 2714.565190    12.497127
 2715.189450    12.738123
 2715.815670    12.980995
 2716.440430    13.224308
 2717.066890    13.469181
 2717.691890    13.714254
 2718.317140    13.960075
 2718.943850    14.207005
 2719.569340    14.453854
 2720.196530    14.701651
 2720.822270    14.949011
 2721.449710    15.197049
 2722.075680    15.444378
 2722.702150    15.691629
 2723.329830    15.938948
 2723.956300    16.185230
 2724.584470    16.431479
 2725.211430    16.676399
 2725.839600    16.920795
 2726.466800    17.163662
 2727.093990    17.405228
 2727.722900    17.645992
 2728.350340    17.884586
 2728.979490    18.122059
 2729.607420    18.357149
 2730.236820    18.590704
 2730.864750    18.821482
 2731.493160    19.050043
 2732.122800    19.276493
 2732.751460    19.499884
 2733.381590    19.720921
 2734.010500    19.938503
 2734.640870    20.153404
 2735.270020    20.364555
 2735.899410    20.572298
 2736.530270    20.776871
 2737.159670    20.977175
 2737.790770    21.174065
 2738.420650    21.366480
 2739.052250    21.555160
 2739.682370    21.739014
 2740.312500    21.918343
 2740.944340    22.093477
 2741.575200    22.263529
 2742.207280    22.428953
 2742.838130    22.588982
 2743.470460    22.744169
 2744.101560    22.893730
 2744.732910    23.037899
 2745.365970    23.176874
 2745.997310    23.309795
 2746.630860    23.437366
 2747.262700    23.558691
 2747.896000    23.674286
 2748.528080    23.783560
 2749.160640    23.886728
 2749.794430    23.983803
 2750.427000    24.074331
 2751.061280    24.158646
 2751.694090    24.236252
 2752.328610    24.307467
 2752.961910    24.371901
 2753.595210    24.429638
 2754.230220    24.480763
 2754.863770    24.524967
 2755.499020    24.562435
 2756.132810    24.592945
 2756.768550    24.616619
 2757.402590    24.633308
 2758.036870    24.643063
 2758.673100    24.645872
 2759.307620    24.641712
 2759.943850    24.630562
 2760.578860    24.612473
 2761.215330    24.587380
 2761.850590    24.555410
 2762.487550    24.516434
 2763.123050    24.470669
 2763.758790    24.418056
 2764.396000    24.358509
 2765.031980    24.292326
 2765.669430    24.219278
 2766.305910    24.139702
 2766.943600    24.053379
 2767.580320    23.960682
 2768.216800    23.861603
 2768.855220    23.755846
 2769.492190    23.644066
 2770.130860    23.525795
 2770.768070    23.401714
 2771.407230    23.271252
 2772.044680    23.135261
 2772.682130    22.993515
 2773.321780    22.845608
 2773.959720    22.692558
 2774.599370    22.533672
 2775.237550    22.369862
 2775.877690    22.200371
 2776.516360    22.026243
 2777.155030    21.847229
 2777.795170    21.663046
 2778.434330    21.474533
 2779.074950    21.281116
 2779.714360    21.083754
 2780.355470    20.881689
 2780.995120    20.676075
 2781.634770    20.466610
 2782.276120    20.252880
 2782.916260    20.036020
 2783.558110    19.815191
 2784.198490    19.591652
 2784.840330    19.364538
 2785.480960    19.134970
 2786.121830    18.902590
 2786.764400    18.667025
 2787.405270    18.429691
 2788.048100    18.189404
 2788.689450    17.947598
 2789.332520    17.703245
 2789.974370    17.457624
 2790.615970    17.210531
 2791.259770    16.961182
 2791.901610    16.711349
 2792.545410    16.459675
 2793.187990    16.207554
 2793.832030    15.954098
 2794.474850    15.700518
 2795.117680    15.446488
 2795.762210    15.191488
 2796.405520    14.936830
 2797.050290    14.681593
 2797.693600    14.427090
 2798.338870    14.172113
 2798.982420    13.918249
 2799.626460    13.664768
 2800.272220    13.411333
 2800.916260    13.159412
 2801.562260    12.907707
 2802.206790    12.657679
 2802.852780    12.408310
 2803.497560    12.160762
 2804.142580    11.914583
 2804.789310    11.669334
 2805.434330    11.426422
 2806.081300    11.184572
 2806.726810    10.945168
 2807.374020    10.707132
 2808.020020    10.471637
 2808.666020    10.238323
 2809.313480    10.006756
 2809.959960    9.777893
 2810.607910    9.550953
 2811.254390    9.327036
 2811.902830    9.105034
 2812.549560    8.886268
 2813.198240    8.669565
 2813.845210    8.456209
 2814.492680    8.245523
 2815.141600    8.037256
 2815.789310    7.832318
 2816.438720    7.629829
 2817.086430    7.430898
 2817.736080    7.234436
 2818.384520    7.041443
 2819.032710    6.851648
 2819.682620    6.664515
 2820.331300    6.480914
 2820.981930    6.299973
 2821.630620    6.122792
 2822.281490    5.948254
 2822.930660    5.777419
 2823.580080    5.609769
 2824.231200    5.444943
 2824.880860    5.283749
 2825.532230    5.125396
 2826.182370    4.970596
 2826.833980    4.818705
 2827.484380    4.670338
 2828.134770    4.525196
 2828.786870    4.382894
 2829.437740    4.244059
 2830.090090    4.108097
 2830.741210    3.975549
 2831.394040    3.845797
 2832.045410    3.719449
 2832.697020    3.596135
 2833.350100    3.475605
 2834.001950    3.358328
 2834.655520    3.243744
 2835.307620    3.132378
 2835.961180    3.023692
 2836.613770    2.918058
 2837.266360    2.815274
 2837.920410    2.715076
 2838.573490    2.617802
 2839.228030    2.523048
 2839.881100    2.431197
 2840.535890    2.341757
 2841.189450    2.255089
 2841.843020    2.170978
 2842.498540    2.089137
 2843.152340    2.009979
 2843.807860    1.933043
 2844.462160    1.858626
 2845.118160    1.786353
 2845.772710    1.716526
 2846.427250    1.648931
 2847.083740    1.583332
 2847.738770    1.520020
 2848.395260    1.458667
 2849.050540    1.399475
 2849.707760    1.342113
 2850.363280    1.286853
 2851.018800    1.233497
 2851.676270    1.181845
 2852.332280    1.132122
 2852.989990    1.084040
 2853.646480    1.037770
 2854.304440    0.993076
 2854.960940    0.950113
 2855.617920    0.908704
 2856.276370    0.868749
 2856.933350    0.830381
 2857.592290    0.793360
 2858.249760    0.757836
 2858.908940    0.723597
 2859.566650    0.690764
 2860.224370    0.659222
 2860.883790    0.628852
 2861.541750    0.599761
 2862.201900    0.571751
 2862.860350    0.544950
 2863.520510    0.519182
 2864.179200    0.494535
 2864.839840    0.470847
 2865.498780    0.448213
 2866.157960    0.426529
 2866.818850    0.405717
 2867.478520    0.385839
 2868.139650    0.366781
 2868.799320    0.348598
 2869.460940    0.331163
 2870.121090    0.314541
 2870.781490    0.298656
 2871.443360    0.283453
 2872.103760    0.268972
 2872.766360    0.255109
 2873.427000    0.241923
 2874.089600    0.229313
 2874.750730    0.217319
 2875.412110    0.205885
 2876.075440    0.194961
 2876.736820    0.184589
 2877.400390    0.174684
 2878.062260    0.165282
 2878.725830    0.156317
 2879.388180    0.147807
 2880.050540    0.139717
 2880.714600    0.132010
 2881.377440    0.124702
 2882.041750    0.117748
 2882.704830    0.111159
 2883.369380    0.104894
 2884.032960    0.098959
 2884.696530    0.093330
 2885.361330    0.087986
 2886.025390    0.082927
 2886.690920    0.078124
 2887.354980    0.073586
 2888.020510    0.069282
 2888.685060    0.065214
 2889.349610    0.061367
 2890.015870    0.057719
 2890.680910    0.054277
 2891.347410    0.051019
 2892.012700    0.047945
 2892.679200    0.045038
 2893.344970    0.042297
 2894.010500    0.039712
 2894.677730    0.037267
 2895.343510    0.034966
 2896.011470    0.032789
 2896.677490    0.030746
 2897.345460    0.028814
 2898.011960    0.026999
 2898.678960    0.025290
 2899.347170    0.023679
 2900.014160    0.022166
 2900.682860    0.020740
 2901.350100    0.019402
 2902.019530    0.018141
 2902.687010    0.016959
 2903.354740    0.015850
 2904.024410    0.014805
 2904.692380    0.013827
 2905.361820    0.012908
 2906.030520    0.012047
 2906.700680    0.011238
 2907.369140    0.010483
 2908.038090    0.009774
 2908.708500    0.009109
 2909.377930    0.008488
 2910.048830    0.007905
 2910.718260    0.007360
 2911.389650    0.006850
 2912.059330    0.006374
 2912.729250    0.005930
 2913.400630    0.005514
 2914.070800    0.005126
 2914.742920    0.004763
 2915.413570    0.004424
 2916.085690    0.004108
 2916.756590    0.003815
 2917.429200    0.003539
 2918.100340    0.003284
 2918.771730    0.003045
 2919.444580    0.002823
 2920.116210    0.002617
 2920.789550    0.002424
 2921.461670    0.002245
 2922.135500    0.002078
 2922.807370    0.001924
 2923.479740    0.001781
 2924.154050    0.001646
 2924.826660    0.001522
 2925.500980    0.001407
 2926.174070    0.001300
 2926.848880    0.001201
 2927.522220    0.001109
 2928.195800    0.001023
 2928.870850    0.000944
 2929.544920    0.000871
 2930.220460    0.000803
 2930.894530    0.000740
 2931.570310    0.000682
 2932.244630    0.000628
 2932.919190    0.000579
 2933.595700    0.000533
 2934.270260    0.000490
 2934.947270    0.000451
 2935.622310    0.000415
 2936.299070    0.000381
 2936.974850    0.000350
 2937.650390    0.000321
 2938.327880    0.000296
 2939.003660    0.000272
 2939.681400    0.000249
 2940.357670    0.000229
 2941.035640    0.000210
 2941.712160    0.000192
 2942.389160    0.000176
 2943.067630    0.000161
 2943.744630    0.000148
 2944.423580    0.000135
 2945.100830    0.000124
 2945.780030    0.000113
 2946.457760    0.000104
 2947.135500    0.000094
 2947.815190    0.000087
 2948.493410    0.000079
 2949.173100    0.000072
 2949.851560    0.000066
 2950.531980    0.000060
 2951.210450    0.000055
 2951.889650    0.000050
 2952.570070    0.000046
 2953.249270    0.000042
 2953.930660    0.000038
 2954.610110    0.000034
 2955.291500    0.000031
 2955.971190    0.000029
 2956.651120    0.000026
 2957.333010    0.000024
 2958.013180    0.000022
 2958.695560    0.000020
 2959.376220    0.000018
 2960.058350    0.000016
 2960.739500    0.000014
 2961.420410    0.000013
 2962.103520    0.000012
 2962.784910    0.000010
 2963.468020    0.000010
 2964.149900    0.000009
 2964.833500    0.000009
 2965.515380    0.000008
 2966.197750    0.000007
 2966.881590    0.000006
 2967.564210    0.000006
 2968.248540    0.000005
 2968.931150    0.000005
 2969.615720    0.000004
 2970.299070    0.000004
 2970.984130    0.000003
 2971.667480    0.000003
 2972.351070    0.000003
 2973.036620    0.000003
 2973.720700    0.000002
 2974.406250    0.000002
 2975.090580    0.000002
 2975.776610    0.000002
 2976.461180    0.000002
 2977.146000    0.000001
 2977.832280    0.000001
 2978.517580    0.000001
 2979.204350    0.000001
 2979.889650    0.000001
 2980.576660    0.000001
 2981.262210    0.000001
 2981.948240    0.000001
 2982.635990    0.000001
 2983.322020    0.000001
 2984.010010    0.000000
 2984.696530    0.000000
 2985.384770    0.000000
 2986.071530    0.000000
 2986.758540    0.000000
 2987.447270    0.000000
 2988.134770    0.000000
 2988.823490    0.000000
 2989.510990    0.000000
 2990.200440    0.000000
 2990.888180    0.000000
 2991.576170    0.000000
 2992.266360    0.000000
 2992.954830    0.000000
 2993.644780    0.000000
 2994.333500    0.000000
 2995.023930    0.000000
 2995.713130    0.000000
 2996.402100    0.000000
 2997.093020    0.000000
 2997.782710    0.000000
 2998.473880    0.000000
 2999.163570    0.000000
 2999.855470    0.000000
 3000.545410    0.000000
 3001.235600    0.000000
 3001.927730    0.000000
 3002.618410    0.000000
 3003.310550    0.000000
 3004.001710    0.000000
 3004.694340    0.000000
 3005.385740    0.000000
 3006.076900    0.000000
 3006.770020    0.000000
 3007.461670    0.000000
 3008.155270    0.000000
 3008.847410    0.000000
 3009.541260    0.000000
 3010.233400    0.000000
 3010.926270    0.000000
 3011.620360    0.000000
 3012.313230    0.000000
 3013.007810    0.000000
 3013.700930    0.000000
 3014.395750    0.000000
 3015.089360    0.000000
 3015.783200    0.000000
 3016.478270    0.000000
 3017.172610    0.000000
 3017.868160    0.000000
 3018.562260    0.000000
 3019.258540    0.000000
 3019.952880    0.000000
 3020.647950    0.000000
 3021.344480    0.000000
 3022.039310    0.000000
 3022.736330    0.000000
 3023.431640    0.000000
 3024.128660    0.000000
 3024.824460    0.000000
 3025.522220    0.000000
 3026.218020    0.000000
 3026.914310    0.000000
 3027.612300    0.000000
 3028.308840    0.000000
 3029.007080    0.000000
 3029.703860    0.000000
 3030.402590    0.000000
 3031.099850    0.000000
 3031.797120    0.000000
 3032.496090    0.000000
 3033.193600    0.000000
 3033.893310    0.000000
 3034.591060    0.000000
 3035.290770    0.000000
 3035.989010    0.000000
 3036.687740    0.000000
 3037.387700    0.000000
 3038.086670    0.000000
 3038.787350    0.000000
 3039.486080    0.000000
 3040.187260    0.000000
 3040.886470    0.000000
 3041.586180    0.000000
 3042.287350    0.000000
 3042.987550    0.000000
 3043.689210    0.000000
 3044.389160    0.000000
 3045.091060    0.000000
 3045.791750    0.000000
 3046.492430    0.000000
 3047.194820    0.000000
 3047.896000    0.000000
 3048.598880    0.000000
 3049.300050    0.000000
