 2653.384280    0.069762
 2653.996340    0.074019
 2654.606690    0.078495
 2655.217290    0.083216
 2655.829830    0.088205
 2656.440670    0.093448
 2657.053220    0.098983
 2657.664550    0.104797
 2658.277340    0.110931
 2658.888920    0.117371
 2659.500730    0.124143
 2660.114010    0.131278
 2660.725830    0.138758
 2661.339360    0.146636
 2661.951660    0.154890
 2662.565430    0.163574
 2663.177980    0.172667
 2663.790530    0.182202
 2664.404790    0.192226
 2665.017820    0.202711
 2665.632320    0.213720
 2666.245610    0.225225
 2666.860350    0.237298
 2667.473880    0.249906
 2668.089110    0.263129
 2668.702880    0.276923
 2669.316890    0.291346
 2669.932370    0.306449
 2670.546630    0.322192
 2671.162350    0.338667
 2671.776860    0.355825
 2672.393070    0.373774
 2673.007810    0.392447
 2673.622560    0.411908
 2674.239260    0.432251
 2674.854490    0.453389
 2675.471190    0.475449
 2676.086670    0.498362
 2676.703860    0.522264
 2677.319580    0.547061
 2677.935550    0.572846
 2678.552980    0.599703
 2679.169190    0.627543
 2679.786870    0.656514
 2680.403560    0.686535
 2681.021480    0.717738
 2681.638430    0.750045
 2682.255370    0.783531
 2682.873780    0.818308
 2683.490970    0.854256
 2684.109860    0.891573
 2684.727290    0.930099
 2685.346440    0.970060
 2685.964110    1.011281
 2686.582030    1.053898
 2687.201660    1.098047
 2687.819820    1.143529
 2688.439450    1.190587
 2689.057860    1.239042
 2689.677980    1.289154
 2690.296880    1.340710
 2690.915770    1.393831
 2691.536380    1.448696
 2692.155270    1.505023
 2692.776370    1.563191
 2693.395750    1.622859
 2694.016850    1.684373
 2694.636720    1.747463
 2695.256590    1.812267
 2695.877930    1.878961
 2696.498050    1.947268
 2697.119870    2.017530
 2697.740480    2.089427
 2698.362550    2.163281
 2698.983400    2.238785
 2699.604250    2.316086
 2700.226810    2.395409
 2700.847900    2.476354
 2701.470700    2.559336
 2702.092040    2.643933
 2702.715330    2.730607
 2703.337160    2.818879
 2703.958980    2.908944
 2704.582520    3.001047
 2705.204830    3.094742
 2705.828370    3.190384
 2706.450930    3.287618
 2707.074950    3.386805
 2707.697750    3.487499
 2708.320800    3.589906
 2708.945310    3.694203
 2709.568360    3.799872
 2710.193360    3.907459
 2710.816650    4.016299
 2711.441890    4.126989
 2712.065670    4.238885
 2712.689450    4.352198
 2713.314940    4.467195
 2713.939210    4.583288
 2714.565190    4.700968
 2715.189450    4.819532
 2715.815670    4.939619
 2716.440430    5.060507
 2717.066890    5.182747
 2717.691890    5.305649
 2718.317140    5.429473
 2718.943850    5.554389
 2719.569340    5.679783
 2720.196530    5.806162
 2720.822270    5.932804
 2721.449710    6.060263
 2722.075680    6.187805
 2722.702150    6.315737
 2723.329830    6.444113
 2723.956300    6.572339
 2724.584470    6.700915
 2725.211430    6.829141
 2725.839600    6.957410
 2726.466800    7.085173
 2727.093990    7.212519
 2727.722900    7.339687
 2728.350340    7.465924
 2728.979490    7.591757
 2729.607420    7.716488
 2730.236820    7.840534
 2730.864750    7.963205
 2731.493160    8.084770
 2732.122800    8.205249
 2732.751460    8.324105
 2733.381590    8.441684
 2734.010500    8.557364
 2734.640870    8.671525
 2735.270020    8.783561
 2735.899410    8.893626
 2736.530270    9.001808
 2737.159670    9.107493
 2737.790770    9.211098
 2738.420650    9.312031
 2739.052250    9.410648
 2739.682370    9.506345
 2740.312500    9.599249
 2740.944340    9.689496
 2741.575200    9.776596
 2742.207280    9.860752
 2742.838130    9.941545
 2743.470460    10.019221
 2744.101560    10.093363
 2744.732910    10.164060
 2745.365970    10.231379
 2745.997310    10.294877
 2746.630860    10.354866
 2747.262700    10.410902
 2747.896000    10.463199
 2748.528080    10.511469
 2749.160640    10.555795
 2749.794430    10.596152
 2750.427000    10.632338
 2751.061280    10.664468
 2751.694090    10.692339
 2752.328610    10.716057
 2752.961910    10.735473
 2753.595210    10.750610
 2754.230220    10.761477
 2754.863770    10.767996
 2755.499020    10.770191
 2756.132810    10.768044
 2756.768550    10.761538
 2757.402590    10.750714
 2758.036870    10.735565
 2758.673100    10.716045
 2759.307620    10.692286
 2759.943850    10.664186
 2760.578860    10.631901
 2761.215330    10.595331
 2761.850590    10.554672
 2762.487550    10.509779
 2763.123050    10.460923
 2763.758790    10.408042
 2764.396000    10.351084
 2765.031980    10.290348
 2765.669430    10.225650
 2766.305910    10.157307
 2766.943600    10.085163
 2767.580320    10.009545
 2768.216800    9.930468
 2768.855220    9.847732
 2769.492190    9.761871
 2770.130860    9.672558
 2770.768070    9.580331
 2771.407230    9.484798
 2772.044680    9.386615
 2772.682130    9.285636
 2773.321780    9.181613
 2773.959720    9.075293
 2774.599370    8.966220
 2775.237550    8.855055
 2775.877690    8.741319
 2776.516360    8.625736
 2777.155030    8.508175
 2777.795170    8.388479
 2778.434330    8.267228
 2779.074950    8.144079
 2779.714360    8.019675
 2780.355470    7.893569
 2780.995120    7.766508
 2781.634770    7.638330
 2782.276120    7.508811
 2782.916260    7.378667
 2783.558110    7.247423
 2784.198490    7.115847
 2784.840330    6.983460
 2785.480960    6.850931
 2786.121830    6.718076
 2786.764400    6.584705
 2787.405270    6.451643
 2788.048100    6.318236
 2788.689450    6.185305
 2789.332520    6.052296
 2789.974370    5.919923
 2790.615970    5.788082
 2791.259770    5.656372
 2791.901610    5.525739
 2792.545410    5.395479
 2793.187990    5.266326
 2793.832030    5.137827
 2794.474850    5.010604
 2795.117680    4.884489
 2795.762210    4.759227
 2796.405520    4.635465
 2797.050290    4.512756
 2797.693600    4.391723
 2798.338870    4.271789
 2798.982420    4.153694
 2799.626460    4.037087
 2800.272220    3.921807
 2800.916260    3.808513
 2801.562260    3.696608
 2802.206790    3.586727
 2802.852780    3.478410
 2803.497560    3.372144
 2804.142580    3.267714
 2804.789310    3.164921
 2805.434330    3.064332
 2806.081300    2.965401
 2806.726810    2.868670
 2807.374020    2.773683
 2808.020020    2.680882
 2808.666020    2.590097
 2809.313480    2.501138
 2809.959960    2.414344
 2810.607910    2.329392
 2811.254390    2.246666
 2811.902830    2.165727
 2812.549560    2.087027
 2813.198240    2.010113
 2813.845210    1.935410
 2814.492680    1.862646
 2815.141600    1.791706
 2815.789310    1.722867
 2816.438720    1.655803
 2817.086430    1.590845
 2817.736080    1.527605
 2818.384520    1.466373
 2819.032710    1.407024
 2819.682620    1.349361
 2820.331300    1.293618
 2820.981930    1.239495
 2821.630620    1.187289
 2822.281490    1.136636
 2822.930660    1.087810
 2823.580080    1.040625
 2824.231200    0.994951
 2824.880860    0.950976
 2825.532230    0.908454
 2826.182370    0.867540
 2826.833980    0.828034
 2827.484380    0.790064
 2828.134770    0.753516
 2828.786870    0.718266
 2829.437740    0.684439
 2830.090090    0.651858
 2830.741210    0.620624
 2831.394040    0.590561
 2832.045410    0.561779
 2832.697020    0.534165
 2833.350100    0.507637
 2834.001950    0.482269
 2834.655520    0.457914
 2835.307620    0.434657
 2835.961180    0.412358
 2836.613770    0.391069
 2837.266360    0.370724
 2837.920410    0.351247
 2838.573490    0.332680
 2839.228030    0.314923
 2839.881100    0.298025
 2840.535890    0.281875
 2841.189450    0.266515
 2841.843020    0.251885
 2842.498540    0.237920
 2843.152340    0.224667
 2843.807860    0.212031
 2844.462160    0.200044
 2845.118160    0.188626
 2845.772710    0.177809
 2846.427250    0.167541
 2847.083740    0.157772
 2847.738770    0.148530
 2848.395260    0.139752
 2849.050540    0.131453
 2849.707760    0.123571
 2850.363280    0.116133
 2851.018800    0.109097
 2851.676270    0.102425
 2852.332280    0.096133
 2852.989990    0.090176
 2853.646480    0.084562
 2854.304440    0.079253
 2854.960940    0.074258
 2855.617920    0.069545
 2856.276370    0.065093
 2856.933350    0.060911
 2857.592290    0.056962
 2858.249760    0.053254
 2858.908940    0.049759
 2859.566650    0.046480
 2860.224370    0.043400
 2860.883790    0.040500
 2861.541750    0.037783
 2862.201900    0.035225
 2862.860350    0.032833
 2863.520510    0.030585
 2864.179200    0.028483
 2864.839840    0.026510
 2865.498780    0.024668
 2866.157960    0.022943
 2866.818850    0.021326
 2867.478520    0.019817
 2868.139650    0.018404
 2868.799320    0.017088
 2869.460940    0.015856
 2870.121090    0.014709
 2870.781490    0.013639
 2871.443360    0.012639
 2872.103760    0.011710
 2872.766360    0.010841
 2873.427000    0.010036
 2874.089600    0.009284
 2874.750730    0.008587
 2875.412110    0.007938
 2876.075440    0.007334
 2876.736820    0.006774
 2877.400390    0.006252
 2878.062260    0.005771
 2878.725830    0.005322
 2879.388180    0.004908
 2880.050540    0.004522
 2880.714600    0.004166
 2881.377440    0.003836
 2882.041750    0.003531
 2882.704830    0.003248
 2883.369380    0.002987
 2884.032960    0.002746
 2884.696530    0.002522
 2885.361330    0.002316
 2886.025390    0.002127
 2886.690920    0.001951
 2887.354980    0.001790
 2888.020510    0.001641
 2888.685060    0.001504
 2889.349610    0.001378
 2890.015870    0.001261
 2890.680910    0.001154
 2891.347410    0.001056
 2892.012700    0.000966
 2892.679200    0.000882
 2893.344970    0.000807
 2894.010500    0.000736
 2894.677730    0.000672
 2895.343510    0.000613
 2896.011470    0.000560
 2896.677490    0.000510
 2897.345460    0.000464
 2898.011960    0.000423
 2898.678960    0.000385
 2899.347170    0.000351
 2900.014160    0.000319
 2900.682860    0.000290
 2901.350100    0.000263
 2902.019530    0.000239
 2902.687010    0.000217
 2903.354740    0.000197
 2904.024410    0.000179
 2904.692380    0.000162
 2905.361820    0.000147
 2906.030520    0.000134
 2906.700680    0.000121
 2907.369140    0.000110
 2908.038090    0.000099
 2908.708500    0.000090
 2909.377930    0.000081
 2910.048830    0.000073
 2910.718260    0.000066
 2911.389650    0.000060
 2912.059330    0.000053
 2912.729250    0.000049
 2913.400630    0.000044
 2914.070800    0.000039
 2914.742920    0.000035
 2915.413570    0.000032
 2916.085690    0.000029
 2916.756590    0.000026
 2917.429200    0.000023
 2918.100340    0.000021
 2918.771730    0.000019
 2919.444580    0.000017
 2920.116210    0.000015
 2920.789550    0.000013
 2921.461670    0.000012
 2922.135500    0.000011
 2922.807370    0.000010
 2923.479740    0.000009
 2924.154050    0.000008
 2924.826660    0.000007
 2925.500980    0.000007
 2926.174070    0.000006
 2926.848880    0.000005
 2927.522220    0.000005
 2928.195800    0.000004
 2928.870850    0.000004
 2929.544920    0.000003
 2930.220460    0.000003
 2930.894530    0.000003
 2931.570310    0.000002
 2932.244630    0.000002
 2932.919190    0.000002
 2933.595700    0.000002
 2934.270260    0.000001
 2934.947270    0.000001
 2935.622310    0.000001
 2936.299070    0.000001
 2936.974850    0.000001
 2937.650390    0.000001
 2938.327880    0.000001
 2939.003660    0.000001
 2939.681400    0.000001
 2940.357670    0.000001
 2941.035640    0.000000
 2941.712160    0.000000
 2942.389160    0.000000
 2943.067630    0.000000
 2943.744630    0.000000
 2944.423580    0.000000
 2945.100830    0.000000
 2945.780030    0.000000
 2946.457760    0.000000
 2947.135500    0.000000
 2947.815190    0.000000
 2948.493410    0.000000
 2949.173100    0.000000
 2949.851560    0.000000
 2950.531980    0.000000
 2951.210450    0.000000
 2951.889650    0.000000
 2952.570070    0.000000
 2953.249270    0.000000
 2953.930660    0.000000
 2954.610110    0.000000
 2955.291500    0.000000
 2955.971190    0.000000
 2956.651120    0.000000
 2957.333010    0.000000
 2958.013180    0.000000
 2958.695560    0.000000
 2959.376220    0.000000
 2960.058350    0.000000
 2960.739500    0.000000
 2961.420410    0.000000
 2962.103520    0.000000
 2962.784910    0.000000
 2963.468020    0.000000
 2964.149900    0.000000
 2964.833500    0.000000
 2965.515380    0.000000
 2966.197750    0.000000
 2966.881590    0.000000
 2967.564210    0.000000
 2968.248540    0.000000
 2968.931150    0.000000
 2969.615720    0.000000
 2970.299070    0.000000
 2970.984130    0.000000
 2971.667480    0.000000
 2972.351070    0.000000
 2973.036620    0.000000
 2973.720700    0.000000
 2974.406250    0.000000
 2975.090580    0.000000
 2975.776610    0.000000
 2976.461180    0.000000
 2977.146000    0.000000
 2977.832280    0.000000
 2978.517580    0.000000
 2979.204350    0.000000
 2979.889650    0.000000
 2980.576660    0.000000
 2981.262210    0.000000
 2981.948240    0.000000
 2982.635990    0.000000
 2983.322020    0.000000
 2984.010010    0.000000
 2984.696530    0.000000
 2985.384770    0.000000
 2986.071530    0.000000
 2986.758540    0.000000
 2987.447270    0.000000
 2988.134770    0.000000
 2988.823490    0.000000
 2989.510990    0.000000
 2990.200440    0.000000
 2990.888180    0.000000
 2991.576170    0.000000
 2992.266360    0.000000
 2992.954830    0.000000
 2993.644780    0.000000
 2994.333500    0.000000
 2995.023930    0.000000
 2995.713130    0.000000
 2996.402100    0.000000
 2997.093020    0.000000
 2997.782710    0.000000
 2998.473880    0.000000
 2999.163570    0.000000
 2999.855470    0.000000
 3000.545410    0.000000
 3001.235600    0.000000
 3001.927730    0.000000
 3002.618410    0.000000
 3003.310550    0.000000
 3004.001710    0.000000
 3004.694340    0.000000
 3005.385740    0.000000
 3006.076900    0.000000
 3006.770020    0.000000
 3007.461670    0.000000
 3008.155270    0.000000
 3008.847410    0.000000
 3009.541260    0.000000
 3010.233400    0.000000
 3010.926270    0.000000
 3011.620360    0.000000
 3012.313230    0.000000
 3013.007810    0.000000
 3013.700930    0.000000
 3014.395750    0.000000
 3015.089360    0.000000
 3015.783200    0.000000
 3016.478270    0.000000
 3017.172610    0.000000
 3017.868160    0.000000
 3018.562260    0.000000
 3019.258540    0.000000
 3019.952880    0.000000
 3020.647950    0.000000
 3021.344480    0.000000
 3022.039310    0.000000
 3022.736330    0.000000
 3023.431640    0.000000
 3024.128660    0.000000
 3024.824460    0.000000
 3025.522220    0.000000
 3026.218020    0.000000
 3026.914310    0.000000
 3027.612300    0.000000
 3028.308840    0.000000
 3029.007080    0.000000
 3029.703860    0.000000
 3030.402590    0.000000
 3031.099850    0.000000
 3031.797120    0.000000
 3032.496090    0.000000
 3033.193600    0.000000
 3033.893310    0.000000
 3034.591060    0.000000
 3035.290770    0.000000
 3035.989010    0.000000
 3036.687740    0.000000
 3037.387700    0.000000
 3038.086670    0.000000
 3038.787350    0.000000
 3039.486080    0.000000
 3040.187260    0.000000
 3040.886470    0.000000
 3041.586180    0.000000
 3042.287350    0.000000
 3042.987550    0.000000
 3043.689210    0.000000
 3044.389160    0.000000
 3045.091060    0.000000
 3045.791750    0.000000
 3046.492430    0.000000
 3047.194820    0.000000
 3047.896000    0.000000
 3048.598880    0.000000
 3049.300050    0.000000
