 2653.384280    0.001613
 2653.996340    0.001747
 2654.606690    0.001892
 2655.217290    0.002048
 2655.829830    0.002217
 2656.440670    0.002399
 2657.053220    0.002596
 2657.664550    0.002808
 2658.277340    0.003037
 2658.888920    0.003283
 2659.500730    0.003549
 2660.114010    0.003837
 2660.725830    0.004147
 2661.339360    0.004483
 2661.951660    0.004846
 2662.565430    0.005238
 2663.177980    0.005661
 2663.790530    0.006119
 2664.404790    0.006616
 2665.017820    0.007153
 2665.632320    0.007735
 2666.245610    0.008365
 2666.860350    0.009048
 2667.473880    0.009789
 2668.089110    0.010592
 2668.702880    0.011463
 2669.316890    0.012408
 2669.932370    0.013436
 2670.546630    0.014550
 2671.162350    0.015762
 2671.776860    0.017077
 2672.393070    0.018510
 2673.007810    0.020063
 2673.622560    0.021752
 2674.239260    0.023594
 2674.854490    0.025593
 2675.471190    0.027771
 2676.086670    0.030135
 2676.703860    0.032714
 2677.319580    0.035512
 2677.935550    0.038556
 2678.552980    0.041875
 2679.169190    0.045476
 2679.786870    0.049400
 2680.403560    0.053660
 2681.021480    0.058300
 2681.638430    0.063334
 2682.255370    0.068801
 2682.873780    0.074753
 2683.490970    0.081202
 2684.109860    0.088220
 2684.727290    0.095817
 2685.346440    0.104077
 2685.964110    0.113010
 2686.582030    0.122692
 2687.201660    0.133206
 2687.819820    0.144561
 2688.439450    0.156875
 2689.057860    0.170161
 2689.677980    0.184561
 2690.296880    0.200082
 2690.915770    0.216833
 2691.536380    0.234954
 2692.155270    0.254435
 2692.776370    0.275496
 2693.395750    0.298109
 2694.016850    0.322505
 2694.636720    0.348682
 2695.256590    0.376804
 2695.877930    0.407066
 2696.498050    0.439467
 2697.119870    0.474298
 2697.740480    0.511533
 2698.362550    0.551483
 2698.983400    0.594128
 2699.604250    0.639696
 2700.226810    0.688490
 2700.847900    0.740429
 2701.470700    0.795953
 2702.092040    0.854958
 2702.715330    0.917955
 2703.337160    0.984792
 2703.958980    1.055801
 2704.582520    1.131392
 2705.204830    1.211414
 2705.828370    1.296384
 2706.450930    1.386209
 2707.074950    1.481459
 2707.697750    1.581932
 2708.320800    1.688066
 2708.945310    1.800303
 2709.568360    1.918327
 2710.193360    2.043004
 2710.816650    2.173817
 2711.441890    2.311745
 2712.065670    2.456244
 2712.689450    2.607830
 2713.314940    2.767140
 2713.939210    2.933625
 2714.565190    3.108255
 2715.189450    3.290249
 2715.815670    3.480841
 2716.440430    3.679154
 2717.066890    3.886338
 2717.691890    4.101478
 2718.317140    4.325249
 2718.943850    4.558220
 2719.569340    4.799479
 2720.196530    5.050228
 2720.822270    5.309249
 2721.449710    5.577883
 2722.075680    5.854778
 2722.702150    6.140757
 2723.329830    6.436145
 2723.956300    6.739724
 2724.584470    7.052828
 2725.211430    7.373884
 2725.839600    7.703993
 2726.466800    8.041823
 2727.093990    8.387676
 2727.722900    8.742290
 2728.350340    9.103607
 2728.979490    9.473161
 2729.607420    9.848908
 2730.236820    10.232095
 2730.864750    10.620544
 2731.493160    11.015027
 2732.122800    11.415565
 2732.751460    11.820277
 2733.381590    12.230219
 2734.010500    12.643102
 2734.640870    13.060106
 2735.270020    13.478853
 2735.899410    13.899682
 2736.530270    14.322754
 2737.159670    14.745421
 2737.790770    15.169110
 2738.420650    15.591124
 2739.052250    16.012678
 2739.682370    16.430885
 2740.312500    16.845955
 2740.944340    17.258198
 2741.575200    17.665062
 2742.207280    18.067142
 2742.838130    18.462072
 2743.470460    18.850710
 2744.101560    19.230579
 2744.732910    19.601768
 2745.365970    19.964285
 2745.997310    20.315371
 2746.630860    20.656391
 2747.262700    20.984457
 2747.896000    21.300465
 2748.528080    21.602327
 2749.160640    21.890171
 2749.794430    22.163584
 2750.427000    22.420853
 2751.061280    22.662521
 2751.694090    22.886780
 2752.328610    23.094183
 2752.961910    23.283234
 2753.595210    23.453876
 2754.230220    23.606060
 2754.863770    23.738628
 2755.499020    23.851891
 2756.132810    23.944977
 2756.768550    24.018124
 2757.402590    24.070705
 2758.036870    24.102816
 2758.673100    24.114348
 2759.307620    24.105187
 2759.943850    24.075308
 2760.578860    24.024891
 2761.215330    23.953842
 2761.850590    23.862621
 2762.487550    23.751019
 2763.123050    23.619862
 2763.758790    23.469181
 2764.396000    23.298992
 2765.031980    23.110430
 2765.669430    22.903154
 2766.305910    22.678459
 2766.943600    22.436115
 2767.580320    22.177546
 2768.216800    21.903130
 2768.855220    21.612530
 2769.492190    21.307976
 2770.130860    20.988676
 2770.768070    20.656959
 2771.407230    20.311817
 2772.044680    19.956011
 2772.682130    19.589447
 2773.321780    19.211638
 2773.959720    18.825714
 2774.599370    18.430458
 2775.237550    18.028677
 2775.877690    17.619068
 2776.516360    17.204662
 2777.155030    16.785374
 2777.795170    16.361065
 2778.434330    15.934183
 2779.074950    15.503914
 2779.714360    15.072863
 2780.355470    14.639845
 2780.995120    14.207767
 2781.634770    13.776386
 2782.276120    13.345276
 2782.916260    12.917106
 2783.558110    12.490588
 2784.198490    12.068476
 2784.840330    11.649454
 2785.480960    11.235855
 2786.121830    10.827272
 2786.764400    10.423315
 2787.405270    10.026613
 2788.048100    9.635355
 2788.689450    9.252041
 2789.332520    8.875164
 2789.974370    8.506794
 2790.615970    8.146656
 2791.259770    7.793698
 2791.901610    7.450443
 2792.545410    7.115019
 2793.187990    6.789270
 2793.832030    6.471993
 2794.474850    6.164634
 2795.117680    5.866670
 2795.762210    5.577408
 2796.405520    5.298205
 2797.050290    5.027910
 2797.693600    4.767732
 2798.338870    4.516255
 2798.982420    4.274851
 2799.626460    4.042582
 2800.272220    3.818948
 2800.916260    3.605013
 2801.562260    3.399424
 2802.206790    3.203122
 2802.852780    3.015047
 2803.497560    2.835802
 2804.142580    2.664767
 2804.789310    2.501389
 2805.434330    2.346316
 2806.081300    2.198455
 2806.726810    2.058366
 2807.374020    1.925136
 2808.020020    1.799138
 2808.666020    1.679877
 2809.313480    1.566864
 2809.959960    1.460293
 2810.607910    1.359525
 2811.254390    1.264773
 2811.902830    1.175306
 2812.549560    1.091393
 2813.198240    1.012328
 2813.845210    0.938329
 2814.492680    0.868902
 2815.141600    0.803744
 2815.789310    0.742908
 2816.438720    0.685910
 2817.086430    0.632845
 2817.736080    0.583212
 2818.384520    0.537066
 2819.032710    0.494139
 2819.682620    0.454128
 2820.331300    0.417045
 2820.981930    0.382542
 2821.630620    0.350664
 2822.281490    0.321054
 2822.930660    0.293745
 2823.580080    0.268505
 2824.231200    0.245151
 2824.880860    0.223669
 2825.532230    0.203834
 2826.182370    0.185620
 2826.833980    0.168842
 2827.484380    0.153468
 2828.134770    0.139366
 2828.786870    0.126411
 2829.437740    0.114576
 2830.090090    0.103731
 2830.741210    0.093843
 2831.394040    0.084797
 2832.045410    0.076571
 2832.697020    0.069076
 2833.350100    0.062242
 2834.001950    0.056044
 2834.655520    0.050402
 2835.307620    0.045297
 2835.961180    0.040662
 2836.613770    0.036473
 2837.266360    0.032685
 2837.920410    0.029257
 2838.573490    0.026168
 2839.228030    0.023377
 2839.881100    0.020870
 2840.535890    0.018609
 2841.189450    0.016582
 2841.843020    0.014761
 2842.498540    0.013124
 2843.152340    0.011660
 2843.807860    0.010347
 2844.462160    0.009175
 2845.118160    0.008126
 2845.772710    0.007193
 2846.427250    0.006360
 2847.083740    0.005616
 2847.738770    0.004956
 2848.395260    0.004369
 2849.050540    0.003848
 2849.707760    0.003385
 2850.363280    0.002975
 2851.018800    0.002614
 2851.676270    0.002293
 2852.332280    0.002009
 2852.989990    0.001760
 2853.646480    0.001539
 2854.304440    0.001345
 2854.960940    0.001174
 2855.617920    0.001024
 2856.276370    0.000893
 2856.933350    0.000776
 2857.592290    0.000675
 2858.249760    0.000587
 2858.908940    0.000509
 2859.566650    0.000442
 2860.224370    0.000382
 2860.883790    0.000331
 2861.541750    0.000286
 2862.201900    0.000247
 2862.860350    0.000214
 2863.520510    0.000184
 2864.179200    0.000158
 2864.839840    0.000136
 2865.498780    0.000117
 2866.157960    0.000100
 2866.818850    0.000086
 2867.478520    0.000073
 2868.139650    0.000063
 2868.799320    0.000054
 2869.460940    0.000046
 2870.121090    0.000039
 2870.781490    0.000033
 2871.443360    0.000029
 2872.103760    0.000025
 2872.766360    0.000021
 2873.427000    0.000017
 2874.089600    0.000015
 2874.750730    0.000012
 2875.412110    0.000010
 2876.075440    0.000009
 2876.736820    0.000008
 2877.400390    0.000007
 2878.062260    0.000006
 2878.725830    0.000005
 2879.388180    0.000004
 2880.050540    0.000003
 2880.714600    0.000003
 2881.377440    0.000002
 2882.041750    0.000002
 2882.704830    0.000002
 2883.369380    0.000001
 2884.032960    0.000001
 2884.696530    0.000001
 2885.361330    0.000001
 2886.025390    0.000001
 2886.690920    0.000001
 2887.354980    0.000000
 2888.020510    0.000000
 2888.685060    0.000000
 2889.349610    0.000000
 2890.015870    0.000000
 2890.680910    0.000000
 2891.347410    0.000000
 2892.012700    0.000000
 2892.679200    0.000000
 2893.344970    0.000000
 2894.010500    0.000000
 2894.677730    0.000000
 2895.343510    0.000000
 2896.011470    0.000000
 2896.677490    0.000000
 2897.345460    0.000000
 2898.011960    0.000000
 2898.678960    0.000000
 2899.347170    0.000000
 2900.014160    0.000000
 2900.682860    0.000000
 2901.350100    0.000000
 2902.019530    0.000000
 2902.687010    0.000000
 2903.354740    0.000000
 2904.024410    0.000000
 2904.692380    0.000000
 2905.361820    0.000000
 2906.030520    0.000000
 2906.700680    0.000000
 2907.369140    0.000000
 2908.038090    0.000000
 2908.708500    0.000000
 2909.377930    0.000000
 2910.048830    0.000000
 2910.718260    0.000000
 2911.389650    0.000000
 2912.059330    0.000000
 2912.729250    0.000000
 2913.400630    0.000000
 2914.070800    0.000000
 2914.742920    0.000000
 2915.413570    0.000000
 2916.085690    0.000000
 2916.756590    0.000000
 2917.429200    0.000000
 2918.100340    0.000000
 2918.771730    0.000000
 2919.444580    0.000000
 2920.116210    0.000000
 2920.789550    0.000000
 2921.461670    0.000000
 2922.135500    0.000000
 2922.807370    0.000000
 2923.479740    0.000000
 2924.154050    0.000000
 2924.826660    0.000000
 2925.500980    0.000000
 2926.174070    0.000000
 2926.848880    0.000000
 2927.522220    0.000000
 2928.195800    0.000000
 2928.870850    0.000000
 2929.544920    0.000000
 2930.220460    0.000000
 2930.894530    0.000000
 2931.570310    0.000000
 2932.244630    0.000000
 2932.919190    0.000000
 2933.595700    0.000000
 2934.270260    0.000000
 2934.947270    0.000000
 2935.622310    0.000000
 2936.299070    0.000000
 2936.974850    0.000000
 2937.650390    0.000000
 2938.327880    0.000000
 2939.003660    0.000000
 2939.681400    0.000000
 2940.357670    0.000000
 2941.035640    0.000000
 2941.712160    0.000000
 2942.389160    0.000000
 2943.067630    0.000000
 2943.744630    0.000000
 2944.423580    0.000000
 2945.100830    0.000000
 2945.780030    0.000000
 2946.457760    0.000000
 2947.135500    0.000000
 2947.815190    0.000000
 2948.493410    0.000000
 2949.173100    0.000000
 2949.851560    0.000000
 2950.531980    0.000000
 2951.210450    0.000000
 2951.889650    0.000000
 2952.570070    0.000000
 2953.249270    0.000000
 2953.930660    0.000000
 2954.610110    0.000000
 2955.291500    0.000000
 2955.971190    0.000000
 2956.651120    0.000000
 2957.333010    0.000000
 2958.013180    0.000000
 2958.695560    0.000000
 2959.376220    0.000000
 2960.058350    0.000000
 2960.739500    0.000000
 2961.420410    0.000000
 2962.103520    0.000000
 2962.784910    0.000000
 2963.468020    0.000000
 2964.149900    0.000000
 2964.833500    0.000000
 2965.515380    0.000000
 2966.197750    0.000000
 2966.881590    0.000000
 2967.564210    0.000000
 2968.248540    0.000000
 2968.931150    0.000000
 2969.615720    0.000000
 2970.299070    0.000000
 2970.984130    0.000000
 2971.667480    0.000000
 2972.351070    0.000000
 2973.036620    0.000000
 2973.720700    0.000000
 2974.406250    0.000000
 2975.090580    0.000000
 2975.776610    0.000000
 2976.461180    0.000000
 2977.146000    0.000000
 2977.832280    0.000000
 2978.517580    0.000000
 2979.204350    0.000000
 2979.889650    0.000000
 2980.576660    0.000000
 2981.262210    0.000000
 2981.948240    0.000000
 2982.635990    0.000000
 2983.322020    0.000000
 2984.010010    0.000000
 2984.696530    0.000000
 2985.384770    0.000000
 2986.071530    0.000000
 2986.758540    0.000000
 2987.447270    0.000000
 2988.134770    0.000000
 2988.823490    0.000000
 2989.510990    0.000000
 2990.200440    0.000000
 2990.888180    0.000000
 2991.576170    0.000000
 2992.266360    0.000000
 2992.954830    0.000000
 2993.644780    0.000000
 2994.333500    0.000000
 2995.023930    0.000000
 2995.713130    0.000000
 2996.402100    0.000000
 2997.093020    0.000000
 2997.782710    0.000000
 2998.473880    0.000000
 2999.163570    0.000000
 2999.855470    0.000000
 3000.545410    0.000000
 3001.235600    0.000000
 3001.927730    0.000000
 3002.618410    0.000000
 3003.310550    0.000000
 3004.001710    0.000000
 3004.694340    0.000000
 3005.385740    0.000000
 3006.076900    0.000000
 3006.770020    0.000000
 3007.461670    0.000000
 3008.155270    0.000000
 3008.847410    0.000000
 3009.541260    0.000000
 3010.233400    0.000000
 3010.926270    0.000000
 3011.620360    0.000000
 3012.313230    0.000000
 3013.007810    0.000000
 3013.700930    0.000000
 3014.395750    0.000000
 3015.089360    0.000000
 3015.783200    0.000000
 3016.478270    0.000000
 3017.172610    0.000000
 3017.868160    0.000000
 3018.562260    0.000000
 3019.258540    0.000000
 3019.952880    0.000000
 3020.647950    0.000000
 3021.344480    0.000000
 3022.039310    0.000000
 3022.736330    0.000000
 3023.431640    0.000000
 3024.128660    0.000000
 3024.824460    0.000000
 3025.522220    0.000000
 3026.218020    0.000000
 3026.914310    0.000000
 3027.612300    0.000000
 3028.308840    0.000000
 3029.007080    0.000000
 3029.703860    0.000000
 3030.402590    0.000000
 3031.099850    0.000000
 3031.797120    0.000000
 3032.496090    0.000000
 3033.193600    0.000000
 3033.893310    0.000000
 3034.591060    0.000000
 3035.290770    0.000000
 3035.989010    0.000000
 3036.687740    0.000000
 3037.387700    0.000000
 3038.086670    0.000000
 3038.787350    0.000000
 3039.486080    0.000000
 3040.187260    0.000000
 3040.886470    0.000000
 3041.586180    0.000000
 3042.287350    0.000000
 3042.987550    0.000000
 3043.689210    0.000000
 3044.389160    0.000000
 3045.091060    0.000000
 3045.791750    0.000000
 3046.492430    0.000000
 3047.194820    0.000000
 3047.896000    0.000000
 3048.598880    0.000000
 3049.300050    0.000000
