 2653.384280    0.023379
 2653.996340    0.025277
 2654.606690    0.027308
 2655.217290    0.029490
 2655.829830    0.031836
 2656.440670    0.034343
 2657.053220    0.037035
 2657.664550    0.039913
 2658.277340    0.042999
 2658.888920    0.046293
 2659.500730    0.049816
 2660.114010    0.053588
 2660.725830    0.057607
 2661.339360    0.061907
 2661.951660    0.066484
 2662.565430    0.071377
 2663.177980    0.076579
 2663.790530    0.082119
 2664.404790    0.088032
 2665.017820    0.094310
 2665.632320    0.101002
 2666.245610    0.108099
 2666.860350    0.115656
 2667.473880    0.123663
 2668.089110    0.132182
 2668.702880    0.141195
 2669.316890    0.150752
 2669.932370    0.160901
 2670.546630    0.171626
 2671.162350    0.183003
 2671.776860    0.195014
 2672.393070    0.207747
 2673.007810    0.221168
 2673.622560    0.235341
 2674.239260    0.250348
 2674.854490    0.266143
 2675.471190    0.282836
 2676.086670    0.300393
 2676.703860    0.318937
 2677.319580    0.338412
 2677.935550    0.358910
 2678.552980    0.380516
 2679.169190    0.403180
 2679.786870    0.427044
 2680.403560    0.452058
 2681.021480    0.478358
 2681.638430    0.505897
 2682.255370    0.534760
 2682.873780    0.565069
 2683.490970    0.596740
 2684.109860    0.629973
 2684.727290    0.664648
 2685.346440    0.700993
 2685.964110    0.738872
 2686.582030    0.778433
 2687.201660    0.819830
 2687.819820    0.862900
 2688.439450    0.907898
 2689.057860    0.954679
 2689.677980    1.003516
 2690.296880    1.054230
 2690.915770    1.106962
 2691.536380    1.161916
 2692.155270    1.218834
 2692.776370    1.278123
 2693.395750    1.339458
 2694.016850    1.403221
 2694.636720    1.469155
 2695.256590    1.537424
 2695.877930    1.608232
 2696.498050    1.681314
 2697.119870    1.757050
 2697.740480    1.835117
 2698.362550    1.915883
 2698.983400    1.999026
 2699.604250    2.084726
 2700.226810    2.173246
 2700.847900    2.264154
 2701.470700    2.357927
 2702.092040    2.454096
 2702.715330    2.553198
 2703.337160    2.654690
 2703.958980    2.758800
 2704.582520    2.865811
 2705.204830    2.975212
 2705.828370    3.087409
 2706.450930    3.201986
 2707.074950    3.319361
 2707.697750    3.438996
 2708.320800    3.561123
 2708.945310    3.685944
 2709.568360    3.812816
 2710.193360    3.942379
 2710.816650    4.073807
 2711.441890    4.207800
 2712.065670    4.343548
 2712.689450    4.481275
 2713.314940    4.621272
 2713.939210    4.762787
 2714.565190    4.906377
 2715.189450    5.051144
 2715.815670    5.197819
 2716.440430    5.345475
 2717.066890    5.494729
 2717.691890    5.644685
 2718.317140    5.795606
 2718.943850    5.947634
 2719.569340    6.099962
 2720.196530    6.253138
 2720.822270    6.406218
 2721.449710    6.559802
 2722.075680    6.712934
 2722.702150    6.865905
 2723.329830    7.018705
 2723.956300    7.170544
 2724.584470    7.321934
 2725.211430    7.471967
 2725.839600    7.621023
 2726.466800    7.768374
 2727.093990    7.914044
 2727.722900    8.058211
 2728.350340    8.199939
 2728.979490    8.339727
 2729.607420    8.476713
 2730.236820    8.611267
 2730.864750    8.742554
 2731.493160    8.870778
 2732.122800    8.995869
 2732.751460    9.117184
 2733.381590    9.234987
 2734.010500    9.348579
 2734.640870    9.458245
 2735.270020    9.563332
 2735.899410    9.663905
 2736.530270    9.759968
 2737.159670    9.850903
 2737.790770    9.937001
 2738.420650    10.017698
 2739.052250    10.093219
 2739.682370    10.163037
 2740.312500    10.227206
 2740.944340    10.285755
 2741.575200    10.338310
 2742.207280    10.384953
 2742.838130    10.425407
 2743.470460    10.459763
 2744.101560    10.487802
 2744.732910    10.509546
 2745.365970    10.524966
 2745.997310    10.533947
 2746.630860    10.536513
 2747.262700    10.532628
 2747.896000    10.522280
 2748.528080    10.505519
 2749.160640    10.482338
 2749.794430    10.452719
 2750.427000    10.416827
 2751.061280    10.374548
 2751.694090    10.326164
 2752.328610    10.271510
 2752.961910    10.210931
 2753.595210    10.144428
 2754.230220    10.071918
 2754.863770    9.993889
 2755.499020    9.910082
 2756.132810    9.821057
 2756.768550    9.726488
 2757.402590    9.627082
 2758.036870    9.522718
 2758.673100    9.413275
 2759.307620    9.299566
 2759.943850    9.181173
 2760.578860    9.058840
 2761.215330    8.932249
 2761.850590    8.802148
 2762.487550    8.668146
 2763.123050    8.531128
 2763.758790    8.390958
 2764.396000    8.247581
 2765.031980    8.101823
 2765.669430    7.953301
 2766.305910    7.802806
 2766.943600    7.650049
 2767.580320    7.495783
 2768.216800    7.340066
 2768.855220    7.182577
 2769.492190    7.024384
 2770.130860    6.864922
 2770.768070    6.705198
 2771.407230    6.544572
 2772.044680    6.384174
 2772.682130    6.223781
 2773.321780    6.063043
 2773.959720    5.903137
 2774.599370    5.743394
 2775.237550    5.584796
 2775.877690    5.426670
 2776.516360    5.270033
 2777.155030    5.114685
 2777.795170    4.960433
 2778.434330    4.808015
 2779.074950    4.656995
 2779.714360    4.508140
 2780.355470    4.360898
 2780.995120    4.216119
 2781.634770    4.073575
 2782.276120    3.932995
 2782.916260    3.795122
 2783.558110    3.659413
 2784.198490    3.526622
 2784.840330    3.396213
 2785.480960    3.268796
 2786.121830    3.144131
 2786.764400    3.021994
 2787.405270    2.903077
 2788.048100    2.786737
 2788.689450    2.673623
 2789.332520    2.563197
 2789.974370    2.455982
 2790.615970    2.351812
 2791.259770    2.250305
 2791.901610    2.152116
 2792.545410    2.056635
 2793.187990    1.964325
 2793.832030    1.874783
 2794.474850    1.788358
 2795.117680    1.704848
 2795.762210    1.624013
 2796.405520    1.546184
 2797.050290    1.470997
 2797.693600    1.398751
 2798.338870    1.329018
 2798.982420    1.262144
 2799.626460    1.197842
 2800.272220    1.135947
 2800.916260    1.076733
 2801.562260    1.019802
 2802.206790    0.965401
 2802.852780    0.913219
 2803.497560    0.863414
 2804.142580    0.815802
 2804.789310    0.770221
 2805.434330    0.726847
 2806.081300    0.685371
 2806.726810    0.645949
 2807.374020    0.608323
 2808.020020    0.572600
 2808.666020    0.538645
 2809.313480    0.506320
 2809.959960    0.475687
 2810.607910    0.446570
 2811.254390    0.419039
 2811.902830    0.392887
 2812.549560    0.368205
 2813.198240    0.344795
 2813.845210    0.322733
 2814.492680    0.301883
 2815.141600    0.282166
 2815.789310    0.263609
 2816.438720    0.246078
 2817.086430    0.229617
 2817.736080    0.214082
 2818.384520    0.199502
 2819.032710    0.185809
 2819.682620    0.172918
 2820.331300    0.160848
 2820.981930    0.149496
 2821.630620    0.138892
 2822.281490    0.128931
 2822.930660    0.119636
 2823.580080    0.110941
 2824.231200    0.102797
 2824.880860    0.095209
 2825.532230    0.088111
 2826.182370    0.081506
 2826.833980    0.075337
 2827.484380    0.069604
 2828.134770    0.064269
 2828.786870    0.059296
 2829.437740    0.054683
 2830.090090    0.050389
 2830.741210    0.046413
 2831.394040    0.042716
 2832.045410    0.039297
 2832.697020    0.036130
 2833.350100    0.033192
 2834.001950    0.030479
 2834.655520    0.027966
 2835.307620    0.025650
 2835.961180    0.023507
 2836.613770    0.021533
 2837.266360    0.019713
 2837.920410    0.018034
 2838.573490    0.016490
 2839.228030    0.015065
 2839.881100    0.013760
 2840.535890    0.012556
 2841.189450    0.011454
 2841.843020    0.010442
 2842.498540    0.009510
 2843.152340    0.008659
 2843.807860    0.007878
 2844.462160    0.007165
 2845.118160    0.006511
 2845.772710    0.005914
 2846.427250    0.005368
 2847.083740    0.004869
 2847.738770    0.004415
 2848.395260    0.004000
 2849.050540    0.003622
 2849.707760    0.003277
 2850.363280    0.002964
 2851.018800    0.002680
 2851.676270    0.002419
 2852.332280    0.002185
 2852.989990    0.001971
 2853.646480    0.001778
 2854.304440    0.001601
 2854.960940    0.001442
 2855.617920    0.001298
 2856.276370    0.001167
 2856.933350    0.001049
 2857.592290    0.000942
 2858.249760    0.000847
 2858.908940    0.000759
 2859.566650    0.000681
 2860.224370    0.000610
 2860.883790    0.000546
 2861.541750    0.000489
 2862.201900    0.000438
 2862.860350    0.000391
 2863.520510    0.000349
 2864.179200    0.000312
 2864.839840    0.000278
 2865.498780    0.000248
 2866.157960    0.000221
 2866.818850    0.000197
 2867.478520    0.000175
 2868.139650    0.000156
 2868.799320    0.000138
 2869.460940    0.000123
 2870.121090    0.000110
 2870.781490    0.000097
 2871.443360    0.000086
 2872.103760    0.000076
 2872.766360    0.000068
 2873.427000    0.000060
 2874.089600    0.000052
 2874.750730    0.000047
 2875.412110    0.000041
 2876.075440    0.000036
 2876.736820    0.000032
 2877.400390    0.000029
 2878.062260    0.000025
 2878.725830    0.000022
 2879.388180    0.000019
 2880.050540    0.000017
 2880.714600    0.000015
 2881.377440    0.000013
 2882.041750    0.000011
 2882.704830    0.000010
 2883.369380    0.000009
 2884.032960    0.000008
 2884.696530    0.000007
 2885.361330    0.000006
 2886.025390    0.000005
 2886.690920    0.000005
 2887.354980    0.000004
 2888.020510    0.000004
 2888.685060    0.000003
 2889.349610    0.000003
 2890.015870    0.000002
 2890.680910    0.000002
 2891.347410    0.000002
 2892.012700    0.000002
 2892.679200    0.000001
 2893.344970    0.000001
 2894.010500    0.000001
 2894.677730    0.000001
 2895.343510    0.000001
 2896.011470    0.000001
 2896.677490    0.000001
 2897.345460    0.000000
 2898.011960    0.000000
 2898.678960    0.000000
 2899.347170    0.000000
 2900.014160    0.000000
 2900.682860    0.000000
 2901.350100    0.000000
 2902.019530    0.000000
 2902.687010    0.000000
 2903.354740    0.000000
 2904.024410    0.000000
 2904.692380    0.000000
 2905.361820    0.000000
 2906.030520    0.000000
 2906.700680    0.000000
 2907.369140    0.000000
 2908.038090    0.000000
 2908.708500    0.000000
 2909.377930    0.000000
 2910.048830    0.000000
 2910.718260    0.000000
 2911.389650    0.000000
 2912.059330    0.000000
 2912.729250    0.000000
 2913.400630    0.000000
 2914.070800    0.000000
 2914.742920    0.000000
 2915.413570    0.000000
 2916.085690    0.000000
 2916.756590    0.000000
 2917.429200    0.000000
 2918.100340    0.000000
 2918.771730    0.000000
 2919.444580    0.000000
 2920.116210    0.000000
 2920.789550    0.000000
 2921.461670    0.000000
 2922.135500    0.000000
 2922.807370    0.000000
 2923.479740    0.000000
 2924.154050    0.000000
 2924.826660    0.000000
 2925.500980    0.000000
 2926.174070    0.000000
 2926.848880    0.000000
 2927.522220    0.000000
 2928.195800    0.000000
 2928.870850    0.000000
 2929.544920    0.000000
 2930.220460    0.000000
 2930.894530    0.000000
 2931.570310    0.000000
 2932.244630    0.000000
 2932.919190    0.000000
 2933.595700    0.000000
 2934.270260    0.000000
 2934.947270    0.000000
 2935.622310    0.000000
 2936.299070    0.000000
 2936.974850    0.000000
 2937.650390    0.000000
 2938.327880    0.000000
 2939.003660    0.000000
 2939.681400    0.000000
 2940.357670    0.000000
 2941.035640    0.000000
 2941.712160    0.000000
 2942.389160    0.000000
 2943.067630    0.000000
 2943.744630    0.000000
 2944.423580    0.000000
 2945.100830    0.000000
 2945.780030    0.000000
 2946.457760    0.000000
 2947.135500    0.000000
 2947.815190    0.000000
 2948.493410    0.000000
 2949.173100    0.000000
 2949.851560    0.000000
 2950.531980    0.000000
 2951.210450    0.000000
 2951.889650    0.000000
 2952.570070    0.000000
 2953.249270    0.000000
 2953.930660    0.000000
 2954.610110    0.000000
 2955.291500    0.000000
 2955.971190    0.000000
 2956.651120    0.000000
 2957.333010    0.000000
 2958.013180    0.000000
 2958.695560    0.000000
 2959.376220    0.000000
 2960.058350    0.000000
 2960.739500    0.000000
 2961.420410    0.000000
 2962.103520    0.000000
 2962.784910    0.000000
 2963.468020    0.000000
 2964.149900    0.000000
 2964.833500    0.000000
 2965.515380    0.000000
 2966.197750    0.000000
 2966.881590    0.000000
 2967.564210    0.000000
 2968.248540    0.000000
 2968.931150    0.000000
 2969.615720    0.000000
 2970.299070    0.000000
 2970.984130    0.000000
 2971.667480    0.000000
 2972.351070    0.000000
 2973.036620    0.000000
 2973.720700    0.000000
 2974.406250    0.000000
 2975.090580    0.000000
 2975.776610    0.000000
 2976.461180    0.000000
 2977.146000    0.000000
 2977.832280    0.000000
 2978.517580    0.000000
 2979.204350    0.000000
 2979.889650    0.000000
 2980.576660    0.000000
 2981.262210    0.000000
 2981.948240    0.000000
 2982.635990    0.000000
 2983.322020    0.000000
 2984.010010    0.000000
 2984.696530    0.000000
 2985.384770    0.000000
 2986.071530    0.000000
 2986.758540    0.000000
 2987.447270    0.000000
 2988.134770    0.000000
 2988.823490    0.000000
 2989.510990    0.000000
 2990.200440    0.000000
 2990.888180    0.000000
 2991.576170    0.000000
 2992.266360    0.000000
 2992.954830    0.000000
 2993.644780    0.000000
 2994.333500    0.000000
 2995.023930    0.000000
 2995.713130    0.000000
 2996.402100    0.000000
 2997.093020    0.000000
 2997.782710    0.000000
 2998.473880    0.000000
 2999.163570    0.000000
 2999.855470    0.000000
 3000.545410    0.000000
 3001.235600    0.000000
 3001.927730    0.000000
 3002.618410    0.000000
 3003.310550    0.000000
 3004.001710    0.000000
 3004.694340    0.000000
 3005.385740    0.000000
 3006.076900    0.000000
 3006.770020    0.000000
 3007.461670    0.000000
 3008.155270    0.000000
 3008.847410    0.000000
 3009.541260    0.000000
 3010.233400    0.000000
 3010.926270    0.000000
 3011.620360    0.000000
 3012.313230    0.000000
 3013.007810    0.000000
 3013.700930    0.000000
 3014.395750    0.000000
 3015.089360    0.000000
 3015.783200    0.000000
 3016.478270    0.000000
 3017.172610    0.000000
 3017.868160    0.000000
 3018.562260    0.000000
 3019.258540    0.000000
 3019.952880    0.000000
 3020.647950    0.000000
 3021.344480    0.000000
 3022.039310    0.000000
 3022.736330    0.000000
 3023.431640    0.000000
 3024.128660    0.000000
 3024.824460    0.000000
 3025.522220    0.000000
 3026.218020    0.000000
 3026.914310    0.000000
 3027.612300    0.000000
 3028.308840    0.000000
 3029.007080    0.000000
 3029.703860    0.000000
 3030.402590    0.000000
 3031.099850    0.000000
 3031.797120    0.000000
 3032.496090    0.000000
 3033.193600    0.000000
 3033.893310    0.000000
 3034.591060    0.000000
 3035.290770    0.000000
 3035.989010    0.000000
 3036.687740    0.000000
 3037.387700    0.000000
 3038.086670    0.000000
 3038.787350    0.000000
 3039.486080    0.000000
 3040.187260    0.000000
 3040.886470    0.000000
 3041.586180    0.000000
 3042.287350    0.000000
 3042.987550    0.000000
 3043.689210    0.000000
 3044.389160    0.000000
 3045.091060    0.000000
 3045.791750    0.000000
 3046.492430    0.000000
 3047.194820    0.000000
 3047.896000    0.000000
 3048.598880    0.000000
 3049.300050    0.000000
