 2653.384280    0.000000
 2653.996340    0.000000
 2654.606690    0.000000
 2655.217290    0.000000
 2655.829830    0.000000
 2656.440670    0.000000
 2657.053220    0.000000
 2657.664550    0.000000
 2658.277340    0.000000
 2658.888920    0.000000
 2659.500730    0.000000
 2660.114010    0.000000
 2660.725830    0.000000
 2661.339360    0.000000
 2661.951660    0.000000
 2662.565430    0.000000
 2663.177980    0.000000
 2663.790530    0.000000
 2664.404790    0.000000
 2665.017820    0.000000
 2665.632320    0.000000
 2666.245610    0.000000
 2666.860350    0.000000
 2667.473880    0.000000
 2668.089110    0.000000
 2668.702880    0.000000
 2669.316890    0.000000
 2669.932370    0.000000
 2670.546630    0.000000
 2671.162350    0.000000
 2671.776860    0.000000
 2672.393070    0.000000
 2673.007810    0.000000
 2673.622560    0.000000
 2674.239260    0.000000
 2674.854490    0.000000
 2675.471190    0.000000
 2676.086670    0.000000
 2676.703860    0.000000
 2677.319580    0.000000
 2677.935550    0.000000
 2678.552980    0.000000
 2679.169190    0.000000
 2679.786870    0.000000
 2680.403560    0.000000
 2681.021480    0.000000
 2681.638430    0.000000
 2682.255370    0.000000
 2682.873780    0.000000
 2683.490970    0.000000
 2684.109860    0.000000
 2684.727290    0.000000
 2685.346440    0.000000
 2685.964110    0.000000
 2686.582030    0.000000
 2687.201660    0.000000
 2687.819820    0.000000
 2688.439450    0.000000
 2689.057860    0.000000
 2689.677980    0.000000
 2690.296880    0.000000
 2690.915770    0.000000
 2691.536380    0.000000
 2692.155270    0.000000
 2692.776370    0.000000
 2693.395750    0.000000
 2694.016850    0.000000
 2694.636720    0.000000
 2695.256590    0.000000
 2695.877930    0.000000
 2696.498050    0.000000
 2697.119870    0.000000
 2697.740480    0.000000
 2698.362550    0.000000
 2698.983400    0.000000
 2699.604250    0.000000
 2700.226810    0.000000
 2700.847900    0.000000
 2701.470700    0.000000
 2702.092040    0.000000
 2702.715330    0.000000
 2703.337160    0.000000
 2703.958980    0.000000
 2704.582520    0.000000
 2705.204830    0.000000
 2705.828370    0.000000
 2706.450930    0.000000
 2707.074950    0.000000
 2707.697750    0.000000
 2708.320800    0.000000
 2708.945310    0.000000
 2709.568360    0.000000
 2710.193360    0.000000
 2710.816650    0.000000
 2711.441890    0.000000
 2712.065670    0.000000
 2712.689450    0.000000
 2713.314940    0.000000
 2713.939210    0.000000
 2714.565190    0.000000
 2715.189450    0.000000
 2715.815670    0.000000
 2716.440430    0.000000
 2717.066890    0.000000
 2717.691890    0.000000
 2718.317140    0.000000
 2718.943850    0.000000
 2719.569340    0.000000
 2720.196530    0.000000
 2720.822270    0.000000
 2721.449710    0.000000
 2722.075680    0.000000
 2722.702150    0.000000
 2723.329830    0.000000
 2723.956300    0.000000
 2724.584470    0.000000
 2725.211430    0.000000
 2725.839600    0.000000
 2726.466800    0.000000
 2727.093990    0.000000
 2727.722900    0.000000
 2728.350340    0.000000
 2728.979490    0.000000
 2729.607420    0.000000
 2730.236820    0.000000
 2730.864750    0.000000
 2731.493160    0.000000
 2732.122800    0.000000
 2732.751460    0.000000
 2733.381590    0.000000
 2734.010500    0.000000
 2734.640870    0.000000
 2735.270020    0.000000
 2735.899410    0.000000
 2736.530270    0.000000
 2737.159670    0.000000
 2737.790770    0.000000
 2738.420650    0.000000
 2739.052250    0.000000
 2739.682370    0.000000
 2740.312500    0.000000
 2740.944340    0.000000
 2741.575200    0.000000
 2742.207280    0.000000
 2742.838130    0.000000
 2743.470460    0.000000
 2744.101560    0.000000
 2744.732910    0.000000
 2745.365970    0.000000
 2745.997310    0.000000
 2746.630860    0.000000
 2747.262700    0.000000
 2747.896000    0.000000
 2748.528080    0.000000
 2749.160640    0.000000
 2749.794430    0.000000
 2750.427000    0.000000
 2751.061280    0.000000
 2751.694090    0.000000
 2752.328610    0.000000
 2752.961910    0.000001
 2753.595210    0.000001
 2754.230220    0.000001
 2754.863770    0.000001
 2755.499020    0.000001
 2756.132810    0.000001
 2756.768550    0.000001
 2757.402590    0.000001
 2758.036870    0.000001
 2758.673100    0.000002
 2759.307620    0.000002
 2759.943850    0.000002
 2760.578860    0.000002
 2761.215330    0.000002
 2761.850590    0.000003
 2762.487550    0.000003
 2763.123050    0.000004
 2763.758790    0.000004
 2764.396000    0.000004
 2765.031980    0.000005
 2765.669430    0.000006
 2766.305910    0.000006
 2766.943600    0.000007
 2767.580320    0.000008
 2768.216800    0.000009
 2768.855220    0.000010
 2769.492190    0.000010
 2770.130860    0.000011
 2770.768070    0.000013
 2771.407230    0.000014
 2772.044680    0.000016
 2772.682130    0.000018
 2773.321780    0.000020
 2773.959720    0.000022
 2774.599370    0.000025
 2775.237550    0.000028
 2775.877690    0.000031
 2776.516360    0.000034
 2777.155030    0.000038
 2777.795170    0.000042
 2778.434330    0.000047
 2779.074950    0.000052
 2779.714360    0.000058
 2780.355470    0.000064
 2780.995120    0.000072
 2781.634770    0.000079
 2782.276120    0.000088
 2782.916260    0.000097
 2783.558110    0.000108
 2784.198490    0.000119
 2784.840330    0.000132
 2785.480960    0.000145
 2786.121830    0.000161
 2786.764400    0.000177
 2787.405270    0.000196
 2788.048100    0.000216
 2788.689450    0.000239
 2789.332520    0.000263
 2789.974370    0.000291
 2790.615970    0.000320
 2791.259770    0.000353
 2791.901610    0.000388
 2792.545410    0.000428
 2793.187990    0.000470
 2793.832030    0.000518
 2794.474850    0.000569
 2795.117680    0.000626
 2795.762210    0.000687
 2796.405520    0.000754
 2797.050290    0.000828
 2797.693600    0.000908
 2798.338870    0.000996
 2798.982420    0.001091
 2799.626460    0.001195
 2800.272220    0.001309
 2800.916260    0.001432
 2801.562260    0.001568
 2802.206790    0.001715
 2802.852780    0.001875
 2803.497560    0.002048
 2804.142580    0.002237
 2804.789310    0.002442
 2805.434330    0.002666
 2806.081300    0.002908
 2806.726810    0.003171
 2807.374020    0.003456
 2808.020020    0.003765
 2808.666020    0.004100
 2809.313480    0.004463
 2809.959960    0.004856
 2810.607910    0.005281
 2811.254390    0.005741
 2811.902830    0.006239
 2812.549560    0.006776
 2813.198240    0.007358
 2813.845210    0.007984
 2814.492680    0.008659
 2815.141600    0.009391
 2815.789310    0.010177
 2816.438720    0.011026
 2817.086430    0.011938
 2817.736080    0.012923
 2818.384520    0.013981
 2819.032710    0.015118
 2819.682620    0.016343
 2820.331300    0.017657
 2820.981930    0.019073
 2821.630620    0.020588
 2822.281490    0.022219
 2822.930660    0.023963
 2823.580080    0.025833
 2824.231200    0.027842
 2824.880860    0.029988
 2825.532230    0.032291
 2826.182370    0.034752
 2826.833980    0.037388
 2827.484380    0.040200
 2828.134770    0.043204
 2828.786870    0.046421
 2829.437740    0.049847
 2830.090090    0.053511
 2830.741210    0.057409
 2831.394040    0.061575
 2832.045410    0.066003
 2832.697020    0.070719
 2833.350100    0.075748
 2834.001950    0.081089
 2834.655520    0.086782
 2835.307620    0.092817
 2835.961180    0.099242
 2836.613770    0.106053
 2837.266360    0.113280
 2837.920410    0.120962
 2838.573490    0.129093
 2839.228030    0.137728
 2839.881100    0.146852
 2840.535890    0.156534
 2841.189450    0.166760
 2841.843020    0.177573
 2842.498540    0.189035
 2843.152340    0.201114
 2843.807860    0.213902
 2844.462160    0.227371
 2845.118160    0.241618
 2845.772710    0.256605
 2846.427250    0.272399
 2847.083740    0.289083
 2847.738770    0.306611
 2848.395260    0.325094
 2849.050540    0.344499
 2849.707760    0.364957
 2850.363280    0.386397
 2851.018800    0.408911
 2851.676270    0.432612
 2852.332280    0.457423
 2852.989990    0.483506
 2853.646480    0.510793
 2854.304440    0.539440
 2854.960940    0.569367
 2855.617920    0.600707
 2856.276370    0.633559
 2856.933350    0.667827
 2857.592290    0.703739
 2858.249760    0.741161
 2858.908940    0.780326
 2859.566650    0.821095
 2860.224370    0.863605
 2860.883790    0.908025
 2861.541750    0.954193
 2862.201900    1.002422
 2862.860350    1.052483
 2863.520510    1.104684
 2864.179200    1.158831
 2864.839840    1.215257
 2865.498780    1.273704
 2866.157960    1.334387
 2866.818850    1.397504
 2867.478520    1.462828
 2868.139650    1.530676
 2868.799320    1.600797
 2869.460940    1.673604
 2870.121090    1.748773
 2870.781490    1.826536
 2871.443360    1.907093
 2872.103760    1.990130
 2872.766360    2.076157
 2873.427000    2.164675
 2874.089600    2.256247
 2874.750730    2.350440
 2875.412110    2.447527
 2876.075440    2.547805
 2876.736820    2.650713
 2877.400390    2.756929
 2878.062260    2.865857
 2878.725830    2.978083
 2879.388180    3.093134
 2880.050540    3.211234
 2880.714600    3.332711
 2881.377440    3.457047
 2882.041750    3.584755
 2882.704830    3.715325
 2883.369380    3.849291
 2884.032960    3.986160
 2884.696530    4.126123
 2885.361330    4.269436
 2886.025390    4.415668
 2886.690920    4.565289
 2887.354980    4.717622
 2888.020510    4.873313
 2888.685060    5.031765
 2889.349610    5.193170
 2890.015870    5.357915
 2890.680910    5.525238
 2891.347410    5.695770
 2892.012700    5.868773
 2892.679200    6.044826
 2893.344970    6.223357
 2894.010500    6.404426
 2894.677730    6.588504
 2895.343510    6.774644
 2896.011470    6.963794
 2896.677490    7.154700
 2897.345460    7.348393
 2898.011960    7.543793
 2898.678960    7.741374
 2899.347170    7.941259
 2900.014160    8.142617
 2900.682860    8.346223
 2901.350100    8.551002
 2902.019530    8.757963
 2902.687010    8.965709
 2903.354740    9.174788
 2904.024410    9.385620
 2904.692380    9.596921
 2905.361820    9.809562
 2906.030520    10.022707
 2906.700680    10.236923
 2907.369140    10.451047
 2908.038090    10.665644
 2908.708500    10.880876
 2909.377930    11.095810
 2910.048830    11.311084
 2910.718260    11.525597
 2911.389650    11.740292
 2912.059330    11.953843
 2912.729250    12.166713
 2913.400630    12.379132
 2914.070800    12.590090
 2914.742920    12.800420
 2915.413570    13.008894
 2916.085690    13.216259
 2916.756590    13.421523
 2917.429200    13.625424
 2918.100340    13.826835
 2918.771730    14.026117
 2919.444580    14.223464
 2920.116210    14.417929
 2920.789550    14.610198
 2921.461670    14.799281
 2922.135500    14.985842
 2922.807370    15.168719
 2923.479740    15.348438
 2924.154050    15.525224
 2924.826660    15.697970
 2925.500980    15.867414
 2926.174070    16.032673
 2926.848880    16.194328
 2927.522220    16.351482
 2928.195800    16.504417
 2928.870850    16.653271
 2929.544920    16.797373
 2930.220460    16.937119
 2930.894530    17.071795
 2931.570310    17.201916
 2932.244630    17.326769
 2932.919190    17.446571
 2933.595700    17.561514
 2934.270260    17.670835
 2934.947270    17.775156
 2935.622310    17.873703
 2936.299070    17.966940
 2936.974850    18.054413
 2937.650390    18.136168
 2938.327880    18.212374
 2939.003660    18.282566
 2939.681400    18.347069
 2940.357670    18.405495
 2941.035640    18.458080
 2941.712160    18.504530
 2942.389160    18.544964
 2943.067630    18.579384
 2943.744630    18.607620
 2944.423580    18.629795
 2945.100830    18.645767
 2945.780030    18.655626
 2946.457760    18.659304
 2947.135500    18.656837
 2947.815190    18.648203
 2948.493410    18.633453
 2949.173100    18.612547
 2949.851560    18.585587
 2950.531980    18.552467
 2951.210450    18.513418
 2951.889650    18.468344
 2952.570070    18.417229
 2953.249270    18.360312
 2953.930660    18.297344
 2954.610110    18.228771
 2955.291500    18.154266
 2955.971190    18.074295
 2956.651120    17.988728
 2957.333010    17.897392
 2958.013180    17.800871
 2958.695560    17.698685
 2959.376220    17.591507
 2960.058350    17.478941
 2960.739500    17.361483
 2961.420410    17.239126
 2962.103520    17.111521
 2962.784910    16.979504
 2963.468020    16.842524
 2964.149900    16.701290
 2964.833500    16.555309
 2965.515380    16.405439
 2966.197750    16.251339
 2966.881590    16.092897
 2967.564210    15.930875
 2968.248540    15.764705
 2968.931150    15.595360
 2969.615720    15.422065
 2970.299070    15.245770
 2970.984130    15.065856
 2971.667480    14.883373
 2972.351070    14.697954
 2973.036620    14.509271
 2973.720700    14.318417
 2974.406250    14.124726
 2975.090580    13.929111
 2975.776610    13.730881
 2976.461180    13.531111
 2977.146000    13.329464
 2977.832280    13.125724
 2978.517580    12.920774
 2979.204350    12.714034
 2979.889650    12.506543
 2980.576660    12.297493
 2981.262210    12.087999
 2981.948240    11.877621
 2982.635990    11.666134
 2983.322020    11.454735
 2984.010010    11.242446
 2984.696530    11.030468
 2985.384770    10.817965
 2986.071530    10.606060
 2986.758540    10.394368
 2987.447270    10.182574
 2988.134770    9.971718
 2988.823490    9.761184
 2989.510990    9.551847
 2990.200440    9.342874
 2990.888180    9.135494
 2991.576170    8.929243
 2992.266360    8.723656
 2992.954830    8.520014
 2993.644780    8.317488
 2994.333500    8.116978
 2995.023930    7.917735
 2995.713130    7.720706
 2996.402100    7.525704
 2997.093020    7.332208
 2997.782710    7.141196
 2998.473880    6.952013
 2999.163570    6.765540
 2999.855470    6.580868
 3000.545410    6.399178
 3001.235600    6.219952
 3001.927730    6.042819
 3002.618410    5.868719
 3003.310550    5.696968
 3004.001710    5.528227
 3004.694340    5.361949
 3005.385740    5.198824
 3006.076900    5.038652
 3006.770020    4.880969
 3007.461670    4.726585
 3008.155270    4.574768
 3008.847410    4.426292
 3009.541260    4.280498
 3010.233400    4.138117
 3010.926270    3.998652
 3011.620360    3.862026
 3012.313230    3.728723
 3013.007810    3.598183
 3013.700930    3.471002
 3014.395750    3.346590
 3015.089360    3.225469
 3015.783200    3.107361
 3016.478270    2.992096
 3017.172610    2.879981
 3017.868160    2.770683
 3018.562260    2.664597
 3019.258540    2.561143
 3019.952880    2.460908
 3020.647950    2.363467
 3021.344480    2.268697
 3022.039310    2.176991
 3022.736330    2.087801
 3023.431640    2.001588
 3024.128660    1.917888
 3024.824460    1.837011
 3025.522220    1.758551
 3026.218020    1.682898
 3026.914310    1.609734
 3027.612300    1.538892
 3028.308840    1.470649
 3029.007080    1.404643
 3029.703860    1.341126
 3030.402590    1.279737
 3031.099850    1.220725
 3031.797120    1.163908
 3032.496090    1.109101
 3033.193600    1.056501
 3033.893310    1.005783
 3034.591060    0.957192
 3035.290770    0.910406
 3035.989010    0.865601
 3036.687740    0.822593
 3037.387700    0.781292
 3038.086670    0.741776
 3038.787350    0.703841
 3039.486080    0.667636
 3040.187260    0.632881
 3040.886470    0.599747
 3041.586180    0.568061
 3042.287350    0.537736
 3042.987550    0.508831
 3043.689210    0.481197
 3044.389160    0.454913
 3045.091060    0.429794
 3045.791750    0.405912
 3046.492430    0.383176
 3047.194820    0.361490
 3047.896000    0.340905
 3048.598880    0.321294
 3049.300050    0.302710
