 2653.384280    1.767184
 2653.996340    1.844408
 2654.606690    1.923725
 2655.217290    2.005393
 2655.829830    2.089660
 2656.440670    2.176026
 2657.053220    2.264977
 2657.664550    2.356084
 2658.277340    2.449741
 2658.888920    2.545530
 2659.500730    2.643655
 2660.114010    2.744302
 2660.725830    2.846964
 2661.339360    2.952144
 2661.951660    3.059308
 2662.565430    3.168887
 2663.177980    3.280356
 2663.790530    3.393882
 2664.404790    3.509734
 2665.017820    3.627301
 2665.632320    3.747031
 2666.245610    3.868331
 2666.860350    3.991655
 2667.473880    4.116383
 2668.089110    4.243023
 2668.702880    4.370831
 2669.316890    4.500057
 2669.932370    4.630861
 2670.546630    4.762562
 2671.162350    4.895620
 2671.776860    5.029339
 2672.393070    5.164229
 2673.007810    5.299468
 2673.622560    5.435241
 2674.239260    5.571841
 2674.854490    5.708371
 2675.471190    5.845331
 2676.086670    5.981975
 2676.703860    6.118799
 2677.319580    6.254939
 2677.935550    6.390614
 2678.552980    6.525928
 2679.169190    6.660122
 2679.786870    6.793615
 2680.403560    6.925707
 2681.021480    7.056694
 2681.638430    7.185937
 2682.255370    7.313473
 2682.873780    7.439420
 2683.490970    7.563060
 2684.109860    7.684803
 2684.727290    7.803847
 2685.346440    7.920633
 2685.964110    8.034392
 2686.582030    8.145278
 2687.201660    8.253374
 2687.819820    8.357963
 2688.439450    8.459379
 2689.057860    8.557027
 2689.677980    8.651213
 2690.296880    8.741341
 2690.915770    8.827457
 2691.536380    8.909647
 2692.155270    8.987327
 2692.776370    9.060855
 2693.395750    9.129647
 2694.016850    9.193968
 2694.636720    9.253407
 2695.256590    9.307995
 2695.877930    9.357755
 2696.498050    9.402385
 2697.119870    9.442018
 2697.740480    9.476393
 2698.362550    9.505601
 2698.983400    9.529464
 2699.604250    9.548001
 2700.226810    9.561214
 2700.847900    9.569011
 2701.470700    9.571414
 2702.092040    9.568406
 2702.715330    9.559970
 2703.337160    9.546162
 2703.958980    9.526991
 2704.582520    9.502419
 2705.204830    9.472595
 2705.828370    9.437457
 2706.450930    9.397185
 2707.074950    9.351686
 2707.697750    9.301231
 2708.320800    9.245799
 2708.945310    9.185357
 2709.568360    9.120293
 2710.193360    9.050353
 2710.816650    8.976063
 2711.441890    8.897110
 2712.065670    8.814052
 2712.689450    8.726849
 2713.314940    8.635388
 2713.939210    8.540246
 2714.565190    8.441127
 2715.189450    8.338733
 2715.815670    8.232629
 2716.440430    8.123560
 2717.066890    8.011144
 2717.691890    7.896128
 2718.317140    7.778385
 2718.943850    7.657859
 2719.569340    7.535251
 2720.196530    7.410172
 2720.822270    7.283443
 2721.449710    7.154612
 2722.075680    7.024519
 2722.702150    6.892955
 2723.329830    6.759952
 2723.956300    6.626218
 2724.584470    6.491318
 2725.211430    6.356068
 2725.839600    6.220133
 2726.466800    6.084173
 2727.093990    5.948161
 2727.722900    5.811910
 2728.350340    5.676286
 2728.979490    5.540780
 2729.607420    5.406199
 2730.236820    5.272142
 2730.864750    5.139396
 2731.493160    5.007711
 2732.122800    4.877100
 2732.751460    4.748178
 2733.381590    4.620595
 2734.010500    4.495049
 2734.640870    4.371148
 2735.270020    4.249564
 2735.899410    4.130145
 2736.530270    4.012801
 2737.159670    3.898208
 2737.790770    3.785913
 2738.420650    3.676562
 2739.052250    3.569769
 2739.682370    3.466182
 2740.312500    3.365664
 2740.944340    3.268058
 2741.575200    3.173889
 2742.207280    3.082931
 2742.838130    2.995631
 2743.470460    2.911715
 2744.101560    2.831629
 2744.732910    2.755268
 2745.365970    2.682559
 2745.997310    2.613978
 2746.630860    2.549185
 2747.262700    2.488666
 2747.896000    2.432191
 2748.528080    2.380077
 2749.160640    2.332253
 2749.794430    2.288754
 2750.427000    2.249821
 2751.061280    2.215351
 2751.694090    2.185590
 2752.328610    2.160462
 2752.961910    2.140162
 2753.595210    2.124704
 2754.230220    2.114141
 2754.863770    2.108594
 2755.499020    2.108114
 2756.132810    2.112775
 2756.768550    2.122681
 2757.402590    2.137848
 2758.036870    2.158380
 2758.673100    2.184429
 2759.307620    2.215924
 2759.943850    2.253109
 2760.578860    2.295893
 2761.215330    2.344533
 2761.850590    2.398903
 2762.487550    2.459336
 2763.123050    2.525609
 2763.758790    2.597956
 2764.396000    2.676615
 2765.031980    2.761333
 2765.669430    2.852543
 2766.305910    2.949976
 2766.943600    3.054042
 2767.580320    3.164456
 2768.216800    3.281393
 2768.855220    3.405347
 2769.492190    3.535728
 2770.130860    3.673246
 2770.768070    3.817279
 2771.407230    3.968662
 2772.044680    4.126579
 2772.682130    4.291469
 2773.321780    4.463977
 2773.959720    4.643093
 2774.599370    4.829801
 2775.237550    5.023203
 2775.877690    5.224358
 2776.516360    5.432208
 2777.155030    5.647205
 2777.795170    5.869860
 2778.434330    6.099315
 2779.074950    6.336428
 2779.714360    6.580174
 2780.355470    6.831633
 2780.995120    7.089507
 2781.634770    7.354297
 2782.276120    7.626661
 2782.916260    7.905270
 2783.558110    8.191305
 2784.198490    8.483244
 2784.840330    8.782293
 2785.480960    9.087065
 2786.121830    9.398087
 2786.764400    9.715928
 2787.405270    10.038719
 2788.048100    10.368113
 2788.689450    10.702151
 2789.332520    11.042266
 2789.974370    11.386675
 2790.615970    11.735633
 2791.259770    12.090219
 2791.901610    12.447869
 2792.545410    12.810463
 2793.187990    13.175904
 2793.832030    13.545405
 2794.474850    13.917076
 2795.117680    14.291273
 2795.762210    14.668630
 2796.405520    15.047061
 2797.050290    15.427747
 2797.693600    15.808563
 2798.338870    16.191116
 2798.982420    16.572813
 2799.626460    16.954523
 2800.272220    17.336519
 2800.916260    17.716331
 2801.562260    18.095661
 2802.206790    18.472023
 2802.852780    18.846661
 2803.497560    19.217535
 2804.142580    19.585012
 2804.789310    19.949425
 2805.434330    20.308357
 2806.081300    20.663355
 2806.726810    21.012045
 2807.374020    21.355650
 2808.020020    21.692118
 2808.666020    22.021622
 2809.313480    22.344404
 2809.959960    22.658760
 2810.607910    22.965403
 2811.254390    23.262482
 2811.902830    23.551107
 2812.549560    23.829201
 2813.198240    24.097898
 2813.845210    24.355259
 2814.492680    24.601782
 2815.141600    24.837395
 2815.789310    25.060743
 2816.438720    25.272461
 2817.086430    25.471092
 2817.736080    25.657427
 2818.384520    25.830231
 2819.032710    25.989523
 2819.682620    26.135469
 2820.331300    26.267162
 2820.981930    26.384995
 2821.630620    26.488066
 2822.281490    26.576851
 2822.930660    26.650654
 2823.580080    26.709619
 2824.231200    26.753714
 2824.880860    26.782639
 2825.532230    26.796478
 2826.182370    26.795130
 2826.833980    26.778578
 2827.484380    26.746918
 2828.134770    26.700178
 2828.786870    26.638258
 2829.437740    26.561527
 2830.090090    26.469786
 2830.741210    26.363564
 2831.394040    26.242542
 2832.045410    26.107506
 2832.697020    25.958370
 2833.350100    25.795044
 2834.001950    25.618465
 2834.655520    25.428122
 2835.307620    25.225246
 2835.961180    25.009256
 2836.613770    24.781303
 2837.266360    24.541439
 2837.920410    24.289475
 2838.573490    24.026745
 2839.228030    23.752676
 2839.881100    23.468924
 2840.535890    23.174551
 2841.189450    22.871325
 2841.843020    22.559168
 2842.498540    22.237589
 2843.152340    21.908869
 2843.807860    21.571777
 2844.462160    21.228310
 2845.118160    20.877428
 2845.772710    20.521332
 2846.427250    20.159752
 2847.083740    19.792093
 2847.738770    19.420773
 2848.395260    19.044640
 2849.050540    18.665735
 2849.707760    18.282719
 2850.363280    17.898222
 2851.018800    17.511742
 2851.676270    17.122602
 2852.332280    16.733299
 2852.989990    16.342421
 2853.646480    15.952162
 2854.304440    15.561378
 2854.960940    15.172245
 2855.617920    14.784027
 2856.276370    14.396566
 2856.933350    14.011987
 2857.592290    13.628674
 2858.249760    13.248992
 2858.908940    12.871467
 2859.566650    12.498258
 2860.224370    12.128848
 2860.883790    11.762605
 2861.541750    11.401583
 2862.201900    11.044062
 2862.860350    10.692422
 2863.520510    10.345083
 2864.179200    10.003945
 2864.839840    9.667457
 2865.498780    9.337680
 2866.157960    9.013795
 2866.818850    8.695273
 2867.478520    8.383677
 2868.139650    8.077872
 2868.799320    7.779327
 2869.460940    7.486601
 2870.121090    7.201299
 2870.781490    6.922726
 2871.443360    6.650456
 2872.103760    6.385728
 2872.766360    6.127116
 2873.427000    5.876258
 2874.089600    5.631668
 2874.750730    5.394608
 2875.412110    5.164422
 2876.075440    4.940517
 2876.736820    4.724165
 2877.400390    4.513961
 2878.062260    4.311085
 2878.725830    4.114417
 2879.388180    3.924750
 2880.050540    3.741631
 2880.714600    3.564514
 2881.377440    3.394089
 2882.041750    3.229555
 2882.704830    3.071469
 2883.369380    2.919074
 2884.032960    2.772813
 2884.696530    2.632329
 2885.361330    2.497248
 2886.025390    2.367838
 2886.690920    2.243542
 2887.354980    2.124768
 2888.020510    2.010850
 2888.685060    1.902069
 2889.349610    1.798109
 2890.015870    1.698578
 2890.680910    1.603774
 2891.347410    1.513170
 2892.012700    1.426992
 2892.679200    1.344778
 2893.344970    1.266632
 2894.010500    1.192346
 2894.677730    1.121575
 2895.343510    1.054520
 2896.011470    0.990682
 2896.677490    0.930326
 2897.345460    0.872964
 2898.011960    0.818767
 2898.678960    0.767442
 2899.347170    0.718820
 2900.014160    0.672957
 2900.682860    0.629539
 2901.350100    0.588655
 2902.019530    0.549977
 2902.687010    0.513636
 2903.354740    0.479397
 2904.024410    0.447083
 2904.692380    0.416771
 2905.361820    0.388223
 2906.030520    0.361442
 2906.700680    0.336253
 2907.369140    0.312690
 2908.038090    0.290589
 2908.708500    0.269845
 2909.377930    0.250459
 2910.048830    0.232286
 2910.718260    0.215340
 2911.389650    0.199465
 2912.059330    0.184686
 2912.729250    0.170894
 2913.400630    0.158010
 2914.070800    0.146029
 2914.742920    0.134846
 2915.413570    0.124465
 2916.085690    0.114795
 2916.756590    0.105826
 2917.429200    0.097480
 2918.100340    0.089754
 2918.771730    0.082588
 2919.444580    0.075934
 2920.116210    0.069785
 2920.789550    0.064081
 2921.461670    0.058817
 2922.135500    0.053941
 2922.807370    0.049451
 2923.479740    0.045305
 2924.154050    0.041471
 2924.826660    0.037947
 2925.500980    0.034694
 2926.174070    0.031705
 2926.848880    0.028949
 2927.522220    0.026423
 2928.195800    0.024100
 2928.870850    0.021965
 2929.544920    0.020009
 2930.220460    0.018212
 2930.894530    0.016571
 2931.570310    0.015064
 2932.244630    0.013689
 2932.919190    0.012431
 2933.595700    0.011279
 2934.270260    0.010230
 2934.947270    0.009271
 2935.622310    0.008397
 2936.299070    0.007601
 2936.974850    0.006876
 2937.650390    0.006216
 2938.327880    0.005615
 2939.003660    0.005071
 2939.681400    0.004575
 2940.357670    0.004126
 2941.035640    0.003717
 2941.712160    0.003348
 2942.389160    0.003014
 2943.067630    0.002710
 2943.744630    0.002436
 2944.423580    0.002188
 2945.100830    0.001965
 2945.780030    0.001762
 2946.457760    0.001580
 2947.135500    0.001415
 2947.815190    0.001267
 2948.493410    0.001134
 2949.173100    0.001014
 2949.851560    0.000906
 2950.531980    0.000810
 2951.210450    0.000723
 2951.889650    0.000645
 2952.570070    0.000574
 2953.249270    0.000512
 2953.930660    0.000456
 2954.610110    0.000405
 2955.291500    0.000360
 2955.971190    0.000320
 2956.651120    0.000284
 2957.333010    0.000253
 2958.013180    0.000224
 2958.695560    0.000198
 2959.376220    0.000175
 2960.058350    0.000155
 2960.739500    0.000137
 2961.420410    0.000121
 2962.103520    0.000108
 2962.784910    0.000094
 2963.468020    0.000084
 2964.149900    0.000073
 2964.833500    0.000065
 2965.515380    0.000057
 2966.197750    0.000051
 2966.881590    0.000044
 2967.564210    0.000039
 2968.248540    0.000034
 2968.931150    0.000030
 2969.615720    0.000027
 2970.299070    0.000023
 2970.984130    0.000020
 2971.667480    0.000018
 2972.351070    0.000015
 2973.036620    0.000013
 2973.720700    0.000011
 2974.406250    0.000010
 2975.090580    0.000009
 2975.776610    0.000008
 2976.461180    0.000007
 2977.146000    0.000006
 2977.832280    0.000005
 2978.517580    0.000005
 2979.204350    0.000004
 2979.889650    0.000004
 2980.576660    0.000003
 2981.262210    0.000003
 2981.948240    0.000002
 2982.635990    0.000002
 2983.322020    0.000002
 2984.010010    0.000002
 2984.696530    0.000001
 2985.384770    0.000001
 2986.071530    0.000001
 2986.758540    0.000001
 2987.447270    0.000001
 2988.134770    0.000001
 2988.823490    0.000001
 2989.510990    0.000000
 2990.200440    0.000000
 2990.888180    0.000000
 2991.576170    0.000000
 2992.266360    0.000000
 2992.954830    0.000000
 2993.644780    0.000000
 2994.333500    0.000000
 2995.023930    0.000000
 2995.713130    0.000000
 2996.402100    0.000000
 2997.093020    0.000000
 2997.782710    0.000000
 2998.473880    0.000000
 2999.163570    0.000000
 2999.855470    0.000000
 3000.545410    0.000000
 3001.235600    0.000000
 3001.927730    0.000000
 3002.618410    0.000000
 3003.310550    0.000000
 3004.001710    0.000000
 3004.694340    0.000000
 3005.385740    0.000000
 3006.076900    0.000000
 3006.770020    0.000000
 3007.461670    0.000000
 3008.155270    0.000000
 3008.847410    0.000000
 3009.541260    0.000000
 3010.233400    0.000000
 3010.926270    0.000000
 3011.620360    0.000000
 3012.313230    0.000000
 3013.007810    0.000000
 3013.700930    0.000000
 3014.395750    0.000000
 3015.089360    0.000000
 3015.783200    0.000000
 3016.478270    0.000000
 3017.172610    0.000000
 3017.868160    0.000000
 3018.562260    0.000000
 3019.258540    0.000000
 3019.952880    0.000000
 3020.647950    0.000000
 3021.344480    0.000000
 3022.039310    0.000000
 3022.736330    0.000000
 3023.431640    0.000000
 3024.128660    0.000000
 3024.824460    0.000000
 3025.522220    0.000000
 3026.218020    0.000000
 3026.914310    0.000000
 3027.612300    0.000000
 3028.308840    0.000000
 3029.007080    0.000000
 3029.703860    0.000000
 3030.402590    0.000000
 3031.099850    0.000000
 3031.797120    0.000000
 3032.496090    0.000000
 3033.193600    0.000000
 3033.893310    0.000000
 3034.591060    0.000000
 3035.290770    0.000000
 3035.989010    0.000000
 3036.687740    0.000000
 3037.387700    0.000000
 3038.086670    0.000000
 3038.787350    0.000000
 3039.486080    0.000000
 3040.187260    0.000000
 3040.886470    0.000000
 3041.586180    0.000000
 3042.287350    0.000000
 3042.987550    0.000000
 3043.689210    0.000000
 3044.389160    0.000000
 3045.091060    0.000000
 3045.791750    0.000000
 3046.492430    0.000000
 3047.194820    0.000000
 3047.896000    0.000000
 3048.598880    0.000000
 3049.300050    0.000000
