 2653.384280    0.000000
 2653.996340    0.000000
 2654.606690    0.000000
 2655.217290    0.000000
 2655.829830    0.000000
 2656.440670    0.000000
 2657.053220    0.000000
 2657.664550    0.000000
 2658.277340    0.000000
 2658.888920    0.000000
 2659.500730    0.000000
 2660.114010    0.000000
 2660.725830    0.000000
 2661.339360    0.000000
 2661.951660    0.000000
 2662.565430    0.000000
 2663.177980    0.000000
 2663.790530    0.000000
 2664.404790    0.000000
 2665.017820    0.000000
 2665.632320    0.000000
 2666.245610    0.000000
 2666.860350    0.000000
 2667.473880    0.000000
 2668.089110    0.000000
 2668.702880    0.000000
 2669.316890    0.000000
 2669.932370    0.000000
 2670.546630    0.000000
 2671.162350    0.000000
 2671.776860    0.000000
 2672.393070    0.000000
 2673.007810    0.000000
 2673.622560    0.000000
 2674.239260    0.000000
 2674.854490    0.000000
 2675.471190    0.000000
 2676.086670    0.000000
 2676.703860    0.000000
 2677.319580    0.000000
 2677.935550    0.000000
 2678.552980    0.000000
 2679.169190    0.000000
 2679.786870    0.000000
 2680.403560    0.000000
 2681.021480    0.000000
 2681.638430    0.000000
 2682.255370    0.000000
 2682.873780    0.000000
 2683.490970    0.000000
 2684.109860    0.000000
 2684.727290    0.000000
 2685.346440    0.000000
 2685.964110    0.000000
 2686.582030    0.000000
 2687.201660    0.000000
 2687.819820    0.000000
 2688.439450    0.000000
 2689.057860    0.000000
 2689.677980    0.000000
 2690.296880    0.000000
 2690.915770    0.000000
 2691.536380    0.000000
 2692.155270    0.000000
 2692.776370    0.000000
 2693.395750    0.000000
 2694.016850    0.000000
 2694.636720    0.000000
 2695.256590    0.000000
 2695.877930    0.000000
 2696.498050    0.000000
 2697.119870    0.000000
 2697.740480    0.000000
 2698.362550    0.000000
 2698.983400    0.000000
 2699.604250    0.000000
 2700.226810    0.000000
 2700.847900    0.000000
 2701.470700    0.000000
 2702.092040    0.000000
 2702.715330    0.000000
 2703.337160    0.000000
 2703.958980    0.000000
 2704.582520    0.000000
 2705.204830    0.000000
 2705.828370    0.000000
 2706.450930    0.000000
 2707.074950    0.000000
 2707.697750    0.000000
 2708.320800    0.000000
 2708.945310    0.000000
 2709.568360    0.000000
 2710.193360    0.000000
 2710.816650    0.000000
 2711.441890    0.000000
 2712.065670    0.000000
 2712.689450    0.000000
 2713.314940    0.000000
 2713.939210    0.000000
 2714.565190    0.000000
 2715.189450    0.000000
 2715.815670    0.000000
 2716.440430    0.000000
 2717.066890    0.000000
 2717.691890    0.000000
 2718.317140    0.000000
 2718.943850    0.000000
 2719.569340    0.000000
 2720.196530    0.000000
 2720.822270    0.000000
 2721.449710    0.000000
 2722.075680    0.000000
 2722.702150    0.000000
 2723.329830    0.000000
 2723.956300    0.000001
 2724.584470    0.000001
 2725.211430    0.000001
 2725.839600    0.000001
 2726.466800    0.000001
 2727.093990    0.000001
 2727.722900    0.000001
 2728.350340    0.000001
 2728.979490    0.000001
 2729.607420    0.000001
 2730.236820    0.000002
 2730.864750    0.000002
 2731.493160    0.000002
 2732.122800    0.000002
 2732.751460    0.000002
 2733.381590    0.000003
 2734.010500    0.000003
 2734.640870    0.000003
 2735.270020    0.000004
 2735.899410    0.000004
 2736.530270    0.000004
 2737.159670    0.000005
 2737.790770    0.000006
 2738.420650    0.000006
 2739.052250    0.000007
 2739.682370    0.000008
 2740.312500    0.000008
 2740.944340    0.000009
 2741.575200    0.000010
 2742.207280    0.000010
 2742.838130    0.000012
 2743.470460    0.000013
 2744.101560    0.000014
 2744.732910    0.000016
 2745.365970    0.000018
 2745.997310    0.000020
 2746.630860    0.000022
 2747.262700    0.000024
 2747.896000    0.000027
 2748.528080    0.000030
 2749.160640    0.000032
 2749.794430    0.000035
 2750.427000    0.000039
 2751.061280    0.000043
 2751.694090    0.000048
 2752.328610    0.000052
 2752.961910    0.000058
 2753.595210    0.000064
 2754.230220    0.000070
 2754.863770    0.000076
 2755.499020    0.000084
 2756.132810    0.000093
 2756.768550    0.000102
 2757.402590    0.000112
 2758.036870    0.000123
 2758.673100    0.000134
 2759.307620    0.000148
 2759.943850    0.000162
 2760.578860    0.000177
 2761.215330    0.000195
 2761.850590    0.000213
 2762.487550    0.000233
 2763.123050    0.000255
 2763.758790    0.000278
 2764.396000    0.000304
 2765.031980    0.000333
 2765.669430    0.000364
 2766.305910    0.000398
 2766.943600    0.000434
 2767.580320    0.000474
 2768.216800    0.000517
 2768.855220    0.000564
 2769.492190    0.000615
 2770.130860    0.000670
 2770.768070    0.000731
 2771.407230    0.000796
 2772.044680    0.000867
 2772.682130    0.000943
 2773.321780    0.001026
 2773.959720    0.001116
 2774.599370    0.001214
 2775.237550    0.001319
 2775.877690    0.001433
 2776.516360    0.001556
 2777.155030    0.001690
 2777.795170    0.001835
 2778.434330    0.001990
 2779.074950    0.002159
 2779.714360    0.002340
 2780.355470    0.002537
 2780.995120    0.002748
 2781.634770    0.002975
 2782.276120    0.003222
 2782.916260    0.003487
 2783.558110    0.003773
 2784.198490    0.004079
 2784.840330    0.004410
 2785.480960    0.004766
 2786.121830    0.005148
 2786.764400    0.005560
 2787.405270    0.006001
 2788.048100    0.006476
 2788.689450    0.006985
 2789.332520    0.007533
 2789.974370    0.008120
 2790.615970    0.008748
 2791.259770    0.009423
 2791.901610    0.010145
 2792.545410    0.010921
 2793.187990    0.011750
 2793.832030    0.012639
 2794.474850    0.013588
 2795.117680    0.014603
 2795.762210    0.015691
 2796.405520    0.016850
 2797.050290    0.018092
 2797.693600    0.019415
 2798.338870    0.020830
 2798.982420    0.022337
 2799.626460    0.023944
 2800.272220    0.025662
 2800.916260    0.027488
 2801.562260    0.029438
 2802.206790    0.031510
 2802.852780    0.033720
 2803.497560    0.036066
 2804.142580    0.038563
 2804.789310    0.041223
 2805.434330    0.044042
 2806.081300    0.047045
 2806.726810    0.050226
 2807.374020    0.053612
 2808.020020    0.057197
 2808.666020    0.060997
 2809.313480    0.065035
 2809.959960    0.069307
 2810.607910    0.073842
 2811.254390    0.078632
 2811.902830    0.083717
 2812.549560    0.089083
 2813.198240    0.094772
 2813.845210    0.100771
 2814.492680    0.107113
 2815.141600    0.113827
 2815.789310    0.120901
 2816.438720    0.128386
 2817.086430    0.136260
 2817.736080    0.144588
 2818.384520    0.153350
 2819.032710    0.162577
 2819.682620    0.172318
 2820.331300    0.182555
 2820.981930    0.193358
 2821.630620    0.204688
 2822.281490    0.216640
 2822.930660    0.229169
 2823.580080    0.242334
 2824.231200    0.256195
 2824.880860    0.270712
 2825.532230    0.285983
 2826.182370    0.301970
 2826.833980    0.318768
 2827.484380    0.336336
 2828.134770    0.354739
 2828.786870    0.374058
 2829.437740    0.394239
 2830.090090    0.415400
 2830.741210    0.437487
 2831.394040    0.460634
 2832.045410    0.484767
 2832.697020    0.509979
 2833.350100    0.536360
 2834.001950    0.563837
 2834.655520    0.592574
 2835.307620    0.622470
 2835.961180    0.653698
 2836.613770    0.686182
 2837.266360    0.720007
 2837.920410    0.755294
 2838.573490    0.791954
 2839.228030    0.830167
 2839.881100    0.869802
 2840.535890    0.911096
 2841.189450    0.953907
 2841.843020    0.998353
 2842.498540    1.044618
 2843.152340    1.092484
 2843.807860    1.142246
 2844.462160    1.193727
 2845.118160    1.247200
 2845.772710    1.302452
 2846.427250    1.359641
 2847.083740    1.418988
 2847.738770    1.480230
 2848.395260    1.543681
 2849.050540    1.609123
 2849.707760    1.676919
 2850.363280    1.746730
 2851.018800    1.818768
 2851.676270    1.893299
 2852.332280    1.969972
 2852.989990    2.049197
 2853.646480    2.130659
 2854.304440    2.214727
 2854.960940    2.301061
 2855.617920    2.389941
 2856.276370    2.481544
 2856.933350    2.575490
 2857.592290    2.672297
 2858.249760    2.771490
 2858.908940    2.873576
 2859.566650    2.978086
 2860.224370    3.085264
 2860.883790    3.195418
 2861.541750    3.308033
 2862.201900    3.423754
 2862.860350    3.541913
 2863.520510    3.663130
 2864.179200    3.786832
 2864.839840    3.913667
 2865.498780    4.042934
 2866.157960    4.175008
 2866.818850    4.310187
 2867.478520    4.447872
 2868.139650    4.588611
 2868.799320    4.731769
 2869.460940    4.878075
 2870.121090    5.026757
 2870.781490    5.178169
 2871.443360    5.332576
 2872.103760    5.489267
 2872.766360    5.649081
 2873.427000    5.810984
 2874.089600    5.975893
 2874.750730    6.142919
 2875.412110    6.312440
 2876.075440    6.484858
 2876.736820    6.659102
 2877.400390    6.836212
 2878.062260    7.015088
 2878.725830    7.196591
 2879.388180    7.379854
 2880.050540    7.565138
 2880.714600    7.752856
 2881.377440    7.942105
 2882.041750    8.133573
 2882.704830    8.326400
 2883.369380    8.521278
 2884.032960    8.717413
 2884.696530    8.914987
 2885.361330    9.114271
 2886.025390    9.314584
 2886.690920    9.516488
 2887.354980    9.718985
 2888.020510    9.922862
 2888.685060    10.127259
 2889.349610    10.332365
 2890.015870    10.538586
 2890.680910    10.744902
 2891.347410    10.952022
 2892.012700    11.158992
 2892.679200    11.366441
 2893.344970    11.573637
 2894.010500    11.780601
 2894.677730    11.987810
 2895.343510    12.194143
 2896.011470    12.400601
 2896.677490    12.605768
 2897.345460    12.810711
 2898.011960    13.014239
 2898.678960    13.216817
 2899.347170    13.418520
 2900.014160    13.618477
 2900.682860    13.817420
 2901.350100    14.014268
 2902.019530    14.209961
 2902.687010    14.403138
 2903.354740    14.594310
 2904.024410    14.783813
 2904.692380    14.970475
 2905.361820    15.155047
 2906.030520    15.336782
 2906.700680    15.516139
 2907.369140    15.692135
 2908.038090    15.865228
 2908.708500    16.035521
 2909.377930    16.202271
 2910.048830    16.365946
 2910.718260    16.525719
 2911.389650    16.682268
 2912.059330    16.834625
 2912.729250    16.983126
 2913.400630    17.127916
 2914.070800    17.268301
 2914.742920    17.404827
 2915.413570    17.536701
 2916.085690    17.664383
 2916.756590    17.787270
 2917.429200    17.905796
 2918.100340    18.019312
 2918.771730    18.128027
 2919.444580    18.232039
 2920.116210    18.330853
 2920.789550    18.424812
 2921.461670    18.513433
 2922.135500    18.597033
 2922.807370    18.675091
 2923.479740    18.747854
 2924.154050    18.815395
 2924.826660    18.877289
 2925.500980    18.933819
 2926.174070    18.984674
 2926.848880    19.030046
 2927.522220    19.069683
 2928.195800    19.103674
 2928.870850    19.132034
 2929.544920    19.154646
 2930.220460    19.171560
 2930.894530    19.182701
 2931.570310    19.188118
 2932.244630    19.187775
 2932.919190    19.181704
 2933.595700    19.169865
 2934.270260    19.152338
 2934.947270    19.129036
 2935.622310    19.100121
 2936.299070    19.065466
 2936.974850    19.025242
 2937.650390    18.979452
 2938.327880    18.927969
 2939.003660    18.871124
 2939.681400    18.808651
 2940.357670    18.740917
 2941.035640    18.667664
 2941.712160    18.589294
 2942.389160    18.505667
 2943.067630    18.416702
 2943.744630    18.322868
 2944.423580    18.223766
 2945.100830    18.120012
 2945.780030    18.011127
 2946.457760    17.897751
 2947.135500    17.779747
 2947.815190    17.656851
 2948.493410    17.529778
 2949.173100    17.398085
 2949.851560    17.262402
 2950.531980    17.122190
 2951.210450    16.978374
 2951.889650    16.830505
 2952.570070    16.678583
 2953.249270    16.523272
 2953.930660    16.363903
 2954.610110    16.201574
 2955.291500    16.035479
 2955.971190    15.866631
 2956.651120    15.694687
 2957.333010    15.519335
 2958.013180    15.341645
 2958.695560    15.160728
 2959.376220    14.977753
 2960.058350    14.792001
 2960.739500    14.604274
 2961.420410    14.414510
 2962.103520    14.222160
 2962.784910    14.028458
 2963.468020    13.832570
 2964.149900    13.635470
 2964.833500    13.436452
 2965.515380    13.236645
 2966.197750    13.035545
 2966.881590    12.832995
 2967.564210    12.629928
 2968.248540    12.425604
 2968.931150    12.221174
 2969.615720    12.015680
 2970.299070    11.810199
 2970.984130    11.603979
 2971.667480    11.398180
 2972.351070    11.192339
 2973.036620    10.986062
 2973.720700    10.780505
 2974.406250    10.574903
 2975.090580    10.370184
 2975.776610    10.165586
 2976.461180    9.962168
 2977.146000    9.759532
 2977.832280    9.557427
 2978.517580    9.356681
 2979.204350    9.156679
 2979.889650    8.958376
 2980.576660    8.760954
 2981.262210    8.565413
 2981.948240    8.371290
 2982.635990    8.178333
 2983.322020    7.987584
 2984.010010    7.798109
 2984.696530    7.610928
 2985.384770    7.425252
 2986.071530    7.242011
 2986.758540    7.060810
 2987.447270    6.881337
 2988.134770    6.704421
 2988.823490    6.529489
 2989.510990    6.357216
 2990.200440    6.186864
 2990.888180    6.019386
 2991.576170    5.854341
 2992.266360    5.691318
 2992.954830    5.531277
 2993.644780    5.373514
 2994.333500    5.218677
 2995.023930    5.066136
 2995.713130    4.916568
 2996.402100    4.769772
 2997.093020    4.625307
 2997.782710    4.483858
 2998.473880    4.344889
 2999.163570    4.208994
 2999.855470    4.075466
 3000.545410    3.945108
 3001.235600    3.817498
 3001.927730    3.692328
 3002.618410    3.570215
 3003.310550    3.450635
 3004.001710    3.334002
 3004.694340    3.219893
 3005.385740    3.108740
 3006.076900    3.000359
 3006.770020    2.894396
 3007.461670    2.791356
 3008.155270    2.690709
 3008.847410    2.592930
 3009.541260    2.497543
 3010.233400    2.404991
 3010.926270    2.314912
 3011.620360    2.227221
 3012.313230    2.142192
 3013.007810    2.059436
 3013.700930    1.979295
 3014.395750    1.901367
 3015.089360    1.825944
 3015.783200    1.752824
 3016.478270    1.681870
 3017.172610    1.613243
 3017.868160    1.546713
 3018.562260    1.482491
 3019.258540    1.420198
 3019.952880    1.360166
 3020.647950    1.302110
 3021.344480    1.245936
 3022.039310    1.191855
 3022.736330    1.139520
 3023.431640    1.089180
 3024.128660    1.040543
 3024.824460    0.993772
 3025.522220    0.948608
 3026.218020    0.905262
 3026.914310    0.863531
 3027.612300    0.823304
 3028.308840    0.784722
 3029.007080    0.747565
 3029.703860    0.711960
 3030.402590    0.677690
 3031.099850    0.644880
 3031.797120    0.613417
 3032.496090    0.583184
 3033.193600    0.554281
 3033.893310    0.526516
 3034.591060    0.500013
 3035.290770    0.474586
 3035.989010    0.450322
 3036.687740    0.427111
 3037.387700    0.404896
 3038.086670    0.383711
 3038.787350    0.363440
 3039.486080    0.344152
 3040.187260    0.325695
 3040.886470    0.308150
 3041.586180    0.291422
 3042.287350    0.275457
 3042.987550    0.260282
 3043.689210    0.245812
 3044.389160    0.232085
 3045.091060    0.219000
 3045.791750    0.206589
 3046.492430    0.194801
 3047.194820    0.183585
 3047.896000    0.172961
 3048.598880    0.162862
 3049.300050    0.153311
