 2653.384280    0.000000
 2653.996340    0.000000
 2654.606690    0.000000
 2655.217290    0.000000
 2655.829830    0.000000
 2656.440670    0.000000
 2657.053220    0.000000
 2657.664550    0.000000
 2658.277340    0.000000
 2658.888920    0.000000
 2659.500730    0.000000
 2660.114010    0.000000
 2660.725830    0.000000
 2661.339360    0.000000
 2661.951660    0.000000
 2662.565430    0.000000
 2663.177980    0.000000
 2663.790530    0.000000
 2664.404790    0.000000
 2665.017820    0.000000
 2665.632320    0.000000
 2666.245610    0.000000
 2666.860350    0.000000
 2667.473880    0.000000
 2668.089110    0.000000
 2668.702880    0.000000
 2669.316890    0.000000
 2669.932370    0.000000
 2670.546630    0.000000
 2671.162350    0.000000
 2671.776860    0.000000
 2672.393070    0.000000
 2673.007810    0.000000
 2673.622560    0.000000
 2674.239260    0.000000
 2674.854490    0.000000
 2675.471190    0.000000
 2676.086670    0.000000
 2676.703860    0.000000
 2677.319580    0.000000
 2677.935550    0.000000
 2678.552980    0.000000
 2679.169190    0.000000
 2679.786870    0.000000
 2680.403560    0.000000
 2681.021480    0.000000
 2681.638430    0.000000
 2682.255370    0.000000
 2682.873780    0.000000
 2683.490970    0.000000
 2684.109860    0.000000
 2684.727290    0.000000
 2685.346440    0.000000
 2685.964110    0.000000
 2686.582030    0.000000
 2687.201660    0.000000
 2687.819820    0.000000
 2688.439450    0.000000
 2689.057860    0.000000
 2689.677980    0.000000
 2690.296880    0.000000
 2690.915770    0.000000
 2691.536380    0.000000
 2692.155270    0.000000
 2692.776370    0.000000
 2693.395750    0.000000
 2694.016850    0.000000
 2694.636720    0.000000
 2695.256590    0.000000
 2695.877930    0.000000
 2696.498050    0.000000
 2697.119870    0.000000
 2697.740480    0.000000
 2698.362550    0.000000
 2698.983400    0.000000
 2699.604250    0.000000
 2700.226810    0.000000
 2700.847900    0.000000
 2701.470700    0.000000
 2702.092040    0.000000
 2702.715330    0.000000
 2703.337160    0.000000
 2703.958980    0.000000
 2704.582520    0.000000
 2705.204830    0.000000
 2705.828370    0.000000
 2706.450930    0.000000
 2707.074950    0.000000
 2707.697750    0.000000
 2708.320800    0.000000
 2708.945310    0.000000
 2709.568360    0.000000
 2710.193360    0.000000
 2710.816650    0.000000
 2711.441890    0.000000
 2712.065670    0.000000
 2712.689450    0.000000
 2713.314940    0.000000
 2713.939210    0.000000
 2714.565190    0.000000
 2715.189450    0.000000
 2715.815670    0.000000
 2716.440430    0.000000
 2717.066890    0.000000
 2717.691890    0.000000
 2718.317140    0.000000
 2718.943850    0.000000
 2719.569340    0.000000
 2720.196530    0.000000
 2720.822270    0.000000
 2721.449710    0.000000
 2722.075680    0.000000
 2722.702150    0.000000
 2723.329830    0.000000
 2723.956300    0.000000
 2724.584470    0.000000
 2725.211430    0.000000
 2725.839600    0.000000
 2726.466800    0.000000
 2727.093990    0.000000
 2727.722900    0.000000
 2728.350340    0.000000
 2728.979490    0.000000
 2729.607420    0.000000
 2730.236820    0.000000
 2730.864750    0.000000
 2731.493160    0.000000
 2732.122800    0.000000
 2732.751460    0.000000
 2733.381590    0.000000
 2734.010500    0.000000
 2734.640870    0.000000
 2735.270020    0.000000
 2735.899410    0.000000
 2736.530270    0.000000
 2737.159670    0.000000
 2737.790770    0.000000
 2738.420650    0.000000
 2739.052250    0.000000
 2739.682370    0.000000
 2740.312500    0.000000
 2740.944340    0.000000
 2741.575200    0.000000
 2742.207280    0.000000
 2742.838130    0.000000
 2743.470460    0.000000
 2744.101560    0.000000
 2744.732910    0.000000
 2745.365970    0.000000
 2745.997310    0.000000
 2746.630860    0.000000
 2747.262700    0.000000
 2747.896000    0.000000
 2748.528080    0.000000
 2749.160640    0.000000
 2749.794430    0.000000
 2750.427000    0.000000
 2751.061280    0.000000
 2751.694090    0.000000
 2752.328610    0.000000
 2752.961910    0.000000
 2753.595210    0.000000
 2754.230220    0.000000
 2754.863770    0.000000
 2755.499020    0.000000
 2756.132810    0.000000
 2756.768550    0.000000
 2757.402590    0.000000
 2758.036870    0.000000
 2758.673100    0.000000
 2759.307620    0.000000
 2759.943850    0.000000
 2760.578860    0.000000
 2761.215330    0.000000
 2761.850590    0.000000
 2762.487550    0.000000
 2763.123050    0.000000
 2763.758790    0.000000
 2764.396000    0.000000
 2765.031980    0.000000
 2765.669430    0.000000
 2766.305910    0.000000
 2766.943600    0.000000
 2767.580320    0.000000
 2768.216800    0.000000
 2768.855220    0.000000
 2769.492190    0.000000
 2770.130860    0.000000
 2770.768070    0.000000
 2771.407230    0.000000
 2772.044680    0.000000
 2772.682130    0.000000
 2773.321780    0.000000
 2773.959720    0.000000
 2774.599370    0.000000
 2775.237550    0.000000
 2775.877690    0.000000
 2776.516360    0.000000
 2777.155030    0.000000
 2777.795170    0.000000
 2778.434330    0.000000
 2779.074950    0.000000
 2779.714360    0.000000
 2780.355470    0.000000
 2780.995120    0.000000
 2781.634770    0.000000
 2782.276120    0.000000
 2782.916260    0.000000
 2783.558110    0.000000
 2784.198490    0.000000
 2784.840330    0.000000
 2785.480960    0.000000
 2786.121830    0.000000
 2786.764400    0.000000
 2787.405270    0.000000
 2788.048100    0.000000
 2788.689450    0.000000
 2789.332520    0.000000
 2789.974370    0.000000
 2790.615970    0.000000
 2791.259770    0.000000
 2791.901610    0.000000
 2792.545410    0.000000
 2793.187990    0.000000
 2793.832030    0.000000
 2794.474850    0.000000
 2795.117680    0.000000
 2795.762210    0.000000
 2796.405520    0.000000
 2797.050290    0.000000
 2797.693600    0.000000
 2798.338870    0.000000
 2798.982420    0.000000
 2799.626460    0.000000
 2800.272220    0.000000
 2800.916260    0.000000
 2801.562260    0.000000
 2802.206790    0.000000
 2802.852780    0.000000
 2803.497560    0.000000
 2804.142580    0.000000
 2804.789310    0.000000
 2805.434330    0.000000
 2806.081300    0.000000
 2806.726810    0.000000
 2807.374020    0.000000
 2808.020020    0.000000
 2808.666020    0.000000
 2809.313480    0.000000
 2809.959960    0.000000
 2810.607910    0.000000
 2811.254390    0.000000
 2811.902830    0.000000
 2812.549560    0.000000
 2813.198240    0.000000
 2813.845210    0.000000
 2814.492680    0.000000
 2815.141600    0.000000
 2815.789310    0.000000
 2816.438720    0.000000
 2817.086430    0.000000
 2817.736080    0.000000
 2818.384520    0.000000
 2819.032710    0.000000
 2819.682620    0.000000
 2820.331300    0.000000
 2820.981930    0.000000
 2821.630620    0.000000
 2822.281490    0.000000
 2822.930660    0.000000
 2823.580080    0.000000
 2824.231200    0.000000
 2824.880860    0.000000
 2825.532230    0.000001
 2826.182370    0.000001
 2826.833980    0.000001
 2827.484380    0.000001
 2828.134770    0.000001
 2828.786870    0.000002
 2829.437740    0.000002
 2830.090090    0.000003
 2830.741210    0.000003
 2831.394040    0.000004
 2832.045410    0.000005
 2832.697020    0.000006
 2833.350100    0.000008
 2834.001950    0.000009
 2834.655520    0.000010
 2835.307620    0.000013
 2835.961180    0.000016
 2836.613770    0.000020
 2837.266360    0.000024
 2837.920410    0.000029
 2838.573490    0.000035
 2839.228030    0.000043
 2839.881100    0.000051
 2840.535890    0.000062
 2841.189450    0.000075
 2841.843020    0.000091
 2842.498540    0.000109
 2843.152340    0.000131
 2843.807860    0.000157
 2844.462160    0.000189
 2845.118160    0.000226
 2845.772710    0.000270
 2846.427250    0.000322
 2847.083740    0.000384
 2847.738770    0.000458
 2848.395260    0.000545
 2849.050540    0.000649
 2849.707760    0.000770
 2850.363280    0.000912
 2851.018800    0.001080
 2851.676270    0.001277
 2852.332280    0.001509
 2852.989990    0.001781
 2853.646480    0.002097
 2854.304440    0.002468
 2854.960940    0.002900
 2855.617920    0.003405
 2856.276370    0.003992
 2856.933350    0.004674
 2857.592290    0.005466
 2858.249760    0.006384
 2858.908940    0.007448
 2859.566650    0.008675
 2860.224370    0.010090
 2860.883790    0.011724
 2861.541750    0.013600
 2862.201900    0.015763
 2862.860350    0.018237
 2863.520510    0.021078
 2864.179200    0.024319
 2864.839840    0.028028
 2865.498780    0.032247
 2866.157960    0.037047
 2866.818850    0.042516
 2867.478520    0.048706
 2868.139650    0.055730
 2868.799320    0.063652
 2869.460940    0.072618
 2870.121090    0.082694
 2870.781490    0.094027
 2871.443360    0.106774
 2872.103760    0.121026
 2872.766360    0.137016
 2873.427000    0.154814
 2874.089600    0.174702
 2874.750730    0.196771
 2875.412110    0.221273
 2876.075440    0.248499
 2876.736820    0.278514
 2877.400390    0.311748
 2878.062260    0.348254
 2878.725830    0.388485
 2879.388180    0.432534
 2880.050540    0.480750
 2880.714600    0.533560
 2881.377440    0.591026
 2882.041750    0.653682
 2882.704830    0.721577
 2883.369380    0.795288
 2884.032960    0.874850
 2884.696530    0.960661
 2885.361330    1.053183
 2886.025390    1.152427
 2886.690920    1.259000
 2887.354980    1.372681
 2888.020510    1.494200
 2888.685060    1.623325
 2889.349610    1.760406
 2890.015870    1.905978
 2890.680910    2.059522
 2891.347410    2.221740
 2892.012700    2.392019
 2892.679200    2.570978
 2893.344970    2.758044
 2894.010500    2.953234
 2894.677730    3.156990
 2895.343510    3.368135
 2896.011470    3.587579
 2896.677490    3.813636
 2897.345460    4.047254
 2898.011960    4.286805
 2898.678960    4.532485
 2899.347170    4.784038
 2900.014160    5.039946
 2900.682860    5.300681
 2901.350100    5.564316
 2902.019530    5.831560
 2902.687010    6.099985
 2903.354740    6.369659
 2904.024410    6.640444
 2904.692380    6.910006
 2905.361820    7.178765
 2906.030520    7.444965
 2906.700680    7.708615
 2907.369140    7.967615
 2908.038090    8.221998
 2908.708500    8.471307
 2909.377930    8.713860
 2910.048830    8.949810
 2910.718260    9.177449
 2911.389650    9.397319
 2912.059330    9.607663
 2912.729250    9.808642
 2913.400630    10.000178
 2914.070800    10.181177
 2914.742920    10.352225
 2915.413570    10.512287
 2916.085690    10.661977
 2916.756590    10.800700
 2917.429200    10.929140
 2918.100340    11.046857
 2918.771730    11.154423
 2919.444580    11.252317
 2920.116210    11.340533
 2920.789550    11.419892
 2921.461670    11.490545
 2922.135500    11.553341
 2922.807370    11.608528
 2923.479740    11.656944
 2924.154050    11.699296
 2924.826660    11.735996
 2925.500980    11.767878
 2926.174070    11.795435
 2926.848880    11.819406
 2927.522220    11.840269
 2928.195800    11.858649
 2928.870850    11.875084
 2929.544920    11.889992
 2930.220460    11.903837
 2930.894530    11.916921
 2931.570310    11.929603
 2932.244630    11.942051
 2932.919190    11.954464
 2933.595700    11.966966
 2934.270260    11.979514
 2934.947270    11.992150
 2935.622310    12.004689
 2936.299070    12.017037
 2936.974850    12.028924
 2937.650390    12.040088
 2938.327880    12.050246
 2939.003660    12.058983
 2939.681400    12.065947
 2940.357670    12.070680
 2941.035640    12.072753
 2941.712160    12.071700
 2942.389160    12.067060
 2943.067630    12.058340
 2943.744630    12.045120
 2944.423580    12.026873
 2945.100830    12.003264
 2945.780030    11.973755
 2946.457760    11.938100
 2947.135500    11.895893
 2947.815190    11.846668
 2948.493410    11.790387
 2949.173100    11.726565
 2949.851560    11.655253
 2950.531980    11.575953
 2951.210450    11.489005
 2951.889650    11.394019
 2952.570070    11.290866
 2953.249270    11.179932
 2953.930660    11.060696
 2954.610110    10.933974
 2955.291500    10.799172
 2955.971190    10.657175
 2956.651120    10.507796
 2957.333010    10.350850
 2958.013180    10.187436
 2958.695560    10.016886
 2959.376220    9.840473
 2960.058350    9.657703
 2960.739500    9.469563
 2961.420410    9.276225
 2962.103520    9.077342
 2962.784910    8.874430
 2963.468020    8.666862
 2964.149900    8.455927
 2964.833500    8.241124
 2965.515380    8.023935
 2966.197750    7.804087
 2966.881590    7.581671
 2967.564210    7.357981
 2968.248540    7.132473
 2968.931150    6.906694
 2969.615720    6.679848
 2970.299070    6.453397
 2970.984130    6.226779
 2971.667480    6.001527
 2972.351070    5.777389
 2973.036620    5.554195
 2973.720700    5.333439
 2974.406250    5.114541
 2975.090580    4.898715
 2975.776610    4.685381
 2976.461180    4.475855
 2977.146000    4.269915
 2977.832280    4.067504
 2978.517580    3.869622
 2979.204350    3.675828
 2979.889650    3.487186
 2980.576660    3.303044
 2981.262210    3.124452
 2981.948240    2.951061
 2982.635990    2.782743
 2983.322020    2.620463
 2984.010010    2.463463
 2984.696530    2.312613
 2985.384770    2.167277
 2986.071530    2.028168
 2986.758540    1.894937
 2987.447270    1.767318
 2988.134770    1.645834
 2988.823490    1.530005
 2989.510990    1.420175
 2990.200440    1.315761
 2990.888180    1.217218
 2991.576170    1.124133
 2992.266360    1.036138
 2992.954830    0.953592
 2993.644780    0.875957
 2994.333500    0.803371
 2995.023930    0.735358
 2995.713130    0.672030
 2996.402100    0.613093
 2997.093020    0.558189
 2997.782710    0.507381
 2998.473880    0.460278
 2999.163570    0.416883
 2999.855470    0.376776
 3000.545410    0.340008
 3001.235600    0.306258
 3001.927730    0.275271
 3002.618410    0.247021
 3003.310550    0.221210
 3004.001710    0.197759
 3004.694340    0.176423
 3005.385740    0.157127
 3006.076900    0.139687
 3006.770020    0.123907
 3007.461670    0.109731
 3008.155270    0.096960
 3008.847410    0.085535
 3009.541260    0.075289
 3010.233400    0.066165
 3010.926270    0.058028
 3011.620360    0.050782
 3012.313230    0.044367
 3013.007810    0.038673
 3013.700930    0.033656
 3014.395750    0.029222
 3015.089360    0.025331
 3015.783200    0.021913
 3016.478270    0.018914
 3017.172610    0.016297
 3017.868160    0.014011
 3018.562260    0.012026
 3019.258540    0.010296
 3019.952880    0.008802
 3020.647950    0.007509
 3021.344480    0.006391
 3022.039310    0.005430
 3022.736330    0.004603
 3023.431640    0.003896
 3024.128660    0.003289
 3024.824460    0.002772
 3025.522220    0.002331
 3026.218020    0.001956
 3026.914310    0.001638
 3027.612300    0.001369
 3028.308840    0.001143
 3029.007080    0.000951
 3029.703860    0.000790
 3030.402590    0.000655
 3031.099850    0.000542
 3031.797120    0.000447
 3032.496090    0.000368
 3033.193600    0.000303
 3033.893310    0.000249
 3034.591060    0.000203
 3035.290770    0.000166
 3035.989010    0.000135
 3036.687740    0.000111
 3037.387700    0.000090
 3038.086670    0.000072
 3038.787350    0.000059
 3039.486080    0.000048
 3040.187260    0.000038
 3040.886470    0.000031
 3041.586180    0.000025
 3042.287350    0.000020
 3042.987550    0.000015
 3043.689210    0.000012
 3044.389160    0.000010
 3045.091060    0.000008
 3045.791750    0.000007
 3046.492430    0.000005
 3047.194820    0.000004
 3047.896000    0.000003
 3048.598880    0.000003
 3049.300050    0.000002
