 2653.384280    0.441527
 2653.996340    0.462476
 2654.606690    0.484230
 2655.217290    0.506885
 2655.829830    0.530537
 2656.440670    0.555078
 2657.053220    0.580674
 2657.664550    0.607237
 2658.277340    0.634916
 2658.888920    0.663623
 2659.500730    0.693458
 2660.114010    0.724519
 2660.725830    0.756691
 2661.339360    0.790179
 2661.951660    0.824861
 2662.565430    0.860924
 2663.177980    0.898248
 2663.790530    0.936943
 2664.404790    0.977159
 2665.017820    1.018744
 2665.632320    1.061922
 2666.245610    1.106543
 2666.860350    1.152843
 2667.473880    1.200663
 2668.089110    1.250272
 2668.702880    1.301456
 2669.316890    1.354395
 2669.932370    1.409242
 2670.546630    1.465800
 2671.162350    1.524361
 2671.776860    1.584711
 2672.393070    1.647183
 2673.007810    1.711499
 2673.622560    1.777847
 2674.239260    1.846490
 2674.854490    1.917091
 2675.471190    1.990030
 2676.086670    2.065031
 2676.703860    2.142497
 2677.319580    2.222071
 2677.935550    2.304007
 2678.552980    2.388519
 2679.169190    2.475282
 2679.786870    2.564713
 2680.403560    2.656500
 2681.021480    2.751012
 2681.638430    2.847950
 2682.255370    2.947499
 2682.873780    3.049940
 2683.490970    3.154864
 2684.109860    3.262807
 2684.727290    3.373248
 2685.346440    3.486790
 2685.964110    3.602881
 2686.582030    3.721863
 2687.201660    3.844058
 2687.819820    3.968870
 2688.439450    4.096912
 2689.057860    4.227654
 2689.677980    4.361741
 2690.296880    4.498560
 2690.915770    4.638390
 2691.536380    4.781644
 2692.155270    4.927546
 2692.776370    5.077029
 2693.395750    5.229167
 2694.016850    5.384806
 2694.636720    5.543217
 2695.256590    5.704705
 2695.877930    5.869659
 2696.498050    6.037365
 2697.119870    6.208612
 2697.740480    6.382586
 2698.362550    6.560029
 2698.983400    6.740161
 2699.604250    6.923308
 2700.226810    7.109965
 2700.847900    7.299156
 2701.470700    7.491821
 2702.092040    7.686948
 2702.715330    7.885579
 2703.337160    8.086591
 2703.958980    8.290401
 2704.582520    8.497541
 2705.204830    8.706986
 2705.828370    8.919508
 2706.450930    9.134304
 2707.074950    9.352157
 2707.697750    9.572069
 2708.320800    9.794482
 2708.945310    10.019772
 2709.568360    10.246807
 2710.193360    10.476755
 2710.816650    10.708189
 2711.441890    10.942385
 2712.065670    11.177973
 2712.689450    11.415406
 2713.314940    11.655245
 2713.939210    11.896269
 2714.565190    12.139507
 2715.189450    12.383520
 2715.815670    12.629632
 2716.440430    12.876383
 2717.066890    13.124910
 2717.691890    13.373834
 2718.317140    13.623704
 2718.943850    13.874887
 2719.569340    14.126173
 2720.196530    14.378609
 2720.822270    14.630775
 2721.449710    14.883814
 2722.075680    15.136303
 2722.702150    15.388880
 2723.329830    15.641698
 2723.956300    15.893620
 2724.584470    16.145670
 2725.211430    16.396519
 2725.839600    16.646988
 2726.466800    16.896040
 2727.093990    17.143906
 2727.722900    17.391094
 2728.350340    17.636196
 2728.979490    17.880287
 2729.607420    18.122059
 2730.236820    18.362385
 2730.864750    18.599976
 2731.493160    18.835411
 2732.122800    19.068787
 2732.751460    19.299124
 2733.381590    19.527143
 2734.010500    19.751709
 2734.640870    19.973610
 2735.270020    20.191732
 2735.899410    20.406431
 2736.530270    20.617945
 2737.159670    20.825131
 2737.790770    21.028866
 2738.420650    21.228050
 2739.052250    21.423443
 2739.682370    21.613909
 2740.312500    21.799753
 2740.944340    21.981312
 2741.575200    22.157665
 2742.207280    22.329273
 2742.838130    22.495338
 2743.470460    22.656425
 2744.101560    22.811716
 2744.732910    22.961456
 2745.365970    23.105837
 2745.997310    23.243965
 2746.630860    23.376566
 2747.262700    23.502705
 2747.896000    23.622913
 2748.528080    23.736572
 2749.160640    23.843905
 2749.794430    23.944918
 2750.427000    24.039135
 2751.061280    24.126900
 2751.694090    24.207699
 2752.328610    24.281856
 2752.961910    24.348963
 2753.595210    24.409105
 2754.230220    24.462368
 2754.863770    24.508430
 2755.499020    24.547480
 2756.132810    24.579281
 2756.768550    24.603972
 2757.402590    24.621384
 2758.036870    24.631578
 2758.673100    24.634535
 2759.307620    24.630234
 2759.943850    24.618648
 2760.578860    24.599842
 2761.215330    24.573740
 2761.850590    24.540476
 2762.487550    24.499916
 2763.123050    24.452293
 2763.758790    24.397541
 2764.396000    24.335577
 2765.031980    24.266708
 2765.669430    24.190704
 2766.305910    24.107914
 2766.943600    24.018118
 2767.580320    23.921701
 2768.216800    23.818657
 2768.855220    23.708693
 2769.492190    23.592484
 2770.130860    23.469547
 2770.768070    23.340597
 2771.407230    23.205048
 2772.044680    23.063786
 2772.682130    22.916578
 2773.321780    22.763016
 2773.959720    22.604151
 2774.599370    22.439276
 2775.237550    22.269340
 2775.877690    22.093569
 2776.516360    21.913042
 2777.155030    21.727512
 2777.795170    21.536690
 2778.434330    21.341454
 2779.074950    21.141211
 2779.714360    20.936960
 2780.355470    20.727924
 2780.995120    20.515303
 2781.634770    20.298792
 2782.276120    20.077967
 2782.916260    19.854004
 2783.558110    19.626049
 2784.198490    19.395399
 2784.840330    19.161181
 2785.480960    18.924541
 2786.121830    18.685127
 2786.764400    18.442556
 2787.405270    18.198296
 2788.048100    17.951124
 2788.689450    17.702532
 2789.332520    17.451462
 2789.974370    17.199238
 2790.615970    16.945648
 2791.259770    16.689899
 2791.901610    16.433811
 2792.545410    16.175997
 2793.187990    15.917893
 2793.832030    15.658589
 2794.474850    15.399332
 2795.117680    15.139793
 2795.762210    14.879441
 2796.405520    14.619617
 2797.050290    14.359396
 2797.693600    14.100108
 2798.338870    13.840530
 2798.982420    13.582278
 2799.626460    13.324615
 2800.272220    13.067198
 2800.916260    12.811522
 2801.562260    12.556271
 2802.206790    12.302923
 2802.852780    12.050457
 2803.497560    11.800041
 2804.142580    11.551226
 2804.789310    11.303564
 2805.434330    11.058475
 2806.081300    10.814678
 2806.726810    10.573563
 2807.374020    10.334045
 2808.020020    10.097305
 2808.666020    9.862978
 2809.313480    9.630627
 2809.959960    9.401210
 2810.607910    9.173944
 2811.254390    8.949928
 2811.902830    8.728049
 2812.549560    8.509628
 2813.198240    8.293490
 2813.845210    8.080913
 2814.492680    7.871216
 2815.141600    7.664146
 2815.789310    7.460608
 2816.438720    7.259722
 2817.086430    7.062582
 2817.736080    6.868109
 2818.384520    6.677286
 2819.032710    6.489838
 2819.682620    6.305232
 2820.331300    6.124324
 2820.981930    5.946246
 2821.630620    5.772079
 2822.281490    5.600715
 2822.930660    5.433193
 2823.580080    5.268995
 2824.231200    5.107766
 2824.880860    4.950286
 2825.532230    4.795778
 2826.182370    4.644933
 2826.833980    4.497113
 2827.484380    4.352912
 2828.134770    4.212032
 2828.786870    4.074093
 2829.437740    3.939696
 2830.090090    3.808260
 2830.741210    3.680300
 2831.394040    3.555214
 2832.045410    3.433578
 2832.697020    3.315032
 2833.350100    3.199328
 2834.001950    3.086907
 2834.655520    2.977229
 2835.307620    2.870785
 2835.961180    2.767057
 2836.613770    2.666392
 2837.266360    2.568590
 2837.920410    2.473393
 2838.573490    2.381116
 2839.228030    2.291368
 2839.881100    2.204504
 2840.535890    2.120055
 2841.189450    2.038352
 2841.843020    1.959185
 2842.498540    1.882277
 2843.152340    1.808013
 2843.807860    1.735950
 2844.462160    1.666365
 2845.118160    1.598893
 2845.772710    1.533814
 2846.427250    1.470924
 2847.083740    1.409992
 2847.738770    1.351286
 2848.395260    1.294495
 2849.050540    1.239799
 2849.707760    1.186886
 2850.363280    1.136003
 2851.018800    1.086960
 2851.676270    1.039569
 2852.332280    0.994029
 2852.989990    0.950073
 2853.646480    0.907851
 2854.304440    0.867143
 2854.960940    0.828083
 2855.617920    0.790505
 2856.276370    0.754316
 2856.933350    0.719632
 2857.592290    0.686228
 2858.249760    0.654237
 2858.908940    0.623462
 2859.566650    0.594009
 2860.224370    0.565769
 2860.883790    0.538632
 2861.541750    0.512691
 2862.201900    0.487762
 2862.860350    0.463959
 2863.520510    0.441119
 2864.179200    0.419317
 2864.839840    0.398406
 2865.498780    0.378468
 2866.157960    0.359406
 2866.818850    0.341149
 2867.478520    0.323749
 2868.139650    0.307101
 2868.799320    0.291250
 2869.460940    0.276087
 2870.121090    0.261660
 2870.781490    0.247903
 2871.443360    0.234766
 2872.103760    0.222281
 2872.766360    0.210354
 2873.427000    0.199036
 2874.089600    0.188235
 2874.750730    0.177986
 2875.412110    0.168238
 2876.075440    0.158945
 2876.736820    0.150144
 2877.400390    0.141756
 2878.062260    0.133815
 2878.725830    0.126258
 2879.388180    0.119103
 2880.050540    0.112317
 2880.714600    0.105868
 2881.377440    0.099768
 2882.041750    0.093977
 2882.704830    0.088503
 2883.369380    0.083310
 2884.032960    0.078403
 2884.696530    0.073762
 2885.361330    0.069365
 2886.025390    0.065213
 2886.690920    0.061282
 2887.354980    0.057577
 2888.020510    0.054071
 2888.685060    0.050767
 2889.349610    0.047649
 2890.015870    0.044702
 2890.680910    0.041927
 2891.347410    0.039307
 2892.012700    0.036842
 2892.679200    0.034517
 2893.344970    0.032331
 2894.010500    0.030273
 2894.677730    0.028334
 2895.343510    0.026513
 2896.011470    0.024796
 2896.677490    0.023187
 2897.345460    0.021671
 2898.011960    0.020250
 2898.678960    0.018916
 2899.347170    0.017662
 2900.014160    0.016487
 2900.682860    0.015383
 2901.350100    0.014350
 2902.019530    0.013379
 2902.687010    0.012473
 2903.354740    0.011623
 2904.024410    0.010826
 2904.692380    0.010082
 2905.361820    0.009384
 2906.030520    0.008733
 2906.700680    0.008123
 2907.369140    0.007554
 2908.038090    0.007023
 2908.708500    0.006526
 2909.377930    0.006063
 2910.048830    0.005630
 2910.718260    0.005226
 2911.389650    0.004849
 2912.059330    0.004498
 2912.729250    0.004172
 2913.400630    0.003867
 2914.070800    0.003584
 2914.742920    0.003320
 2915.413570    0.003075
 2916.085690    0.002846
 2916.756590    0.002634
 2917.429200    0.002437
 2918.100340    0.002254
 2918.771730    0.002083
 2919.444580    0.001925
 2920.116210    0.001779
 2920.789550    0.001642
 2921.461670    0.001516
 2922.135500    0.001399
 2922.807370    0.001290
 2923.479740    0.001190
 2924.154050    0.001097
 2924.826660    0.001011
 2925.500980    0.000932
 2926.174070    0.000857
 2926.848880    0.000790
 2927.522220    0.000727
 2928.195800    0.000669
 2928.870850    0.000615
 2929.544920    0.000566
 2930.220460    0.000519
 2930.894530    0.000477
 2931.570310    0.000438
 2932.244630    0.000402
 2932.919190    0.000369
 2933.595700    0.000339
 2934.270260    0.000311
 2934.947270    0.000284
 2935.622310    0.000260
 2936.299070    0.000238
 2936.974850    0.000218
 2937.650390    0.000200
 2938.327880    0.000183
 2939.003660    0.000168
 2939.681400    0.000154
 2940.357670    0.000140
 2941.035640    0.000128
 2941.712160    0.000117
 2942.389160    0.000107
 2943.067630    0.000097
 2943.744630    0.000089
 2944.423580    0.000081
 2945.100830    0.000074
 2945.780030    0.000068
 2946.457760    0.000061
 2947.135500    0.000056
 2947.815190    0.000051
 2948.493410    0.000047
 2949.173100    0.000042
 2949.851560    0.000038
 2950.531980    0.000035
 2951.210450    0.000031
 2951.889650    0.000029
 2952.570070    0.000026
 2953.249270    0.000024
 2953.930660    0.000022
 2954.610110    0.000019
 2955.291500    0.000018
 2955.971190    0.000016
 2956.651120    0.000014
 2957.333010    0.000013
 2958.013180    0.000012
 2958.695560    0.000010
 2959.376220    0.000010
 2960.058350    0.000009
 2960.739500    0.000008
 2961.420410    0.000008
 2962.103520    0.000007
 2962.784910    0.000006
 2963.468020    0.000006
 2964.149900    0.000005
 2964.833500    0.000005
 2965.515380    0.000004
 2966.197750    0.000004
 2966.881590    0.000003
 2967.564210    0.000003
 2968.248540    0.000003
 2968.931150    0.000002
 2969.615720    0.000002
 2970.299070    0.000002
 2970.984130    0.000002
 2971.667480    0.000002
 2972.351070    0.000001
 2973.036620    0.000001
 2973.720700    0.000001
 2974.406250    0.000001
 2975.090580    0.000001
 2975.776610    0.000001
 2976.461180    0.000001
 2977.146000    0.000001
 2977.832280    0.000001
 2978.517580    0.000001
 2979.204350    0.000000
 2979.889650    0.000000
 2980.576660    0.000000
 2981.262210    0.000000
 2981.948240    0.000000
 2982.635990    0.000000
 2983.322020    0.000000
 2984.010010    0.000000
 2984.696530    0.000000
 2985.384770    0.000000
 2986.071530    0.000000
 2986.758540    0.000000
 2987.447270    0.000000
 2988.134770    0.000000
 2988.823490    0.000000
 2989.510990    0.000000
 2990.200440    0.000000
 2990.888180    0.000000
 2991.576170    0.000000
 2992.266360    0.000000
 2992.954830    0.000000
 2993.644780    0.000000
 2994.333500    0.000000
 2995.023930    0.000000
 2995.713130    0.000000
 2996.402100    0.000000
 2997.093020    0.000000
 2997.782710    0.000000
 2998.473880    0.000000
 2999.163570    0.000000
 2999.855470    0.000000
 3000.545410    0.000000
 3001.235600    0.000000
 3001.927730    0.000000
 3002.618410    0.000000
 3003.310550    0.000000
 3004.001710    0.000000
 3004.694340    0.000000
 3005.385740    0.000000
 3006.076900    0.000000
 3006.770020    0.000000
 3007.461670    0.000000
 3008.155270    0.000000
 3008.847410    0.000000
 3009.541260    0.000000
 3010.233400    0.000000
 3010.926270    0.000000
 3011.620360    0.000000
 3012.313230    0.000000
 3013.007810    0.000000
 3013.700930    0.000000
 3014.395750    0.000000
 3015.089360    0.000000
 3015.783200    0.000000
 3016.478270    0.000000
 3017.172610    0.000000
 3017.868160    0.000000
 3018.562260    0.000000
 3019.258540    0.000000
 3019.952880    0.000000
 3020.647950    0.000000
 3021.344480    0.000000
 3022.039310    0.000000
 3022.736330    0.000000
 3023.431640    0.000000
 3024.128660    0.000000
 3024.824460    0.000000
 3025.522220    0.000000
 3026.218020    0.000000
 3026.914310    0.000000
 3027.612300    0.000000
 3028.308840    0.000000
 3029.007080    0.000000
 3029.703860    0.000000
 3030.402590    0.000000
 3031.099850    0.000000
 3031.797120    0.000000
 3032.496090    0.000000
 3033.193600    0.000000
 3033.893310    0.000000
 3034.591060    0.000000
 3035.290770    0.000000
 3035.989010    0.000000
 3036.687740    0.000000
 3037.387700    0.000000
 3038.086670    0.000000
 3038.787350    0.000000
 3039.486080    0.000000
 3040.187260    0.000000
 3040.886470    0.000000
 3041.586180    0.000000
 3042.287350    0.000000
 3042.987550    0.000000
 3043.689210    0.000000
 3044.389160    0.000000
 3045.091060    0.000000
 3045.791750    0.000000
 3046.492430    0.000000
 3047.194820    0.000000
 3047.896000    0.000000
 3048.598880    0.000000
 3049.300050    0.000000
