 2653.384280    0.000000
 2653.996340    0.000000
 2654.606690    0.000000
 2655.217290    0.000000
 2655.829830    0.000000
 2656.440670    0.000000
 2657.053220    0.000000
 2657.664550    0.000000
 2658.277340    0.000000
 2658.888920    0.000000
 2659.500730    0.000000
 2660.114010    0.000000
 2660.725830    0.000000
 2661.339360    0.000000
 2661.951660    0.000000
 2662.565430    0.000000
 2663.177980    0.000000
 2663.790530    0.000000
 2664.404790    0.000000
 2665.017820    0.000000
 2665.632320    0.000000
 2666.245610    0.000000
 2666.860350    0.000000
 2667.473880    0.000000
 2668.089110    0.000000
 2668.702880    0.000000
 2669.316890    0.000000
 2669.932370    0.000000
 2670.546630    0.000000
 2671.162350    0.000000
 2671.776860    0.000000
 2672.393070    0.000000
 2673.007810    0.000000
 2673.622560    0.000000
 2674.239260    0.000000
 2674.854490    0.000000
 2675.471190    0.000000
 2676.086670    0.000000
 2676.703860    0.000000
 2677.319580    0.000000
 2677.935550    0.000000
 2678.552980    0.000000
 2679.169190    0.000000
 2679.786870    0.000000
 2680.403560    0.000000
 2681.021480    0.000000
 2681.638430    0.000000
 2682.255370    0.000000
 2682.873780    0.000000
 2683.490970    0.000000
 2684.109860    0.000000
 2684.727290    0.000000
 2685.346440    0.000000
 2685.964110    0.000000
 2686.582030    0.000000
 2687.201660    0.000000
 2687.819820    0.000000
 2688.439450    0.000000
 2689.057860    0.000000
 2689.677980    0.000000
 2690.296880    0.000000
 2690.915770    0.000000
 2691.536380    0.000000
 2692.155270    0.000000
 2692.776370    0.000000
 2693.395750    0.000001
 2694.016850    0.000001
 2694.636720    0.000001
 2695.256590    0.000001
 2695.877930    0.000001
 2696.498050    0.000001
 2697.119870    0.000001
 2697.740480    0.000001
 2698.362550    0.000001
 2698.983400    0.000001
 2699.604250    0.000001
 2700.226810    0.000002
 2700.847900    0.000002
 2701.470700    0.000002
 2702.092040    0.000002
 2702.715330    0.000002
 2703.337160    0.000003
 2703.958980    0.000003
 2704.582520    0.000003
 2705.204830    0.000003
 2705.828370    0.000004
 2706.450930    0.000004
 2707.074950    0.000004
 2707.697750    0.000005
 2708.320800    0.000005
 2708.945310    0.000006
 2709.568360    0.000007
 2710.193360    0.000007
 2710.816650    0.000008
 2711.441890    0.000009
 2712.065670    0.000010
 2712.689450    0.000010
 2713.314940    0.000010
 2713.939210    0.000012
 2714.565190    0.000013
 2715.189450    0.000014
 2715.815670    0.000016
 2716.440430    0.000017
 2717.066890    0.000019
 2717.691890    0.000021
 2718.317140    0.000023
 2718.943850    0.000025
 2719.569340    0.000027
 2720.196530    0.000030
 2720.822270    0.000032
 2721.449710    0.000035
 2722.075680    0.000039
 2722.702150    0.000042
 2723.329830    0.000046
 2723.956300    0.000051
 2724.584470    0.000055
 2725.211430    0.000060
 2725.839600    0.000065
 2726.466800    0.000072
 2727.093990    0.000077
 2727.722900    0.000085
 2728.350340    0.000092
 2728.979490    0.000100
 2729.607420    0.000109
 2730.236820    0.000118
 2730.864750    0.000129
 2731.493160    0.000140
 2732.122800    0.000153
 2732.751460    0.000166
 2733.381590    0.000180
 2734.010500    0.000196
 2734.640870    0.000213
 2735.270020    0.000232
 2735.899410    0.000251
 2736.530270    0.000273
 2737.159670    0.000296
 2737.790770    0.000320
 2738.420650    0.000348
 2739.052250    0.000377
 2739.682370    0.000409
 2740.312500    0.000443
 2740.944340    0.000480
 2741.575200    0.000520
 2742.207280    0.000563
 2742.838130    0.000608
 2743.470460    0.000659
 2744.101560    0.000712
 2744.732910    0.000771
 2745.365970    0.000834
 2745.997310    0.000901
 2746.630860    0.000974
 2747.262700    0.001052
 2747.896000    0.001137
 2748.528080    0.001227
 2749.160640    0.001326
 2749.794430    0.001431
 2750.427000    0.001544
 2751.061280    0.001665
 2751.694090    0.001796
 2752.328610    0.001937
 2752.961910    0.002088
 2753.595210    0.002250
 2754.230220    0.002425
 2754.863770    0.002612
 2755.499020    0.002813
 2756.132810    0.003029
 2756.768550    0.003261
 2757.402590    0.003509
 2758.036870    0.003775
 2758.673100    0.004061
 2759.307620    0.004366
 2759.943850    0.004694
 2760.578860    0.005045
 2761.215330    0.005422
 2761.850590    0.005824
 2762.487550    0.006256
 2763.123050    0.006718
 2763.758790    0.007211
 2764.396000    0.007740
 2765.031980    0.008305
 2765.669430    0.008909
 2766.305910    0.009555
 2766.943600    0.010245
 2767.580320    0.010983
 2768.216800    0.011768
 2768.855220    0.012610
 2769.492190    0.013507
 2770.130860    0.014466
 2770.768070    0.015487
 2771.407230    0.016579
 2772.044680    0.017739
 2772.682130    0.018976
 2773.321780    0.020299
 2773.959720    0.021705
 2774.599370    0.023206
 2775.237550    0.024799
 2775.877690    0.026502
 2776.516360    0.028309
 2777.155030    0.030231
 2777.795170    0.032279
 2778.434330    0.034454
 2779.074950    0.036771
 2779.714360    0.039228
 2780.355470    0.041845
 2780.995120    0.044619
 2781.634770    0.047563
 2782.276120    0.050696
 2782.916260    0.054014
 2783.558110    0.057543
 2784.198490    0.061277
 2784.840330    0.065245
 2785.480960    0.069441
 2786.121830    0.073888
 2786.764400    0.078611
 2787.405270    0.083599
 2788.048100    0.088895
 2788.689450    0.094485
 2789.332520    0.100415
 2789.974370    0.106674
 2790.615970    0.113289
 2791.259770    0.120303
 2791.901610    0.127691
 2792.545410    0.135518
 2793.187990    0.143765
 2793.832030    0.152492
 2794.474850    0.161680
 2795.117680    0.171372
 2795.762210    0.181620
 2796.405520    0.192400
 2797.050290    0.203786
 2797.693600    0.215753
 2798.338870    0.228392
 2798.982420    0.241661
 2799.626460    0.255633
 2800.272220    0.270371
 2800.916260    0.285828
 2801.562260    0.302125
 2802.206790    0.319212
 2802.852780    0.337201
 2803.497560    0.356055
 2804.142580    0.375854
 2804.789310    0.396683
 2805.434330    0.418473
 2806.081300    0.441390
 2806.726810    0.465358
 2807.374020    0.490536
 2808.020020    0.516858
 2808.666020    0.544415
 2809.313480    0.573321
 2809.959960    0.603518
 2810.607910    0.635169
 2811.254390    0.668182
 2811.902830    0.702785
 2812.549560    0.738835
 2813.198240    0.776591
 2813.845210    0.815897
 2814.492680    0.856936
 2815.141600    0.899833
 2815.789310    0.944469
 2816.438720    0.991110
 2817.086430    1.039566
 2817.736080    1.090173
 2818.384520    1.142749
 2819.032710    1.197425
 2819.682620    1.254437
 2820.331300    1.313592
 2820.981930    1.375246
 2821.630620    1.439093
 2822.281490    1.505605
 2822.930660    1.574450
 2823.580080    1.645890
 2824.231200    1.720161
 2824.880860    1.796967
 2825.532230    1.876747
 2826.182370    1.959208
 2826.833980    2.044758
 2827.484380    2.133103
 2828.134770    2.224465
 2828.786870    2.319156
 2829.437740    2.416812
 2830.090090    2.517896
 2830.741210    2.622051
 2831.394040    2.729805
 2832.045410    2.840690
 2832.697020    2.955038
 2833.350100    3.073128
 2834.001950    3.194524
 2834.655520    3.319821
 2835.307620    3.448456
 2835.961180    3.581049
 2836.613770    3.717144
 2837.266360    3.856973
 2837.920410    4.000894
 2838.573490    4.148401
 2839.228030    4.300077
 2839.881100    4.455262
 2840.535890    4.614731
 2841.189450    4.777788
 2841.843020    4.944735
 2842.498540    5.116094
 2843.152340    5.290909
 2843.807860    5.470090
 2844.462160    5.652831
 2845.118160    5.839937
 2845.772710    6.030489
 2846.427250    6.224872
 2847.083740    6.423655
 2847.738770    6.625770
 2848.395260    6.832076
 2849.050540    7.041687
 2849.707760    7.255565
 2850.363280    7.472465
 2851.018800    7.692865
 2851.676270    7.917372
 2852.332280    8.144737
 2852.989990    8.375978
 2853.646480    8.609977
 2854.304440    8.847590
 2854.960940    9.087654
 2855.617920    9.330768
 2856.276370    9.577180
 2856.933350    9.825673
 2857.592290    10.077407
 2858.249760    10.330939
 2858.908940    10.587351
 2859.566650    10.845255
 2860.224370    11.105060
 2860.883790    11.367281
 2861.541750    11.630490
 2862.201900    11.895974
 2862.860350    12.161981
 2863.520510    12.429701
 2864.179200    12.697654
 2864.839840    12.967030
 2865.498780    13.236130
 2866.157960    13.505539
 2866.818850    13.775645
 2867.478520    14.045029
 2868.139650    14.314561
 2868.799320    14.582821
 2869.460940    14.850966
 2870.121090    15.117373
 2870.781490    15.382501
 2871.443360    15.646589
 2872.103760    15.908231
 2872.766360    16.168623
 2873.427000    16.425892
 2874.089600    16.681309
 2874.750730    16.933304
 2875.412110    17.182291
 2876.075440    17.428642
 2876.736820    17.670668
 2877.400390    17.909630
 2878.062260    18.143875
 2878.725830    18.374365
 2879.388180    18.599840
 2880.050540    18.820480
 2880.714600    19.036608
 2881.377440    19.247026
 2882.041750    19.452356
 2882.704830    19.651543
 2883.369380    19.845161
 2884.032960    20.032286
 2884.696530    20.212992
 2885.361330    20.387390
 2886.025390    20.554768
 2886.690920    20.715473
 2887.354980    20.868620
 2888.020510    21.014704
 2888.685060    21.153009
 2889.349610    21.283608
 2890.015870    21.406645
 2890.680910    21.521431
 2891.347410    21.628298
 2892.012700    21.726679
 2892.679200    21.816824
 2893.344970    21.898356
 2894.010500    21.971264
 2894.677730    22.035645
 2895.343510    22.091116
 2896.011470    22.137909
 2896.677490    22.175674
 2897.345460    22.204592
 2898.011960    22.224480
 2898.678960    22.235394
 2899.347170    22.237303
 2900.014160    22.230209
 2900.682860    22.214090
 2901.350100    22.189035
 2902.019530    22.154938
 2902.687010    22.112045
 2903.354740    22.060320
 2904.024410    21.999651
 2904.692380    21.930449
 2905.361820    21.852478
 2906.030520    21.766085
 2906.700680    21.671085
 2907.369140    21.568054
 2908.038090    21.456812
 2908.708500    21.337294
 2909.377930    21.210083
 2910.048830    21.074865
 2910.718260    20.932396
 2911.389650    20.782124
 2912.059330    20.625038
 2912.729250    20.460899
 2913.400630    20.289581
 2914.070800    20.111971
 2914.742920    19.927423
 2915.413570    19.737089
 2916.085690    19.540361
 2916.756590    19.338249
 2917.429200    19.130095
 2918.100340    18.917116
 2918.771730    18.699022
 2919.444580    18.475643
 2920.116210    18.248110
 2920.789550    18.015678
 2921.461670    17.779602
 2922.135500    17.539101
 2922.807370    17.295738
 2923.479740    17.048891
 2924.154050    16.798260
 2924.826660    16.545456
 2925.500980    16.289448
 2926.174070    16.031599
 2926.848880    15.771030
 2927.522220    15.509218
 2928.195800    15.245745
 2928.870850    14.980376
 2929.544920    14.714309
 2930.220460    14.446813
 2930.894530    14.179282
 2931.570310    13.910690
 2932.244630    13.642518
 2932.919190    13.374313
 2933.595700    13.105605
 2934.270260    12.838161
 2934.947270    12.570446
 2935.622310    12.304396
 2936.299070    12.038761
 2936.974850    11.774786
 2937.650390    11.512363
 2938.327880    11.250823
 2939.003660    10.991748
 2939.681400    10.733896
 2940.357670    10.478729
 2941.035640    10.225201
 2941.712160    9.974642
 2942.389160    9.726459
 2943.067630    9.480433
 2943.744630    9.237753
 2944.423580    8.997309
 2945.100830    8.760511
 2945.780030    8.526178
 2946.457760    8.295594
 2947.135500    8.068331
 2947.815190    7.843835
 2948.493410    7.623312
 2949.173100    7.405877
 2949.851560    7.192452
 2950.531980    6.982103
 2951.210450    6.776085
 2951.889650    6.573616
 2952.570070    6.374603
 2953.249270    6.179792
 2953.930660    5.988235
 2954.610110    5.801122
 2955.291500    5.617393
 2955.971190    5.438044
 2956.651120    5.262553
 2957.333010    5.090497
 2958.013180    4.922797
 2958.695560    4.758483
 2959.376220    4.598488
 2960.058350    4.442044
 2960.739500    4.289693
 2961.420410    4.141234
 2962.103520    3.996123
 2962.784910    3.855161
 2963.468020    3.717603
 2964.149900    3.584005
 2964.833500    3.453753
 2965.515380    3.327456
 2966.197750    3.204649
 2966.881590    3.085122
 2967.564210    2.969294
 2968.248540    2.856619
 2968.931150    2.747604
 2969.615720    2.641609
 2970.299070    2.539073
 2970.984130    2.439497
 2971.667480    2.343321
 2972.351070    2.250196
 2973.036620    2.159842
 2973.720700    2.072648
 2974.406250    1.988178
 2975.090580    1.906699
 2975.776610    1.827801
 2976.461180    1.751783
 2977.146000    1.678387
 2977.832280    1.607424
 2978.517580    1.539084
 2979.204350    1.473063
 2979.889650    1.409575
 2980.576660    1.348266
 2981.262210    1.289354
 2981.948240    1.232607
 2982.635990    1.177868
 2983.322020    1.125347
 2984.010010    1.074706
 2984.696530    1.026136
 2985.384770    0.979355
 2986.071530    0.934520
 2986.758540    0.891457
 2987.447270    0.850023
 2988.134770    0.810343
 2988.823490    0.772219
 2989.510990    0.735733
 2990.200440    0.700665
 2990.888180    0.667152
 2991.576170    0.635042
 2992.266360    0.604202
 2992.954830    0.574759
 2993.644780    0.546532
 2994.333500    0.519581
 2995.023930    0.493751
 2995.713130    0.469107
 2996.402100    0.445568
 2997.093020    0.423023
 2997.782710    0.401535
 2998.473880    0.380982
 2999.163570    0.361413
 2999.855470    0.342689
 3000.545410    0.324885
 3001.235600    0.307908
 3001.927730    0.291686
 3002.618410    0.276266
 3003.310550    0.261552
 3004.001710    0.247565
 3004.694340    0.234227
 3005.385740    0.221561
 3006.076900    0.209520
 3006.770020    0.198042
 3007.461670    0.187156
 3008.155270    0.176785
 3008.847410    0.166958
 3009.541260    0.157604
 3010.233400    0.148750
 3010.926270    0.140340
 3011.620360    0.132350
 3012.313230    0.124788
 3013.007810    0.117603
 3013.700930    0.110811
 3014.395750    0.104362
 3015.089360    0.098267
 3015.783200    0.092495
 3016.478270    0.087026
 3017.172610    0.081858
 3017.868160    0.076962
 3018.562260    0.072346
 3019.258540    0.067970
 3019.952880    0.063849
 3020.647950    0.059954
 3021.344480    0.056270
 3022.039310    0.052802
 3022.736330    0.049521
 3023.431640    0.046436
 3024.128660    0.043521
 3024.824460    0.040779
 3025.522220    0.038190
 3026.218020    0.035760
 3026.914310    0.033470
 3027.612300    0.031312
 3028.308840    0.029285
 3029.007080    0.027376
 3029.703860    0.025586
 3030.402590    0.023900
 3031.099850    0.022321
 3031.797120    0.020837
 3032.496090    0.019443
 3033.193600    0.018137
 3033.893310    0.016909
 3034.591060    0.015761
 3035.290770    0.014684
 3035.989010    0.013676
 3036.687740    0.012733
 3037.387700    0.011848
 3038.086670    0.011022
 3038.787350    0.010247
 3039.486080    0.009526
 3040.187260    0.008850
 3040.886470    0.008220
 3041.586180    0.007631
 3042.287350    0.007081
 3042.987550    0.006569
 3043.689210    0.006090
 3044.389160    0.005646
 3045.091060    0.005230
 3045.791750    0.004844
 3046.492430    0.004484
 3047.194820    0.004148
 3047.896000    0.003838
 3048.598880    0.003548
 3049.300050    0.003279
