 2653.384280    0.000000
 2653.996340    0.000000
 2654.606690    0.000000
 2655.217290    0.000000
 2655.829830    0.000000
 2656.440670    0.000000
 2657.053220    0.000000
 2657.664550    0.000000
 2658.277340    0.000000
 2658.888920    0.000000
 2659.500730    0.000000
 2660.114010    0.000000
 2660.725830    0.000000
 2661.339360    0.000000
 2661.951660    0.000000
 2662.565430    0.000000
 2663.177980    0.000000
 2663.790530    0.000000
 2664.404790    0.000000
 2665.017820    0.000000
 2665.632320    0.000000
 2666.245610    0.000000
 2666.860350    0.000000
 2667.473880    0.000000
 2668.089110    0.000000
 2668.702880    0.000000
 2669.316890    0.000000
 2669.932370    0.000000
 2670.546630    0.000000
 2671.162350    0.000000
 2671.776860    0.000000
 2672.393070    0.000000
 2673.007810    0.000000
 2673.622560    0.000000
 2674.239260    0.000000
 2674.854490    0.000000
 2675.471190    0.000000
 2676.086670    0.000000
 2676.703860    0.000000
 2677.319580    0.000000
 2677.935550    0.000000
 2678.552980    0.000000
 2679.169190    0.000000
 2679.786870    0.000000
 2680.403560    0.000000
 2681.021480    0.000000
 2681.638430    0.000000
 2682.255370    0.000000
 2682.873780    0.000000
 2683.490970    0.000000
 2684.109860    0.000000
 2684.727290    0.000000
 2685.346440    0.000000
 2685.964110    0.000000
 2686.582030    0.000000
 2687.201660    0.000000
 2687.819820    0.000000
 2688.439450    0.000000
 2689.057860    0.000000
 2689.677980    0.000000
 2690.296880    0.000000
 2690.915770    0.000000
 2691.536380    0.000000
 2692.155270    0.000000
 2692.776370    0.000000
 2693.395750    0.000000
 2694.016850    0.000000
 2694.636720    0.000000
 2695.256590    0.000000
 2695.877930    0.000000
 2696.498050    0.000000
 2697.119870    0.000000
 2697.740480    0.000000
 2698.362550    0.000000
 2698.983400    0.000000
 2699.604250    0.000000
 2700.226810    0.000000
 2700.847900    0.000000
 2701.470700    0.000000
 2702.092040    0.000000
 2702.715330    0.000000
 2703.337160    0.000000
 2703.958980    0.000000
 2704.582520    0.000000
 2705.204830    0.000000
 2705.828370    0.000000
 2706.450930    0.000000
 2707.074950    0.000000
 2707.697750    0.000000
 2708.320800    0.000000
 2708.945310    0.000000
 2709.568360    0.000000
 2710.193360    0.000000
 2710.816650    0.000000
 2711.441890    0.000000
 2712.065670    0.000000
 2712.689450    0.000000
 2713.314940    0.000000
 2713.939210    0.000000
 2714.565190    0.000000
 2715.189450    0.000000
 2715.815670    0.000000
 2716.440430    0.000000
 2717.066890    0.000000
 2717.691890    0.000000
 2718.317140    0.000000
 2718.943850    0.000000
 2719.569340    0.000000
 2720.196530    0.000000
 2720.822270    0.000000
 2721.449710    0.000000
 2722.075680    0.000000
 2722.702150    0.000000
 2723.329830    0.000000
 2723.956300    0.000000
 2724.584470    0.000000
 2725.211430    0.000000
 2725.839600    0.000000
 2726.466800    0.000000
 2727.093990    0.000000
 2727.722900    0.000000
 2728.350340    0.000000
 2728.979490    0.000000
 2729.607420    0.000000
 2730.236820    0.000000
 2730.864750    0.000000
 2731.493160    0.000000
 2732.122800    0.000000
 2732.751460    0.000000
 2733.381590    0.000000
 2734.010500    0.000000
 2734.640870    0.000000
 2735.270020    0.000000
 2735.899410    0.000000
 2736.530270    0.000000
 2737.159670    0.000000
 2737.790770    0.000000
 2738.420650    0.000000
 2739.052250    0.000000
 2739.682370    0.000000
 2740.312500    0.000000
 2740.944340    0.000000
 2741.575200    0.000000
 2742.207280    0.000000
 2742.838130    0.000000
 2743.470460    0.000000
 2744.101560    0.000000
 2744.732910    0.000000
 2745.365970    0.000000
 2745.997310    0.000000
 2746.630860    0.000000
 2747.262700    0.000000
 2747.896000    0.000000
 2748.528080    0.000000
 2749.160640    0.000000
 2749.794430    0.000000
 2750.427000    0.000000
 2751.061280    0.000000
 2751.694090    0.000000
 2752.328610    0.000000
 2752.961910    0.000000
 2753.595210    0.000000
 2754.230220    0.000000
 2754.863770    0.000000
 2755.499020    0.000000
 2756.132810    0.000000
 2756.768550    0.000000
 2757.402590    0.000000
 2758.036870    0.000000
 2758.673100    0.000000
 2759.307620    0.000000
 2759.943850    0.000000
 2760.578860    0.000000
 2761.215330    0.000000
 2761.850590    0.000000
 2762.487550    0.000000
 2763.123050    0.000000
 2763.758790    0.000000
 2764.396000    0.000000
 2765.031980    0.000000
 2765.669430    0.000000
 2766.305910    0.000000
 2766.943600    0.000000
 2767.580320    0.000000
 2768.216800    0.000000
 2768.855220    0.000001
 2769.492190    0.000001
 2770.130860    0.000001
 2770.768070    0.000001
 2771.407230    0.000002
 2772.044680    0.000002
 2772.682130    0.000002
 2773.321780    0.000003
 2773.959720    0.000004
 2774.599370    0.000005
 2775.237550    0.000006
 2775.877690    0.000008
 2776.516360    0.000010
 2777.155030    0.000011
 2777.795170    0.000014
 2778.434330    0.000018
 2779.074950    0.000022
 2779.714360    0.000027
 2780.355470    0.000033
 2780.995120    0.000041
 2781.634770    0.000050
 2782.276120    0.000061
 2782.916260    0.000074
 2783.558110    0.000091
 2784.198490    0.000110
 2784.840330    0.000133
 2785.480960    0.000160
 2786.121830    0.000193
 2786.764400    0.000231
 2787.405270    0.000277
 2788.048100    0.000331
 2788.689450    0.000394
 2789.332520    0.000469
 2789.974370    0.000556
 2790.615970    0.000658
 2791.259770    0.000777
 2791.901610    0.000915
 2792.545410    0.001075
 2793.187990    0.001259
 2793.832030    0.001472
 2794.474850    0.001717
 2795.117680    0.001996
 2795.762210    0.002316
 2796.405520    0.002681
 2797.050290    0.003097
 2797.693600    0.003566
 2798.338870    0.004097
 2798.982420    0.004695
 2799.626460    0.005367
 2800.272220    0.006123
 2800.916260    0.006964
 2801.562260    0.007904
 2802.206790    0.008947
 2802.852780    0.010105
 2803.497560    0.011383
 2804.142580    0.012791
 2804.789310    0.014340
 2805.434330    0.016034
 2806.081300    0.017890
 2806.726810    0.019907
 2807.374020    0.022103
 2808.020020    0.024477
 2808.666020    0.027040
 2809.313480    0.029806
 2809.959960    0.032771
 2810.607910    0.035954
 2811.254390    0.039343
 2811.902830    0.042962
 2812.549560    0.046794
 2813.198240    0.050864
 2813.845210    0.055150
 2814.492680    0.059668
 2815.141600    0.064424
 2815.789310    0.069399
 2816.438720    0.074615
 2817.086430    0.080042
 2817.736080    0.085711
 2818.384520    0.091591
 2819.032710    0.097691
 2819.682620    0.104029
 2820.331300    0.110579
 2820.981930    0.117376
 2821.630620    0.124387
 2822.281490    0.131666
 2822.930660    0.139184
 2823.580080    0.146981
 2824.231200    0.155101
 2824.880860    0.163534
 2825.532230    0.172364
 2826.182370    0.181599
 2826.833980    0.191335
 2827.484380    0.201603
 2828.134770    0.212504
 2828.786870    0.224165
 2829.437740    0.236647
 2830.090090    0.250128
 2830.741210    0.264701
 2831.394040    0.280597
 2832.045410    0.297923
 2832.697020    0.316929
 2833.350100    0.337884
 2834.001950    0.360956
 2834.655520    0.386530
 2835.307620    0.414783
 2835.961180    0.446171
 2836.613770    0.480935
 2837.266360    0.519502
 2837.920410    0.562379
 2838.573490    0.609847
 2839.228030    0.662554
 2839.881100    0.720752
 2840.535890    0.785244
 2841.189450    0.856287
 2841.843020    0.934558
 2842.498540    1.020908
 2843.152340    1.115462
 2843.807860    1.219337
 2844.462160    1.332712
 2845.118160    1.456752
 2845.772710    1.591514
 2846.427250    1.737914
 2847.083740    1.897096
 2847.738770    2.068888
 2848.395260    2.254690
 2849.050540    2.454362
 2849.707760    2.669482
 2850.363280    2.899413
 2851.018800    3.145205
 2851.676270    3.408126
 2852.332280    3.687236
 2852.989990    3.984236
 2853.646480    4.298092
 2854.304440    4.630284
 2854.960940    4.979429
 2855.617920    5.346517
 2856.276370    5.732059
 2856.933350    6.134104
 2857.592290    6.554408
 2858.249760    6.990313
 2858.908940    7.443302
 2859.566650    7.910423
 2860.224370    8.391739
 2860.883790    8.887475
 2861.541750    9.394010
 2862.201900    9.912781
 2862.860350    10.439179
 2863.520510    10.974220
 2864.179200    11.513481
 2864.839840    12.057755
 2865.498780    12.601892
 2866.157960    13.145239
 2866.818850    13.686623
 2867.478520    14.221166
 2868.139650    14.748481
 2868.799320    15.263614
 2869.460940    15.766555
 2870.121090    16.252012
 2870.781490    16.718611
 2871.443360    17.164480
 2872.103760    17.585045
 2872.766360    17.980070
 2873.427000    18.344635
 2874.089600    18.678596
 2874.750730    18.978056
 2875.412110    19.241917
 2876.075440    19.468908
 2876.736820    19.656145
 2877.400390    19.803473
 2878.062260    19.908920
 2878.725830    19.972254
 2879.388180    19.992641
 2880.050540    19.970032
 2880.714600    19.904280
 2881.377440    19.796009
 2882.041750    19.645430
 2882.704830    19.454088
 2883.369380    19.222427
 2884.032960    18.952768
 2884.696530    18.646557
 2885.361330    18.305124
 2886.025390    17.931646
 2886.690920    17.527235
 2887.354980    17.096237
 2888.020510    16.639467
 2888.685060    16.161377
 2889.349610    15.664211
 2890.015870    15.149576
 2890.680910    14.622691
 2891.347410    14.084400
 2892.012700    13.539807
 2892.679200    12.989800
 2893.344970    12.438787
 2894.010500    11.889050
 2894.677730    11.341554
 2895.343510    10.801319
 2896.011470    10.267644
 2896.677490    9.745928
 2897.345460    9.235009
 2898.011960    8.739208
 2898.678960    8.258530
 2899.347170    7.793798
 2900.014160    7.347789
 2900.682860    6.919443
 2901.350100    6.511478
 2902.019530    6.122169
 2902.687010    5.754234
 2903.354740    5.406501
 2904.024410    5.078128
 2904.692380    4.770720
 2905.361820    4.482453
 2906.030520    4.213835
 2906.700680    3.963422
 2907.369140    3.731705
 2908.038090    3.517098
 2908.708500    3.318523
 2909.377930    3.135820
 2910.048830    2.967396
 2910.718260    2.813016
 2911.389650    2.670919
 2912.059330    2.540894
 2912.729250    2.421540
 2913.400630    2.311709
 2914.070800    2.210902
 2914.742920    2.117741
 2915.413570    2.031836
 2916.085690    1.951981
 2916.756590    1.877722
 2917.429200    1.808014
 2918.100340    1.742521
 2918.771730    1.680459
 2919.444580    1.621178
 2920.116210    1.564425
 2920.789550    1.509523
 2921.461670    1.456343
 2922.135500    1.404333
 2922.807370    1.353512
 2923.479740    1.303479
 2924.154050    1.253963
 2924.826660    1.205108
 2925.500980    1.156584
 2926.174070    1.108553
 2926.848880    1.060791
 2927.522220    1.013533
 2928.195800    0.966692
 2928.870850    0.920240
 2929.544920    0.874413
 2930.220460    0.829126
 2930.894530    0.784666
 2931.570310    0.740917
 2932.244630    0.698180
 2932.919190    0.656441
 2933.595700    0.615689
 2934.270260    0.576250
 2934.947270    0.537947
 2935.622310    0.501102
 2936.299070    0.465581
 2936.974850    0.431577
 2937.650390    0.399093
 2938.327880    0.368061
 2939.003660    0.338671
 2939.681400    0.310774
 2940.357670    0.284513
 2941.035640    0.259754
 2941.712160    0.236597
 2942.389160    0.214942
 2943.067630    0.194728
 2943.744630    0.176002
 2944.423580    0.158620
 2945.100830    0.142624
 2945.780030    0.127870
 2946.457760    0.114371
 2947.135500    0.102034
 2947.815190    0.090759
 2948.493410    0.080541
 2949.173100    0.071268
 2949.851560    0.062911
 2950.531980    0.055369
 2951.210450    0.048622
 2951.889650    0.042579
 2952.570070    0.037180
 2953.249270    0.032388
 2953.930660    0.028127
 2954.610110    0.024371
 2955.291500    0.021053
 2955.971190    0.018146
 2956.651120    0.015597
 2957.333010    0.013366
 2958.013180    0.011428
 2958.695560    0.009740
 2959.376220    0.008283
 2960.058350    0.007022
 2960.739500    0.005939
 2961.420410    0.005010
 2962.103520    0.004213
 2962.784910    0.003534
 2963.468020    0.002956
 2964.149900    0.002467
 2964.833500    0.002052
 2965.515380    0.001703
 2966.197750    0.001410
 2966.881590    0.001163
 2967.564210    0.000957
 2968.248540    0.000786
 2968.931150    0.000644
 2969.615720    0.000525
 2970.299070    0.000428
 2970.984130    0.000347
 2971.667480    0.000281
 2972.351070    0.000227
 2973.036620    0.000183
 2973.720700    0.000147
 2974.406250    0.000117
 2975.090580    0.000094
 2975.776610    0.000074
 2976.461180    0.000059
 2977.146000    0.000047
 2977.832280    0.000037
 2978.517580    0.000030
 2979.204350    0.000023
 2979.889650    0.000018
 2980.576660    0.000014
 2981.262210    0.000011
 2981.948240    0.000009
 2982.635990    0.000007
 2983.322020    0.000005
 2984.010010    0.000004
 2984.696530    0.000003
 2985.384770    0.000002
 2986.071530    0.000002
 2986.758540    0.000001
 2987.447270    0.000001
 2988.134770    0.000001
 2988.823490    0.000001
 2989.510990    0.000000
 2990.200440    0.000000
 2990.888180    0.000000
 2991.576170    0.000000
 2992.266360    0.000000
 2992.954830    0.000000
 2993.644780    0.000000
 2994.333500    0.000000
 2995.023930    0.000000
 2995.713130    0.000000
 2996.402100    0.000000
 2997.093020    0.000000
 2997.782710    0.000000
 2998.473880    0.000000
 2999.163570    0.000000
 2999.855470    0.000000
 3000.545410    0.000000
 3001.235600    0.000000
 3001.927730    0.000000
 3002.618410    0.000000
 3003.310550    0.000000
 3004.001710    0.000000
 3004.694340    0.000000
 3005.385740    0.000000
 3006.076900    0.000000
 3006.770020    0.000000
 3007.461670    0.000000
 3008.155270    0.000000
 3008.847410    0.000000
 3009.541260    0.000000
 3010.233400    0.000000
 3010.926270    0.000000
 3011.620360    0.000000
 3012.313230    0.000000
 3013.007810    0.000000
 3013.700930    0.000000
 3014.395750    0.000000
 3015.089360    0.000000
 3015.783200    0.000000
 3016.478270    0.000000
 3017.172610    0.000000
 3017.868160    0.000000
 3018.562260    0.000000
 3019.258540    0.000000
 3019.952880    0.000000
 3020.647950    0.000000
 3021.344480    0.000000
 3022.039310    0.000000
 3022.736330    0.000000
 3023.431640    0.000000
 3024.128660    0.000000
 3024.824460    0.000000
 3025.522220    0.000000
 3026.218020    0.000000
 3026.914310    0.000000
 3027.612300    0.000000
 3028.308840    0.000000
 3029.007080    0.000000
 3029.703860    0.000000
 3030.402590    0.000000
 3031.099850    0.000000
 3031.797120    0.000000
 3032.496090    0.000000
 3033.193600    0.000000
 3033.893310    0.000000
 3034.591060    0.000000
 3035.290770    0.000000
 3035.989010    0.000000
 3036.687740    0.000000
 3037.387700    0.000000
 3038.086670    0.000000
 3038.787350    0.000000
 3039.486080    0.000000
 3040.187260    0.000000
 3040.886470    0.000000
 3041.586180    0.000000
 3042.287350    0.000000
 3042.987550    0.000000
 3043.689210    0.000000
 3044.389160    0.000000
 3045.091060    0.000000
 3045.791750    0.000000
 3046.492430    0.000000
 3047.194820    0.000000
 3047.896000    0.000000
 3048.598880    0.000000
 3049.300050    0.000000
