 2653.384280    0.844778
 2653.996340    0.887621
 2654.606690    0.932179
 2655.217290    0.978651
 2655.829830    1.027235
 2656.440670    1.077704
 2657.053220    1.130404
 2657.664550    1.185147
 2658.277340    1.242240
 2658.888920    1.301497
 2659.500730    1.363120
 2660.114010    1.427308
 2660.725830    1.493818
 2661.339360    1.563066
 2661.951660    1.634788
 2662.565430    1.709368
 2663.177980    1.786548
 2663.790530    1.866539
 2664.404790    1.949643
 2665.017820    2.035534
 2665.632320    2.124654
 2666.245610    2.216683
 2666.860350    2.312088
 2667.473880    2.410520
 2668.089110    2.512515
 2668.702880    2.617610
 2669.316890    2.726149
 2669.932370    2.838422
 2670.546630    2.953998
 2671.162350    3.073442
 2671.776860    3.196287
 2672.393070    3.323179
 2673.007810    3.453515
 2673.622560    3.587640
 2674.239260    3.726045
 2674.854490    3.868009
 2675.471190    4.014250
 2676.086670    4.164170
 2676.703860    4.318521
 2677.319580    4.476542
 2677.935550    4.638686
 2678.552980    4.805319
 2679.169190    4.975732
 2679.786870    5.150690
 2680.403560    5.329517
 2681.021480    5.512859
 2681.638430    5.700068
 2682.255370    5.891428
 2682.873780    6.087403
 2683.490970    6.287130
 2684.109860    6.491543
 2684.727290    6.699577
 2685.346440    6.912270
 2685.964110    7.128504
 2686.582030    7.348823
 2687.201660    7.573721
 2687.819820    7.802000
 2688.439450    8.034679
 2689.057860    8.270690
 2689.677980    8.511082
 2690.296880    8.754647
 2690.915770    9.001772
 2691.536380    9.253061
 2692.155270    9.507033
 2692.776370    9.765191
 2693.395750    10.025805
 2694.016850    10.290191
 2694.636720    10.556984
 2695.256590    10.826570
 2695.877930    11.099455
 2696.498050    11.374318
 2697.119870    11.652308
 2697.740480    11.931959
 2698.362550    12.214318
 2698.983400    12.497994
 2699.604250    12.783364
 2700.226810    13.071035
 2700.847900    13.359353
 2701.470700    13.649591
 2702.092040    13.940074
 2702.715330    14.232189
 2703.337160    14.524124
 2703.958980    14.816346
 2704.582520    15.109438
 2705.204830    15.401793
 2705.828370    15.694324
 2706.450930    15.985767
 2707.074950    16.277021
 2707.697750    16.566589
 2708.320800    16.854906
 2708.945310    17.142284
 2709.568360    17.427116
 2710.193360    17.710714
 2710.816650    17.991156
 2711.441890    18.269825
 2712.065670    18.544937
 2712.689450    18.816891
 2713.314940    19.086155
 2713.939210    19.351204
 2714.565190    19.613014
 2715.189450    19.869902
 2715.815670    20.123108
 2716.440430    20.370991
 2717.066890    20.614551
 2717.691890    20.852303
 2718.317140    21.084660
 2718.943850    21.311811
 2719.569340    21.532538
 2720.196530    21.747627
 2720.822270    21.955757
 2721.449710    22.157753
 2722.075680    22.352367
 2722.702150    22.540007
 2723.329830    22.720653
 2723.956300    22.893404
 2724.584470    23.058861
 2725.211430    23.216059
 2725.839600    23.365425
 2726.466800    23.506267
 2727.093990    23.638660
 2727.722900    23.762775
 2728.350340    23.877838
 2728.979490    23.984291
 2729.607420    24.081503
 2730.236820    24.169769
 2730.864750    24.248579
 2731.493160    24.318100
 2732.122800    24.378298
 2732.751460    24.428883
 2733.381590    24.469978
 2734.010500    24.501352
 2734.640870    24.523102
 2735.270020    24.535095
 2735.899410    24.537374
 2736.530270    24.529898
 2737.159670    24.512709
 2737.790770    24.485733
 2738.420650    24.449120
 2739.052250    24.402725
 2739.682370    24.346836
 2740.312500    24.281422
 2740.944340    24.206341
 2741.575200    24.121988
 2742.207280    24.028160
 2742.838130    23.925331
 2743.470460    23.813179
 2744.101560    23.692310
 2744.732910    23.562597
 2745.365970    23.423857
 2745.997310    23.276997
 2746.630860    23.121269
 2747.262700    22.957808
 2747.896000    22.785976
 2748.528080    22.606705
 2749.160640    22.419718
 2749.794430    22.224987
 2750.427000    22.023474
 2751.061280    21.814470
 2751.694090    21.599247
 2752.328610    21.376961
 2752.961910    21.148874
 2753.595210    20.914816
 2754.230220    20.674379
 2754.863770    20.429024
 2755.499020    20.177780
 2756.132810    19.922161
 2756.768550    19.661057
 2757.402590    19.396235
 2758.036870    19.127167
 2758.673100    18.853380
 2759.307620    18.576725
 2759.943850    18.295982
 2760.578860    18.012722
 2761.215330    17.726017
 2761.850590    17.437349
 2762.487550    17.145660
 2763.123050    16.852669
 2763.758790    16.557867
 2764.396000    16.260948
 2765.031980    15.963425
 2765.669430    15.664303
 2766.305910    15.364985
 2766.943600    15.064690
 2767.580320    14.764702
 2768.216800    14.464921
 2768.855220    14.164555
 2769.492190    13.865442
 2770.130860    13.566328
 2770.768070    13.268919
 2771.407230    12.971841
 2772.044680    12.677008
 2772.682130    12.383827
 2773.321780    12.091497
 2773.959720    11.801998
 2774.599370    11.513961
 2775.237550    11.228997
 2775.877690    10.945752
 2776.516360    10.665907
 2777.155030    10.388964
 2777.795170    10.114449
 2778.434330    9.843550
 2779.074950    9.575373
 2779.714360    9.311169
 2780.355470    9.049851
 2780.995120    8.792825
 2781.634770    8.539593
 2782.276120    8.289589
 2782.916260    8.044048
 2783.558110    7.801933
 2784.198490    7.564516
 2784.840330    7.330778
 2785.480960    7.101759
 2786.121830    6.876977
 2786.764400    6.655983
 2787.405270    6.439995
 2788.048100    6.227810
 2788.689450    6.020586
 2789.332520    5.817321
 2789.974370    5.618960
 2790.615970    5.425193
 2791.259770    5.235303
 2791.901610    5.050515
 2792.545410    4.869692
 2793.187990    4.693722
 2793.832030    4.521850
 2794.474850    4.354771
 2795.117680    4.192126
 2795.762210    4.033469
 2796.405520    3.879485
 2797.050290    3.729495
 2797.693600    3.584135
 2798.338870    3.442587
 2798.982420    3.305606
 2799.626460    3.172657
 2800.272220    3.043450
 2800.916260    2.918610
 2801.562260    2.797365
 2802.206790    2.680295
 2802.852780    2.566801
 2803.497560    2.457286
 2804.142580    2.351423
 2804.789310    2.248916
 2805.434330    2.150230
 2806.081300    2.054733
 2806.726810    1.962858
 2807.374020    1.874076
 2808.020020    1.788715
 2808.666020    1.706528
 2809.313480    1.627258
 2809.959960    1.551130
 2810.607910    1.477781
 2811.254390    1.407464
 2811.902830    1.339729
 2812.549560    1.274884
 2813.198240    1.212484
 2813.845210    1.152806
 2814.492680    1.095562
 2815.141600    1.040601
 2815.789310    0.988075
 2816.438720    0.937676
 2817.086430    0.889596
 2817.736080    0.843490
 2818.384520    0.799515
 2819.032710    0.757527
 2819.682620    0.717340
 2820.331300    0.679066
 2820.981930    0.642455
 2821.630620    0.607661
 2822.281490    0.574400
 2822.930660    0.542809
 2823.580080    0.512729
 2824.231200    0.484035
 2824.880860    0.456814
 2825.532230    0.430874
 2826.182370    0.406279
 2826.833980    0.382873
 2827.484380    0.360703
 2828.134770    0.339671
 2828.786870    0.319680
 2829.437740    0.300771
 2830.090090    0.282821
 2830.741210    0.265859
 2831.394040    0.249767
 2832.045410    0.234582
 2832.697020    0.220221
 2833.350100    0.206621
 2834.001950    0.193801
 2834.655520    0.181668
 2835.307620    0.170247
 2835.961180    0.159452
 2836.613770    0.149293
 2837.266360    0.139720
 2837.920410    0.130686
 2838.573490    0.122196
 2839.228030    0.114191
 2839.881100    0.106681
 2840.535890    0.099604
 2841.189450    0.092968
 2841.843020    0.086738
 2842.498540    0.080873
 2843.152340    0.075386
 2843.807860    0.070228
 2844.462160    0.065403
 2845.118160    0.060872
 2845.772710    0.056641
 2846.427250    0.052680
 2847.083740    0.048965
 2847.738770    0.045498
 2848.395260    0.042253
 2849.050540    0.039227
 2849.707760    0.036394
 2850.363280    0.033758
 2851.018800    0.031299
 2851.676270    0.029000
 2852.332280    0.026863
 2852.989990    0.024868
 2853.646480    0.023014
 2854.304440    0.021285
 2854.960940    0.019681
 2855.617920    0.018189
 2856.276370    0.016800
 2856.933350    0.015513
 2857.592290    0.014315
 2858.249760    0.013206
 2858.908940    0.012175
 2859.566650    0.011222
 2860.224370    0.010339
 2860.883790    0.009519
 2861.541750    0.008761
 2862.201900    0.008059
 2862.860350    0.007411
 2863.520510    0.006811
 2864.179200    0.006258
 2864.839840    0.005746
 2865.498780    0.005274
 2866.157960    0.004839
 2866.818850    0.004436
 2867.478520    0.004067
 2868.139650    0.003726
 2868.799320    0.003412
 2869.460940    0.003122
 2870.121090    0.002857
 2870.781490    0.002613
 2871.443360    0.002388
 2872.103760    0.002182
 2872.766360    0.001992
 2873.427000    0.001819
 2874.089600    0.001659
 2874.750730    0.001513
 2875.412110    0.001380
 2876.075440    0.001257
 2876.736820    0.001144
 2877.400390    0.001042
 2878.062260    0.000948
 2878.725830    0.000862
 2879.388180    0.000784
 2880.050540    0.000712
 2880.714600    0.000647
 2881.377440    0.000587
 2882.041750    0.000532
 2882.704830    0.000483
 2883.369380    0.000438
 2884.032960    0.000397
 2884.696530    0.000360
 2885.361330    0.000325
 2886.025390    0.000295
 2886.690920    0.000266
 2887.354980    0.000240
 2888.020510    0.000217
 2888.685060    0.000196
 2889.349610    0.000177
 2890.015870    0.000160
 2890.680910    0.000144
 2891.347410    0.000130
 2892.012700    0.000117
 2892.679200    0.000106
 2893.344970    0.000094
 2894.010500    0.000086
 2894.677730    0.000076
 2895.343510    0.000069
 2896.011470    0.000062
 2896.677490    0.000055
 2897.345460    0.000050
 2898.011960    0.000045
 2898.678960    0.000040
 2899.347170    0.000036
 2900.014160    0.000032
 2900.682860    0.000029
 2901.350100    0.000026
 2902.019530    0.000023
 2902.687010    0.000021
 2903.354740    0.000018
 2904.024410    0.000016
 2904.692380    0.000014
 2905.361820    0.000013
 2906.030520    0.000011
 2906.700680    0.000010
 2907.369140    0.000010
 2908.038090    0.000009
 2908.708500    0.000008
 2909.377930    0.000007
 2910.048830    0.000006
 2910.718260    0.000005
 2911.389650    0.000005
 2912.059330    0.000004
 2912.729250    0.000004
 2913.400630    0.000003
 2914.070800    0.000003
 2914.742920    0.000003
 2915.413570    0.000002
 2916.085690    0.000002
 2916.756590    0.000002
 2917.429200    0.000002
 2918.100340    0.000001
 2918.771730    0.000001
 2919.444580    0.000001
 2920.116210    0.000001
 2920.789550    0.000001
 2921.461670    0.000001
 2922.135500    0.000001
 2922.807370    0.000001
 2923.479740    0.000001
 2924.154050    0.000000
 2924.826660    0.000000
 2925.500980    0.000000
 2926.174070    0.000000
 2926.848880    0.000000
 2927.522220    0.000000
 2928.195800    0.000000
 2928.870850    0.000000
 2929.544920    0.000000
 2930.220460    0.000000
 2930.894530    0.000000
 2931.570310    0.000000
 2932.244630    0.000000
 2932.919190    0.000000
 2933.595700    0.000000
 2934.270260    0.000000
 2934.947270    0.000000
 2935.622310    0.000000
 2936.299070    0.000000
 2936.974850    0.000000
 2937.650390    0.000000
 2938.327880    0.000000
 2939.003660    0.000000
 2939.681400    0.000000
 2940.357670    0.000000
 2941.035640    0.000000
 2941.712160    0.000000
 2942.389160    0.000000
 2943.067630    0.000000
 2943.744630    0.000000
 2944.423580    0.000000
 2945.100830    0.000000
 2945.780030    0.000000
 2946.457760    0.000000
 2947.135500    0.000000
 2947.815190    0.000000
 2948.493410    0.000000
 2949.173100    0.000000
 2949.851560    0.000000
 2950.531980    0.000000
 2951.210450    0.000000
 2951.889650    0.000000
 2952.570070    0.000000
 2953.249270    0.000000
 2953.930660    0.000000
 2954.610110    0.000000
 2955.291500    0.000000
 2955.971190    0.000000
 2956.651120    0.000000
 2957.333010    0.000000
 2958.013180    0.000000
 2958.695560    0.000000
 2959.376220    0.000000
 2960.058350    0.000000
 2960.739500    0.000000
 2961.420410    0.000000
 2962.103520    0.000000
 2962.784910    0.000000
 2963.468020    0.000000
 2964.149900    0.000000
 2964.833500    0.000000
 2965.515380    0.000000
 2966.197750    0.000000
 2966.881590    0.000000
 2967.564210    0.000000
 2968.248540    0.000000
 2968.931150    0.000000
 2969.615720    0.000000
 2970.299070    0.000000
 2970.984130    0.000000
 2971.667480    0.000000
 2972.351070    0.000000
 2973.036620    0.000000
 2973.720700    0.000000
 2974.406250    0.000000
 2975.090580    0.000000
 2975.776610    0.000000
 2976.461180    0.000000
 2977.146000    0.000000
 2977.832280    0.000000
 2978.517580    0.000000
 2979.204350    0.000000
 2979.889650    0.000000
 2980.576660    0.000000
 2981.262210    0.000000
 2981.948240    0.000000
 2982.635990    0.000000
 2983.322020    0.000000
 2984.010010    0.000000
 2984.696530    0.000000
 2985.384770    0.000000
 2986.071530    0.000000
 2986.758540    0.000000
 2987.447270    0.000000
 2988.134770    0.000000
 2988.823490    0.000000
 2989.510990    0.000000
 2990.200440    0.000000
 2990.888180    0.000000
 2991.576170    0.000000
 2992.266360    0.000000
 2992.954830    0.000000
 2993.644780    0.000000
 2994.333500    0.000000
 2995.023930    0.000000
 2995.713130    0.000000
 2996.402100    0.000000
 2997.093020    0.000000
 2997.782710    0.000000
 2998.473880    0.000000
 2999.163570    0.000000
 2999.855470    0.000000
 3000.545410    0.000000
 3001.235600    0.000000
 3001.927730    0.000000
 3002.618410    0.000000
 3003.310550    0.000000
 3004.001710    0.000000
 3004.694340    0.000000
 3005.385740    0.000000
 3006.076900    0.000000
 3006.770020    0.000000
 3007.461670    0.000000
 3008.155270    0.000000
 3008.847410    0.000000
 3009.541260    0.000000
 3010.233400    0.000000
 3010.926270    0.000000
 3011.620360    0.000000
 3012.313230    0.000000
 3013.007810    0.000000
 3013.700930    0.000000
 3014.395750    0.000000
 3015.089360    0.000000
 3015.783200    0.000000
 3016.478270    0.000000
 3017.172610    0.000000
 3017.868160    0.000000
 3018.562260    0.000000
 3019.258540    0.000000
 3019.952880    0.000000
 3020.647950    0.000000
 3021.344480    0.000000
 3022.039310    0.000000
 3022.736330    0.000000
 3023.431640    0.000000
 3024.128660    0.000000
 3024.824460    0.000000
 3025.522220    0.000000
 3026.218020    0.000000
 3026.914310    0.000000
 3027.612300    0.000000
 3028.308840    0.000000
 3029.007080    0.000000
 3029.703860    0.000000
 3030.402590    0.000000
 3031.099850    0.000000
 3031.797120    0.000000
 3032.496090    0.000000
 3033.193600    0.000000
 3033.893310    0.000000
 3034.591060    0.000000
 3035.290770    0.000000
 3035.989010    0.000000
 3036.687740    0.000000
 3037.387700    0.000000
 3038.086670    0.000000
 3038.787350    0.000000
 3039.486080    0.000000
 3040.187260    0.000000
 3040.886470    0.000000
 3041.586180    0.000000
 3042.287350    0.000000
 3042.987550    0.000000
 3043.689210    0.000000
 3044.389160    0.000000
 3045.091060    0.000000
 3045.791750    0.000000
 3046.492430    0.000000
 3047.194820    0.000000
 3047.896000    0.000000
 3048.598880    0.000000
 3049.300050    0.000000
