 2653.384280    0.000000
 2653.996340    0.000000
 2654.606690    0.000000
 2655.217290    0.000000
 2655.829830    0.000000
 2656.440670    0.000000
 2657.053220    0.000000
 2657.664550    0.000000
 2658.277340    0.000000
 2658.888920    0.000000
 2659.500730    0.000000
 2660.114010    0.000000
 2660.725830    0.000000
 2661.339360    0.000000
 2661.951660    0.000000
 2662.565430    0.000000
 2663.177980    0.000000
 2663.790530    0.000000
 2664.404790    0.000000
 2665.017820    0.000000
 2665.632320    0.000000
 2666.245610    0.000000
 2666.860350    0.000000
 2667.473880    0.000000
 2668.089110    0.000000
 2668.702880    0.000000
 2669.316890    0.000000
 2669.932370    0.000000
 2670.546630    0.000000
 2671.162350    0.000000
 2671.776860    0.000000
 2672.393070    0.000000
 2673.007810    0.000000
 2673.622560    0.000000
 2674.239260    0.000000
 2674.854490    0.000000
 2675.471190    0.000000
 2676.086670    0.000000
 2676.703860    0.000000
 2677.319580    0.000000
 2677.935550    0.000000
 2678.552980    0.000000
 2679.169190    0.000000
 2679.786870    0.000000
 2680.403560    0.000000
 2681.021480    0.000000
 2681.638430    0.000000
 2682.255370    0.000000
 2682.873780    0.000000
 2683.490970    0.000000
 2684.109860    0.000000
 2684.727290    0.000000
 2685.346440    0.000000
 2685.964110    0.000000
 2686.582030    0.000000
 2687.201660    0.000000
 2687.819820    0.000000
 2688.439450    0.000000
 2689.057860    0.000000
 2689.677980    0.000000
 2690.296880    0.000000
 2690.915770    0.000000
 2691.536380    0.000000
 2692.155270    0.000000
 2692.776370    0.000000
 2693.395750    0.000000
 2694.016850    0.000000
 2694.636720    0.000000
 2695.256590    0.000000
 2695.877930    0.000000
 2696.498050    0.000000
 2697.119870    0.000000
 2697.740480    0.000000
 2698.362550    0.000000
 2698.983400    0.000000
 2699.604250    0.000000
 2700.226810    0.000000
 2700.847900    0.000000
 2701.470700    0.000000
 2702.092040    0.000000
 2702.715330    0.000000
 2703.337160    0.000000
 2703.958980    0.000000
 2704.582520    0.000000
 2705.204830    0.000000
 2705.828370    0.000000
 2706.450930    0.000000
 2707.074950    0.000000
 2707.697750    0.000000
 2708.320800    0.000000
 2708.945310    0.000000
 2709.568360    0.000000
 2710.193360    0.000000
 2710.816650    0.000000
 2711.441890    0.000000
 2712.065670    0.000000
 2712.689450    0.000000
 2713.314940    0.000000
 2713.939210    0.000000
 2714.565190    0.000000
 2715.189450    0.000000
 2715.815670    0.000000
 2716.440430    0.000000
 2717.066890    0.000000
 2717.691890    0.000000
 2718.317140    0.000000
 2718.943850    0.000000
 2719.569340    0.000000
 2720.196530    0.000000
 2720.822270    0.000000
 2721.449710    0.000000
 2722.075680    0.000000
 2722.702150    0.000000
 2723.329830    0.000000
 2723.956300    0.000000
 2724.584470    0.000000
 2725.211430    0.000000
 2725.839600    0.000000
 2726.466800    0.000000
 2727.093990    0.000000
 2727.722900    0.000000
 2728.350340    0.000000
 2728.979490    0.000000
 2729.607420    0.000000
 2730.236820    0.000000
 2730.864750    0.000000
 2731.493160    0.000000
 2732.122800    0.000000
 2732.751460    0.000000
 2733.381590    0.000000
 2734.010500    0.000000
 2734.640870    0.000000
 2735.270020    0.000000
 2735.899410    0.000000
 2736.530270    0.000000
 2737.159670    0.000000
 2737.790770    0.000000
 2738.420650    0.000000
 2739.052250    0.000000
 2739.682370    0.000000
 2740.312500    0.000000
 2740.944340    0.000000
 2741.575200    0.000000
 2742.207280    0.000000
 2742.838130    0.000000
 2743.470460    0.000000
 2744.101560    0.000000
 2744.732910    0.000000
 2745.365970    0.000000
 2745.997310    0.000000
 2746.630860    0.000000
 2747.262700    0.000000
 2747.896000    0.000000
 2748.528080    0.000000
 2749.160640    0.000000
 2749.794430    0.000000
 2750.427000    0.000000
 2751.061280    0.000000
 2751.694090    0.000000
 2752.328610    0.000000
 2752.961910    0.000000
 2753.595210    0.000000
 2754.230220    0.000000
 2754.863770    0.000000
 2755.499020    0.000000
 2756.132810    0.000000
 2756.768550    0.000000
 2757.402590    0.000000
 2758.036870    0.000000
 2758.673100    0.000000
 2759.307620    0.000000
 2759.943850    0.000000
 2760.578860    0.000000
 2761.215330    0.000000
 2761.850590    0.000000
 2762.487550    0.000000
 2763.123050    0.000000
 2763.758790    0.000000
 2764.396000    0.000000
 2765.031980    0.000000
 2765.669430    0.000000
 2766.305910    0.000000
 2766.943600    0.000000
 2767.580320    0.000000
 2768.216800    0.000000
 2768.855220    0.000000
 2769.492190    0.000000
 2770.130860    0.000000
 2770.768070    0.000000
 2771.407230    0.000000
 2772.044680    0.000000
 2772.682130    0.000000
 2773.321780    0.000000
 2773.959720    0.000000
 2774.599370    0.000000
 2775.237550    0.000000
 2775.877690    0.000000
 2776.516360    0.000000
 2777.155030    0.000000
 2777.795170    0.000000
 2778.434330    0.000000
 2779.074950    0.000000
 2779.714360    0.000000
 2780.355470    0.000000
 2780.995120    0.000000
 2781.634770    0.000000
 2782.276120    0.000000
 2782.916260    0.000000
 2783.558110    0.000000
 2784.198490    0.000000
 2784.840330    0.000000
 2785.480960    0.000000
 2786.121830    0.000000
 2786.764400    0.000000
 2787.405270    0.000000
 2788.048100    0.000000
 2788.689450    0.000000
 2789.332520    0.000000
 2789.974370    0.000000
 2790.615970    0.000000
 2791.259770    0.000000
 2791.901610    0.000000
 2792.545410    0.000000
 2793.187990    0.000000
 2793.832030    0.000000
 2794.474850    0.000000
 2795.117680    0.000000
 2795.762210    0.000000
 2796.405520    0.000000
 2797.050290    0.000000
 2797.693600    0.000000
 2798.338870    0.000000
 2798.982420    0.000000
 2799.626460    0.000000
 2800.272220    0.000000
 2800.916260    0.000000
 2801.562260    0.000000
 2802.206790    0.000000
 2802.852780    0.000000
 2803.497560    0.000000
 2804.142580    0.000000
 2804.789310    0.000000
 2805.434330    0.000000
 2806.081300    0.000000
 2806.726810    0.000000
 2807.374020    0.000000
 2808.020020    0.000001
 2808.666020    0.000001
 2809.313480    0.000001
 2809.959960    0.000002
 2810.607910    0.000003
 2811.254390    0.000004
 2811.902830    0.000005
 2812.549560    0.000007
 2813.198240    0.000010
 2813.845210    0.000013
 2814.492680    0.000018
 2815.141600    0.000024
 2815.789310    0.000032
 2816.438720    0.000045
 2817.086430    0.000060
 2817.736080    0.000080
 2818.384520    0.000106
 2819.032710    0.000140
 2819.682620    0.000185
 2820.331300    0.000241
 2820.981930    0.000315
 2821.630620    0.000407
 2822.281490    0.000525
 2822.930660    0.000672
 2823.580080    0.000856
 2824.231200    0.001086
 2824.880860    0.001369
 2825.532230    0.001718
 2826.182370    0.002142
 2826.833980    0.002658
 2827.484380    0.003280
 2828.134770    0.004025
 2828.786870    0.004914
 2829.437740    0.005965
 2830.090090    0.007206
 2830.741210    0.008655
 2831.394040    0.010343
 2832.045410    0.012288
 2832.697020    0.014522
 2833.350100    0.017075
 2834.001950    0.019960
 2834.655520    0.023217
 2835.307620    0.026851
 2835.961180    0.030893
 2836.613770    0.035344
 2837.266360    0.040217
 2837.920410    0.045527
 2838.573490    0.051250
 2839.228030    0.057391
 2839.881100    0.063906
 2840.535890    0.070793
 2841.189450    0.077983
 2841.843020    0.085438
 2842.498540    0.093124
 2843.152340    0.100933
 2843.807860    0.108828
 2844.462160    0.116694
 2845.118160    0.124480
 2845.772710    0.132059
 2846.427250    0.139359
 2847.083740    0.146310
 2847.738770    0.152791
 2848.395260    0.158753
 2849.050540    0.164103
 2849.707760    0.168807
 2850.363280    0.172798
 2851.018800    0.176064
 2851.676270    0.178608
 2852.332280    0.180433
 2852.989990    0.181593
 2853.646480    0.182150
 2854.304440    0.182204
 2854.960940    0.181882
 2855.617920    0.181340
 2856.276370    0.180766
 2856.933350    0.180385
 2857.592290    0.180449
 2858.249760    0.181245
 2858.908940    0.183100
 2859.566650    0.186361
 2860.224370    0.191420
 2860.883790    0.198723
 2861.541750    0.208696
 2862.201900    0.221897
 2862.860350    0.238785
 2863.520510    0.260017
 2864.179200    0.286100
 2864.839840    0.317818
 2865.498780    0.355675
 2866.157960    0.400475
 2866.818850    0.453095
 2867.478520    0.514092
 2868.139650    0.584529
 2868.799320    0.664930
 2869.460940    0.756589
 2870.121090    0.859927
 2870.781490    0.976082
 2871.443360    1.106233
 2872.103760    1.250731
 2872.766360    1.411339
 2873.427000    1.587989
 2874.089600    1.782660
 2874.750730    1.995285
 2875.412110    2.227271
 2876.075440    2.480202
 2876.736820    2.753447
 2877.400390    3.049555
 2878.062260    3.367584
 2878.725830    3.709890
 2879.388180    4.075626
 2880.050540    4.465938
 2880.714600    4.882347
 2881.377440    5.323316
 2882.041750    5.790735
 2882.704830    6.282600
 2883.369380    6.800528
 2884.032960    7.341957
 2884.696530    7.906589
 2885.361330    8.494098
 2886.025390    9.100907
 2886.690920    9.726703
 2887.354980    10.365867
 2888.020510    11.017805
 2888.685060    11.676180
 2889.349610    12.337436
 2890.015870    12.998221
 2890.680910    13.650071
 2891.347410    14.289591
 2892.012700    14.907821
 2892.679200    15.500350
 2893.344970    16.058586
 2894.010500    16.576157
 2894.677730    17.047665
 2895.343510    17.464342
 2896.011470    17.822277
 2896.677490    18.113676
 2897.345460    18.335423
 2898.011960    18.482342
 2898.678960    18.552034
 2899.347170    18.542360
 2900.014160    18.452564
 2900.682860    18.282568
 2901.350100    18.034718
 2902.019530    17.710295
 2902.687010    17.315140
 2903.354740    16.853106
 2904.024410    16.328508
 2904.692380    15.750763
 2905.361820    15.124376
 2906.030520    14.458993
 2906.700680    13.760339
 2907.369140    13.039797
 2908.038090    12.303056
 2908.708500    11.556772
 2909.377930    10.811092
 2910.048830    10.070270
 2910.718260    9.343904
 2911.389650    8.634031
 2912.059330    7.949523
 2912.729250    7.292537
 2913.400630    6.665478
 2914.070800    6.073613
 2914.742920    5.516227
 2915.413570    4.997548
 2916.085690    4.516050
 2916.756590    4.073861
 2917.429200    3.668787
 2918.100340    3.302038
 2918.771730    2.971508
 2919.444580    2.675379
 2920.116210    2.413272
 2920.789550    2.182329
 2921.461670    1.981716
 2922.135500    1.808630
 2922.807370    1.661996
 2923.479740    1.539173
 2924.154050    1.437990
 2924.826660    1.356994
 2925.500980    1.293774
 2926.174070    1.246669
 2926.848880    1.213564
 2927.522220    1.192748
 2928.195800    1.182313
 2928.870850    1.180507
 2929.544920    1.185635
 2930.220460    1.196077
 2930.894530    1.210227
 2931.570310    1.226669
 2932.244630    1.243948
 2932.919190    1.260830
 2933.595700    1.276196
 2934.270260    1.288923
 2934.947270    1.298194
 2935.622310    1.303192
 2936.299070    1.303341
 2936.974850    1.298181
 2937.650390    1.287420
 2938.327880    1.270854
 2939.003660    1.248563
 2939.681400    1.220554
 2940.357670    1.187220
 2941.035640    1.148770
 2941.712160    1.105847
 2942.389160    1.058881
 2943.067630    1.008394
 2943.744630    0.955253
 2944.423580    0.899862
 2945.100830    0.843200
 2945.780030    0.785631
 2946.457760    0.728090
 2947.135500    0.671058
 2947.815190    0.614930
 2948.493410    0.560489
 2949.173100    0.507934
 2949.851560    0.457836
 2950.531980    0.410261
 2951.210450    0.365703
 2951.889650    0.324132
 2952.570070    0.285624
 2953.249270    0.250344
 2953.930660    0.218102
 2954.610110    0.189027
 2955.291500    0.162845
 2955.971190    0.139557
 2956.651120    0.118926
 2957.333010    0.100730
 2958.013180    0.084876
 2958.695560    0.071076
 2959.376220    0.059214
 2960.058350    0.049034
 2960.739500    0.040388
 2961.420410    0.033082
 2962.103520    0.026928
 2962.784910    0.021808
 2963.468020    0.017551
 2964.149900    0.014052
 2964.833500    0.011181
 2965.515380    0.008851
 2966.197750    0.006967
 2966.881590    0.005449
 2967.564210    0.004240
 2968.248540    0.003279
 2968.931150    0.002522
 2969.615720    0.001928
 2970.299070    0.001467
 2970.984130    0.001108
 2971.667480    0.000834
 2972.351070    0.000623
 2973.036620    0.000463
 2973.720700    0.000342
 2974.406250    0.000251
 2975.090580    0.000183
 2975.776610    0.000134
 2976.461180    0.000096
 2977.146000    0.000069
 2977.832280    0.000050
 2978.517580    0.000035
 2979.204350    0.000025
 2979.889650    0.000017
 2980.576660    0.000012
 2981.262210    0.000009
 2981.948240    0.000006
 2982.635990    0.000004
 2983.322020    0.000003
 2984.010010    0.000002
 2984.696530    0.000001
 2985.384770    0.000001
 2986.071530    0.000001
 2986.758540    0.000000
 2987.447270    0.000000
 2988.134770    0.000000
 2988.823490    0.000000
 2989.510990    0.000000
 2990.200440    0.000000
 2990.888180    0.000000
 2991.576170    0.000000
 2992.266360    0.000000
 2992.954830    0.000000
 2993.644780    0.000000
 2994.333500    0.000000
 2995.023930    0.000000
 2995.713130    0.000000
 2996.402100    0.000000
 2997.093020    0.000000
 2997.782710    0.000000
 2998.473880    0.000000
 2999.163570    0.000000
 2999.855470    0.000000
 3000.545410    0.000000
 3001.235600    0.000000
 3001.927730    0.000000
 3002.618410    0.000000
 3003.310550    0.000000
 3004.001710    0.000000
 3004.694340    0.000000
 3005.385740    0.000000
 3006.076900    0.000000
 3006.770020    0.000000
 3007.461670    0.000000
 3008.155270    0.000000
 3008.847410    0.000000
 3009.541260    0.000000
 3010.233400    0.000000
 3010.926270    0.000000
 3011.620360    0.000000
 3012.313230    0.000000
 3013.007810    0.000000
 3013.700930    0.000000
 3014.395750    0.000000
 3015.089360    0.000000
 3015.783200    0.000000
 3016.478270    0.000000
 3017.172610    0.000000
 3017.868160    0.000000
 3018.562260    0.000000
 3019.258540    0.000000
 3019.952880    0.000000
 3020.647950    0.000000
 3021.344480    0.000000
 3022.039310    0.000000
 3022.736330    0.000000
 3023.431640    0.000000
 3024.128660    0.000000
 3024.824460    0.000000
 3025.522220    0.000000
 3026.218020    0.000000
 3026.914310    0.000000
 3027.612300    0.000000
 3028.308840    0.000000
 3029.007080    0.000000
 3029.703860    0.000000
 3030.402590    0.000000
 3031.099850    0.000000
 3031.797120    0.000000
 3032.496090    0.000000
 3033.193600    0.000000
 3033.893310    0.000000
 3034.591060    0.000000
 3035.290770    0.000000
 3035.989010    0.000000
 3036.687740    0.000000
 3037.387700    0.000000
 3038.086670    0.000000
 3038.787350    0.000000
 3039.486080    0.000000
 3040.187260    0.000000
 3040.886470    0.000000
 3041.586180    0.000000
 3042.287350    0.000000
 3042.987550    0.000000
 3043.689210    0.000000
 3044.389160    0.000000
 3045.091060    0.000000
 3045.791750    0.000000
 3046.492430    0.000000
 3047.194820    0.000000
 3047.896000    0.000000
 3048.598880    0.000000
 3049.300050    0.000000
