 2653.384280    0.000000
 2653.996340    0.000000
 2654.606690    0.000000
 2655.217290    0.000000
 2655.829830    0.000000
 2656.440670    0.000000
 2657.053220    0.000000
 2657.664550    0.000000
 2658.277340    0.000000
 2658.888920    0.000000
 2659.500730    0.000000
 2660.114010    0.000000
 2660.725830    0.000000
 2661.339360    0.000000
 2661.951660    0.000000
 2662.565430    0.000000
 2663.177980    0.000000
 2663.790530    0.000000
 2664.404790    0.000000
 2665.017820    0.000000
 2665.632320    0.000000
 2666.245610    0.000000
 2666.860350    0.000000
 2667.473880    0.000000
 2668.089110    0.000000
 2668.702880    0.000000
 2669.316890    0.000000
 2669.932370    0.000000
 2670.546630    0.000000
 2671.162350    0.000000
 2671.776860    0.000000
 2672.393070    0.000000
 2673.007810    0.000000
 2673.622560    0.000000
 2674.239260    0.000000
 2674.854490    0.000000
 2675.471190    0.000000
 2676.086670    0.000000
 2676.703860    0.000000
 2677.319580    0.000000
 2677.935550    0.000000
 2678.552980    0.000000
 2679.169190    0.000000
 2679.786870    0.000000
 2680.403560    0.000000
 2681.021480    0.000000
 2681.638430    0.000000
 2682.255370    0.000000
 2682.873780    0.000000
 2683.490970    0.000000
 2684.109860    0.000000
 2684.727290    0.000000
 2685.346440    0.000000
 2685.964110    0.000000
 2686.582030    0.000000
 2687.201660    0.000000
 2687.819820    0.000000
 2688.439450    0.000000
 2689.057860    0.000000
 2689.677980    0.000000
 2690.296880    0.000000
 2690.915770    0.000000
 2691.536380    0.000000
 2692.155270    0.000000
 2692.776370    0.000000
 2693.395750    0.000000
 2694.016850    0.000000
 2694.636720    0.000000
 2695.256590    0.000000
 2695.877930    0.000000
 2696.498050    0.000000
 2697.119870    0.000000
 2697.740480    0.000000
 2698.362550    0.000000
 2698.983400    0.000000
 2699.604250    0.000000
 2700.226810    0.000000
 2700.847900    0.000000
 2701.470700    0.000000
 2702.092040    0.000000
 2702.715330    0.000000
 2703.337160    0.000000
 2703.958980    0.000000
 2704.582520    0.000000
 2705.204830    0.000000
 2705.828370    0.000000
 2706.450930    0.000000
 2707.074950    0.000000
 2707.697750    0.000000
 2708.320800    0.000000
 2708.945310    0.000000
 2709.568360    0.000000
 2710.193360    0.000000
 2710.816650    0.000000
 2711.441890    0.000000
 2712.065670    0.000000
 2712.689450    0.000000
 2713.314940    0.000000
 2713.939210    0.000000
 2714.565190    0.000000
 2715.189450    0.000000
 2715.815670    0.000000
 2716.440430    0.000000
 2717.066890    0.000000
 2717.691890    0.000000
 2718.317140    0.000000
 2718.943850    0.000000
 2719.569340    0.000000
 2720.196530    0.000000
 2720.822270    0.000000
 2721.449710    0.000000
 2722.075680    0.000000
 2722.702150    0.000000
 2723.329830    0.000000
 2723.956300    0.000000
 2724.584470    0.000000
 2725.211430    0.000000
 2725.839600    0.000000
 2726.466800    0.000000
 2727.093990    0.000000
 2727.722900    0.000000
 2728.350340    0.000000
 2728.979490    0.000000
 2729.607420    0.000000
 2730.236820    0.000000
 2730.864750    0.000000
 2731.493160    0.000000
 2732.122800    0.000000
 2732.751460    0.000000
 2733.381590    0.000000
 2734.010500    0.000000
 2734.640870    0.000000
 2735.270020    0.000000
 2735.899410    0.000000
 2736.530270    0.000000
 2737.159670    0.000000
 2737.790770    0.000000
 2738.420650    0.000000
 2739.052250    0.000000
 2739.682370    0.000000
 2740.312500    0.000000
 2740.944340    0.000000
 2741.575200    0.000000
 2742.207280    0.000000
 2742.838130    0.000000
 2743.470460    0.000000
 2744.101560    0.000000
 2744.732910    0.000000
 2745.365970    0.000000
 2745.997310    0.000000
 2746.630860    0.000000
 2747.262700    0.000000
 2747.896000    0.000000
 2748.528080    0.000000
 2749.160640    0.000000
 2749.794430    0.000000
 2750.427000    0.000000
 2751.061280    0.000000
 2751.694090    0.000000
 2752.328610    0.000000
 2752.961910    0.000000
 2753.595210    0.000000
 2754.230220    0.000000
 2754.863770    0.000000
 2755.499020    0.000000
 2756.132810    0.000000
 2756.768550    0.000000
 2757.402590    0.000000
 2758.036870    0.000000
 2758.673100    0.000000
 2759.307620    0.000000
 2759.943850    0.000000
 2760.578860    0.000000
 2761.215330    0.000000
 2761.850590    0.000000
 2762.487550    0.000000
 2763.123050    0.000000
 2763.758790    0.000000
 2764.396000    0.000000
 2765.031980    0.000000
 2765.669430    0.000000
 2766.305910    0.000000
 2766.943600    0.000000
 2767.580320    0.000000
 2768.216800    0.000000
 2768.855220    0.000000
 2769.492190    0.000000
 2770.130860    0.000000
 2770.768070    0.000000
 2771.407230    0.000000
 2772.044680    0.000000
 2772.682130    0.000000
 2773.321780    0.000000
 2773.959720    0.000000
 2774.599370    0.000000
 2775.237550    0.000000
 2775.877690    0.000000
 2776.516360    0.000000
 2777.155030    0.000000
 2777.795170    0.000000
 2778.434330    0.000000
 2779.074950    0.000000
 2779.714360    0.000000
 2780.355470    0.000000
 2780.995120    0.000000
 2781.634770    0.000000
 2782.276120    0.000000
 2782.916260    0.000000
 2783.558110    0.000000
 2784.198490    0.000000
 2784.840330    0.000000
 2785.480960    0.000000
 2786.121830    0.000000
 2786.764400    0.000000
 2787.405270    0.000000
 2788.048100    0.000000
 2788.689450    0.000000
 2789.332520    0.000000
 2789.974370    0.000000
 2790.615970    0.000000
 2791.259770    0.000000
 2791.901610    0.000000
 2792.545410    0.000000
 2793.187990    0.000000
 2793.832030    0.000000
 2794.474850    0.000000
 2795.117680    0.000000
 2795.762210    0.000000
 2796.405520    0.000000
 2797.050290    0.000000
 2797.693600    0.000000
 2798.338870    0.000000
 2798.982420    0.000000
 2799.626460    0.000000
 2800.272220    0.000000
 2800.916260    0.000000
 2801.562260    0.000000
 2802.206790    0.000000
 2802.852780    0.000000
 2803.497560    0.000000
 2804.142580    0.000000
 2804.789310    0.000000
 2805.434330    0.000000
 2806.081300    0.000000
 2806.726810    0.000000
 2807.374020    0.000000
 2808.020020    0.000000
 2808.666020    0.000000
 2809.313480    0.000000
 2809.959960    0.000000
 2810.607910    0.000000
 2811.254390    0.000000
 2811.902830    0.000000
 2812.549560    0.000000
 2813.198240    0.000000
 2813.845210    0.000000
 2814.492680    0.000000
 2815.141600    0.000000
 2815.789310    0.000000
 2816.438720    0.000000
 2817.086430    0.000000
 2817.736080    0.000000
 2818.384520    0.000000
 2819.032710    0.000000
 2819.682620    0.000000
 2820.331300    0.000000
 2820.981930    0.000000
 2821.630620    0.000000
 2822.281490    0.000000
 2822.930660    0.000000
 2823.580080    0.000000
 2824.231200    0.000000
 2824.880860    0.000000
 2825.532230    0.000000
 2826.182370    0.000000
 2826.833980    0.000000
 2827.484380    0.000000
 2828.134770    0.000000
 2828.786870    0.000000
 2829.437740    0.000000
 2830.090090    0.000000
 2830.741210    0.000000
 2831.394040    0.000000
 2832.045410    0.000000
 2832.697020    0.000000
 2833.350100    0.000000
 2834.001950    0.000000
 2834.655520    0.000000
 2835.307620    0.000000
 2835.961180    0.000000
 2836.613770    0.000000
 2837.266360    0.000000
 2837.920410    0.000000
 2838.573490    0.000000
 2839.228030    0.000000
 2839.881100    0.000000
 2840.535890    0.000000
 2841.189450    0.000000
 2841.843020    0.000000
 2842.498540    0.000000
 2843.152340    0.000000
 2843.807860    0.000000
 2844.462160    0.000000
 2845.118160    0.000000
 2845.772710    0.000000
 2846.427250    0.000000
 2847.083740    0.000000
 2847.738770    0.000000
 2848.395260    0.000000
 2849.050540    0.000000
 2849.707760    0.000000
 2850.363280    0.000000
 2851.018800    0.000000
 2851.676270    0.000000
 2852.332280    0.000000
 2852.989990    0.000000
 2853.646480    0.000000
 2854.304440    0.000000
 2854.960940    0.000000
 2855.617920    0.000000
 2856.276370    0.000000
 2856.933350    0.000000
 2857.592290    0.000000
 2858.249760    0.000000
 2858.908940    0.000000
 2859.566650    0.000000
 2860.224370    0.000000
 2860.883790    0.000000
 2861.541750    0.000000
 2862.201900    0.000000
 2862.860350    0.000000
 2863.520510    0.000000
 2864.179200    0.000000
 2864.839840    0.000000
 2865.498780    0.000000
 2866.157960    0.000000
 2866.818850    0.000000
 2867.478520    0.000000
 2868.139650    0.000000
 2868.799320    0.000000
 2869.460940    0.000000
 2870.121090    0.000000
 2870.781490    0.000000
 2871.443360    0.000000
 2872.103760    0.000000
 2872.766360    0.000000
 2873.427000    0.000000
 2874.089600    0.000000
 2874.750730    0.000000
 2875.412110    0.000000
 2876.075440    0.000000
 2876.736820    0.000000
 2877.400390    0.000000
 2878.062260    0.000000
 2878.725830    0.000000
 2879.388180    0.000000
 2880.050540    0.000000
 2880.714600    0.000000
 2881.377440    0.000000
 2882.041750    0.000000
 2882.704830    0.000000
 2883.369380    0.000001
 2884.032960    0.000001
 2884.696530    0.000001
 2885.361330    0.000002
 2886.025390    0.000003
 2886.690920    0.000004
 2887.354980    0.000005
 2888.020510    0.000007
 2888.685060    0.000010
 2889.349610    0.000012
 2890.015870    0.000017
 2890.680910    0.000023
 2891.347410    0.000031
 2892.012700    0.000042
 2892.679200    0.000055
 2893.344970    0.000073
 2894.010500    0.000096
 2894.677730    0.000126
 2895.343510    0.000164
 2896.011470    0.000214
 2896.677490    0.000275
 2897.345460    0.000353
 2898.011960    0.000450
 2898.678960    0.000572
 2899.347170    0.000724
 2900.014160    0.000911
 2900.682860    0.001141
 2901.350100    0.001422
 2902.019530    0.001765
 2902.687010    0.002182
 2903.354740    0.002685
 2904.024410    0.003291
 2904.692380    0.004017
 2905.361820    0.004887
 2906.030520    0.005921
 2906.700680    0.007154
 2907.369140    0.008614
 2908.038090    0.010342
 2908.708500    0.012389
 2909.377930    0.014804
 2910.048830    0.017659
 2910.718260    0.021021
 2911.389650    0.024999
 2912.059330    0.029681
 2912.729250    0.035212
 2913.400630    0.041759
 2914.070800    0.049484
 2914.742920    0.058650
 2915.413570    0.069475
 2916.085690    0.082318
 2916.756590    0.097495
 2917.429200    0.115500
 2918.100340    0.136747
 2918.771730    0.161847
 2919.444580    0.191511
 2920.116210    0.226359
 2920.789550    0.267374
 2921.461670    0.315300
 2922.135500    0.371362
 2922.807370    0.436339
 2923.479740    0.511608
 2924.154050    0.598626
 2924.826660    0.698213
 2925.500980    0.812194
 2926.174070    0.941407
 2926.848880    1.087726
 2927.522220    1.251695
 2928.195800    1.434797
 2928.870850    1.638404
 2929.544920    1.862565
 2930.220460    2.108633
 2930.894530    2.375755
 2931.570310    2.665068
 2932.244630    2.974697
 2932.919190    3.304414
 2933.595700    3.653728
 2934.270260    4.018720
 2934.947270    4.399375
 2935.622310    4.790356
 2936.299070    5.190408
 2936.974850    5.594166
 2937.650390    5.997888
 2938.327880    6.398384
 2939.003660    6.788767
 2939.681400    7.166272
 2940.357670    7.524087
 2941.035640    7.859059
 2941.712160    8.165004
 2942.389160    8.438584
 2943.067630    8.676215
 2943.744630    8.873590
 2944.423580    9.029032
 2945.100830    9.139799
 2945.780030    9.205399
 2946.457760    9.225255
 2947.135500    9.200239
 2947.815190    9.131671
 2948.493410    9.022298
 2949.173100    8.874920
 2949.851560    8.694136
 2950.531980    8.483760
 2951.210450    8.250258
 2951.889650    7.998471
 2952.570070    7.734170
 2953.249270    7.464487
 2953.930660    7.194295
 2954.610110    6.931349
 2955.291500    6.680017
 2955.971190    6.447128
 2956.651120    6.236934
 2957.333010    6.053402
 2958.013180    5.901223
 2958.695560    5.782485
 2959.376220    5.700013
 2960.058350    5.654657
 2960.739500    5.647010
 2961.420410    5.676493
 2962.103520    5.742066
 2962.784910    5.841303
 2963.468020    5.971876
 2964.149900    6.129794
 2964.833500    6.311732
 2965.515380    6.512310
 2966.197750    6.727319
 2966.881590    6.952096
 2967.564210    7.180645
 2968.248540    7.408859
 2968.931150    7.630678
 2969.615720    7.842630
 2970.299070    8.039457
 2970.984130    8.218190
 2971.667480    8.374722
 2972.351070    8.506984
 2973.036620    8.613259
 2973.720700    8.691766
 2974.406250    8.742305
 2975.090580    8.764816
 2975.776610    8.760156
 2976.461180    8.729699
 2977.146000    8.675318
 2977.832280    8.599126
 2978.517580    8.503995
 2979.204350    8.392418
 2979.889650    8.267823
 2980.576660    8.132600
 2981.262210    7.990240
 2981.948240    7.843046
 2982.635990    7.693178
 2983.322020    7.543494
 2984.010010    7.394946
 2984.696530    7.249612
 2985.384770    7.107752
 2986.071530    6.970534
 2986.758540    6.837719
 2987.447270    6.708795
 2988.134770    6.583745
 2988.823490    6.461287
 2989.510990    6.340812
 2990.200440    6.220573
 2990.888180    6.099937
 2991.576170    5.977279
 2992.266360    5.850986
 2992.954830    5.720611
 2993.644780    5.584538
 2994.333500    5.442452
 2995.023930    5.293108
 2995.713130    5.136718
 2996.402100    4.972908
 2997.093020    4.801188
 2997.782710    4.622621
 2998.473880    4.437009
 2999.163570    4.245838
 2999.855470    4.048950
 3000.545410    3.848533
 3001.235600    3.645080
 3001.927730    3.439274
 3002.618410    3.233376
 3003.310550    3.027778
 3004.001710    2.824454
 3004.694340    2.623902
 3005.385740    2.428048
 3006.076900    2.237660
 3006.770020    2.053114
 3007.461670    1.876171
 3008.155270    1.706686
 3008.847410    1.546091
 3009.541260    1.394113
 3010.233400    1.251823
 3010.926270    1.118896
 3011.620360    0.995352
 3012.313230    0.881583
 3013.007810    0.776973
 3013.700930    0.681768
 3014.395750    0.595221
 3015.089360    0.517319
 3015.783200    0.447442
 3016.478270    0.385037
 3017.172610    0.329778
 3017.868160    0.280987
 3018.562260    0.238315
 3019.258540    0.201013
 3019.952880    0.168781
 3020.647950    0.140980
 3021.344480    0.117116
 3022.039310    0.096840
 3022.736330    0.079615
 3023.431640    0.065148
 3024.128660    0.053007
 3024.824460    0.042919
 3025.522220    0.034549
 3026.218020    0.027681
 3026.914310    0.022059
 3027.612300    0.017475
 3028.308840    0.013777
 3029.007080    0.010798
 3029.703860    0.008421
 3030.402590    0.006527
 3031.099850    0.005035
 3031.797120    0.003863
 3032.496090    0.002946
 3033.193600    0.002235
 3033.893310    0.001685
 3034.591060    0.001265
 3035.290770    0.000943
 3035.989010    0.000700
 3036.687740    0.000517
 3037.387700    0.000379
 3038.086670    0.000277
 3038.787350    0.000200
 3039.486080    0.000145
 3040.187260    0.000104
 3040.886470    0.000074
 3041.586180    0.000052
 3042.287350    0.000037
 3042.987550    0.000026
 3043.689210    0.000018
 3044.389160    0.000012
 3045.091060    0.000009
 3045.791750    0.000006
 3046.492430    0.000004
 3047.194820    0.000003
 3047.896000    0.000002
 3048.598880    0.000001
 3049.300050    0.000001
