 2653.384280    0.105883
 2653.996340    0.111575
 2654.606690    0.117522
 2655.217290    0.123754
 2655.829830    0.130298
 2656.440670    0.137128
 2657.053220    0.144295
 2657.664550    0.151776
 2658.277340    0.159618
 2658.888920    0.167800
 2659.500730    0.176353
 2660.114010    0.185308
 2660.725830    0.194638
 2661.339360    0.204407
 2661.951660    0.214581
 2662.565430    0.225222
 2663.177980    0.236298
 2663.790530    0.247845
 2664.404790    0.259915
 2665.017820    0.272467
 2665.632320    0.285573
 2666.245610    0.299192
 2666.860350    0.313404
 2667.473880    0.328164
 2668.089110    0.343561
 2668.702880    0.359534
 2669.316890    0.376147
 2669.932370    0.393452
 2670.546630    0.411395
 2671.162350    0.430075
 2671.776860    0.449429
 2672.393070    0.469572
 2673.007810    0.490421
 2673.622560    0.512044
 2674.239260    0.534534
 2674.854490    0.557789
 2675.471190    0.581941
 2676.086670    0.606907
 2676.703860    0.632829
 2677.319580    0.659595
 2677.935550    0.687300
 2678.552980    0.716023
 2679.169190    0.745665
 2679.786870    0.776374
 2680.403560    0.808055
 2681.021480    0.840842
 2681.638430    0.874642
 2682.255370    0.909529
 2682.873780    0.945609
 2683.490970    0.982750
 2684.109860    1.021150
 2684.727290    1.060634
 2685.346440    1.101428
 2685.964110    1.143344
 2686.582030    1.186514
 2687.201660    1.231067
 2687.819820    1.276795
 2688.439450    1.323935
 2689.057860    1.372301
 2689.677980    1.422142
 2690.296880    1.473243
 2690.915770    1.525716
 2691.536380    1.579729
 2692.155270    1.635000
 2692.776370    1.691894
 2693.395750    1.750069
 2694.016850    1.809858
 2694.636720    1.870995
 2695.256590    1.933606
 2695.877930    1.997855
 2696.498050    2.063474
 2697.119870    2.130782
 2697.740480    2.199471
 2698.362550    2.269846
 2698.983400    2.341607
 2699.604250    2.414893
 2700.226810    2.489915
 2700.847900    2.566290
 2701.470700    2.644410
 2702.092040    2.723873
 2702.715330    2.805115
 2703.337160    2.887685
 2703.958980    2.971766
 2704.582520    3.057583
 2705.204830    3.144727
 2705.828370    3.233526
 2706.450930    3.323651
 2707.074950    3.415443
 2707.697750    3.508489
 2708.320800    3.602982
 2708.945310    3.699093
 2709.568360    3.796347
 2710.193360    3.895249
 2710.816650    3.995196
 2711.441890    4.096744
 2712.065670    4.199307
 2712.689450    4.303085
 2713.314940    4.408333
 2713.939210    4.514519
 2714.565190    4.622103
 2715.189450    4.730453
 2715.815670    4.840161
 2716.440430    4.950581
 2717.066890    5.062226
 2717.691890    5.174479
 2718.317140    5.287590
 2718.943850    5.401728
 2719.569340    5.516347
 2720.196530    5.631926
 2720.822270    5.747815
 2721.449710    5.864542
 2722.075680    5.981449
 2722.702150    6.098835
 2723.329830    6.216765
 2723.956300    6.334714
 2724.584470    6.453158
 2725.211430    6.571472
 2725.839600    6.690041
 2726.466800    6.808369
 2727.093990    6.926567
 2727.722900    7.044872
 2728.350340    7.162608
 2728.979490    7.280285
 2729.607420    7.397273
 2730.236820    7.513986
 2730.864750    7.629795
 2731.493160    7.744975
 2732.122800    7.859569
 2732.751460    7.973091
 2733.381590    8.085890
 2734.010500    8.197396
 2734.640870    8.307998
 2735.270020    8.417130
 2735.899410    8.524963
 2736.530270    8.631610
 2737.159670    8.736488
 2737.790770    8.840034
 2738.420650    8.941677
 2739.052250    9.041803
 2739.682370    9.139816
 2740.312500    9.235867
 2740.944340    9.330122
 2741.575200    9.422091
 2742.207280    9.512013
 2742.838130    9.599460
 2743.470460    9.684713
 2744.101560    9.767339
 2744.732910    9.847455
 2745.365970    9.925160
 2745.997310    9.999961
 2746.630860    10.072245
 2747.262700    10.141494
 2747.896000    10.207994
 2748.528080    10.271393
 2749.160640    10.331804
 2749.794430    10.389230
 2750.427000    10.443389
 2751.061280    10.494477
 2751.694090    10.542184
 2752.328610    10.586699
 2752.961910    10.627769
 2753.595210    10.665442
 2754.230220    10.699763
 2754.863770    10.730528
 2755.499020    10.757855
 2756.132810    10.781576
 2756.768550    10.801791
 2757.402590    10.818360
 2758.036870    10.831329
 2758.673100    10.840701
 2759.307620    10.846408
 2759.943850    10.848473
 2760.578860    10.846881
 2761.215330    10.841623
 2761.850590    10.832723
 2762.487550    10.820145
 2763.123050    10.803960
 2763.758790    10.784149
 2764.396000    10.760680
 2765.031980    10.733677
 2765.669430    10.703042
 2766.305910    10.668925
 2766.943600    10.631233
 2767.580320    10.590142
 2768.216800    10.545641
 2768.855220    10.497617
 2769.492190    10.446367
 2770.130860    10.391684
 2770.768070    10.333890
 2771.407230    10.272733
 2772.044680    10.208615
 2772.682130    10.141443
 2773.321780    10.071033
 2773.959720    9.997881
 2774.599370    9.921666
 2775.237550    9.842835
 2775.877690    9.761043
 2776.516360    9.676797
 2777.155030    9.589994
 2777.795170    9.500510
 2778.434330    9.408761
 2779.074950    9.314489
 2779.714360    9.218166
 2780.355470    9.119442
 2780.995120    9.018896
 2781.634770    8.916389
 2782.276120    8.811737
 2782.916260    8.705509
 2783.558110    8.597309
 2784.198490    8.487767
 2784.840330    8.376476
 2785.480960    8.263998
 2786.121830    8.150173
 2786.764400    8.034833
 2787.405270    7.918687
 2788.048100    7.801166
 2788.689450    7.682990
 2789.332520    7.563668
 2789.974370    7.443839
 2790.615970    7.323415
 2791.259770    7.202030
 2791.901610    7.080558
 2792.545410    6.958353
 2793.187990    6.836104
 2793.832030    6.713391
 2794.474850    6.590814
 2795.117680    6.468226
 2795.762210    6.345386
 2796.405520    6.222936
 2797.050290    6.100445
 2797.693600    5.978553
 2798.338870    5.856688
 2798.982420    5.735617
 2799.626460    5.615003
 2800.272220    5.494688
 2800.916260    5.375382
 2801.562260    5.256474
 2802.206790    5.138659
 2802.852780    5.021464
 2803.497560    4.905439
 2804.142580    4.790377
 2804.789310    4.676076
 2805.434330    4.563195
 2806.081300    4.451145
 2806.726810    4.340568
 2807.374020    4.230968
 2808.020020    4.122887
 2808.666020    4.016157
 2809.313480    3.910581
 2809.959960    3.806595
 2810.607910    3.703843
 2811.254390    3.602820
 2811.902830    3.503024
 2812.549560    3.405047
 2813.198240    3.308358
 2813.845210    3.213528
 2814.492680    3.120250
 2815.141600    3.028407
 2815.789310    2.938397
 2816.438720    2.849828
 2817.086430    2.763177
 2817.736080    2.677964
 2818.384520    2.594615
 2819.032710    2.513005
 2819.682620    2.432896
 2820.331300    2.354652
 2820.981930    2.277893
 2821.630620    2.203077
 2822.281490    2.129724
 2822.930660    2.058267
 2823.580080    1.988480
 2824.231200    1.920203
 2824.880860    1.853762
 2825.532230    1.788818
 2826.182370    1.725655
 2826.833980    1.663995
 2827.484380    1.604080
 2828.134770    1.545776
 2828.786870    1.488917
 2829.437740    1.433743
 2830.090090    1.380005
 2830.741210    1.327905
 2831.394040    1.277189
 2832.045410    1.228082
 2832.697020    1.180427
 2833.350100    1.134117
 2834.001950    1.089319
 2834.655520    1.045808
 2835.307620    1.003770
 2835.961180    0.962991
 2836.613770    0.923597
 2837.266360    0.885501
 2837.920410    0.848594
 2838.573490    0.812987
 2839.228030    0.778523
 2839.881100    0.745328
 2840.535890    0.713212
 2841.189450    0.682294
 2841.843020    0.652484
 2842.498540    0.623671
 2843.152340    0.595988
 2843.807860    0.569264
 2844.462160    0.543591
 2845.118160    0.518829
 2845.772710    0.495069
 2846.427250    0.472231
 2847.083740    0.450222
 2847.738770    0.429132
 2848.395260    0.408839
 2849.050540    0.389403
 2849.707760    0.370705
 2850.363280    0.352824
 2851.018800    0.335686
 2851.676270    0.319220
 2852.332280    0.303487
 2852.989990    0.288388
 2853.646480    0.273970
 2854.304440    0.260149
 2854.960940    0.246966
 2855.617920    0.234360
 2856.276370    0.222290
 2856.933350    0.210793
 2857.592290    0.199787
 2858.249760    0.189311
 2858.908940    0.179296
 2859.566650    0.169769
 2860.224370    0.160692
 2860.883790    0.152024
 2861.541750    0.143791
 2862.201900    0.135930
 2862.860350    0.128471
 2863.520510    0.121361
 2864.179200    0.114617
 2864.839840    0.108191
 2865.498780    0.102105
 2866.157960    0.096325
 2866.818850    0.090825
 2867.478520    0.085619
 2868.139650    0.080671
 2868.799320    0.075993
 2869.460940    0.071548
 2870.121090    0.067348
 2870.781490    0.063370
 2871.443360    0.059597
 2872.103760    0.056038
 2872.766360    0.052661
 2873.427000    0.049479
 2874.089600    0.046464
 2874.750730    0.043624
 2875.412110    0.040941
 2876.075440    0.038403
 2876.736820    0.036016
 2877.400390    0.033758
 2878.062260    0.031635
 2878.725830    0.029631
 2879.388180    0.027747
 2880.050540    0.025974
 2880.714600    0.024301
 2881.377440    0.022731
 2882.041750    0.021251
 2882.704830    0.019863
 2883.369380    0.018557
 2884.032960    0.017331
 2884.696530    0.016181
 2885.361330    0.015100
 2886.025390    0.014088
 2886.690920    0.013136
 2887.354980    0.012246
 2888.020510    0.011411
 2888.685060    0.010631
 2889.349610    0.009899
 2890.015870    0.009213
 2890.680910    0.008574
 2891.347410    0.007974
 2892.012700    0.007414
 2892.679200    0.006890
 2893.344970    0.006402
 2894.010500    0.005946
 2894.677730    0.005520
 2895.343510    0.005123
 2896.011470    0.004752
 2896.677490    0.004408
 2897.345460    0.004086
 2898.011960    0.003786
 2898.678960    0.003508
 2899.347170    0.003247
 2900.014160    0.003006
 2900.682860    0.002781
 2901.350100    0.002573
 2902.019530    0.002378
 2902.687010    0.002198
 2903.354740    0.002031
 2904.024410    0.001876
 2904.692380    0.001732
 2905.361820    0.001598
 2906.030520    0.001474
 2906.700680    0.001360
 2907.369140    0.001253
 2908.038090    0.001155
 2908.708500    0.001064
 2909.377930    0.000979
 2910.048830    0.000902
 2910.718260    0.000830
 2911.389650    0.000763
 2912.059330    0.000702
 2912.729250    0.000645
 2913.400630    0.000592
 2914.070800    0.000545
 2914.742920    0.000500
 2915.413570    0.000459
 2916.085690    0.000421
 2916.756590    0.000385
 2917.429200    0.000354
 2918.100340    0.000324
 2918.771730    0.000297
 2919.444580    0.000272
 2920.116210    0.000249
 2920.789550    0.000228
 2921.461670    0.000208
 2922.135500    0.000191
 2922.807370    0.000174
 2923.479740    0.000159
 2924.154050    0.000145
 2924.826660    0.000133
 2925.500980    0.000121
 2926.174070    0.000111
 2926.848880    0.000100
 2927.522220    0.000092
 2928.195800    0.000084
 2928.870850    0.000076
 2929.544920    0.000070
 2930.220460    0.000063
 2930.894530    0.000057
 2931.570310    0.000052
 2932.244630    0.000048
 2932.919190    0.000043
 2933.595700    0.000039
 2934.270260    0.000035
 2934.947270    0.000032
 2935.622310    0.000030
 2936.299070    0.000027
 2936.974850    0.000024
 2937.650390    0.000022
 2938.327880    0.000020
 2939.003660    0.000018
 2939.681400    0.000016
 2940.357670    0.000014
 2941.035640    0.000013
 2941.712160    0.000012
 2942.389160    0.000010
 2943.067630    0.000010
 2943.744630    0.000009
 2944.423580    0.000008
 2945.100830    0.000008
 2945.780030    0.000007
 2946.457760    0.000006
 2947.135500    0.000006
 2947.815190    0.000005
 2948.493410    0.000005
 2949.173100    0.000004
 2949.851560    0.000004
 2950.531980    0.000003
 2951.210450    0.000003
 2951.889650    0.000003
 2952.570070    0.000002
 2953.249270    0.000002
 2953.930660    0.000002
 2954.610110    0.000002
 2955.291500    0.000002
 2955.971190    0.000001
 2956.651120    0.000001
 2957.333010    0.000001
 2958.013180    0.000001
 2958.695560    0.000001
 2959.376220    0.000001
 2960.058350    0.000001
 2960.739500    0.000001
 2961.420410    0.000001
 2962.103520    0.000001
 2962.784910    0.000000
 2963.468020    0.000000
 2964.149900    0.000000
 2964.833500    0.000000
 2965.515380    0.000000
 2966.197750    0.000000
 2966.881590    0.000000
 2967.564210    0.000000
 2968.248540    0.000000
 2968.931150    0.000000
 2969.615720    0.000000
 2970.299070    0.000000
 2970.984130    0.000000
 2971.667480    0.000000
 2972.351070    0.000000
 2973.036620    0.000000
 2973.720700    0.000000
 2974.406250    0.000000
 2975.090580    0.000000
 2975.776610    0.000000
 2976.461180    0.000000
 2977.146000    0.000000
 2977.832280    0.000000
 2978.517580    0.000000
 2979.204350    0.000000
 2979.889650    0.000000
 2980.576660    0.000000
 2981.262210    0.000000
 2981.948240    0.000000
 2982.635990    0.000000
 2983.322020    0.000000
 2984.010010    0.000000
 2984.696530    0.000000
 2985.384770    0.000000
 2986.071530    0.000000
 2986.758540    0.000000
 2987.447270    0.000000
 2988.134770    0.000000
 2988.823490    0.000000
 2989.510990    0.000000
 2990.200440    0.000000
 2990.888180    0.000000
 2991.576170    0.000000
 2992.266360    0.000000
 2992.954830    0.000000
 2993.644780    0.000000
 2994.333500    0.000000
 2995.023930    0.000000
 2995.713130    0.000000
 2996.402100    0.000000
 2997.093020    0.000000
 2997.782710    0.000000
 2998.473880    0.000000
 2999.163570    0.000000
 2999.855470    0.000000
 3000.545410    0.000000
 3001.235600    0.000000
 3001.927730    0.000000
 3002.618410    0.000000
 3003.310550    0.000000
 3004.001710    0.000000
 3004.694340    0.000000
 3005.385740    0.000000
 3006.076900    0.000000
 3006.770020    0.000000
 3007.461670    0.000000
 3008.155270    0.000000
 3008.847410    0.000000
 3009.541260    0.000000
 3010.233400    0.000000
 3010.926270    0.000000
 3011.620360    0.000000
 3012.313230    0.000000
 3013.007810    0.000000
 3013.700930    0.000000
 3014.395750    0.000000
 3015.089360    0.000000
 3015.783200    0.000000
 3016.478270    0.000000
 3017.172610    0.000000
 3017.868160    0.000000
 3018.562260    0.000000
 3019.258540    0.000000
 3019.952880    0.000000
 3020.647950    0.000000
 3021.344480    0.000000
 3022.039310    0.000000
 3022.736330    0.000000
 3023.431640    0.000000
 3024.128660    0.000000
 3024.824460    0.000000
 3025.522220    0.000000
 3026.218020    0.000000
 3026.914310    0.000000
 3027.612300    0.000000
 3028.308840    0.000000
 3029.007080    0.000000
 3029.703860    0.000000
 3030.402590    0.000000
 3031.099850    0.000000
 3031.797120    0.000000
 3032.496090    0.000000
 3033.193600    0.000000
 3033.893310    0.000000
 3034.591060    0.000000
 3035.290770    0.000000
 3035.989010    0.000000
 3036.687740    0.000000
 3037.387700    0.000000
 3038.086670    0.000000
 3038.787350    0.000000
 3039.486080    0.000000
 3040.187260    0.000000
 3040.886470    0.000000
 3041.586180    0.000000
 3042.287350    0.000000
 3042.987550    0.000000
 3043.689210    0.000000
 3044.389160    0.000000
 3045.091060    0.000000
 3045.791750    0.000000
 3046.492430    0.000000
 3047.194820    0.000000
 3047.896000    0.000000
 3048.598880    0.000000
 3049.300050    0.000000
