 2653.384280    0.000000
 2653.996340    0.000000
 2654.606690    0.000000
 2655.217290    0.000000
 2655.829830    0.000000
 2656.440670    0.000000
 2657.053220    0.000000
 2657.664550    0.000000
 2658.277340    0.000000
 2658.888920    0.000000
 2659.500730    0.000000
 2660.114010    0.000000
 2660.725830    0.000000
 2661.339360    0.000000
 2661.951660    0.000000
 2662.565430    0.000000
 2663.177980    0.000000
 2663.790530    0.000000
 2664.404790    0.000000
 2665.017820    0.000000
 2665.632320    0.000000
 2666.245610    0.000000
 2666.860350    0.000000
 2667.473880    0.000000
 2668.089110    0.000000
 2668.702880    0.000000
 2669.316890    0.000000
 2669.932370    0.000000
 2670.546630    0.000000
 2671.162350    0.000000
 2671.776860    0.000000
 2672.393070    0.000000
 2673.007810    0.000000
 2673.622560    0.000000
 2674.239260    0.000000
 2674.854490    0.000000
 2675.471190    0.000000
 2676.086670    0.000000
 2676.703860    0.000000
 2677.319580    0.000000
 2677.935550    0.000000
 2678.552980    0.000000
 2679.169190    0.000000
 2679.786870    0.000000
 2680.403560    0.000000
 2681.021480    0.000000
 2681.638430    0.000000
 2682.255370    0.000000
 2682.873780    0.000000
 2683.490970    0.000000
 2684.109860    0.000000
 2684.727290    0.000000
 2685.346440    0.000000
 2685.964110    0.000000
 2686.582030    0.000000
 2687.201660    0.000000
 2687.819820    0.000000
 2688.439450    0.000000
 2689.057860    0.000000
 2689.677980    0.000000
 2690.296880    0.000000
 2690.915770    0.000000
 2691.536380    0.000000
 2692.155270    0.000000
 2692.776370    0.000000
 2693.395750    0.000000
 2694.016850    0.000000
 2694.636720    0.000000
 2695.256590    0.000000
 2695.877930    0.000000
 2696.498050    0.000000
 2697.119870    0.000000
 2697.740480    0.000000
 2698.362550    0.000000
 2698.983400    0.000000
 2699.604250    0.000000
 2700.226810    0.000000
 2700.847900    0.000000
 2701.470700    0.000000
 2702.092040    0.000000
 2702.715330    0.000000
 2703.337160    0.000000
 2703.958980    0.000000
 2704.582520    0.000000
 2705.204830    0.000000
 2705.828370    0.000000
 2706.450930    0.000000
 2707.074950    0.000000
 2707.697750    0.000000
 2708.320800    0.000000
 2708.945310    0.000000
 2709.568360    0.000000
 2710.193360    0.000000
 2710.816650    0.000000
 2711.441890    0.000000
 2712.065670    0.000000
 2712.689450    0.000000
 2713.314940    0.000000
 2713.939210    0.000000
 2714.565190    0.000000
 2715.189450    0.000000
 2715.815670    0.000000
 2716.440430    0.000000
 2717.066890    0.000000
 2717.691890    0.000000
 2718.317140    0.000000
 2718.943850    0.000000
 2719.569340    0.000000
 2720.196530    0.000000
 2720.822270    0.000000
 2721.449710    0.000000
 2722.075680    0.000000
 2722.702150    0.000000
 2723.329830    0.000000
 2723.956300    0.000000
 2724.584470    0.000000
 2725.211430    0.000000
 2725.839600    0.000000
 2726.466800    0.000000
 2727.093990    0.000000
 2727.722900    0.000000
 2728.350340    0.000000
 2728.979490    0.000000
 2729.607420    0.000000
 2730.236820    0.000000
 2730.864750    0.000000
 2731.493160    0.000000
 2732.122800    0.000000
 2732.751460    0.000000
 2733.381590    0.000000
 2734.010500    0.000000
 2734.640870    0.000000
 2735.270020    0.000000
 2735.899410    0.000000
 2736.530270    0.000000
 2737.159670    0.000000
 2737.790770    0.000000
 2738.420650    0.000000
 2739.052250    0.000000
 2739.682370    0.000000
 2740.312500    0.000000
 2740.944340    0.000000
 2741.575200    0.000000
 2742.207280    0.000000
 2742.838130    0.000000
 2743.470460    0.000000
 2744.101560    0.000000
 2744.732910    0.000000
 2745.365970    0.000000
 2745.997310    0.000000
 2746.630860    0.000000
 2747.262700    0.000000
 2747.896000    0.000000
 2748.528080    0.000000
 2749.160640    0.000000
 2749.794430    0.000000
 2750.427000    0.000000
 2751.061280    0.000000
 2751.694090    0.000000
 2752.328610    0.000000
 2752.961910    0.000000
 2753.595210    0.000000
 2754.230220    0.000000
 2754.863770    0.000000
 2755.499020    0.000000
 2756.132810    0.000000
 2756.768550    0.000000
 2757.402590    0.000000
 2758.036870    0.000000
 2758.673100    0.000000
 2759.307620    0.000000
 2759.943850    0.000000
 2760.578860    0.000000
 2761.215330    0.000000
 2761.850590    0.000000
 2762.487550    0.000000
 2763.123050    0.000000
 2763.758790    0.000000
 2764.396000    0.000000
 2765.031980    0.000000
 2765.669430    0.000000
 2766.305910    0.000000
 2766.943600    0.000000
 2767.580320    0.000000
 2768.216800    0.000000
 2768.855220    0.000000
 2769.492190    0.000000
 2770.130860    0.000000
 2770.768070    0.000000
 2771.407230    0.000000
 2772.044680    0.000000
 2772.682130    0.000000
 2773.321780    0.000000
 2773.959720    0.000000
 2774.599370    0.000000
 2775.237550    0.000000
 2775.877690    0.000000
 2776.516360    0.000000
 2777.155030    0.000000
 2777.795170    0.000000
 2778.434330    0.000000
 2779.074950    0.000000
 2779.714360    0.000000
 2780.355470    0.000000
 2780.995120    0.000000
 2781.634770    0.000000
 2782.276120    0.000000
 2782.916260    0.000000
 2783.558110    0.000000
 2784.198490    0.000000
 2784.840330    0.000000
 2785.480960    0.000000
 2786.121830    0.000000
 2786.764400    0.000000
 2787.405270    0.000000
 2788.048100    0.000000
 2788.689450    0.000000
 2789.332520    0.000000
 2789.974370    0.000000
 2790.615970    0.000000
 2791.259770    0.000001
 2791.901610    0.000001
 2792.545410    0.000001
 2793.187990    0.000001
 2793.832030    0.000002
 2794.474850    0.000002
 2795.117680    0.000003
 2795.762210    0.000004
 2796.405520    0.000006
 2797.050290    0.000007
 2797.693600    0.000009
 2798.338870    0.000011
 2798.982420    0.000014
 2799.626460    0.000019
 2800.272220    0.000024
 2800.916260    0.000031
 2801.562260    0.000038
 2802.206790    0.000049
 2802.852780    0.000061
 2803.497560    0.000077
 2804.142580    0.000096
 2804.789310    0.000120
 2805.434330    0.000149
 2806.081300    0.000185
 2806.726810    0.000228
 2807.374020    0.000281
 2808.020020    0.000345
 2808.666020    0.000422
 2809.313480    0.000514
 2809.959960    0.000625
 2810.607910    0.000756
 2811.254390    0.000913
 2811.902830    0.001099
 2812.549560    0.001317
 2813.198240    0.001575
 2813.845210    0.001876
 2814.492680    0.002228
 2815.141600    0.002637
 2815.789310    0.003111
 2816.438720    0.003659
 2817.086430    0.004288
 2817.736080    0.005010
 2818.384520    0.005832
 2819.032710    0.006767
 2819.682620    0.007829
 2820.331300    0.009025
 2820.981930    0.010373
 2821.630620    0.011878
 2822.281490    0.013563
 2822.930660    0.015430
 2823.580080    0.017498
 2824.231200    0.019782
 2824.880860    0.022285
 2825.532230    0.025031
 2826.182370    0.028015
 2826.833980    0.031259
 2827.484380    0.034757
 2828.134770    0.038520
 2828.786870    0.042562
 2829.437740    0.046866
 2830.090090    0.051448
 2830.741210    0.056286
 2831.394040    0.061394
 2832.045410    0.066738
 2832.697020    0.072320
 2833.350100    0.078135
 2834.001950    0.084143
 2834.655520    0.090349
 2835.307620    0.096704
 2835.961180    0.103212
 2836.613770    0.109825
 2837.266360    0.116529
 2837.920410    0.123316
 2838.573490    0.130138
 2839.228030    0.137002
 2839.881100    0.143861
 2840.535890    0.150737
 2841.189450    0.157597
 2841.843020    0.164455
 2842.498540    0.171347
 2843.152340    0.178256
 2843.807860    0.185256
 2844.462160    0.192365
 2845.118160    0.199682
 2845.772710    0.207257
 2846.427250    0.215209
 2847.083740    0.223687
 2847.738770    0.232797
 2848.395260    0.242751
 2849.050540    0.253706
 2849.707760    0.265944
 2850.363280    0.279650
 2851.018800    0.295138
 2851.676270    0.312778
 2852.332280    0.332828
 2852.989990    0.355765
 2853.646480    0.381906
 2854.304440    0.411806
 2854.960940    0.445815
 2855.617920    0.484538
 2856.276370    0.528605
 2856.933350    0.578402
 2857.592290    0.634809
 2858.249760    0.698191
 2858.908940    0.769533
 2859.566650    0.849200
 2860.224370    0.938072
 2860.883790    1.037168
 2861.541750    1.146789
 2862.201900    1.268353
 2862.860350    1.401957
 2863.520510    1.549102
 2864.179200    1.709898
 2864.839840    1.886003
 2865.498780    2.077240
 2866.157960    2.284899
 2866.818850    2.510259
 2867.478520    2.753050
 2868.139650    3.014935
 2868.799320    3.295358
 2869.460940    3.596328
 2870.121090    3.916763
 2870.781490    4.257797
 2871.443360    4.620386
 2872.103760    5.003050
 2872.766360    5.407934
 2873.427000    5.832349
 2874.089600    6.278470
 2874.750730    6.743508
 2875.412110    7.227903
 2876.075440    7.732088
 2876.736820    8.251959
 2877.400390    8.789431
 2878.062260    9.339760
 2878.725830    9.903954
 2879.388180    10.477465
 2880.050540    11.059010
 2880.714600    11.647573
 2881.377440    12.237793
 2882.041750    12.829072
 2882.704830    13.415845
 2883.369380    13.997125
 2884.032960    14.567282
 2884.696530    15.123564
 2885.361330    15.663261
 2886.025390    16.181034
 2886.690920    16.674816
 2887.354980    17.138741
 2888.020510    17.571241
 2888.685060    17.967222
 2889.349610    18.324068
 2890.015870    18.639482
 2890.680910    18.909248
 2891.347410    19.131964
 2892.012700    19.304598
 2892.679200    19.426069
 2893.344970    19.494688
 2894.010500    19.509777
 2894.677730    19.470831
 2895.343510    19.378119
 2896.011470    19.231628
 2896.677490    19.033308
 2897.345460    18.783535
 2898.011960    18.485512
 2898.678960    18.140877
 2899.347170    17.751881
 2900.014160    17.323090
 2900.682860    16.856054
 2901.350100    16.356699
 2902.019530    15.826179
 2902.687010    15.271874
 2903.354740    14.696264
 2904.024410    14.102048
 2904.692380    13.496730
 2905.361820    12.881664
 2906.030520    12.262976
 2906.700680    11.642612
 2907.369140    11.027299
 2908.038090    10.418565
 2908.708500    9.818871
 2909.377930    9.233454
 2910.048830    8.662937
 2910.718260    8.112237
 2911.389650    7.580668
 2912.059330    7.072914
 2912.729250    6.588862
 2913.400630    6.128852
 2914.070800    5.695545
 2914.742920    5.287447
 2915.413570    4.906893
 2916.085690    4.552182
 2916.756590    4.224470
 2917.429200    3.921848
 2918.100340    3.645061
 2918.771730    3.392458
 2919.444580    3.162648
 2920.116210    2.955406
 2920.789550    2.768592
 2921.461670    2.601706
 2922.135500    2.452635
 2922.807370    2.320747
 2923.479740    2.204055
 2924.154050    2.100924
 2924.826660    2.010478
 2925.500980    1.930840
 2926.174070    1.860996
 2926.848880    1.799327
 2927.522220    1.744873
 2928.195800    1.696297
 2928.870850    1.652426
 2929.544920    1.612407
 2930.220460    1.575168
 2930.894530    1.540035
 2931.570310    1.506102
 2932.244630    1.472879
 2932.919190    1.439732
 2933.595700    1.406112
 2934.270260    1.371840
 2934.947270    1.336404
 2935.622310    1.299826
 2936.299070    1.261774
 2936.974850    1.222335
 2937.650390    1.181468
 2938.327880    1.139090
 2939.003660    1.095531
 2939.681400    1.050702
 2940.357670    1.005005
 2941.035640    0.958431
 2941.712160    0.911425
 2942.389160    0.864089
 2943.067630    0.816603
 2943.744630    0.769417
 2944.423580    0.722538
 2945.100830    0.676455
 2945.780030    0.631142
 2946.457760    0.587033
 2947.135500    0.544218
 2947.815190    0.502745
 2948.493410    0.462967
 2949.173100    0.424835
 2949.851560    0.388597
 2950.531980    0.354157
 2951.210450    0.321767
 2951.889650    0.291319
 2952.570070    0.262808
 2953.249270    0.236323
 2953.930660    0.211707
 2954.610110    0.189067
 2955.291500    0.168214
 2955.971190    0.149191
 2956.651120    0.131860
 2957.333010    0.116099
 2958.013180    0.101903
 2958.695560    0.089096
 2959.376220    0.077657
 2960.058350    0.067431
 2960.739500    0.058362
 2961.420410    0.050341
 2962.103520    0.043250
 2962.784910    0.037045
 2963.468020    0.031606
 2964.149900    0.026880
 2964.833500    0.022773
 2965.515380    0.019234
 2966.197750    0.016186
 2966.881590    0.013569
 2967.564210    0.011339
 2968.248540    0.009439
 2968.931150    0.007833
 2969.615720    0.006474
 2970.299070    0.005334
 2970.984130    0.004377
 2971.667480    0.003581
 2972.351070    0.002919
 2973.036620    0.002371
 2973.720700    0.001919
 2974.406250    0.001547
 2975.090580    0.001244
 2975.776610    0.000996
 2976.461180    0.000794
 2977.146000    0.000631
 2977.832280    0.000501
 2978.517580    0.000395
 2979.204350    0.000311
 2979.889650    0.000243
 2980.576660    0.000190
 2981.262210    0.000148
 2981.948240    0.000114
 2982.635990    0.000089
 2983.322020    0.000069
 2984.010010    0.000052
 2984.696530    0.000040
 2985.384770    0.000031
 2986.071530    0.000023
 2986.758540    0.000017
 2987.447270    0.000013
 2988.134770    0.000010
 2988.823490    0.000008
 2989.510990    0.000006
 2990.200440    0.000004
 2990.888180    0.000003
 2991.576170    0.000002
 2992.266360    0.000002
 2992.954830    0.000001
 2993.644780    0.000001
 2994.333500    0.000001
 2995.023930    0.000000
 2995.713130    0.000000
 2996.402100    0.000000
 2997.093020    0.000000
 2997.782710    0.000000
 2998.473880    0.000000
 2999.163570    0.000000
 2999.855470    0.000000
 3000.545410    0.000000
 3001.235600    0.000000
 3001.927730    0.000000
 3002.618410    0.000000
 3003.310550    0.000000
 3004.001710    0.000000
 3004.694340    0.000000
 3005.385740    0.000000
 3006.076900    0.000000
 3006.770020    0.000000
 3007.461670    0.000000
 3008.155270    0.000000
 3008.847410    0.000000
 3009.541260    0.000000
 3010.233400    0.000000
 3010.926270    0.000000
 3011.620360    0.000000
 3012.313230    0.000000
 3013.007810    0.000000
 3013.700930    0.000000
 3014.395750    0.000000
 3015.089360    0.000000
 3015.783200    0.000000
 3016.478270    0.000000
 3017.172610    0.000000
 3017.868160    0.000000
 3018.562260    0.000000
 3019.258540    0.000000
 3019.952880    0.000000
 3020.647950    0.000000
 3021.344480    0.000000
 3022.039310    0.000000
 3022.736330    0.000000
 3023.431640    0.000000
 3024.128660    0.000000
 3024.824460    0.000000
 3025.522220    0.000000
 3026.218020    0.000000
 3026.914310    0.000000
 3027.612300    0.000000
 3028.308840    0.000000
 3029.007080    0.000000
 3029.703860    0.000000
 3030.402590    0.000000
 3031.099850    0.000000
 3031.797120    0.000000
 3032.496090    0.000000
 3033.193600    0.000000
 3033.893310    0.000000
 3034.591060    0.000000
 3035.290770    0.000000
 3035.989010    0.000000
 3036.687740    0.000000
 3037.387700    0.000000
 3038.086670    0.000000
 3038.787350    0.000000
 3039.486080    0.000000
 3040.187260    0.000000
 3040.886470    0.000000
 3041.586180    0.000000
 3042.287350    0.000000
 3042.987550    0.000000
 3043.689210    0.000000
 3044.389160    0.000000
 3045.091060    0.000000
 3045.791750    0.000000
 3046.492430    0.000000
 3047.194820    0.000000
 3047.896000    0.000000
 3048.598880    0.000000
 3049.300050    0.000000
