 2653.384280    0.000000
 2653.996340    0.000000
 2654.606690    0.000000
 2655.217290    0.000000
 2655.829830    0.000000
 2656.440670    0.000000
 2657.053220    0.000000
 2657.664550    0.000000
 2658.277340    0.000000
 2658.888920    0.000000
 2659.500730    0.000000
 2660.114010    0.000000
 2660.725830    0.000000
 2661.339360    0.000000
 2661.951660    0.000000
 2662.565430    0.000000
 2663.177980    0.000000
 2663.790530    0.000000
 2664.404790    0.000000
 2665.017820    0.000000
 2665.632320    0.000000
 2666.245610    0.000000
 2666.860350    0.000000
 2667.473880    0.000000
 2668.089110    0.000000
 2668.702880    0.000000
 2669.316890    0.000000
 2669.932370    0.000000
 2670.546630    0.000000
 2671.162350    0.000000
 2671.776860    0.000000
 2672.393070    0.000000
 2673.007810    0.000000
 2673.622560    0.000000
 2674.239260    0.000000
 2674.854490    0.000000
 2675.471190    0.000000
 2676.086670    0.000000
 2676.703860    0.000000
 2677.319580    0.000000
 2677.935550    0.000000
 2678.552980    0.000000
 2679.169190    0.000000
 2679.786870    0.000000
 2680.403560    0.000000
 2681.021480    0.000000
 2681.638430    0.000000
 2682.255370    0.000000
 2682.873780    0.000000
 2683.490970    0.000000
 2684.109860    0.000000
 2684.727290    0.000000
 2685.346440    0.000000
 2685.964110    0.000000
 2686.582030    0.000000
 2687.201660    0.000000
 2687.819820    0.000000
 2688.439450    0.000000
 2689.057860    0.000000
 2689.677980    0.000000
 2690.296880    0.000000
 2690.915770    0.000000
 2691.536380    0.000000
 2692.155270    0.000000
 2692.776370    0.000000
 2693.395750    0.000000
 2694.016850    0.000000
 2694.636720    0.000000
 2695.256590    0.000000
 2695.877930    0.000000
 2696.498050    0.000000
 2697.119870    0.000000
 2697.740480    0.000000
 2698.362550    0.000000
 2698.983400    0.000000
 2699.604250    0.000000
 2700.226810    0.000000
 2700.847900    0.000000
 2701.470700    0.000000
 2702.092040    0.000000
 2702.715330    0.000000
 2703.337160    0.000000
 2703.958980    0.000000
 2704.582520    0.000000
 2705.204830    0.000000
 2705.828370    0.000000
 2706.450930    0.000000
 2707.074950    0.000000
 2707.697750    0.000000
 2708.320800    0.000000
 2708.945310    0.000000
 2709.568360    0.000000
 2710.193360    0.000000
 2710.816650    0.000000
 2711.441890    0.000000
 2712.065670    0.000000
 2712.689450    0.000000
 2713.314940    0.000000
 2713.939210    0.000000
 2714.565190    0.000000
 2715.189450    0.000000
 2715.815670    0.000000
 2716.440430    0.000000
 2717.066890    0.000000
 2717.691890    0.000000
 2718.317140    0.000000
 2718.943850    0.000000
 2719.569340    0.000000
 2720.196530    0.000000
 2720.822270    0.000000
 2721.449710    0.000000
 2722.075680    0.000000
 2722.702150    0.000000
 2723.329830    0.000000
 2723.956300    0.000000
 2724.584470    0.000000
 2725.211430    0.000000
 2725.839600    0.000000
 2726.466800    0.000000
 2727.093990    0.000000
 2727.722900    0.000000
 2728.350340    0.000000
 2728.979490    0.000000
 2729.607420    0.000000
 2730.236820    0.000000
 2730.864750    0.000000
 2731.493160    0.000000
 2732.122800    0.000000
 2732.751460    0.000000
 2733.381590    0.000000
 2734.010500    0.000000
 2734.640870    0.000000
 2735.270020    0.000000
 2735.899410    0.000000
 2736.530270    0.000000
 2737.159670    0.000000
 2737.790770    0.000000
 2738.420650    0.000000
 2739.052250    0.000000
 2739.682370    0.000000
 2740.312500    0.000000
 2740.944340    0.000000
 2741.575200    0.000000
 2742.207280    0.000000
 2742.838130    0.000000
 2743.470460    0.000000
 2744.101560    0.000000
 2744.732910    0.000000
 2745.365970    0.000000
 2745.997310    0.000000
 2746.630860    0.000000
 2747.262700    0.000000
 2747.896000    0.000000
 2748.528080    0.000000
 2749.160640    0.000000
 2749.794430    0.000000
 2750.427000    0.000000
 2751.061280    0.000000
 2751.694090    0.000000
 2752.328610    0.000000
 2752.961910    0.000000
 2753.595210    0.000000
 2754.230220    0.000000
 2754.863770    0.000000
 2755.499020    0.000000
 2756.132810    0.000000
 2756.768550    0.000000
 2757.402590    0.000000
 2758.036870    0.000000
 2758.673100    0.000000
 2759.307620    0.000000
 2759.943850    0.000000
 2760.578860    0.000000
 2761.215330    0.000000
 2761.850590    0.000000
 2762.487550    0.000000
 2763.123050    0.000000
 2763.758790    0.000000
 2764.396000    0.000000
 2765.031980    0.000000
 2765.669430    0.000000
 2766.305910    0.000000
 2766.943600    0.000000
 2767.580320    0.000000
 2768.216800    0.000000
 2768.855220    0.000000
 2769.492190    0.000000
 2770.130860    0.000000
 2770.768070    0.000000
 2771.407230    0.000000
 2772.044680    0.000000
 2772.682130    0.000000
 2773.321780    0.000000
 2773.959720    0.000000
 2774.599370    0.000000
 2775.237550    0.000000
 2775.877690    0.000000
 2776.516360    0.000000
 2777.155030    0.000000
 2777.795170    0.000000
 2778.434330    0.000000
 2779.074950    0.000000
 2779.714360    0.000000
 2780.355470    0.000000
 2780.995120    0.000000
 2781.634770    0.000000
 2782.276120    0.000000
 2782.916260    0.000000
 2783.558110    0.000000
 2784.198490    0.000000
 2784.840330    0.000000
 2785.480960    0.000000
 2786.121830    0.000000
 2786.764400    0.000000
 2787.405270    0.000000
 2788.048100    0.000000
 2788.689450    0.000000
 2789.332520    0.000000
 2789.974370    0.000000
 2790.615970    0.000000
 2791.259770    0.000000
 2791.901610    0.000000
 2792.545410    0.000000
 2793.187990    0.000000
 2793.832030    0.000000
 2794.474850    0.000000
 2795.117680    0.000000
 2795.762210    0.000000
 2796.405520    0.000000
 2797.050290    0.000000
 2797.693600    0.000000
 2798.338870    0.000000
 2798.982420    0.000000
 2799.626460    0.000000
 2800.272220    0.000000
 2800.916260    0.000000
 2801.562260    0.000000
 2802.206790    0.000000
 2802.852780    0.000000
 2803.497560    0.000000
 2804.142580    0.000000
 2804.789310    0.000000
 2805.434330    0.000000
 2806.081300    0.000000
 2806.726810    0.000000
 2807.374020    0.000000
 2808.020020    0.000000
 2808.666020    0.000000
 2809.313480    0.000000
 2809.959960    0.000000
 2810.607910    0.000000
 2811.254390    0.000000
 2811.902830    0.000000
 2812.549560    0.000000
 2813.198240    0.000000
 2813.845210    0.000000
 2814.492680    0.000000
 2815.141600    0.000000
 2815.789310    0.000000
 2816.438720    0.000000
 2817.086430    0.000000
 2817.736080    0.000000
 2818.384520    0.000000
 2819.032710    0.000000
 2819.682620    0.000000
 2820.331300    0.000000
 2820.981930    0.000000
 2821.630620    0.000000
 2822.281490    0.000000
 2822.930660    0.000000
 2823.580080    0.000000
 2824.231200    0.000000
 2824.880860    0.000000
 2825.532230    0.000000
 2826.182370    0.000000
 2826.833980    0.000000
 2827.484380    0.000000
 2828.134770    0.000000
 2828.786870    0.000000
 2829.437740    0.000000
 2830.090090    0.000000
 2830.741210    0.000000
 2831.394040    0.000000
 2832.045410    0.000000
 2832.697020    0.000000
 2833.350100    0.000000
 2834.001950    0.000000
 2834.655520    0.000000
 2835.307620    0.000000
 2835.961180    0.000000
 2836.613770    0.000000
 2837.266360    0.000000
 2837.920410    0.000000
 2838.573490    0.000000
 2839.228030    0.000000
 2839.881100    0.000000
 2840.535890    0.000000
 2841.189450    0.000000
 2841.843020    0.000000
 2842.498540    0.000000
 2843.152340    0.000000
 2843.807860    0.000000
 2844.462160    0.000000
 2845.118160    0.000000
 2845.772710    0.000000
 2846.427250    0.000000
 2847.083740    0.000000
 2847.738770    0.000000
 2848.395260    0.000000
 2849.050540    0.000000
 2849.707760    0.000000
 2850.363280    0.000000
 2851.018800    0.000000
 2851.676270    0.000000
 2852.332280    0.000000
 2852.989990    0.000000
 2853.646480    0.000000
 2854.304440    0.000000
 2854.960940    0.000000
 2855.617920    0.000000
 2856.276370    0.000000
 2856.933350    0.000000
 2857.592290    0.000000
 2858.249760    0.000000
 2858.908940    0.000000
 2859.566650    0.000000
 2860.224370    0.000000
 2860.883790    0.000000
 2861.541750    0.000000
 2862.201900    0.000000
 2862.860350    0.000000
 2863.520510    0.000000
 2864.179200    0.000000
 2864.839840    0.000000
 2865.498780    0.000000
 2866.157960    0.000001
 2866.818850    0.000001
 2867.478520    0.000001
 2868.139650    0.000001
 2868.799320    0.000002
 2869.460940    0.000002
 2870.121090    0.000003
 2870.781490    0.000004
 2871.443360    0.000005
 2872.103760    0.000006
 2872.766360    0.000008
 2873.427000    0.000010
 2874.089600    0.000012
 2874.750730    0.000016
 2875.412110    0.000021
 2876.075440    0.000027
 2876.736820    0.000033
 2877.400390    0.000042
 2878.062260    0.000053
 2878.725830    0.000067
 2879.388180    0.000083
 2880.050540    0.000104
 2880.714600    0.000130
 2881.377440    0.000160
 2882.041750    0.000199
 2882.704830    0.000245
 2883.369380    0.000302
 2884.032960    0.000372
 2884.696530    0.000456
 2885.361330    0.000558
 2886.025390    0.000680
 2886.690920    0.000829
 2887.354980    0.001007
 2888.020510    0.001223
 2888.685060    0.001480
 2889.349610    0.001788
 2890.015870    0.002157
 2890.680910    0.002597
 2891.347410    0.003122
 2892.012700    0.003747
 2892.679200    0.004490
 2893.344970    0.005371
 2894.010500    0.006415
 2894.677730    0.007655
 2895.343510    0.009118
 2896.011470    0.010851
 2896.677490    0.012890
 2897.345460    0.015298
 2898.011960    0.018126
 2898.678960    0.021449
 2899.347170    0.025357
 2900.014160    0.029926
 2900.682860    0.035286
 2901.350100    0.041533
 2902.019530    0.048841
 2902.687010    0.057325
 2903.354740    0.067184
 2904.024410    0.078653
 2904.692380    0.091893
 2905.361820    0.107218
 2906.030520    0.124860
 2906.700680    0.145189
 2907.369140    0.168449
 2908.038090    0.195079
 2908.708500    0.225536
 2909.377930    0.260153
 2910.048830    0.299532
 2910.718260    0.344006
 2911.389650    0.394340
 2912.059330    0.450827
 2912.729250    0.514196
 2913.400630    0.585198
 2914.070800    0.664175
 2914.742920    0.752146
 2915.413570    0.849307
 2916.085690    0.956707
 2916.756590    1.074530
 2917.429200    1.203881
 2918.100340    1.344693
 2918.771730    1.497776
 2919.444580    1.663873
 2920.116210    1.842662
 2920.789550    2.035179
 2921.461670    2.240732
 2922.135500    2.460242
 2922.807370    2.692380
 2923.479740    2.937673
 2924.154050    3.196290
 2924.826660    3.466236
 2925.500980    3.748112
 2926.174070    4.039753
 2926.848880    4.341317
 2927.522220    4.650089
 2928.195800    4.965370
 2928.870850    5.286126
 2929.544920    5.609434
 2930.220460    5.934568
 2930.894530    6.258115
 2931.570310    6.579507
 2932.244630    6.895096
 2932.919190    7.203536
 2933.595700    7.503408
 2934.270260    7.790868
 2934.947270    8.065730
 2935.622310    8.324267
 2936.299070    8.566108
 2936.974850    8.788659
 2937.650390    8.990826
 2938.327880    9.172038
 2939.003660    9.330418
 2939.681400    9.466213
 2940.357670    9.578413
 2941.035640    9.667546
 2941.712160    9.733510
 2942.389160    9.777196
 2943.067630    9.799513
 2943.744630    9.801617
 2944.423580    9.785021
 2945.100830    9.751566
 2945.780030    9.703056
 2946.457760    9.641884
 2947.135500    9.570263
 2947.815190    9.490361
 2948.493410    9.405033
 2949.173100    9.316397
 2949.851560    9.227237
 2950.531980    9.139512
 2951.210450    9.055954
 2951.889650    8.978296
 2952.570070    8.908391
 2953.249270    8.848123
 2953.930660    8.798599
 2954.610110    8.761223
 2955.291500    8.736586
 2955.971190    8.725324
 2956.651120    8.727548
 2957.333010    8.743211
 2958.013180    8.771826
 2958.695560    8.812878
 2959.376220    8.865200
 2960.058350    8.927845
 2960.739500    8.999227
 2961.420410    9.077854
 2962.103520    9.162362
 2962.784910    9.250510
 2963.468020    9.340908
 2964.149900    9.431336
 2964.833500    9.520358
 2965.515380    9.605771
 2966.197750    9.686184
 2966.881590    9.760127
 2967.564210    9.825889
 2968.248540    9.882482
 2968.931150    9.928537
 2969.615720    9.963400
 2970.299070    9.986183
 2970.984130    9.996456
 2971.667480    9.993843
 2972.351070    9.978235
 2973.036620    9.949553
 2973.720700    9.908107
 2974.406250    9.854033
 2975.090580    9.787971
 2975.776610    9.710152
 2976.461180    9.621532
 2977.146000    9.522576
 2977.832280    9.413759
 2978.517580    9.296158
 2979.204350    9.170045
 2979.889650    9.036636
 2980.576660    8.895954
 2981.262210    8.749243
 2981.948240    8.596649
 2982.635990    8.438366
 2983.322020    8.275614
 2984.010010    8.107900
 2984.696530    7.936372
 2985.384770    7.760509
 2986.071530    7.581344
 2986.758540    7.398636
 2987.447270    7.212147
 2988.134770    7.022817
 2988.823490    6.830115
 2989.510990    6.634872
 2990.200440    6.436341
 2990.888180    6.235750
 2991.576170    6.032744
 2992.266360    5.826972
 2992.954830    5.619871
 2993.644780    5.410804
 2994.333500    5.200937
 2995.023930    4.989774
 2995.713130    4.778645
 2996.402100    4.567717
 2997.093020    4.356819
 2997.782710    4.147446
 2998.473880    3.939324
 2999.163570    3.733889
 2999.855470    3.530610
 3000.545410    3.331260
 3001.235600    3.135730
 3001.927730    2.944075
 3002.618410    2.757738
 3003.310550    2.576391
 3004.001710    2.401099
 3004.694340    2.231628
 3005.385740    2.068967
 3006.076900    1.913145
 3006.770020    1.763916
 3007.461670    1.622197
 3008.155270    1.487411
 3008.847410    1.360293
 3009.541260    1.240278
 3010.233400    1.127918
 3010.926270    1.022716
 3011.620360    0.924500
 3012.313230    0.833449
 3013.007810    0.748981
 3013.700930    0.671252
 3014.395750    0.599649
 3015.089360    0.534201
 3015.783200    0.474456
 3016.478270    0.420038
 3017.172610    0.370786
 3017.868160    0.326242
 3018.562260    0.286253
 3019.258540    0.250290
 3019.952880    0.218254
 3020.647950    0.189704
 3021.344480    0.164327
 3022.039310    0.141951
 3022.736330    0.122180
 3023.431640    0.104872
 3024.128660    0.089697
 3024.824460    0.076496
 3025.522220    0.065001
 3026.218020    0.055083
 3026.914310    0.046524
 3027.612300    0.039152
 3028.308840    0.032854
 3029.007080    0.027468
 3029.703860    0.022900
 3030.402590    0.019019
 3031.099850    0.015750
 3031.797120    0.013001
 3032.496090    0.010692
 3033.193600    0.008767
 3033.893310    0.007160
 3034.591060    0.005833
 3035.290770    0.004732
 3035.989010    0.003829
 3036.687740    0.003087
 3037.387700    0.002480
 3038.086670    0.001986
 3038.787350    0.001584
 3039.486080    0.001260
 3040.187260    0.000998
 3040.886470    0.000789
 3041.586180    0.000621
 3042.287350    0.000486
 3042.987550    0.000381
 3043.689210    0.000297
 3044.389160    0.000230
 3045.091060    0.000178
 3045.791750    0.000137
 3046.492430    0.000106
 3047.194820    0.000081
 3047.896000    0.000062
 3048.598880    0.000047
 3049.300050    0.000035
