 2653.384280    0.000000
 2653.996340    0.000000
 2654.606690    0.000000
 2655.217290    0.000000
 2655.829830    0.000000
 2656.440670    0.000000
 2657.053220    0.000000
 2657.664550    0.000000
 2658.277340    0.000000
 2658.888920    0.000000
 2659.500730    0.000000
 2660.114010    0.000000
 2660.725830    0.000000
 2661.339360    0.000000
 2661.951660    0.000000
 2662.565430    0.000000
 2663.177980    0.000000
 2663.790530    0.000000
 2664.404790    0.000000
 2665.017820    0.000000
 2665.632320    0.000000
 2666.245610    0.000001
 2666.860350    0.000001
 2667.473880    0.000001
 2668.089110    0.000001
 2668.702880    0.000002
 2669.316890    0.000003
 2669.932370    0.000004
 2670.546630    0.000005
 2671.162350    0.000007
 2671.776860    0.000009
 2672.393070    0.000011
 2673.007810    0.000015
 2673.622560    0.000021
 2674.239260    0.000028
 2674.854490    0.000037
 2675.471190    0.000050
 2676.086670    0.000066
 2676.703860    0.000087
 2677.319580    0.000113
 2677.935550    0.000149
 2678.552980    0.000195
 2679.169190    0.000254
 2679.786870    0.000330
 2680.403560    0.000427
 2681.021480    0.000551
 2681.638430    0.000710
 2682.255370    0.000909
 2682.873780    0.001163
 2683.490970    0.001480
 2684.109860    0.001881
 2684.727290    0.002379
 2685.346440    0.003003
 2685.964110    0.003776
 2686.582030    0.004732
 2687.201660    0.005914
 2687.819820    0.007362
 2688.439450    0.009141
 2689.057860    0.011307
 2689.677980    0.013948
 2690.296880    0.017141
 2690.915770    0.020997
 2691.536380    0.025649
 2692.155270    0.031211
 2692.776370    0.037879
 2693.395750    0.045794
 2694.016850    0.055209
 2694.636720    0.066315
 2695.256590    0.079391
 2695.877930    0.094769
 2696.498050    0.112712
 2697.119870    0.133670
 2697.740480    0.157945
 2698.362550    0.186080
 2698.983400    0.218428
 2699.604250    0.255546
 2700.226810    0.298103
 2700.847900    0.346466
 2701.470700    0.401496
 2702.092040    0.463555
 2702.715330    0.533659
 2703.337160    0.612112
 2703.958980    0.699759
 2704.582520    0.797572
 2705.204830    0.905788
 2705.828370    1.025499
 2706.450930    1.156925
 2707.074950    1.301188
 2707.697750    1.458207
 2708.320800    1.628780
 2708.945310    1.813669
 2709.568360    2.012274
 2710.193360    2.225846
 2710.816650    2.453155
 2711.441890    2.695401
 2712.065670    2.950974
 2712.689450    3.219946
 2713.314940    3.502439
 2713.939210    3.796283
 2714.565190    4.101808
 2715.189450    4.416080
 2715.815670    4.739481
 2716.440430    5.068597
 2717.066890    5.403249
 2717.691890    5.739723
 2718.317140    6.076753
 2718.943850    6.412677
 2719.569340    6.743623
 2720.196530    7.068609
 2720.822270    7.383412
 2721.449710    7.687018
 2722.075680    7.975297
 2722.702150    8.246646
 2723.329830    8.498855
 2723.956300    8.728609
 2724.584470    8.934777
 2725.211430    9.114388
 2725.839600    9.266377
 2726.466800    9.388696
 2727.093990    9.480375
 2727.722900    9.540613
 2728.350340    9.568479
 2728.979490    9.563807
 2729.607420    9.526628
 2730.236820    9.457149
 2730.864750    9.356392
 2731.493160    9.225139
 2732.122800    9.064429
 2732.751460    8.876400
 2733.381590    8.662136
 2734.010500    8.424600
 2734.640870    8.165020
 2735.270020    7.886894
 2735.899410    7.592133
 2736.530270    7.282704
 2737.159670    6.962681
 2737.790770    6.633091
 2738.420650    6.298064
 2739.052250    5.958589
 2739.682370    5.618821
 2740.312500    5.280294
 2740.944340    4.944280
 2741.575200    4.614225
 2742.207280    4.290815
 2742.838130    3.976933
 2743.470460    3.672675
 2744.101560    3.380561
 2744.732910    3.100894
 2745.365970    2.833889
 2745.997310    2.581594
 2746.630860    2.342877
 2747.262700    2.119464
 2747.896000    1.910291
 2748.528080    1.716171
 2749.160640    1.536335
 2749.794430    1.370295
 2750.427000    1.218248
 2751.061280    1.078979
 2751.694090    0.952597
 2752.328610    0.837821
 2752.961910    0.734507
 2753.595210    0.641706
 2754.230220    0.558481
 2754.863770    0.484522
 2755.499020    0.418736
 2756.132810    0.360750
 2756.768550    0.309570
 2757.402590    0.264839
 2758.036870    0.225772
 2758.673100    0.191703
 2759.307620    0.162281
 2759.943850    0.136834
 2760.578860    0.115014
 2761.215330    0.096298
 2761.850590    0.080374
 2762.487550    0.066816
 2763.123050    0.055376
 2763.758790    0.045732
 2764.396000    0.037618
 2765.031980    0.030847
 2765.669430    0.025195
 2766.305910    0.020514
 2766.943600    0.016636
 2767.580320    0.013450
 2768.216800    0.010836
 2768.855220    0.008694
 2769.492190    0.006954
 2770.130860    0.005540
 2770.768070    0.004400
 2771.407230    0.003480
 2772.044680    0.002745
 2772.682130    0.002156
 2773.321780    0.001687
 2773.959720    0.001316
 2774.599370    0.001023
 2775.237550    0.000792
 2775.877690    0.000611
 2776.516360    0.000470
 2777.155030    0.000360
 2777.795170    0.000275
 2778.434330    0.000209
 2779.074950    0.000158
 2779.714360    0.000120
 2780.355470    0.000090
 2780.995120    0.000068
 2781.634770    0.000051
 2782.276120    0.000037
 2782.916260    0.000028
 2783.558110    0.000021
 2784.198490    0.000015
 2784.840330    0.000011
 2785.480960    0.000009
 2786.121830    0.000007
 2786.764400    0.000005
 2787.405270    0.000004
 2788.048100    0.000003
 2788.689450    0.000003
 2789.332520    0.000003
 2789.974370    0.000003
 2790.615970    0.000004
 2791.259770    0.000005
 2791.901610    0.000007
 2792.545410    0.000009
 2793.187990    0.000011
 2793.832030    0.000015
 2794.474850    0.000021
 2795.117680    0.000028
 2795.762210    0.000038
 2796.405520    0.000051
 2797.050290    0.000068
 2797.693600    0.000091
 2798.338870    0.000121
 2798.982420    0.000160
 2799.626460    0.000212
 2800.272220    0.000278
 2800.916260    0.000366
 2801.562260    0.000480
 2802.206790    0.000626
 2802.852780    0.000814
 2803.497560    0.001056
 2804.142580    0.001365
 2804.789310    0.001759
 2805.434330    0.002257
 2806.081300    0.002891
 2806.726810    0.003688
 2807.374020    0.004692
 2808.020020    0.005946
 2808.666020    0.007512
 2809.313480    0.009464
 2809.959960    0.011879
 2810.607910    0.014870
 2811.254390    0.018542
 2811.902830    0.023060
 2812.549560    0.028568
 2813.198240    0.035297
 2813.845210    0.043443
 2814.492680    0.053301
 2815.141600    0.065209
 2815.789310    0.079484
 2816.438720    0.096612
 2817.086430    0.116983
 2817.736080    0.141260
 2818.384520    0.169950
 2819.032710    0.203776
 2819.682620    0.243640
 2820.331300    0.290236
 2820.981930    0.344777
 2821.630620    0.407994
 2822.281490    0.481470
 2822.930660    0.566043
 2823.580080    0.663302
 2824.231200    0.775003
 2824.880860    0.902185
 2825.532230    1.047153
 2826.182370    1.211023
 2826.833980    1.396318
 2827.484380    1.604166
 2828.134770    1.836813
 2828.786870    2.096910
 2829.437740    2.385251
 2830.090090    2.704940
 2830.741210    3.056502
 2831.394040    3.443283
 2832.045410    3.864995
 2832.697020    4.324038
 2833.350100    4.822583
 2834.001950    5.359495
 2834.655520    5.937811
 2835.307620    6.554966
 2835.961180    7.213548
 2836.613770    7.910518
 2837.266360    8.645730
 2837.920410    9.419347
 2838.573490    10.226374
 2839.228030    11.067161
 2839.881100    11.934681
 2840.535890    12.829329
 2841.189450    13.742745
 2841.843020    14.671664
 2842.498540    15.613486
 2843.152340    16.557060
 2843.807860    17.500992
 2844.462160    18.434397
 2845.118160    19.354477
 2845.772710    20.249624
 2846.427250    21.114677
 2847.083740    21.944794
 2847.738770    22.728420
 2848.395260    23.462048
 2849.050540    24.135941
 2849.707760    24.746923
 2850.363280    25.285738
 2851.018800    25.748835
 2851.676270    26.132683
 2852.332280    26.431377
 2852.989990    26.643301
 2853.646480    26.765272
 2854.304440    26.796488
 2854.960940    26.736496
 2855.617920    26.585934
 2856.276370    26.345709
 2856.933350    26.019320
 2857.592290    25.608269
 2858.249760    25.118694
 2858.908940    24.553026
 2859.566650    23.919441
 2860.224370    23.222805
 2860.883790    22.467607
 2861.541750    21.664358
 2862.201900    20.815704
 2862.860350    19.933969
 2863.520510    19.022003
 2864.179200    18.091536
 2864.839840    17.144966
 2865.498780    16.194536
 2866.157960    15.244125
 2866.818850    14.297946
 2867.478520    13.366067
 2868.139650    12.450091
 2868.799320    11.558912
 2869.460940    10.692225
 2870.121090    9.858233
 2870.781490    9.057807
 2871.443360    8.292126
 2872.103760    7.566541
 2872.766360    6.878515
 2873.427000    6.233275
 2874.089600    5.627418
 2874.750730    5.064083
 2875.412110    4.541265
 2876.075440    4.057024
 2876.736820    3.613114
 2877.400390    3.205397
 2878.062260    2.834739
 2878.725830    2.497467
 2879.388180    2.193222
 2880.050540    1.919385
 2880.714600    1.673337
 2881.377440    1.454143
 2882.041750    1.258883
 2882.704830    1.086352
 2883.369380    0.933907
 2884.032960    0.800243
 2884.696530    0.683332
 2885.361330    0.581304
 2886.025390    0.492878
 2886.690920    0.416295
 2887.354980    0.350519
 2888.020510    0.293997
 2888.685060    0.245793
 2889.349610    0.204779
 2890.015870    0.169932
 2890.680910    0.140572
 2891.347410    0.115829
 2892.012700    0.095142
 2892.679200    0.077849
 2893.344970    0.063491
 2894.010500    0.051603
 2894.677730    0.041773
 2895.343510    0.033712
 2896.011470    0.027093
 2896.677490    0.021710
 2897.345460    0.017325
 2898.011960    0.013784
 2898.678960    0.010926
 2899.347170    0.008627
 2900.014160    0.006791
 2900.682860    0.005323
 2901.350100    0.004160
 2902.019530    0.003238
 2902.687010    0.002512
 2903.354740    0.001943
 2904.024410    0.001495
 2904.692380    0.001148
 2905.361820    0.000877
 2906.030520    0.000669
 2906.700680    0.000507
 2907.369140    0.000384
 2908.038090    0.000290
 2908.708500    0.000217
 2909.377930    0.000163
 2910.048830    0.000121
 2910.718260    0.000091
 2911.389650    0.000067
 2912.059330    0.000050
 2912.729250    0.000036
 2913.400630    0.000027
 2914.070800    0.000019
 2914.742920    0.000014
 2915.413570    0.000010
 2916.085690    0.000008
 2916.756590    0.000006
 2917.429200    0.000004
 2918.100340    0.000003
 2918.771730    0.000002
 2919.444580    0.000001
 2920.116210    0.000001
 2920.789550    0.000001
 2921.461670    0.000000
 2922.135500    0.000000
 2922.807370    0.000000
 2923.479740    0.000000
 2924.154050    0.000000
 2924.826660    0.000000
 2925.500980    0.000000
 2926.174070    0.000000
 2926.848880    0.000000
 2927.522220    0.000000
 2928.195800    0.000000
 2928.870850    0.000000
 2929.544920    0.000000
 2930.220460    0.000000
 2930.894530    0.000000
 2931.570310    0.000000
 2932.244630    0.000000
 2932.919190    0.000000
 2933.595700    0.000000
 2934.270260    0.000000
 2934.947270    0.000000
 2935.622310    0.000000
 2936.299070    0.000000
 2936.974850    0.000000
 2937.650390    0.000000
 2938.327880    0.000000
 2939.003660    0.000000
 2939.681400    0.000000
 2940.357670    0.000000
 2941.035640    0.000000
 2941.712160    0.000000
 2942.389160    0.000000
 2943.067630    0.000000
 2943.744630    0.000000
 2944.423580    0.000000
 2945.100830    0.000000
 2945.780030    0.000000
 2946.457760    0.000000
 2947.135500    0.000000
 2947.815190    0.000000
 2948.493410    0.000000
 2949.173100    0.000000
 2949.851560    0.000000
 2950.531980    0.000000
 2951.210450    0.000000
 2951.889650    0.000000
 2952.570070    0.000000
 2953.249270    0.000000
 2953.930660    0.000000
 2954.610110    0.000000
 2955.291500    0.000000
 2955.971190    0.000000
 2956.651120    0.000000
 2957.333010    0.000000
 2958.013180    0.000000
 2958.695560    0.000000
 2959.376220    0.000000
 2960.058350    0.000000
 2960.739500    0.000000
 2961.420410    0.000000
 2962.103520    0.000000
 2962.784910    0.000000
 2963.468020    0.000000
 2964.149900    0.000000
 2964.833500    0.000000
 2965.515380    0.000000
 2966.197750    0.000000
 2966.881590    0.000000
 2967.564210    0.000000
 2968.248540    0.000000
 2968.931150    0.000000
 2969.615720    0.000000
 2970.299070    0.000000
 2970.984130    0.000000
 2971.667480    0.000000
 2972.351070    0.000000
 2973.036620    0.000000
 2973.720700    0.000000
 2974.406250    0.000000
 2975.090580    0.000000
 2975.776610    0.000000
 2976.461180    0.000000
 2977.146000    0.000000
 2977.832280    0.000000
 2978.517580    0.000000
 2979.204350    0.000000
 2979.889650    0.000000
 2980.576660    0.000000
 2981.262210    0.000000
 2981.948240    0.000000
 2982.635990    0.000000
 2983.322020    0.000000
 2984.010010    0.000000
 2984.696530    0.000000
 2985.384770    0.000000
 2986.071530    0.000000
 2986.758540    0.000000
 2987.447270    0.000000
 2988.134770    0.000000
 2988.823490    0.000000
 2989.510990    0.000000
 2990.200440    0.000000
 2990.888180    0.000000
 2991.576170    0.000000
 2992.266360    0.000000
 2992.954830    0.000000
 2993.644780    0.000000
 2994.333500    0.000000
 2995.023930    0.000000
 2995.713130    0.000000
 2996.402100    0.000000
 2997.093020    0.000000
 2997.782710    0.000000
 2998.473880    0.000000
 2999.163570    0.000000
 2999.855470    0.000000
 3000.545410    0.000000
 3001.235600    0.000000
 3001.927730    0.000000
 3002.618410    0.000000
 3003.310550    0.000000
 3004.001710    0.000000
 3004.694340    0.000000
 3005.385740    0.000000
 3006.076900    0.000000
 3006.770020    0.000000
 3007.461670    0.000000
 3008.155270    0.000000
 3008.847410    0.000000
 3009.541260    0.000000
 3010.233400    0.000000
 3010.926270    0.000000
 3011.620360    0.000000
 3012.313230    0.000000
 3013.007810    0.000000
 3013.700930    0.000000
 3014.395750    0.000000
 3015.089360    0.000000
 3015.783200    0.000000
 3016.478270    0.000000
 3017.172610    0.000000
 3017.868160    0.000000
 3018.562260    0.000000
 3019.258540    0.000000
 3019.952880    0.000000
 3020.647950    0.000000
 3021.344480    0.000000
 3022.039310    0.000000
 3022.736330    0.000000
 3023.431640    0.000000
 3024.128660    0.000000
 3024.824460    0.000000
 3025.522220    0.000000
 3026.218020    0.000000
 3026.914310    0.000000
 3027.612300    0.000000
 3028.308840    0.000000
 3029.007080    0.000000
 3029.703860    0.000000
 3030.402590    0.000000
 3031.099850    0.000000
 3031.797120    0.000000
 3032.496090    0.000000
 3033.193600    0.000000
 3033.893310    0.000000
 3034.591060    0.000000
 3035.290770    0.000000
 3035.989010    0.000000
 3036.687740    0.000000
 3037.387700    0.000000
 3038.086670    0.000000
 3038.787350    0.000000
 3039.486080    0.000000
 3040.187260    0.000000
 3040.886470    0.000000
 3041.586180    0.000000
 3042.287350    0.000000
 3042.987550    0.000000
 3043.689210    0.000000
 3044.389160    0.000000
 3045.091060    0.000000
 3045.791750    0.000000
 3046.492430    0.000000
 3047.194820    0.000000
 3047.896000    0.000000
 3048.598880    0.000000
 3049.300050    0.000000
