 2653.384280    0.198316
 2653.996340    0.211773
 2654.606690    0.226015
 2655.217290    0.241129
 2655.829830    0.257206
 2656.440670    0.274199
 2657.053220    0.292252
 2657.664550    0.311328
 2658.277340    0.331568
 2658.888920    0.352937
 2659.500730    0.375540
 2660.114010    0.399486
 2660.725830    0.424721
 2661.339360    0.451440
 2661.951660    0.479582
 2662.565430    0.509338
 2663.177980    0.540648
 2663.790530    0.573640
 2664.404790    0.608485
 2665.017820    0.645096
 2665.632320    0.683709
 2666.245610    0.724237
 2666.860350    0.766939
 2667.473880    0.811712
 2668.089110    0.858857
 2668.702880    0.908218
 2669.316890    0.960013
 2669.932370    1.014446
 2670.546630    1.071369
 2671.162350    1.131128
 2671.776860    1.193556
 2672.393070    1.259048
 2673.007810    1.327366
 2673.622560    1.398757
 2674.239260    1.473560
 2674.854490    1.551465
 2675.471190    1.632939
 2676.086670    1.717730
 2676.703860    1.806343
 2677.319580    1.898425
 2677.935550    1.994318
 2678.552980    2.094327
 2679.169190    2.198114
 2679.786870    2.306234
 2680.403560    2.418356
 2681.021480    2.534977
 2681.638430    2.655777
 2682.255370    2.781026
 2682.873780    2.911124
 2683.490970    3.045595
 2684.109860    3.185163
 2684.727290    3.329193
 2685.346440    3.478506
 2685.964110    3.632407
 2686.582030    3.791376
 2687.201660    3.955875
 2687.819820    4.125122
 2688.439450    4.299970
 2689.057860    4.479712
 2689.677980    4.665246
 2690.296880    4.855734
 2690.915770    5.051565
 2691.536380    5.253323
 2692.155270    5.459908
 2692.776370    5.672636
 2693.395750    5.890174
 2694.016850    6.113711
 2694.636720    6.342180
 2695.256590    6.575985
 2695.877930    6.815661
 2696.498050    7.060128
 2697.119870    7.310491
 2697.740480    7.565506
 2698.362550    7.826206
 2698.983400    8.091379
 2699.604250    8.361433
 2700.226810    8.637022
 2700.847900    8.916625
 2701.470700    9.201539
 2702.092040    9.490173
 2702.715330    9.783964
 2703.337160    10.081142
 2703.958980    10.382215
 2704.582520    10.687839
 2705.204830    10.996378
 2705.828370    11.308832
 2706.450930    11.623880
 2707.074950    11.942526
 2707.697750    12.263153
 2708.320800    12.586257
 2708.945310    12.912208
 2709.568360    13.239204
 2710.193360    13.568749
 2710.816650    13.898621
 2711.441890    14.230444
 2712.065670    14.562095
 2712.689450    14.894024
 2713.314940    15.226809
 2713.939210    15.558547
 2714.565190    15.890451
 2715.189450    16.220352
 2715.815670    16.549822
 2716.440430    16.876694
 2717.066890    17.202259
 2717.691890    17.524487
 2718.317140    17.843891
 2718.943850    18.160702
 2719.569340    18.473169
 2720.196530    18.782373
 2720.822270    19.086361
 2721.449710    19.386280
 2722.075680    19.680231
 2722.702150    19.968760
 2723.329830    20.251797
 2723.956300    20.527870
 2724.584470    20.797890
 2725.211430    21.060219
 2725.839600    21.315516
 2726.466800    21.562532
 2727.093990    21.801325
 2727.722900    22.032173
 2728.350340    22.253574
 2728.979490    22.466328
 2729.607420    22.669121
 2730.236820    22.862524
 2730.864750    23.045347
 2731.493160    23.217917
 2732.122800    23.380129
 2732.751460    23.531174
 2733.381590    23.671398
 2734.010500    23.799976
 2734.640870    23.917269
 2735.270020    24.022579
 2735.899410    24.116026
 2736.530270    24.197590
 2737.159670    24.266773
 2737.790770    24.323803
 2738.420650    24.368320
 2739.052250    24.400438
 2739.682370    24.419945
 2740.312500    24.426891
 2740.944340    24.421238
 2741.575200    24.402994
 2742.207280    24.372112
 2742.838130    24.328762
 2743.470460    24.272820
 2744.101560    24.204594
 2744.732910    24.124065
 2745.365970    24.031109
 2745.997310    23.926372
 2746.630860    23.809353
 2747.262700    23.680937
 2747.896000    23.540678
 2748.528080    23.389381
 2749.160640    23.226883
 2749.794430    23.053196
 2750.427000    22.869247
 2751.061280    22.674452
 2751.694090    22.470066
 2752.328610    22.255360
 2752.961910    22.031628
 2753.595210    21.798792
 2754.230220    21.556526
 2754.863770    21.306387
 2755.499020    21.047468
 2756.132810    20.781429
 2756.768550    20.507200
 2757.402590    20.226736
 2758.036870    19.939583
 2758.673100    19.645327
 2759.307620    19.346052
 2759.943850    19.040550
 2760.578860    18.730621
 2761.215330    18.415360
 2761.850590    18.096493
 2762.487550    17.772953
 2763.123050    17.446756
 2763.758790    17.117435
 2764.396000    16.784744
 2765.031980    16.450481
 2765.669430    16.113628
 2766.305910    15.775859
 2766.943600    15.436390
 2767.580320    15.096766
 2768.216800    14.756967
 2768.855220    14.416180
 2769.492190    14.076585
 2770.130860    13.736835
 2770.768070    13.398952
 2771.407230    13.061455
 2772.044680    12.726593
 2772.682130    12.393766
 2773.321780    12.062136
 2773.959720    11.734009
 2774.599370    11.407903
 2775.237550    11.085695
 2775.877690    10.765914
 2776.516360    10.450506
 2777.155030    10.138959
 2777.795170    9.830781
 2778.434330    9.527353
 2779.074950    9.227704
 2779.714360    8.933268
 2780.355470    8.642860
 2780.995120    8.358070
 2781.634770    8.078363
 2782.276120    7.803135
 2782.916260    7.533760
 2783.558110    7.269109
 2784.198490    7.010582
 2784.840330    6.757071
 2785.480960    6.509702
 2786.121830    6.267949
 2786.764400    6.031328
 2787.405270    5.801128
 2788.048100    5.576058
 2788.689450    5.357330
 2789.332520    5.143868
 2789.974370    4.936642
 2790.615970    4.735300
 2791.259770    4.539076
 2791.901610    4.349205
 2792.545410    4.164491
 2793.187990    3.985804
 2793.832030    3.812346
 2794.474850    3.644781
 2795.117680    3.482706
 2795.762210    3.325639
 2796.405520    3.174220
 2797.050290    3.027737
 2797.693600    2.886764
 2798.338870    2.750468
 2798.982420    2.619527
 2799.626460    2.493381
 2800.272220    2.371711
 2800.916260    2.255057
 2801.562260    2.142649
 2802.206790    2.034978
 2802.852780    1.931441
 2803.497560    1.832360
 2804.142580    1.737385
 2804.789310    1.646203
 2805.434330    1.559183
 2806.081300    1.475717
 2806.726810    1.396132
 2807.374020    1.319927
 2808.020020    1.247334
 2808.666020    1.178091
 2809.313480    1.111942
 2809.959960    1.049026
 2810.607910    0.988999
 2811.254390    0.932023
 2811.902830    0.877690
 2812.549560    0.826205
 2813.198240    0.777172
 2813.845210    0.730767
 2814.492680    0.686727
 2815.141600    0.644895
 2815.789310    0.605351
 2816.438720    0.567825
 2817.086430    0.532424
 2817.736080    0.498858
 2818.384520    0.467210
 2819.032710    0.437340
 2819.682620    0.409082
 2820.331300    0.382489
 2820.981930    0.357355
 2821.630620    0.333757
 2822.281490    0.311474
 2822.930660    0.290570
 2823.580080    0.270914
 2824.231200    0.252401
 2824.880860    0.235061
 2825.532230    0.218750
 2826.182370    0.203486
 2826.833980    0.189152
 2827.484380    0.175754
 2828.134770    0.163215
 2828.786870    0.151457
 2829.437740    0.140488
 2830.090090    0.130219
 2830.741210    0.120651
 2831.394040    0.111701
 2832.045410    0.103376
 2832.697020    0.095615
 2833.350100    0.088373
 2834.001950    0.081646
 2834.655520    0.075373
 2835.307620    0.069555
 2835.961180    0.064140
 2836.613770    0.059120
 2837.266360    0.054463
 2837.920410    0.050136
 2838.573490    0.046132
 2839.228030    0.042417
 2839.881100    0.038985
 2840.535890    0.035804
 2841.189450    0.032869
 2841.843020    0.030158
 2842.498540    0.027648
 2843.152340    0.025338
 2843.807860    0.023204
 2844.462160    0.021240
 2845.118160    0.019427
 2845.772710    0.017762
 2846.427250    0.016232
 2847.083740    0.014820
 2847.738770    0.013527
 2848.395260    0.012337
 2849.050540    0.011247
 2849.707760    0.010244
 2850.363280    0.009329
 2851.018800    0.008491
 2851.676270    0.007720
 2852.332280    0.007018
 2852.989990    0.006374
 2853.646480    0.005787
 2854.304440    0.005250
 2854.960940    0.004762
 2855.617920    0.004315
 2856.276370    0.003908
 2856.933350    0.003538
 2857.592290    0.003200
 2858.249760    0.002893
 2858.908940    0.002614
 2859.566650    0.002360
 2860.224370    0.002131
 2860.883790    0.001922
 2861.541750    0.001733
 2862.201900    0.001560
 2862.860350    0.001406
 2863.520510    0.001265
 2864.179200    0.001137
 2864.839840    0.001021
 2865.498780    0.000918
 2866.157960    0.000824
 2866.818850    0.000739
 2867.478520    0.000663
 2868.139650    0.000594
 2868.799320    0.000532
 2869.460940    0.000476
 2870.121090    0.000426
 2870.781490    0.000381
 2871.443360    0.000340
 2872.103760    0.000304
 2872.766360    0.000271
 2873.427000    0.000241
 2874.089600    0.000216
 2874.750730    0.000192
 2875.412110    0.000171
 2876.075440    0.000152
 2876.736820    0.000135
 2877.400390    0.000120
 2878.062260    0.000107
 2878.725830    0.000094
 2879.388180    0.000084
 2880.050540    0.000074
 2880.714600    0.000066
 2881.377440    0.000058
 2882.041750    0.000051
 2882.704830    0.000046
 2883.369380    0.000040
 2884.032960    0.000035
 2884.696530    0.000031
 2885.361330    0.000028
 2886.025390    0.000025
 2886.690920    0.000022
 2887.354980    0.000019
 2888.020510    0.000017
 2888.685060    0.000014
 2889.349610    0.000013
 2890.015870    0.000011
 2890.680910    0.000010
 2891.347410    0.000009
 2892.012700    0.000008
 2892.679200    0.000007
 2893.344970    0.000006
 2894.010500    0.000005
 2894.677730    0.000005
 2895.343510    0.000004
 2896.011470    0.000004
 2896.677490    0.000003
 2897.345460    0.000003
 2898.011960    0.000002
 2898.678960    0.000002
 2899.347170    0.000002
 2900.014160    0.000002
 2900.682860    0.000001
 2901.350100    0.000001
 2902.019530    0.000001
 2902.687010    0.000001
 2903.354740    0.000001
 2904.024410    0.000001
 2904.692380    0.000001
 2905.361820    0.000001
 2906.030520    0.000000
 2906.700680    0.000000
 2907.369140    0.000000
 2908.038090    0.000000
 2908.708500    0.000000
 2909.377930    0.000000
 2910.048830    0.000000
 2910.718260    0.000000
 2911.389650    0.000000
 2912.059330    0.000000
 2912.729250    0.000000
 2913.400630    0.000000
 2914.070800    0.000000
 2914.742920    0.000000
 2915.413570    0.000000
 2916.085690    0.000000
 2916.756590    0.000000
 2917.429200    0.000000
 2918.100340    0.000000
 2918.771730    0.000000
 2919.444580    0.000000
 2920.116210    0.000000
 2920.789550    0.000000
 2921.461670    0.000000
 2922.135500    0.000000
 2922.807370    0.000000
 2923.479740    0.000000
 2924.154050    0.000000
 2924.826660    0.000000
 2925.500980    0.000000
 2926.174070    0.000000
 2926.848880    0.000000
 2927.522220    0.000000
 2928.195800    0.000000
 2928.870850    0.000000
 2929.544920    0.000000
 2930.220460    0.000000
 2930.894530    0.000000
 2931.570310    0.000000
 2932.244630    0.000000
 2932.919190    0.000000
 2933.595700    0.000000
 2934.270260    0.000000
 2934.947270    0.000000
 2935.622310    0.000000
 2936.299070    0.000000
 2936.974850    0.000000
 2937.650390    0.000000
 2938.327880    0.000000
 2939.003660    0.000000
 2939.681400    0.000000
 2940.357670    0.000000
 2941.035640    0.000000
 2941.712160    0.000000
 2942.389160    0.000000
 2943.067630    0.000000
 2943.744630    0.000000
 2944.423580    0.000000
 2945.100830    0.000000
 2945.780030    0.000000
 2946.457760    0.000000
 2947.135500    0.000000
 2947.815190    0.000000
 2948.493410    0.000000
 2949.173100    0.000000
 2949.851560    0.000000
 2950.531980    0.000000
 2951.210450    0.000000
 2951.889650    0.000000
 2952.570070    0.000000
 2953.249270    0.000000
 2953.930660    0.000000
 2954.610110    0.000000
 2955.291500    0.000000
 2955.971190    0.000000
 2956.651120    0.000000
 2957.333010    0.000000
 2958.013180    0.000000
 2958.695560    0.000000
 2959.376220    0.000000
 2960.058350    0.000000
 2960.739500    0.000000
 2961.420410    0.000000
 2962.103520    0.000000
 2962.784910    0.000000
 2963.468020    0.000000
 2964.149900    0.000000
 2964.833500    0.000000
 2965.515380    0.000000
 2966.197750    0.000000
 2966.881590    0.000000
 2967.564210    0.000000
 2968.248540    0.000000
 2968.931150    0.000000
 2969.615720    0.000000
 2970.299070    0.000000
 2970.984130    0.000000
 2971.667480    0.000000
 2972.351070    0.000000
 2973.036620    0.000000
 2973.720700    0.000000
 2974.406250    0.000000
 2975.090580    0.000000
 2975.776610    0.000000
 2976.461180    0.000000
 2977.146000    0.000000
 2977.832280    0.000000
 2978.517580    0.000000
 2979.204350    0.000000
 2979.889650    0.000000
 2980.576660    0.000000
 2981.262210    0.000000
 2981.948240    0.000000
 2982.635990    0.000000
 2983.322020    0.000000
 2984.010010    0.000000
 2984.696530    0.000000
 2985.384770    0.000000
 2986.071530    0.000000
 2986.758540    0.000000
 2987.447270    0.000000
 2988.134770    0.000000
 2988.823490    0.000000
 2989.510990    0.000000
 2990.200440    0.000000
 2990.888180    0.000000
 2991.576170    0.000000
 2992.266360    0.000000
 2992.954830    0.000000
 2993.644780    0.000000
 2994.333500    0.000000
 2995.023930    0.000000
 2995.713130    0.000000
 2996.402100    0.000000
 2997.093020    0.000000
 2997.782710    0.000000
 2998.473880    0.000000
 2999.163570    0.000000
 2999.855470    0.000000
 3000.545410    0.000000
 3001.235600    0.000000
 3001.927730    0.000000
 3002.618410    0.000000
 3003.310550    0.000000
 3004.001710    0.000000
 3004.694340    0.000000
 3005.385740    0.000000
 3006.076900    0.000000
 3006.770020    0.000000
 3007.461670    0.000000
 3008.155270    0.000000
 3008.847410    0.000000
 3009.541260    0.000000
 3010.233400    0.000000
 3010.926270    0.000000
 3011.620360    0.000000
 3012.313230    0.000000
 3013.007810    0.000000
 3013.700930    0.000000
 3014.395750    0.000000
 3015.089360    0.000000
 3015.783200    0.000000
 3016.478270    0.000000
 3017.172610    0.000000
 3017.868160    0.000000
 3018.562260    0.000000
 3019.258540    0.000000
 3019.952880    0.000000
 3020.647950    0.000000
 3021.344480    0.000000
 3022.039310    0.000000
 3022.736330    0.000000
 3023.431640    0.000000
 3024.128660    0.000000
 3024.824460    0.000000
 3025.522220    0.000000
 3026.218020    0.000000
 3026.914310    0.000000
 3027.612300    0.000000
 3028.308840    0.000000
 3029.007080    0.000000
 3029.703860    0.000000
 3030.402590    0.000000
 3031.099850    0.000000
 3031.797120    0.000000
 3032.496090    0.000000
 3033.193600    0.000000
 3033.893310    0.000000
 3034.591060    0.000000
 3035.290770    0.000000
 3035.989010    0.000000
 3036.687740    0.000000
 3037.387700    0.000000
 3038.086670    0.000000
 3038.787350    0.000000
 3039.486080    0.000000
 3040.187260    0.000000
 3040.886470    0.000000
 3041.586180    0.000000
 3042.287350    0.000000
 3042.987550    0.000000
 3043.689210    0.000000
 3044.389160    0.000000
 3045.091060    0.000000
 3045.791750    0.000000
 3046.492430    0.000000
 3047.194820    0.000000
 3047.896000    0.000000
 3048.598880    0.000000
 3049.300050    0.000000
